   0.00000000       300.000000       300.000000    
   1.00000007E-02   406.585175       392.500000    
   3.00000012E-02   589.755554       562.500000    
   5.00000045E-02   742.925964       702.500061    
   7.00000077E-02   866.096436       812.500000    
   9.00000036E-02   959.266846       892.500000    
  0.109999999       1022.43732       942.500000    
  0.129999995       1055.60791       962.500000    
  0.150000006       1058.77856       952.500000    
  0.170000017       1031.94934       912.500122    
  0.189999998       975.120239       842.499878    
  0.200000003       975.120239       2450.00000    
