  0.0000000E+00  0.0000000E+00  0.0000000E+00
  0.1250000      0.0000000E+00  1.2499999E-02
  0.3750000      0.0000000E+00  3.7499998E-02
  0.6250000      0.0000000E+00  6.2499996E-02
  0.8750000      0.0000000E+00  8.7499991E-02
   1.125000      0.0000000E+00  0.1125000    
   1.375000      0.0000000E+00  0.1375000    
   1.625000      0.0000000E+00  0.1625000    
   1.875000      0.0000000E+00  0.1875000    
   2.125000      0.0000000E+00  0.2125000    
   2.375000      0.0000000E+00  0.2375000    
   2.625000      0.0000000E+00  0.2625000    
   2.875000      0.0000000E+00  0.2875000    
   3.125000      0.0000000E+00  0.3125000    
   3.375000      0.0000000E+00  0.3375000    
   3.625000      0.0000000E+00  0.3625000    
   3.875000      0.0000000E+00  0.3875000    
   4.125000      0.0000000E+00  0.4125000    
   4.375000      0.0000000E+00  0.4375000    
   4.625000      0.0000000E+00  0.4625000    
   4.875000      0.0000000E+00  0.4875000    
   5.125000      0.0000000E+00  0.5125000    
   5.375000      0.0000000E+00  0.5375000    
   5.625000      0.0000000E+00  0.5624999    
   5.875000      0.0000000E+00  0.5875000    
   6.125000      0.0000000E+00  0.6125000    
   6.375000      0.0000000E+00  0.6375000    
   6.625000      0.0000000E+00  0.6625000    
   6.875000      0.0000000E+00  0.6874999    
   7.125000      0.0000000E+00  0.7125000    
   7.375000      0.0000000E+00  0.7375000    
   7.625000      0.0000000E+00  0.7624999    
   7.875000      0.0000000E+00  0.7875000    
   8.125000      0.0000000E+00  0.8124999    
   8.375000      0.0000000E+00  0.8375000    
   8.625000      0.0000000E+00  0.8625000    
   8.875000      0.0000000E+00  0.8874999    
   9.125000      0.0000000E+00  0.9125000    
   9.375000      0.0000000E+00  0.9374999    
   9.625000      0.0000000E+00  0.9624999    
   9.875000      0.0000000E+00  0.9875000    
   10.00000      0.0000000E+00   1.000000    
 
  0.0000000E+00  1.2500000E-02  0.0000000E+00
  0.1250000      1.2500000E-02  1.3427362E-02
  0.3750000      1.2500000E-02  4.0525857E-02
  0.6250000      1.2500000E-02  6.7479916E-02
  0.8750000      1.2500000E-02  9.4109178E-02
   1.125000      1.2500000E-02  0.1203890    
   1.375000      1.2500000E-02  0.1463631    
   1.625000      1.2500000E-02  0.1720925    
   1.875000      1.2500000E-02  0.1976339    
   2.125000      1.2500000E-02  0.2230342    
   2.375000      1.2500000E-02  0.2483293    
   2.625000      1.2500000E-02  0.2735467    
   2.875000      1.2500000E-02  0.2987065    
   3.125000      1.2500000E-02  0.3238240    
   3.375000      1.2500000E-02  0.3489103    
   3.625000      1.2500000E-02  0.3739735    
   3.875000      1.2500000E-02  0.3990198    
   4.125000      1.2500000E-02  0.4240536    
   4.375000      1.2500000E-02  0.4490781    
   4.625000      1.2500000E-02  0.4740959    
   4.875000      1.2500000E-02  0.4991086    
   5.125000      1.2500000E-02  0.5241173    
   5.375000      1.2500000E-02  0.5491230    
   5.625000      1.2500000E-02  0.5741261    
   5.875000      1.2500000E-02  0.5991269    
   6.125000      1.2500000E-02  0.6241251    
   6.375000      1.2500000E-02  0.6491202    
   6.625000      1.2500000E-02  0.6741106    
   6.875000      1.2500000E-02  0.6990946    
   7.125000      1.2500000E-02  0.7240684    
   7.375000      1.2500000E-02  0.7490264    
   7.625000      1.2500000E-02  0.7739594    
   7.875000      1.2500000E-02  0.7988531    
   8.125000      1.2500000E-02  0.8236842    
   8.375000      1.2500000E-02  0.8484175    
   8.625000      1.2500000E-02  0.8729966    
   8.875000      1.2500000E-02  0.8973364    
   9.125000      1.2500000E-02  0.9213128    
   9.375000      1.2500000E-02  0.9447569    
   9.625000      1.2500000E-02  0.9674793    
   9.875000      1.2500000E-02  0.9893657    
   10.00000      1.2500000E-02   1.000000    
 
  0.0000000E+00  3.7500001E-02  0.0000000E+00
  0.1250000      3.7500001E-02  1.5282966E-02
  0.3750000      3.7500001E-02  4.6582371E-02
  0.6250000      3.7500001E-02  7.7446342E-02
  0.8750000      3.7500001E-02  0.1073343    
   1.125000      3.7500001E-02  0.1361732    
   1.375000      3.7500001E-02  0.1640949    
   1.625000      3.7500001E-02  0.1912824    
   1.875000      3.7500001E-02  0.2179064    
   2.125000      3.7500001E-02  0.2441067    
   2.375000      3.7500001E-02  0.2699919    
   2.625000      3.7500001E-02  0.2956437    
   2.875000      3.7500001E-02  0.3211232    
   3.125000      3.7500001E-02  0.3464755    
   3.375000      3.7500001E-02  0.3717342    
   3.625000      3.7500001E-02  0.3969238    
   3.875000      3.7500001E-02  0.4220628    
   4.125000      3.7500001E-02  0.4471641    
   4.375000      3.7500001E-02  0.4722377    
   4.625000      3.7500001E-02  0.4972910    
   4.875000      3.7500001E-02  0.5223289    
   5.125000      3.7500001E-02  0.5473551    
   5.375000      3.7500001E-02  0.5723722    
   5.625000      3.7500001E-02  0.5973817    
   5.875000      3.7500001E-02  0.6223841    
   6.125000      3.7500001E-02  0.6473786    
   6.375000      3.7500001E-02  0.6723636    
   6.625000      3.7500001E-02  0.6973352    
   6.875000      3.7500001E-02  0.7222871    
   7.125000      3.7500001E-02  0.7472087    
   7.375000      3.7500001E-02  0.7720827    
   7.625000      3.7500001E-02  0.7968819    
   7.875000      3.7500001E-02  0.8215630    
   8.125000      3.7500001E-02  0.8460571    
   8.375000      3.7500001E-02  0.8702570    
   8.625000      3.7500001E-02  0.8939950    
   8.875000      3.7500001E-02  0.9170162    
   9.125000      3.7500001E-02  0.9389468    
   9.375000      3.7500001E-02  0.9592809    
   9.625000      3.7500001E-02  0.9774497    
   9.875000      3.7500001E-02  0.9931061    
   10.00000      3.7500001E-02   1.000000    
 
  0.0000000E+00  6.2500000E-02  0.0000000E+00
  0.1250000      6.2500000E-02  1.7142270E-02
  0.3750000      6.2500000E-02  5.2654542E-02
  0.6250000      6.2500000E-02  8.7433673E-02
  0.8750000      6.2500000E-02  0.1205808    
   1.125000      6.2500000E-02  0.1519771    
   1.375000      6.2500000E-02  0.1818441    
   1.625000      6.2500000E-02  0.2104878    
   1.875000      6.2500000E-02  0.2381927    
   2.125000      6.2500000E-02  0.2651919    
   2.375000      6.2500000E-02  0.2916662    
   2.625000      6.2500000E-02  0.3177517    
   2.875000      6.2500000E-02  0.3435503    
   3.125000      6.2500000E-02  0.3691371    
   3.375000      6.2500000E-02  0.3945680    
   3.625000      6.2500000E-02  0.4198839    
   3.875000      6.2500000E-02  0.4451152    
   4.125000      6.2500000E-02  0.4702840    
   4.375000      6.2500000E-02  0.4954067    
   4.625000      6.2500000E-02  0.5204954    
   4.875000      6.2500000E-02  0.5455584    
   5.125000      6.2500000E-02  0.5706021    
   5.375000      6.2500000E-02  0.5956306    
   5.625000      6.2500000E-02  0.6206465    
   5.875000      6.2500000E-02  0.6456504    
   6.125000      6.2500000E-02  0.6706413    
   6.375000      6.2500000E-02  0.6956164    
   6.625000      6.2500000E-02  0.7205692    
   6.875000      6.2500000E-02  0.7454891    
   7.125000      6.2500000E-02  0.7703586    
   7.375000      6.2500000E-02  0.7951488    
   7.625000      6.2500000E-02  0.8198146    
   7.875000      6.2500000E-02  0.8442838    
   8.125000      6.2500000E-02  0.8684418    
   8.375000      6.2500000E-02  0.8921100    
   8.625000      6.2500000E-02  0.9150094    
   8.875000      6.2500000E-02  0.9367154    
   9.125000      6.2500000E-02  0.9566047    
   9.375000      6.2500000E-02  0.9738339    
   9.625000      6.2500000E-02  0.9874516    
   9.875000      6.2500000E-02  0.9968709    
   10.00000      6.2500000E-02   1.000000    
 
  0.0000000E+00  8.7500006E-02  0.0000000E+00
  0.1250000      8.7500006E-02  1.9009389E-02
  0.3750000      8.7500006E-02  5.8754858E-02
  0.6250000      8.7500006E-02  9.7457729E-02
  0.8750000      8.7500006E-02  0.1338641    
   1.125000      8.7500006E-02  0.1678147    
   1.375000      8.7500006E-02  0.1996232    
   1.625000      8.7500006E-02  0.2297194    
   1.875000      8.7500006E-02  0.2585023    
   2.125000      8.7500006E-02  0.2862983    
   2.375000      8.7500006E-02  0.3133599    
   2.625000      8.7500006E-02  0.3398781    
   2.875000      8.7500006E-02  0.3659948    
   3.125000      8.7500006E-02  0.3918155    
   3.375000      8.7500006E-02  0.4174180    
   3.625000      8.7500006E-02  0.4428597    
   3.875000      8.7500006E-02  0.4681832    
   4.125000      8.7500006E-02  0.4934192    
   4.375000      8.7500006E-02  0.5185908    
   4.625000      8.7500006E-02  0.5437148    
   4.875000      8.7500006E-02  0.5688030    
   5.125000      8.7500006E-02  0.5938641    
   5.375000      8.7500006E-02  0.6189040    
   5.625000      8.7500006E-02  0.6439263    
   5.875000      8.7500006E-02  0.6689317    
   6.125000      8.7500006E-02  0.6939191    
   6.375000      8.7500006E-02  0.7188842    
   6.625000      8.7500006E-02  0.7438183    
   6.875000      8.7500006E-02  0.7687064    
   7.125000      8.7500006E-02  0.7935240    
   7.375000      8.7500006E-02  0.8182310    
   7.625000      8.7500006E-02  0.8427639    
   7.875000      8.7500006E-02  0.8670221    
   8.125000      8.7500006E-02  0.8908457    
   8.375000      8.7500006E-02  0.9139847    
   8.625000      8.7500006E-02  0.9360494    
   8.875000      8.7500006E-02  0.9564455    
   9.125000      8.7500006E-02  0.9743010    
   9.375000      8.7500006E-02  0.9884332    
   9.625000      8.7500006E-02  0.9975036    
   9.875000      8.7500006E-02   1.000673    
   10.00000      8.7500006E-02   1.000000    
 
  0.0000000E+00  0.1125000      0.0000000E+00
  0.1250000      0.1125000      2.0889601E-02
  0.3750000      0.1125000      6.4897351E-02
  0.6250000      0.1125000      0.1075357    
  0.8750000      0.1125000      0.1472012    
   1.125000      0.1125000      0.1837008    
   1.375000      0.1125000      0.2174448    
   1.625000      0.1125000      0.2489882    
   1.875000      0.1125000      0.2788449    
   2.125000      0.1125000      0.3074343    
   2.375000      0.1125000      0.3350809    
   2.625000      0.1125000      0.3620296    
   2.875000      0.1125000      0.3884631    
   3.125000      0.1125000      0.4145167    
   3.375000      0.1125000      0.4402902    
   3.625000      0.1125000      0.4658573    
   3.875000      0.1125000      0.4912724    
   4.125000      0.1125000      0.5165755    
   4.375000      0.1125000      0.5417958    
   4.625000      0.1125000      0.5669548    
   4.875000      0.1125000      0.5920681    
   5.125000      0.1125000      0.6171466    
   5.375000      0.1125000      0.6421979    
   5.625000      0.1125000      0.6672264    
   5.875000      0.1125000      0.6922334    
   6.125000      0.1125000      0.7172173    
   6.375000      0.1125000      0.7421726    
   6.625000      0.1125000      0.7670882    
   6.875000      0.1125000      0.7919446    
   7.125000      0.1125000      0.8167107    
   7.375000      0.1125000      0.8413349    
   7.625000      0.1125000      0.8657359    
   7.875000      0.1125000      0.8897845    
   8.125000      0.1125000      0.9132758    
   8.375000      0.1125000      0.9358889    
   8.625000      0.1125000      0.9571238    
   8.875000      0.1125000      0.9762176    
   9.125000      0.1125000      0.9920491    
   9.375000      0.1125000       1.003095    
   9.625000      0.1125000       1.007622    
   9.875000      0.1125000       1.004523    
   10.00000      0.1125000       1.000000    
 
  0.0000000E+00  0.1375000      0.0000000E+00
  0.1250000      0.1375000      2.2789240E-02
  0.3750000      0.1375000      7.1097478E-02
  0.6250000      0.1375000      0.1176859    
  0.8750000      0.1375000      0.1606095    
   1.125000      0.1375000      0.1996510    
   1.375000      0.1375000      0.2353221    
   1.625000      0.1375000      0.2683055    
   1.875000      0.1375000      0.2992300    
   2.125000      0.1375000      0.3286083    
   2.375000      0.1375000      0.3568364    
   2.625000      0.1375000      0.3842134    
   2.875000      0.1375000      0.4109619    
   3.125000      0.1375000      0.4372469    
   3.375000      0.1375000      0.4631903    
   3.625000      0.1375000      0.4888819    
   3.875000      0.1375000      0.5143884    
   4.125000      0.1375000      0.5397580    
   4.375000      0.1375000      0.5650267    
   4.625000      0.1375000      0.5902206    
   4.875000      0.1375000      0.6153589    
   5.125000      0.1375000      0.6404546    
   5.375000      0.1375000      0.6655173    
   5.625000      0.1375000      0.6905520    
   5.875000      0.1375000      0.7155605    
   6.125000      0.1375000      0.7405409    
   6.375000      0.1375000      0.7654865    
   6.625000      0.1375000      0.7903837    
   6.875000      0.1375000      0.8152088    
   7.125000      0.1375000      0.8399237    
   7.375000      0.1375000      0.8644658    
   7.625000      0.1375000      0.8887361    
   7.875000      0.1375000      0.9125768    
   8.125000      0.1375000      0.9357384    
   8.375000      0.1375000      0.9578297    
   8.625000      0.1375000      0.9782411    
   8.875000      0.1375000      0.9960414    
   9.125000      0.1375000       1.009861    
   9.375000      0.1375000       1.017832    
   9.625000      0.1375000       1.017821    
   9.875000      0.1375000       1.008429    
   10.00000      0.1375000       1.000000    
 
  0.0000000E+00  0.1625000      0.0000000E+00
  0.1250000      0.1625000      2.4715643E-02
  0.3750000      0.1625000      7.7372126E-02
  0.6250000      0.1625000      0.1279281    
  0.8750000      0.1625000      0.1741077    
   1.125000      0.1625000      0.2156813    
   1.375000      0.1625000      0.2532688    
   1.625000      0.1625000      0.2876826    
   1.875000      0.1625000      0.3196675    
   2.125000      0.1625000      0.3498288    
   2.375000      0.1625000      0.3786342    
   2.625000      0.1625000      0.4064362    
   2.875000      0.1625000      0.4334972    
   3.125000      0.1625000      0.4600120    
   3.375000      0.1625000      0.4861239    
   3.625000      0.1625000      0.5119393    
   3.875000      0.1625000      0.5375363    
   4.125000      0.1625000      0.5629720    
   4.375000      0.1625000      0.5882887    
   4.625000      0.1625000      0.6135173    
   4.875000      0.1625000      0.6386803    
   5.125000      0.1625000      0.6637932    
   5.375000      0.1625000      0.6888671    
   5.625000      0.1625000      0.7139080    
   5.875000      0.1625000      0.7389181    
   6.125000      0.1625000      0.7638950    
   6.375000      0.1625000      0.7888310    
   6.625000      0.1625000      0.8137100    
   6.875000      0.1625000      0.8385040    
   7.125000      0.1625000      0.8631682    
   7.375000      0.1625000      0.8876292    
   7.625000      0.1625000      0.9117699    
   7.875000      0.1625000      0.9354046    
   8.125000      0.1625000      0.9582397    
   8.375000      0.1625000      0.9798140    
   8.625000      0.1625000      0.9994091    
   8.875000      0.1625000       1.015927    
   9.125000      0.1625000       1.027748    
   9.375000      0.1625000       1.032660    
   9.625000      0.1625000       1.028114    
   9.875000      0.1625000       1.012399    
   10.00000      0.1625000       1.000000    
 
  0.0000000E+00  0.1875000      0.0000000E+00
  0.1250000      0.1875000      2.6677074E-02
  0.3750000      0.1875000      8.3739460E-02
  0.6250000      0.1875000      0.1382829    
  0.8750000      0.1875000      0.1877148    
   1.125000      0.1875000      0.2318081    
   1.375000      0.1875000      0.2712984    
   1.625000      0.1875000      0.3071310    
   1.875000      0.1875000      0.3401668    
   2.125000      0.1875000      0.3711042    
   2.375000      0.1875000      0.4004815    
   2.625000      0.1875000      0.4287044    
   2.875000      0.1875000      0.4560750    
   3.125000      0.1875000      0.4828174    
   3.375000      0.1875000      0.5090964    
   3.625000      0.1875000      0.5350343    
   3.875000      0.1875000      0.5607209    
   4.125000      0.1875000      0.5862221    
   4.375000      0.1875000      0.6115865    
   4.625000      0.1875000      0.6368493    
   4.875000      0.1875000      0.6620369    
   5.125000      0.1875000      0.6871668    
   5.375000      0.1875000      0.7122518    
   5.625000      0.1875000      0.7372988    
   5.875000      0.1875000      0.7623104    
   6.125000      0.1875000      0.7872841    
   6.375000      0.1875000      0.8122105    
   6.625000      0.1875000      0.8370715    
   6.875000      0.1875000      0.8618348    
   7.125000      0.1875000      0.8864489    
   7.375000      0.1875000      0.9108295    
   7.625000      0.1875000      0.9348421    
   7.875000      0.1875000      0.9582731    
   8.125000      0.1875000      0.9807851    
   8.375000      0.1875000       1.001848    
   8.625000      0.1875000       1.020635    
   8.875000      0.1875000       1.035882    
   9.125000      0.1875000       1.045720    
   9.375000      0.1875000       1.047588    
   9.625000      0.1875000       1.038513    
   9.875000      0.1875000       1.016438    
   10.00000      0.1875000       1.000000    
 
  0.0000000E+00  0.2125000      0.0000000E+00
  0.1250000      0.2125000      2.8682716E-02
  0.3750000      0.2125000      9.0218946E-02
  0.6250000      0.2125000      0.1487720    
  0.8750000      0.2125000      0.2014506    
   1.125000      0.2125000      0.2480482    
   1.375000      0.2125000      0.2894249    
   1.625000      0.2125000      0.3266620    
   1.875000      0.2125000      0.3607376    
   2.125000      0.2125000      0.3924424    
   2.375000      0.2125000      0.4223852    
   2.625000      0.2125000      0.4510243    
   2.875000      0.2125000      0.4787012    
   3.125000      0.2125000      0.5056685    
   3.375000      0.2125000      0.5321127    
   3.625000      0.2125000      0.5581717    
   3.875000      0.2125000      0.5839469    
   4.125000      0.2125000      0.6095129    
   4.375000      0.2125000      0.6349242    
   4.625000      0.2125000      0.6602211    
   4.875000      0.2125000      0.6854329    
   5.125000      0.2125000      0.7105796    
   5.375000      0.2125000      0.7356755    
   5.625000      0.2125000      0.7607287    
   5.875000      0.2125000      0.7857419    
   6.125000      0.2125000      0.8107122    
   6.375000      0.2125000      0.8356292    
   6.625000      0.2125000      0.8604724    
   6.875000      0.2125000      0.8852055    
   7.125000      0.2125000      0.9097700    
   7.375000      0.2125000      0.9340711    
   7.625000      0.2125000      0.9579571    
   7.875000      0.2125000      0.9811869    
   8.125000      0.2125000       1.003380    
   8.375000      0.2125000       1.023937    
   8.625000      0.2125000       1.041925    
   8.875000      0.2125000       1.055915    
   9.125000      0.2125000       1.063788    
   9.375000      0.2125000       1.062630    
   9.625000      0.2125000       1.049029    
   9.875000      0.2125000       1.020552    
   10.00000      0.2125000       1.000000    
 
  0.0000000E+00  0.2375000      0.0000000E+00
  0.1250000      0.2375000      3.0742651E-02
  0.3750000      0.2375000      9.6831262E-02
  0.6250000      0.2375000      0.1594178    
  0.8750000      0.2375000      0.2153355    
   1.125000      0.2375000      0.2644186    
   1.375000      0.2375000      0.3076621    
   1.625000      0.2375000      0.3462871    
   1.875000      0.2375000      0.3813893    
   2.125000      0.2375000      0.4138515    
   2.375000      0.2375000      0.4443523    
   2.625000      0.2375000      0.4734021    
   2.875000      0.2375000      0.5013809    
   3.125000      0.2375000      0.5285703    
   3.375000      0.2375000      0.5551774    
   3.625000      0.2375000      0.5813559    
   3.875000      0.2375000      0.6072185    
   4.125000      0.2375000      0.6328483    
   4.375000      0.2375000      0.6583061    
   4.625000      0.2375000      0.6836365    
   4.875000      0.2375000      0.7088721    
   5.125000      0.2375000      0.7340354    
   5.375000      0.2375000      0.7591422    
   5.625000      0.2375000      0.7842013    
   5.875000      0.2375000      0.8092161    
   6.125000      0.2375000      0.8341832    
   6.375000      0.2375000      0.8590908    
   6.625000      0.2375000      0.8839164    
   6.875000      0.2375000      0.9086196    
   7.125000      0.2375000      0.9331354    
   7.375000      0.2375000      0.9573582    
   7.625000      0.2375000      0.9811193    
   7.875000      0.2375000       1.004151    
   8.125000      0.2375000       1.026028    
   8.375000      0.2375000       1.046087    
   8.625000      0.2375000       1.063286    
   8.875000      0.2375000       1.076032    
   9.125000      0.2375000       1.081959    
   9.375000      0.2375000       1.077794    
   9.625000      0.2375000       1.059670    
   9.875000      0.2375000       1.024744    
   10.00000      0.2375000       1.000000    
 
  0.0000000E+00  0.2625000      0.0000000E+00
  0.1250000      0.2625000      3.2867905E-02
  0.3750000      0.2625000      0.1035983    
  0.6250000      0.2625000      0.1702437    
  0.8750000      0.2625000      0.2293901    
   1.125000      0.2625000      0.2809363    
   1.375000      0.2625000      0.3260239    
   1.625000      0.2625000      0.3660176    
   1.875000      0.2625000      0.4021311    
   2.125000      0.2625000      0.4353392    
   2.375000      0.2625000      0.4663893    
   2.625000      0.2625000      0.4958434    
   2.875000      0.2625000      0.5241196    
   3.125000      0.2625000      0.5515274    
   3.375000      0.2625000      0.5782949    
   3.625000      0.2625000      0.6045910    
   3.875000      0.2625000      0.6305397    
   4.125000      0.2625000      0.6562323    
   4.375000      0.2625000      0.6817358    
   4.625000      0.2625000      0.7070993    
   4.875000      0.2625000      0.7323583    
   5.125000      0.2625000      0.7575380    
   5.375000      0.2625000      0.7826554    
   5.625000      0.2625000      0.8077205    
   5.875000      0.2625000      0.8327368    
   6.125000      0.2625000      0.8577005    
   6.375000      0.2625000      0.8825990    
   6.625000      0.2625000      0.9074073    
   6.875000      0.2625000      0.9320810    
   7.125000      0.2625000      0.9565488    
   7.375000      0.2625000      0.9806944    
   7.625000      0.2625000       1.004332    
   7.875000      0.2625000       1.027168    
   8.125000      0.2625000       1.048735    
   8.375000      0.2625000       1.068302    
   8.625000      0.2625000       1.084723    
   8.875000      0.2625000       1.096242    
   9.125000      0.2625000       1.100243    
   9.375000      0.2625000       1.093091    
   9.625000      0.2625000       1.070447    
   9.875000      0.2625000       1.029019    
   10.00000      0.2625000       1.000000    
 
  0.0000000E+00  0.2875000      0.0000000E+00
  0.1250000      0.2875000      3.5070486E-02
  0.3750000      0.2875000      0.1105432    
  0.6250000      0.2875000      0.1812737    
  0.8750000      0.2875000      0.2436352    
   1.125000      0.2875000      0.2976185    
   1.375000      0.2875000      0.3445241    
   1.625000      0.2875000      0.3858643    
   1.875000      0.2875000      0.4229722    
   2.125000      0.2875000      0.4569129    
   2.375000      0.2875000      0.4885027    
   2.625000      0.2875000      0.5183538    
   2.875000      0.2875000      0.5469220    
   3.125000      0.2875000      0.5745443    
   3.375000      0.2875000      0.6014693    
   3.625000      0.2875000      0.6278810    
   3.875000      0.2875000      0.6539143    
   4.125000      0.2875000      0.6796685    
   4.375000      0.2875000      0.7052169    
   4.625000      0.2875000      0.7306128    
   4.875000      0.2875000      0.7558949    
   5.125000      0.2875000      0.7810906    
   5.375000      0.2875000      0.8062184    
   5.625000      0.2875000      0.8312894    
   5.875000      0.2875000      0.8563071    
   6.125000      0.2875000      0.8812677    
   6.375000      0.2875000      0.9061571    
   6.625000      0.2875000      0.9309483    
   6.875000      0.2875000      0.9555931    
   7.125000      0.2875000      0.9800135    
   7.375000      0.2875000       1.004083    
   7.625000      0.2875000       1.027600    
   7.875000      0.2875000       1.050243    
   8.125000      0.2875000       1.071505    
   8.375000      0.2875000       1.090587    
   8.625000      0.2875000       1.106242    
   8.875000      0.2875000       1.116549    
   9.125000      0.2875000       1.118646    
   9.375000      0.2875000       1.108529    
   9.625000      0.2875000       1.081368    
   9.875000      0.2875000       1.033381    
   10.00000      0.2875000       1.000000    
 
  0.0000000E+00  0.3125000      0.0000000E+00
  0.1250000      0.3125000      3.7363451E-02
  0.3750000      0.3125000      0.1176901    
  0.6250000      0.3125000      0.1925323    
  0.8750000      0.3125000      0.2580920    
   1.125000      0.3125000      0.3144823    
   1.375000      0.3125000      0.3631763    
   1.625000      0.3125000      0.4058384    
   1.875000      0.3125000      0.4439212    
   2.125000      0.3125000      0.4785801    
   2.375000      0.3125000      0.5106986    
   2.625000      0.3125000      0.5409387    
   2.875000      0.3125000      0.5697927    
   3.125000      0.3125000      0.5976253    
   3.375000      0.3125000      0.6247047    
   3.625000      0.3125000      0.6512294    
   3.875000      0.3125000      0.6773456    
   4.125000      0.3125000      0.7031602    
   4.375000      0.3125000      0.7287526    
   4.625000      0.3125000      0.7541802    
   4.875000      0.3125000      0.7794849    
   5.125000      0.3125000      0.8046963    
   5.375000      0.3125000      0.8298343    
   5.625000      0.3125000      0.8549110    
   5.875000      0.3125000      0.8799302    
   6.125000      0.3125000      0.9048876    
   6.375000      0.3125000      0.9297681    
   6.625000      0.3125000      0.9545426    
   6.875000      0.3125000      0.9791588    
   7.125000      0.3125000       1.003533    
   7.375000      0.3125000       1.027528    
   7.625000      0.3125000       1.050926    
   7.875000      0.3125000       1.073379    
   8.125000      0.3125000       1.094341    
   8.375000      0.3125000       1.112947    
   8.625000      0.3125000       1.127847    
   8.875000      0.3125000       1.136961    
   9.125000      0.3125000       1.137176    
   9.375000      0.3125000       1.124117    
   9.625000      0.3125000       1.092442    
   9.875000      0.3125000       1.037832    
   10.00000      0.3125000       1.000000    
 
  0.0000000E+00  0.3375000      0.0000000E+00
  0.1250000      0.3375000      3.9760977E-02
  0.3750000      0.3375000      0.1250645    
  0.6250000      0.3375000      0.2040447    
  0.8750000      0.3375000      0.2727815    
   1.125000      0.3375000      0.3315443    
   1.375000      0.3375000      0.3819936    
   1.625000      0.3375000      0.4259502    
   1.875000      0.3375000      0.4649866    
   2.125000      0.3375000      0.5003474    
   2.375000      0.3375000      0.5329826    
   2.625000      0.3375000      0.5636027    
   2.875000      0.3375000      0.5927363    
   3.125000      0.3375000      0.6207741    
   3.375000      0.3375000      0.6480042    
   3.625000      0.3375000      0.6746396    
   3.875000      0.3375000      0.7008366    
   4.125000      0.3375000      0.7267103    
   4.375000      0.3375000      0.7523455    
   4.625000      0.3375000      0.7778042    
   4.875000      0.3375000      0.8031309    
   5.125000      0.3375000      0.8283577    
   5.375000      0.3375000      0.8535057    
   5.625000      0.3375000      0.8785879    
   5.875000      0.3375000      0.9036086    
   6.125000      0.3375000      0.9285627    
   6.375000      0.3375000      0.9534346    
   6.625000      0.3375000      0.9781926    
   6.875000      0.3375000       1.002781    
   7.125000      0.3375000       1.027109    
   7.375000      0.3375000       1.051031    
   7.625000      0.3375000       1.074312    
   7.875000      0.3375000       1.096580    
   8.125000      0.3375000       1.117246    
   8.375000      0.3375000       1.135384    
   8.625000      0.3375000       1.149542    
   8.875000      0.3375000       1.157481    
   9.125000      0.3375000       1.155840    
   9.375000      0.3375000       1.139864    
   9.625000      0.3375000       1.103678    
   9.875000      0.3375000       1.042376    
   10.00000      0.3375000       1.000000    
 
  0.0000000E+00  0.3625000      0.0000000E+00
  0.1250000      0.3625000      4.2278506E-02
  0.3750000      0.3625000      0.1326929    
  0.6250000      0.3625000      0.2158361    
  0.8750000      0.3625000      0.2877245    
   1.125000      0.3625000      0.3488210    
   1.375000      0.3625000      0.4009887    
   1.625000      0.3625000      0.4462096    
   1.875000      0.3625000      0.4861761    
   2.125000      0.3625000      0.5222214    
   2.375000      0.3625000      0.5553600    
   2.625000      0.3625000      0.5863505    
   2.875000      0.3625000      0.6157563    
   3.125000      0.3625000      0.6439942    
   3.375000      0.3625000      0.6713711    
   3.625000      0.3625000      0.6981141    
   3.875000      0.3625000      0.7243899    
   4.125000      0.3625000      0.7503211    
   4.375000      0.3625000      0.7759982    
   4.625000      0.3625000      0.8014871    
   4.875000      0.3625000      0.8268353    
   5.125000      0.3625000      0.8520770    
   5.375000      0.3625000      0.8772347    
   5.625000      0.3625000      0.9023223    
   5.875000      0.3625000      0.9273442    
   6.125000      0.3625000      0.9522953    
   6.375000      0.3625000      0.9771587    
   6.625000      0.3625000       1.001900    
   6.875000      0.3625000       1.026461    
   7.125000      0.3625000       1.050745    
   7.375000      0.3625000       1.074595    
   7.625000      0.3625000       1.097761    
   7.875000      0.3625000       1.119847    
   8.125000      0.3625000       1.140224    
   8.375000      0.3625000       1.157902    
   8.625000      0.3625000       1.171332    
   8.875000      0.3625000       1.178116    
   9.125000      0.3625000       1.174645    
   9.375000      0.3625000       1.155777    
   9.625000      0.3625000       1.115084    
   9.875000      0.3625000       1.047018    
   10.00000      0.3625000       1.000000    
 
  0.0000000E+00  0.3875000      0.0000000E+00
  0.1250000      0.3875000      4.4932883E-02
  0.3750000      0.3875000      0.1406030    
  0.6250000      0.3875000      0.2279323    
  0.8750000      0.3875000      0.3029416    
   1.125000      0.3875000      0.3663282    
   1.375000      0.3875000      0.4201740    
   1.625000      0.3875000      0.4666263    
   1.875000      0.3875000      0.5074975    
   2.125000      0.3875000      0.5442080    
   2.375000      0.3875000      0.5778359    
   2.625000      0.3875000      0.6091861    
   2.875000      0.3875000      0.6388565    
   3.125000      0.3875000      0.6672885    
   3.375000      0.3875000      0.6948081    
   3.625000      0.3875000      0.7216557    
   3.875000      0.3875000      0.7480081    
   4.125000      0.3875000      0.7739952    
   4.375000      0.3875000      0.7997129    
   4.625000      0.3875000      0.8252311    
   4.875000      0.3875000      0.8506002    
   5.125000      0.3875000      0.8758563    
   5.375000      0.3875000      0.9010234    
   5.625000      0.3875000      0.9261162    
   5.875000      0.3875000      0.9511394    
   6.125000      0.3875000      0.9760875    
   6.375000      0.3875000       1.000942    
   6.625000      0.3875000       1.025668    
   6.875000      0.3875000       1.050202    
   7.125000      0.3875000       1.074442    
   7.375000      0.3875000       1.098221    
   7.625000      0.3875000       1.121275    
   7.875000      0.3875000       1.143183    
   8.125000      0.3875000       1.163276    
   8.375000      0.3875000       1.180505    
   8.625000      0.3875000       1.193221    
   8.875000      0.3875000       1.198870    
   9.125000      0.3875000       1.193595    
   9.375000      0.3875000       1.171866    
   9.625000      0.3875000       1.126670    
   9.875000      0.3875000       1.051762    
   10.00000      0.3875000       1.000000    
 
  0.0000000E+00  0.4125000      0.0000000E+00
  0.1250000      0.4125000      4.7742512E-02
  0.3750000      0.4125000      0.1488236    
  0.6250000      0.4125000      0.2403590    
  0.8750000      0.4125000      0.3184531    
   1.125000      0.4125000      0.3840815    
   1.375000      0.4125000      0.4395613    
   1.625000      0.4125000      0.4872093    
   1.875000      0.4125000      0.5289578    
   2.125000      0.4125000      0.5663129    
   2.375000      0.4125000      0.6004147    
   2.625000      0.4125000      0.6321134    
   2.875000      0.4125000      0.6620399    
   3.125000      0.4125000      0.6906600    
   3.375000      0.4125000      0.7183178    
   3.625000      0.4125000      0.7452667    
   3.875000      0.4125000      0.7716931    
   4.125000      0.4125000      0.7977343    
   4.375000      0.4125000      0.8234913    
   4.625000      0.4125000      0.8490379    
   4.875000      0.4125000      0.8744273    
   5.125000      0.4125000      0.8996973    
   5.375000      0.4125000      0.9248736    
   5.625000      0.4125000      0.9499714    
   5.875000      0.4125000      0.9749957    
   6.125000      0.4125000      0.9999408    
   6.375000      0.4125000       1.024787    
   6.625000      0.4125000       1.049498    
   6.875000      0.4125000       1.074005    
   7.125000      0.4125000       1.098202    
   7.375000      0.4125000       1.121913    
   7.625000      0.4125000       1.144857    
   7.875000      0.4125000       1.166590    
   8.125000      0.4125000       1.186406    
   8.375000      0.4125000       1.203194    
   8.625000      0.4125000       1.215211    
   8.875000      0.4125000       1.219747    
   9.125000      0.4125000       1.212699    
   9.375000      0.4125000       1.188138    
   9.625000      0.4125000       1.138447    
   9.875000      0.4125000       1.056615    
   10.00000      0.4125000       1.000000    
 
  0.0000000E+00  0.4375000      0.0000000E+00
  0.1250000      0.4375000      5.0727613E-02
  0.3750000      0.4375000      0.1573847    
  0.6250000      0.4375000      0.2531421    
  0.8750000      0.4375000      0.3342786    
   1.125000      0.4375000      0.4020955    
   1.375000      0.4375000      0.4591617    
   1.625000      0.4375000      0.5079671    
   1.875000      0.4375000      0.5505636    
   2.125000      0.4375000      0.5885413    
   2.375000      0.4375000      0.6231006    
   2.625000      0.4375000      0.6551357    
   2.875000      0.4375000      0.6853094    
   3.125000      0.4375000      0.7141111    
   3.375000      0.4375000      0.7419022    
   3.625000      0.4375000      0.7689489    
   3.875000      0.4375000      0.7954468    
   4.125000      0.4375000      0.8215402    
   4.375000      0.4375000      0.8473352    
   4.625000      0.4375000      0.8729091    
   4.875000      0.4375000      0.8983180    
   5.125000      0.4375000      0.9236015    
   5.375000      0.4375000      0.9487866    
   5.625000      0.4375000      0.9738892    
   5.875000      0.4375000      0.9989145    
   6.125000      0.4375000       1.023857    
   6.375000      0.4375000       1.048695    
   6.625000      0.4375000       1.073390    
   6.875000      0.4375000       1.097872    
   7.125000      0.4375000       1.122027    
   7.375000      0.4375000       1.145671    
   7.625000      0.4375000       1.168507    
   7.875000      0.4375000       1.190070    
   8.125000      0.4375000       1.209615    
   8.375000      0.4375000       1.225973    
   8.625000      0.4375000       1.237305    
   8.875000      0.4375000       1.240752    
   9.125000      0.4375000       1.231961    
   9.375000      0.4375000       1.204603    
   9.625000      0.4375000       1.150424    
   9.875000      0.4375000       1.061584    
   10.00000      0.4375000       1.000000    
 
  0.0000000E+00  0.4625000      0.0000000E+00
  0.1250000      0.4625000      5.3910382E-02
  0.3750000      0.4625000      0.1663173    
  0.6250000      0.4625000      0.2663071    
  0.8750000      0.4625000      0.3504372    
   1.125000      0.4625000      0.4203840    
   1.375000      0.4625000      0.4789852    
   1.625000      0.4625000      0.5289072    
   1.875000      0.4625000      0.5723207    
   2.125000      0.4625000      0.6108977    
   2.375000      0.4625000      0.6458972    
   2.625000      0.4625000      0.6782559    
   2.875000      0.4625000      0.7086673    
   3.125000      0.4625000      0.7376438    
   3.375000      0.4625000      0.7655631    
   3.625000      0.4625000      0.7927038    
   3.875000      0.4625000      0.8192704    
   4.125000      0.4625000      0.8454140    
   4.375000      0.4625000      0.8712456    
   4.625000      0.4625000      0.8968458    
   4.875000      0.4625000      0.9222733    
   5.125000      0.4625000      0.9475698    
   5.375000      0.4625000      0.9727633    
   5.625000      0.4625000      0.9978705    
   5.875000      0.4625000       1.022897    
   6.125000      0.4625000       1.047836    
   6.375000      0.4625000       1.072666    
   6.625000      0.4625000       1.097347    
   6.875000      0.4625000       1.121804    
   7.125000      0.4625000       1.145918    
   7.375000      0.4625000       1.169496    
   7.625000      0.4625000       1.192228    
   7.875000      0.4625000       1.213624    
   8.125000      0.4625000       1.232906    
   8.375000      0.4625000       1.248844    
   8.625000      0.4625000       1.259508    
   8.875000      0.4625000       1.261888    
   9.125000      0.4625000       1.251388    
   9.375000      0.4625000       1.221269    
   9.625000      0.4625000       1.162616    
   9.875000      0.4625000       1.066677    
   10.00000      0.4625000       1.000000    
 
  0.0000000E+00  0.4875000      0.0000000E+00
  0.1250000      0.4875000      5.7315338E-02
  0.3750000      0.4875000      0.1756535    
  0.6250000      0.4875000      0.2798794    
  0.8750000      0.4875000      0.3669468    
   1.125000      0.4875000      0.4389601    
   1.375000      0.4875000      0.4990415    
   1.625000      0.4875000      0.5500369    
   1.875000      0.4875000      0.5942343    
   2.125000      0.4875000      0.6333861    
   2.375000      0.4875000      0.6688077    
   2.625000      0.4875000      0.7014765    
   2.875000      0.4875000      0.7321159    
   3.125000      0.4875000      0.7612597    
   3.375000      0.4875000      0.7893019    
   3.625000      0.4875000      0.8165326    
   3.875000      0.4875000      0.8431652    
   4.125000      0.4875000      0.8693568    
   4.375000      0.4875000      0.8952233    
   4.625000      0.4875000      0.9208487    
   4.875000      0.4875000      0.9462942    
   5.125000      0.4875000      0.9716032    
   5.375000      0.4875000      0.9968046    
   5.625000      0.4875000       1.021916    
   5.875000      0.4875000       1.046943    
   6.125000      0.4875000       1.071879    
   6.375000      0.4875000       1.096702    
   6.625000      0.4875000       1.121368    
   6.875000      0.4875000       1.145801    
   7.125000      0.4875000       1.169875    
   7.375000      0.4875000       1.193389    
   7.625000      0.4875000       1.216020    
   7.875000      0.4875000       1.237254    
   8.125000      0.4875000       1.256278    
   8.375000      0.4875000       1.271807    
   8.625000      0.4875000       1.281820    
   8.875000      0.4875000       1.283160    
   9.125000      0.4875000       1.270985    
   9.375000      0.4875000       1.238146    
   9.625000      0.4875000       1.175035    
   9.875000      0.4875000       1.071906    
   10.00000      0.4875000       1.000000    
 
  0.0000000E+00  0.5125000      0.0000000E+00
  0.1250000      0.5125000      6.0969625E-02
  0.3750000      0.5125000      0.1854266    
  0.6250000      0.5125000      0.2938837    
  0.8750000      0.5125000      0.3838246    
   1.125000      0.5125000      0.4578356    
   1.375000      0.5125000      0.5193388    
   1.625000      0.5125000      0.5713622    
   1.875000      0.5125000      0.6163092    
   2.125000      0.5125000      0.6560100    
   2.375000      0.5125000      0.6918346    
   2.625000      0.5125000      0.7247994    
   2.875000      0.5125000      0.7556564    
   3.125000      0.5125000      0.7849600    
   3.375000      0.5125000      0.8131194    
   3.625000      0.5125000      0.8404360    
   3.875000      0.5125000      0.8671316    
   4.125000      0.5125000      0.8933691    
   4.375000      0.5125000      0.9192690    
   4.625000      0.5125000      0.9449183    
   4.875000      0.5125000      0.9703810    
   5.125000      0.5125000      0.9957017    
   5.375000      0.5125000       1.020911    
   5.625000      0.5125000       1.046026    
   5.875000      0.5125000       1.071054    
   6.125000      0.5125000       1.095987    
   6.375000      0.5125000       1.120803    
   6.625000      0.5125000       1.145455    
   6.875000      0.5125000       1.169863    
   7.125000      0.5125000       1.193899    
   7.375000      0.5125000       1.217351    
   7.625000      0.5125000       1.239883    
   7.875000      0.5125000       1.260960    
   8.125000      0.5125000       1.279734    
   8.375000      0.5125000       1.294866    
   8.625000      0.5125000       1.304245    
   8.875000      0.5125000       1.304571    
   9.125000      0.5125000       1.290760    
   9.375000      0.5125000       1.255244    
   9.625000      0.5125000       1.187696    
   9.875000      0.5125000       1.077285    
   10.00000      0.5125000       1.000000    
 
  0.0000000E+00  0.5375000      0.0000000E+00
  0.1250000      0.5375000      6.4903401E-02
  0.3750000      0.5375000      0.1956707    
  0.6250000      0.5375000      0.3083442    
  0.8750000      0.5375000      0.4010865    
   1.125000      0.5375000      0.4770211    
   1.375000      0.5375000      0.5398849    
   1.625000      0.5375000      0.5928885    
   1.875000      0.5375000      0.6385490    
   2.125000      0.5375000      0.6787721    
   2.375000      0.5375000      0.7149798    
   2.625000      0.5375000      0.7482262    
   2.875000      0.5375000      0.7792900    
   3.125000      0.5375000      0.8087454    
   3.375000      0.5375000      0.8370163    
   3.625000      0.5375000      0.8644146    
   3.875000      0.5375000      0.8911699    
   4.125000      0.5375000      0.9174510    
   4.375000      0.5375000      0.9433826    
   4.625000      0.5375000      0.9690548    
   4.875000      0.5375000      0.9945338    
   5.125000      0.5375000       1.019866    
   5.375000      0.5375000       1.045082    
   5.625000      0.5375000       1.070201    
   5.875000      0.5375000       1.095230    
   6.125000      0.5375000       1.120160    
   6.375000      0.5375000       1.144968    
   6.625000      0.5375000       1.169606    
   6.875000      0.5375000       1.193992    
   7.125000      0.5375000       1.217990    
   7.375000      0.5375000       1.241382    
   7.625000      0.5375000       1.263818    
   7.875000      0.5375000       1.284742    
   8.125000      0.5375000       1.303275    
   8.375000      0.5375000       1.318021    
   8.625000      0.5375000       1.326785    
   8.875000      0.5375000       1.326125    
   9.125000      0.5375000       1.310717    
   9.375000      0.5375000       1.272574    
   9.625000      0.5375000       1.200618    
   9.875000      0.5375000       1.082829    
   10.00000      0.5375000       1.000000    
 
  0.0000000E+00  0.5625000      0.0000000E+00
  0.1250000      0.5625000      6.9150276E-02
  0.3750000      0.5625000      0.2064208    
  0.6250000      0.5625000      0.3232842    
  0.8750000      0.5625000      0.4187471    
   1.125000      0.5625000      0.4965264    
   1.375000      0.5625000      0.5606859    
   1.625000      0.5625000      0.6146202    
   1.875000      0.5625000      0.6609570    
   2.125000      0.5625000      0.7016748    
   2.375000      0.5625000      0.7382452    
   2.625000      0.5625000      0.7717580    
   2.875000      0.5625000      0.8030174    
   3.125000      0.5625000      0.8326166    
   3.375000      0.5625000      0.8609929    
   3.625000      0.5625000      0.8884684    
   3.875000      0.5625000      0.9152803    
   4.125000      0.5625000      0.9416027    
   4.375000      0.5625000      0.9675643    
   4.625000      0.5625000      0.9932581    
   4.875000      0.5625000       1.018752    
   5.125000      0.5625000       1.044095    
   5.375000      0.5625000       1.069318    
   5.625000      0.5625000       1.094441    
   5.875000      0.5625000       1.119470    
   6.125000      0.5625000       1.144397    
   6.375000      0.5625000       1.169198    
   6.625000      0.5625000       1.193823    
   6.875000      0.5625000       1.218186    
   7.125000      0.5625000       1.242148    
   7.375000      0.5625000       1.265482    
   7.625000      0.5625000       1.287825    
   7.875000      0.5625000       1.308602    
   8.125000      0.5625000       1.326900    
   8.375000      0.5625000       1.341273    
   8.625000      0.5625000       1.349442    
   8.875000      0.5625000       1.347826    
   9.125000      0.5625000       1.330865    
   9.375000      0.5625000       1.290148    
   9.625000      0.5625000       1.213819    
   9.875000      0.5625000       1.088559    
   10.00000      0.5625000       1.000000    
 
  0.0000000E+00  0.5875000      0.0000000E+00
  0.1250000      0.5875000      7.3747806E-02
  0.3750000      0.5875000      0.2177129    
  0.6250000      0.5875000      0.3387259    
  0.8750000      0.5875000      0.4368197    
   1.125000      0.5875000      0.5163594    
   1.375000      0.5875000      0.5817475    
   1.625000      0.5875000      0.6365610    
   1.875000      0.5875000      0.6835358    
   2.125000      0.5875000      0.7247196    
   2.375000      0.5875000      0.7616318    
   2.625000      0.5875000      0.7953955    
   2.875000      0.5875000      0.8268391    
   3.125000      0.5875000      0.8565736    
   3.375000      0.5875000      0.8850492    
   3.625000      0.5875000      0.9125975    
   3.875000      0.5875000      0.9394625    
   4.125000      0.5875000      0.9658237    
   4.375000      0.5875000      0.9918135    
   4.625000      0.5875000       1.017528    
   4.875000      0.5875000       1.043036    
   5.125000      0.5875000       1.068389    
   5.375000      0.5875000       1.093618    
   5.625000      0.5875000       1.118744    
   5.875000      0.5875000       1.143774    
   6.125000      0.5875000       1.168698    
   6.375000      0.5875000       1.193492    
   6.625000      0.5875000       1.218104    
   6.875000      0.5875000       1.242446    
   7.125000      0.5875000       1.266373    
   7.375000      0.5875000       1.289650    
   7.625000      0.5875000       1.311904    
   7.875000      0.5875000       1.332539    
   8.125000      0.5875000       1.350611    
   8.375000      0.5875000       1.364624    
   8.625000      0.5875000       1.372218    
   8.875000      0.5875000       1.369677    
   9.125000      0.5875000       1.351208    
   9.375000      0.5875000       1.307978    
   9.625000      0.5875000       1.227322    
   9.875000      0.5875000       1.094500    
   10.00000      0.5875000       1.000000    
 
  0.0000000E+00  0.6125000      0.0000000E+00
  0.1250000      0.6125000      7.8738123E-02
  0.3750000      0.6125000      0.2295835    
  0.6250000      0.6125000      0.3546902    
  0.8750000      0.6125000      0.4553157    
   1.125000      0.6125000      0.5365270    
   1.375000      0.6125000      0.6030735    
   1.625000      0.6125000      0.6587133    
   1.875000      0.6125000      0.7062866    
   2.125000      0.6125000      0.7479075    
   2.375000      0.6125000      0.7851399    
   2.625000      0.6125000      0.8191386    
   2.875000      0.6125000      0.8507550    
   3.125000      0.6125000      0.8806161    
   3.375000      0.6125000      0.9091848    
   3.625000      0.6125000      0.9368011    
   3.875000      0.6125000      0.9637159    
   4.125000      0.6125000      0.9901135    
   4.375000      0.6125000       1.016130    
   4.625000      0.6125000       1.041863    
   4.875000      0.6125000       1.067385    
   5.125000      0.6125000       1.092747    
   5.375000      0.6125000       1.117982    
   5.625000      0.6125000       1.143111    
   5.875000      0.6125000       1.168141    
   6.125000      0.6125000       1.193062    
   6.375000      0.6125000       1.217849    
   6.625000      0.6125000       1.242449    
   6.875000      0.6125000       1.266770    
   7.125000      0.6125000       1.290664    
   7.375000      0.6125000       1.313887    
   7.625000      0.6125000       1.336055    
   7.875000      0.6125000       1.356554    
   8.125000      0.6125000       1.374408    
   8.375000      0.6125000       1.388075    
   8.625000      0.6125000       1.395115    
   8.875000      0.6125000       1.391683    
   9.125000      0.6125000       1.371756    
   9.375000      0.6125000       1.326079    
   9.625000      0.6125000       1.241152    
   9.875000      0.6125000       1.100681    
   10.00000      0.6125000       1.000000    
 
  0.0000000E+00  0.6375000      0.0000000E+00
  0.1250000      0.6375000      8.4168516E-02
  0.3750000      0.6375000      0.2420695    
  0.6250000      0.6375000      0.3711964    
  0.8750000      0.6375000      0.4742449    
   1.125000      0.6375000      0.5570341    
   1.375000      0.6375000      0.6246668    
   1.625000      0.6375000      0.6810787    
   1.875000      0.6375000      0.7292104    
   2.125000      0.6375000      0.7712384    
   2.375000      0.6375000      0.8087692    
   2.625000      0.6375000      0.8429868    
   2.875000      0.6375000      0.8747640    
   3.125000      0.6375000      0.9047431    
   3.375000      0.6375000      0.9333983    
   3.625000      0.6375000      0.9610781    
   3.875000      0.6375000      0.9880393    
   4.125000      0.6375000       1.014471    
   4.375000      0.6375000       1.040511    
   4.625000      0.6375000       1.066262    
   4.875000      0.6375000       1.091797    
   5.125000      0.6375000       1.117167    
   5.375000      0.6375000       1.142408    
   5.625000      0.6375000       1.167540    
   5.875000      0.6375000       1.192570    
   6.125000      0.6375000       1.217489    
   6.375000      0.6375000       1.242269    
   6.625000      0.6375000       1.266857    
   6.875000      0.6375000       1.291158    
   7.125000      0.6375000       1.315019    
   7.375000      0.6375000       1.338191    
   7.625000      0.6375000       1.360277    
   7.875000      0.6375000       1.380644    
   8.125000      0.6375000       1.398290    
   8.375000      0.6375000       1.411625    
   8.625000      0.6375000       1.418135    
   8.875000      0.6375000       1.413846    
   9.125000      0.6375000       1.392515    
   9.375000      0.6375000       1.344464    
   9.625000      0.6375000       1.255337    
   9.875000      0.6375000       1.107138    
   10.00000      0.6375000       1.000000    
 
  0.0000000E+00  0.6625000      0.0000000E+00
  0.1250000      0.6625000      9.0092309E-02
  0.3750000      0.6625000      0.2552083    
  0.6250000      0.6625000      0.3882618    
  0.8750000      0.6625000      0.4936150    
   1.125000      0.6625000      0.5778844    
   1.375000      0.6625000      0.6465289    
   1.625000      0.6625000      0.7036577    
   1.875000      0.6625000      0.7523068    
   2.125000      0.6625000      0.7947119    
   2.375000      0.6625000      0.8325189    
   2.625000      0.6625000      0.8669392    
   2.875000      0.6625000      0.8988651    
   3.125000      0.6625000      0.9289535    
   3.375000      0.6625000      0.9576888    
   3.625000      0.6625000      0.9854273    
   3.875000      0.6625000       1.012431    
   4.125000      0.6625000       1.038894    
   4.375000      0.6625000       1.064958    
   4.625000      0.6625000       1.090725    
   4.875000      0.6625000       1.116271    
   5.125000      0.6625000       1.141649    
   5.375000      0.6625000       1.166895    
   5.625000      0.6625000       1.192029    
   5.875000      0.6625000       1.217059    
   6.125000      0.6625000       1.241975    
   6.375000      0.6625000       1.266749    
   6.625000      0.6625000       1.291326    
   6.875000      0.6625000       1.315608    
   7.125000      0.6625000       1.339439    
   7.375000      0.6625000       1.362561    
   7.625000      0.6625000       1.384568    
   7.875000      0.6625000       1.404811    
   8.125000      0.6625000       1.422258    
   8.375000      0.6625000       1.435276    
   8.625000      0.6625000       1.441279    
   8.875000      0.6625000       1.436171    
   9.125000      0.6625000       1.413493    
   9.375000      0.6625000       1.363150    
   9.625000      0.6625000       1.269906    
   9.875000      0.6625000       1.113913    
   10.00000      0.6625000       1.000000    
 
  0.0000000E+00  0.6875000      0.0000000E+00
  0.1250000      0.6875000      9.6569695E-02
  0.3750000      0.6875000      0.2690369    
  0.6250000      0.6875000      0.4059018    
  0.8750000      0.6875000      0.5134316    
   1.125000      0.6875000      0.5990797    
   1.375000      0.6875000      0.6686600    
   1.625000      0.6875000      0.7264495    
   1.875000      0.6875000      0.7755749    
   2.125000      0.6875000      0.8183269    
   2.375000      0.6875000      0.8563877    
   2.625000      0.6875000      0.8909941    
   2.875000      0.6875000      0.9230567    
   3.125000      0.6875000      0.9532454    
   3.375000      0.6875000      0.9820543    
   3.625000      0.6875000       1.009847    
   3.875000      0.6875000       1.036890    
   4.125000      0.6875000       1.063382    
   4.375000      0.6875000       1.089466    
   4.625000      0.6875000       1.115248    
   4.875000      0.6875000       1.140805    
   5.125000      0.6875000       1.166190    
   5.375000      0.6875000       1.191440    
   5.625000      0.6875000       1.216577    
   5.875000      0.6875000       1.241607    
   6.125000      0.6875000       1.266520    
   6.375000      0.6875000       1.291288    
   6.625000      0.6875000       1.315854    
   6.875000      0.6875000       1.340119    
   7.125000      0.6875000       1.363920    
   7.375000      0.6875000       1.386996    
   7.625000      0.6875000       1.408928    
   7.875000      0.6875000       1.429052    
   8.125000      0.6875000       1.446310    
   8.375000      0.6875000       1.459028    
   8.625000      0.6875000       1.464548    
   8.875000      0.6875000       1.458661    
   9.125000      0.6875000       1.434697    
   9.375000      0.6875000       1.382153    
   9.625000      0.6875000       1.284895    
   9.875000      0.6875000       1.121058    
   10.00000      0.6875000       1.000000    
 
  0.0000000E+00  0.7125000      0.0000000E+00
  0.1250000      0.7125000      0.1036688    
  0.3750000      0.7125000      0.2835921    
  0.6250000      0.7125000      0.4241294    
  0.8750000      0.7125000      0.5336983    
   1.125000      0.7125000      0.6206197    
   1.375000      0.7125000      0.6910588    
   1.625000      0.7125000      0.7494525    
   1.875000      0.7125000      0.7990128    
   2.125000      0.7125000      0.8420811    
   2.375000      0.7125000      0.8803734    
   2.625000      0.7125000      0.9151495    
   2.875000      0.7125000      0.9473366    
   3.125000      0.7125000      0.9776168    
   3.375000      0.7125000       1.006493    
   3.625000      0.7125000       1.034334    
   3.875000      0.7125000       1.061414    
   4.125000      0.7125000       1.087932    
   4.375000      0.7125000       1.114035    
   4.625000      0.7125000       1.139830    
   4.875000      0.7125000       1.165397    
   5.125000      0.7125000       1.190789    
   5.375000      0.7125000       1.216043    
   5.625000      0.7125000       1.241182    
   5.875000      0.7125000       1.266211    
   6.125000      0.7125000       1.291122    
   6.375000      0.7125000       1.315884    
   6.625000      0.7125000       1.340440    
   6.875000      0.7125000       1.364687    
   7.125000      0.7125000       1.388461    
   7.375000      0.7125000       1.411492    
   7.625000      0.7125000       1.433355    
   7.875000      0.7125000       1.453366    
   8.125000      0.7125000       1.470447    
   8.375000      0.7125000       1.482880    
   8.625000      0.7125000       1.487945    
   8.875000      0.7125000       1.481320    
   9.125000      0.7125000       1.456137    
   9.375000      0.7125000       1.401491    
   9.625000      0.7125000       1.300341    
   9.875000      0.7125000       1.128634    
   10.00000      0.7125000       1.000000    
 
  0.0000000E+00  0.7375000      0.0000000E+00
  0.1250000      0.7375000      0.1114668    
  0.3750000      0.7375000      0.2989098    
  0.6250000      0.7375000      0.4429548    
  0.8750000      0.7375000      0.5544161    
   1.125000      0.7375000      0.6425030    
   1.375000      0.7375000      0.7137226    
   1.625000      0.7375000      0.7726639    
   1.875000      0.7375000      0.8226176    
   2.125000      0.7375000      0.8659719    
   2.375000      0.7375000      0.9044733    
   2.625000      0.7375000      0.9394028    
   2.875000      0.7375000      0.9717025    
   3.125000      0.7375000       1.002065    
   3.375000      0.7375000       1.031002    
   3.625000      0.7375000       1.058888    
   3.875000      0.7375000       1.086000    
   4.125000      0.7375000       1.112541    
   4.375000      0.7375000       1.138661    
   4.625000      0.7375000       1.164469    
   4.875000      0.7375000       1.190044    
   5.125000      0.7375000       1.215442    
   5.375000      0.7375000       1.240700    
   5.625000      0.7375000       1.265840    
   5.875000      0.7375000       1.290870    
   6.125000      0.7375000       1.315778    
   6.375000      0.7375000       1.340535    
   6.625000      0.7375000       1.365081    
   6.875000      0.7375000       1.389312    
   7.125000      0.7375000       1.413060    
   7.375000      0.7375000       1.436050    
   7.625000      0.7375000       1.457846    
   7.875000      0.7375000       1.477753    
   8.125000      0.7375000       1.494666    
   8.375000      0.7375000       1.506833    
   8.625000      0.7375000       1.511471    
   8.875000      0.7375000       1.504153    
   9.125000      0.7375000       1.477820    
   9.375000      0.7375000       1.421183    
   9.625000      0.7375000       1.316286    
   9.875000      0.7375000       1.136715    
   10.00000      0.7375000       1.000000    
 
  0.0000000E+00  0.7625000      0.0000000E+00
  0.1250000      0.7625000      0.1200513    
  0.3750000      0.7625000      0.3150246    
  0.6250000      0.7625000      0.4623849    
  0.8750000      0.7625000      0.5755837    
   1.125000      0.7625000      0.6647258    
   1.375000      0.7625000      0.7366474    
   1.625000      0.7625000      0.7960797    
   1.875000      0.7625000      0.8463857    
   2.125000      0.7625000      0.8899957    
   2.375000      0.7625000      0.9286842    
   2.625000      0.7625000      0.9637507    
   2.875000      0.7625000      0.9961511    
   3.125000      0.7625000       1.026588    
   3.375000      0.7625000       1.055578    
   3.625000      0.7625000       1.083504    
   3.875000      0.7625000       1.110645    
   4.125000      0.7625000       1.137207    
   4.375000      0.7625000       1.163343    
   4.625000      0.7625000       1.189162    
   4.875000      0.7625000       1.214745    
   5.125000      0.7625000       1.240148    
   5.375000      0.7625000       1.265409    
   5.625000      0.7625000       1.290550    
   5.875000      0.7625000       1.315579    
   6.125000      0.7625000       1.340486    
   6.375000      0.7625000       1.365237    
   6.625000      0.7625000       1.389774    
   6.875000      0.7625000       1.413990    
   7.125000      0.7625000       1.437714    
   7.375000      0.7625000       1.460666    
   7.625000      0.7625000       1.482401    
   7.875000      0.7625000       1.502210    
   8.125000      0.7625000       1.518967    
   8.375000      0.7625000       1.530886    
   8.625000      0.7625000       1.535126    
   8.875000      0.7625000       1.527163    
   9.125000      0.7625000       1.499757    
   9.375000      0.7625000       1.441249    
   9.625000      0.7625000       1.332776    
   9.875000      0.7625000       1.145386    
   10.00000      0.7625000       1.000000    
 
  0.0000000E+00  0.7875000      0.0000000E+00
  0.1250000      0.7875000      0.1295220    
  0.3750000      0.7875000      0.3319686    
  0.6250000      0.7875000      0.4824237    
  0.8750000      0.7875000      0.5971970    
   1.125000      0.7875000      0.6872825    
   1.375000      0.7875000      0.7598277    
   1.625000      0.7875000      0.8196948    
   1.875000      0.7875000      0.8703121    
   2.125000      0.7875000      0.9141483    
   2.375000      0.7875000      0.9530019    
   2.625000      0.7875000      0.9881895    
   2.875000      0.7875000       1.020679    
   3.125000      0.7875000       1.051180    
   3.375000      0.7875000       1.080219    
   3.625000      0.7875000       1.108179    
   3.875000      0.7875000       1.135346    
   4.125000      0.7875000       1.161927    
   4.375000      0.7875000       1.188076    
   4.625000      0.7875000       1.213905    
   4.875000      0.7875000       1.239494    
   5.125000      0.7875000       1.264902    
   5.375000      0.7875000       1.290166    
   5.625000      0.7875000       1.315309    
   5.875000      0.7875000       1.340337    
   6.125000      0.7875000       1.365241    
   6.375000      0.7875000       1.389988    
   6.625000      0.7875000       1.414517    
   6.875000      0.7875000       1.438719    
   7.125000      0.7875000       1.462421    
   7.375000      0.7875000       1.485337    
   7.625000      0.7875000       1.507015    
   7.875000      0.7875000       1.526734    
   8.125000      0.7875000       1.543348    
   8.375000      0.7875000       1.555039    
   8.625000      0.7875000       1.558912    
   8.875000      0.7875000       1.550353    
   9.125000      0.7875000       1.521957    
   9.375000      0.7875000       1.461709    
   9.625000      0.7875000       1.349858    
   9.875000      0.7875000       1.154753    
   10.00000      0.7875000       1.000000    
 
  0.0000000E+00  0.8125000      0.0000000E+00
  0.1250000      0.8125000      0.1399921    
  0.3750000      0.8125000      0.3497714    
  0.6250000      0.8125000      0.5030711    
  0.8750000      0.8125000      0.6192494    
   1.125000      0.8125000      0.7101656    
   1.375000      0.8125000      0.7832565    
   1.625000      0.8125000      0.8435028    
   1.875000      0.8125000      0.8943915    
   2.125000      0.8125000      0.9384245    
   2.375000      0.8125000      0.9774219    
   2.625000      0.8125000       1.012715    
   2.875000      0.8125000       1.045281    
   3.125000      0.8125000       1.075840    
   3.375000      0.8125000       1.104920    
   3.625000      0.8125000       1.132911    
   3.875000      0.8125000       1.160099    
   4.125000      0.8125000       1.186697    
   4.375000      0.8125000       1.212857    
   4.625000      0.8125000       1.238695    
   4.875000      0.8125000       1.264290    
   5.125000      0.8125000       1.289702    
   5.375000      0.8125000       1.314968    
   5.625000      0.8125000       1.340112    
   5.875000      0.8125000       1.365140    
   6.125000      0.8125000       1.390042    
   6.375000      0.8125000       1.414784    
   6.625000      0.8125000       1.439305    
   6.875000      0.8125000       1.463495    
   7.125000      0.8125000       1.487176    
   7.375000      0.8125000       1.510060    
   7.625000      0.8125000       1.531687    
   7.875000      0.8125000       1.551324    
   8.125000      0.8125000       1.567808    
   8.375000      0.8125000       1.579291    
   8.625000      0.8125000       1.582831    
   8.875000      0.8125000       1.573729    
   9.125000      0.8125000       1.544428    
   9.375000      0.8125000       1.482585    
   9.625000      0.8125000       1.367587    
   9.875000      0.8125000       1.164937    
   10.00000      0.8125000       1.000000    
 
  0.0000000E+00  0.8375000      0.0000000E+00
  0.1250000      0.8375000      0.1515908    
  0.3750000      0.8375000      0.3684586    
  0.6250000      0.8375000      0.5243235    
  0.8750000      0.8375000      0.6417316    
   1.125000      0.8375000      0.7333656    
   1.375000      0.8375000      0.8069254    
   1.625000      0.8375000      0.8674967    
   1.875000      0.8375000      0.9186174    
   2.125000      0.8375000      0.9628187    
   2.375000      0.8375000       1.001939    
   2.625000      0.8375000       1.037322    
   2.875000      0.8375000       1.069954    
   3.125000      0.8375000       1.100561    
   3.375000      0.8375000       1.129677    
   3.625000      0.8375000       1.157694    
   3.875000      0.8375000       1.184901    
   4.125000      0.8375000       1.211512    
   4.375000      0.8375000       1.237683    
   4.625000      0.8375000       1.263528    
   4.875000      0.8375000       1.289128    
   5.125000      0.8375000       1.314543    
   5.375000      0.8375000       1.339811    
   5.625000      0.8375000       1.364956    
   5.875000      0.8375000       1.389983    
   6.125000      0.8375000       1.414883    
   6.375000      0.8375000       1.439622    
   6.625000      0.8375000       1.464136    
   6.875000      0.8375000       1.488315    
   7.125000      0.8375000       1.511978    
   7.375000      0.8375000       1.534833    
   7.625000      0.8375000       1.556413    
   7.875000      0.8375000       1.575977    
   8.125000      0.8375000       1.592345    
   8.375000      0.8375000       1.603641    
   8.625000      0.8375000       1.606882    
   8.875000      0.8375000       1.597295    
   9.125000      0.8375000       1.567181    
   9.375000      0.8375000       1.503899    
   9.625000      0.8375000       1.386017    
   9.875000      0.8375000       1.176084    
   10.00000      0.8375000       1.000000    
 
  0.0000000E+00  0.8625000      0.0000000E+00
  0.1250000      0.8625000      0.1644654    
  0.3750000      0.8625000      0.3880510    
  0.6250000      0.8625000      0.5461726    
  0.8750000      0.8625000      0.6646314    
   1.125000      0.8625000      0.7568713    
   1.375000      0.8625000      0.8308246    
   1.625000      0.8625000      0.8916678    
   1.875000      0.8625000      0.9429824    
   2.125000      0.8625000      0.9873244    
   2.375000      0.8625000       1.026547    
   2.625000      0.8625000       1.062005    
   2.875000      0.8625000       1.094693    
   3.125000      0.8625000       1.125340    
   3.375000      0.8625000       1.154485    
   3.625000      0.8625000       1.182524    
   3.875000      0.8625000       1.209747    
   4.125000      0.8625000       1.236370    
   4.375000      0.8625000       1.262549    
   4.625000      0.8625000       1.288399    
   4.875000      0.8625000       1.314004    
   5.125000      0.8625000       1.339422    
   5.375000      0.8625000       1.364691    
   5.625000      0.8625000       1.389837    
   5.875000      0.8625000       1.414864    
   6.125000      0.8625000       1.439762    
   6.375000      0.8625000       1.464497    
   6.625000      0.8625000       1.489005    
   6.875000      0.8625000       1.513174    
   7.125000      0.8625000       1.536821    
   7.375000      0.8625000       1.559651    
   7.625000      0.8625000       1.581191    
   7.875000      0.8625000       1.600691    
   8.125000      0.8625000       1.616956    
   8.375000      0.8625000       1.628089    
   8.625000      0.8625000       1.631068    
   8.875000      0.8625000       1.621053    
   9.125000      0.8625000       1.590225    
   9.375000      0.8625000       1.525673    
   9.625000      0.8625000       1.405207    
   9.875000      0.8625000       1.188369    
   10.00000      0.8625000       1.000000    
 
  0.0000000E+00  0.8875000      0.0000000E+00
  0.1250000      0.8875000      0.1787835    
  0.3750000      0.8875000      0.4085633    
  0.6250000      0.8875000      0.5686061    
  0.8750000      0.8875000      0.6879342    
   1.125000      0.8875000      0.7806697    
   1.375000      0.8875000      0.8549430    
   1.625000      0.8875000      0.9160070    
   1.875000      0.8875000      0.9674788    
   2.125000      0.8875000       1.011935    
   2.375000      0.8875000       1.051240    
   2.625000      0.8875000       1.086759    
   2.875000      0.8875000       1.119492    
   3.125000      0.8875000       1.150172    
   3.375000      0.8875000       1.179340    
   3.625000      0.8875000       1.207397    
   3.875000      0.8875000       1.234633    
   4.125000      0.8875000       1.261265    
   4.375000      0.8875000       1.287451    
   4.625000      0.8875000       1.313306    
   4.875000      0.8875000       1.338914    
   5.125000      0.8875000       1.364334    
   5.375000      0.8875000       1.389605    
   5.625000      0.8875000       1.414750    
   5.875000      0.8875000       1.439777    
   6.125000      0.8875000       1.464674    
   6.375000      0.8875000       1.489406    
   6.625000      0.8875000       1.513909    
   6.875000      0.8875000       1.538069    
   7.125000      0.8875000       1.561703    
   7.375000      0.8875000       1.584511    
   7.625000      0.8875000       1.606016    
   7.875000      0.8875000       1.625461    
   8.125000      0.8875000       1.641639    
   8.375000      0.8875000       1.652633    
   8.625000      0.8875000       1.655388    
   8.875000      0.8875000       1.645010    
   9.125000      0.8875000       1.613572    
   9.375000      0.8875000       1.547931    
   9.625000      0.8875000       1.425219    
   9.875000      0.8875000       1.201996    
   10.00000      0.8875000       1.000000    
 
  0.0000000E+00  0.9125000      0.0000000E+00
  0.1250000      0.9125000      0.1947365    
  0.3750000      0.9125000      0.4300025    
  0.6250000      0.9125000      0.5916066    
  0.8750000      0.9125000      0.7116223    
   1.125000      0.9125000      0.8047454    
   1.375000      0.9125000      0.8792680    
   1.625000      0.9125000      0.9405034    
   1.875000      0.9125000      0.9920970    
   2.125000      0.9125000       1.036641    
   2.375000      0.9125000       1.076011    
   2.625000      0.9125000       1.111577    
   2.875000      0.9125000       1.144344    
   3.125000      0.9125000       1.175049    
   3.375000      0.9125000       1.204237    
   3.625000      0.9125000       1.232307    
   3.875000      0.9125000       1.259553    
   4.125000      0.9125000       1.286192    
   4.375000      0.9125000       1.312383    
   4.625000      0.9125000       1.338242    
   4.875000      0.9125000       1.363852    
   5.125000      0.9125000       1.389274    
   5.375000      0.9125000       1.414546    
   5.625000      0.9125000       1.439692    
   5.875000      0.9125000       1.464718    
   6.125000      0.9125000       1.489613    
   6.375000      0.9125000       1.514343    
   6.625000      0.9125000       1.538842    
   6.875000      0.9125000       1.562996    
   7.125000      0.9125000       1.586618    
   7.375000      0.9125000       1.609408    
   7.625000      0.9125000       1.630885    
   7.875000      0.9125000       1.650286    
   8.125000      0.9125000       1.666392    
   8.375000      0.9125000       1.677272    
   8.625000      0.9125000       1.679844    
   8.875000      0.9125000       1.669167    
   9.125000      0.9125000       1.637230    
   9.375000      0.9125000       1.570695    
   9.625000      0.9125000       1.446114    
   9.875000      0.9125000       1.217207    
   10.00000      0.9125000       1.000000    
 
  0.0000000E+00  0.9375000      0.0000000E+00
  0.1250000      0.9375000      0.2125425    
  0.3750000      0.9375000      0.4523662    
  0.6250000      0.9375000      0.6151521    
  0.8750000      0.9375000      0.7356753    
   1.125000      0.9375000      0.8290818    
   1.375000      0.9375000      0.9037857    
   1.625000      0.9375000      0.9651455    
   1.875000      0.9375000       1.016828    
   2.125000      0.9375000       1.061435    
   2.375000      0.9375000       1.100852    
   2.625000      0.9375000       1.136453    
   2.875000      0.9375000       1.169244    
   3.125000      0.9375000       1.199968    
   3.375000      0.9375000       1.229169    
   3.625000      0.9375000       1.257249    
   3.875000      0.9375000       1.284502    
   4.125000      0.9375000       1.311146    
   4.375000      0.9375000       1.337341    
   4.625000      0.9375000       1.363202    
   4.875000      0.9375000       1.388815    
   5.125000      0.9375000       1.414237    
   5.375000      0.9375000       1.439510    
   5.625000      0.9375000       1.464656    
   5.875000      0.9375000       1.489682    
   6.125000      0.9375000       1.514577    
   6.375000      0.9375000       1.539305    
   6.625000      0.9375000       1.563800    
   6.875000      0.9375000       1.587948    
   7.125000      0.9375000       1.611562    
   7.375000      0.9375000       1.634339    
   7.625000      0.9375000       1.655794    
   7.875000      0.9375000       1.675160    
   8.125000      0.9375000       1.691211    
   8.375000      0.9375000       1.702004    
   8.625000      0.9375000       1.704435    
   8.875000      0.9375000       1.693530    
   9.125000      0.9375000       1.661209    
   9.375000      0.9375000       1.593987    
   9.625000      0.9375000       1.467954    
   9.875000      0.9375000       1.234292    
   10.00000      0.9375000       1.000000    
 
  0.0000000E+00  0.9625000      0.0000000E+00
  0.1250000      0.9625000      0.2324504    
  0.3750000      0.9625000      0.4756410    
  0.6250000      0.9625000      0.6392159    
  0.8750000      0.9625000      0.7600703    
   1.125000      0.9625000      0.8536602    
   1.375000      0.9625000      0.9284810    
   1.625000      0.9625000      0.9899209    
   1.875000      0.9625000       1.041660    
   2.125000      0.9625000       1.086309    
   2.375000      0.9625000       1.125755    
   2.625000      0.9625000       1.161377    
   2.875000      0.9625000       1.194185    
   3.125000      0.9625000       1.224921    
   3.375000      0.9625000       1.254130    
   3.625000      0.9625000       1.282216    
   3.875000      0.9625000       1.309474    
   4.125000      0.9625000       1.336122    
   4.375000      0.9625000       1.362319    
   4.625000      0.9625000       1.388182    
   4.875000      0.9625000       1.413796    
   5.125000      0.9625000       1.439219    
   5.375000      0.9625000       1.464492    
   5.625000      0.9625000       1.489639    
   5.875000      0.9625000       1.514664    
   6.125000      0.9625000       1.539558    
   6.375000      0.9625000       1.564284    
   6.625000      0.9625000       1.588777    
   6.875000      0.9625000       1.612922    
   7.125000      0.9625000       1.636530    
   7.375000      0.9625000       1.659297    
   7.625000      0.9625000       1.680738    
   7.875000      0.9625000       1.700081    
   8.125000      0.9625000       1.716095    
   8.375000      0.9625000       1.726828    
   8.625000      0.9625000       1.729163    
   8.875000      0.9625000       1.718102    
   9.125000      0.9625000       1.685520    
   9.375000      0.9625000       1.617829    
   9.625000      0.9625000       1.490796    
   9.875000      0.9625000       1.253589    
   10.00000      0.9625000       1.000000    
 
  0.0000000E+00  0.9875000      0.0000000E+00
  0.1250000      0.9875000      0.2547432    
  0.3750000      0.9875000      0.4997997    
  0.6250000      0.9875000      0.6637660    
  0.8750000      0.9875000      0.7847818    
   1.125000      0.9875000      0.8784603    
   1.375000      0.9875000      0.9533375    
   1.625000      0.9875000       1.014816    
   1.875000      0.9875000       1.066582    
   2.125000      0.9875000       1.111251    
   2.375000      0.9875000       1.150712    
   2.625000      0.9875000       1.186344    
   2.875000      0.9875000       1.219160    
   3.125000      0.9875000       1.249901    
   3.375000      0.9875000       1.279114    
   3.625000      0.9875000       1.307204    
   3.875000      0.9875000       1.334464    
   4.125000      0.9875000       1.361113    
   4.375000      0.9875000       1.387311    
   4.625000      0.9875000       1.413175    
   4.875000      0.9875000       1.438789    
   5.125000      0.9875000       1.464213    
   5.375000      0.9875000       1.489486    
   5.625000      0.9875000       1.514633    
   5.875000      0.9875000       1.539658    
   6.125000      0.9875000       1.564551    
   6.375000      0.9875000       1.589277    
   6.625000      0.9875000       1.613769    
   6.875000      0.9875000       1.637912    
   7.125000      0.9875000       1.661517    
   7.375000      0.9875000       1.684280    
   7.625000      0.9875000       1.705713    
   7.875000      0.9875000       1.725043    
   8.125000      0.9875000       1.741038    
   8.375000      0.9875000       1.751741    
   8.625000      0.9875000       1.754027    
   8.875000      0.9875000       1.742887    
   9.125000      0.9875000       1.710171    
   9.375000      0.9875000       1.642240    
   9.625000      0.9875000       1.514695    
   9.875000      0.9875000       1.275500    
   10.00000      0.9875000       1.000000    
 
  0.0000000E+00   1.000000      0.0000000E+00
  0.1250000       1.000000      0.2547432    
  0.3750000       1.000000      0.4997997    
  0.6250000       1.000000      0.6637660    
  0.8750000       1.000000      0.7847818    
   1.125000       1.000000      0.8784603    
   1.375000       1.000000      0.9533375    
   1.625000       1.000000       1.014816    
   1.875000       1.000000       1.066582    
   2.125000       1.000000       1.111251    
   2.375000       1.000000       1.150712    
   2.625000       1.000000       1.186344    
   2.875000       1.000000       1.219160    
   3.125000       1.000000       1.249901    
   3.375000       1.000000       1.279114    
   3.625000       1.000000       1.307204    
   3.875000       1.000000       1.334464    
   4.125000       1.000000       1.361113    
   4.375000       1.000000       1.387311    
   4.625000       1.000000       1.413175    
   4.875000       1.000000       1.438789    
   5.125000       1.000000       1.464213    
   5.375000       1.000000       1.489486    
   5.625000       1.000000       1.514633    
   5.875000       1.000000       1.539658    
   6.125000       1.000000       1.564551    
   6.375000       1.000000       1.589277    
   6.625000       1.000000       1.613769    
   6.875000       1.000000       1.637912    
   7.125000       1.000000       1.661517    
   7.375000       1.000000       1.684280    
   7.625000       1.000000       1.705713    
   7.875000       1.000000       1.725043    
   8.125000       1.000000       1.741038    
   8.375000       1.000000       1.751741    
   8.625000       1.000000       1.754027    
   8.875000       1.000000       1.742887    
   9.125000       1.000000       1.710171    
   9.375000       1.000000       1.642240    
   9.625000       1.000000       1.514695    
   9.875000       1.000000       1.275500    
   10.00000       1.000000       1.000000    
 
