  0.0000000E+00  0.0000000E+00  0.0000000E+00
  0.1250000      0.0000000E+00  1.2499999E-02
  0.3750000      0.0000000E+00  3.7499998E-02
  0.6250000      0.0000000E+00  6.2499996E-02
  0.8750000      0.0000000E+00  8.7499991E-02
   1.125000      0.0000000E+00  0.1125000    
   1.375000      0.0000000E+00  0.1375000    
   1.625000      0.0000000E+00  0.1625000    
   1.875000      0.0000000E+00  0.1875000    
   2.125000      0.0000000E+00  0.2125000    
   2.375000      0.0000000E+00  0.2375000    
   2.625000      0.0000000E+00  0.2625000    
   2.875000      0.0000000E+00  0.2875000    
   3.125000      0.0000000E+00  0.3125000    
   3.375000      0.0000000E+00  0.3375000    
   3.625000      0.0000000E+00  0.3625000    
   3.875000      0.0000000E+00  0.3875000    
   4.125000      0.0000000E+00  0.4125000    
   4.375000      0.0000000E+00  0.4375000    
   4.625000      0.0000000E+00  0.4625000    
   4.875000      0.0000000E+00  0.4875000    
   5.125000      0.0000000E+00  0.5125000    
   5.375000      0.0000000E+00  0.5375000    
   5.625000      0.0000000E+00  0.5624999    
   5.875000      0.0000000E+00  0.5875000    
   6.125000      0.0000000E+00  0.6125000    
   6.375000      0.0000000E+00  0.6375000    
   6.625000      0.0000000E+00  0.6625000    
   6.875000      0.0000000E+00  0.6874999    
   7.125000      0.0000000E+00  0.7125000    
   7.375000      0.0000000E+00  0.7375000    
   7.625000      0.0000000E+00  0.7624999    
   7.875000      0.0000000E+00  0.7875000    
   8.125000      0.0000000E+00  0.8124999    
   8.375000      0.0000000E+00  0.8375000    
   8.625000      0.0000000E+00  0.8625000    
   8.875000      0.0000000E+00  0.8874999    
   9.125000      0.0000000E+00  0.9125000    
   9.375000      0.0000000E+00  0.9374999    
   9.625000      0.0000000E+00  0.9624999    
   9.875000      0.0000000E+00  0.9875000    
   10.00000      0.0000000E+00   1.000000    
 
  0.0000000E+00  1.2500000E-02  0.0000000E+00
  0.1250000      1.2500000E-02  1.1545920E-02
  0.3750000      1.2500000E-02  3.5449378E-02
  0.6250000      1.2500000E-02  5.9661593E-02
  0.8750000      1.2500000E-02  8.4084518E-02
   1.125000      1.2500000E-02  0.1086704    
   1.375000      1.2500000E-02  0.1333794    
   1.625000      1.2500000E-02  0.1581756    
   1.875000      1.2500000E-02  0.1830268    
   2.125000      1.2500000E-02  0.2079046    
   2.375000      1.2500000E-02  0.2327848    
   2.625000      1.2500000E-02  0.2576487    
   2.875000      1.2500000E-02  0.2824830    
   3.125000      1.2500000E-02  0.3072812    
   3.375000      1.2500000E-02  0.3320423    
   3.625000      1.2500000E-02  0.3567695    
   3.875000      1.2500000E-02  0.3814687    
   4.125000      1.2500000E-02  0.4061464    
   4.375000      1.2500000E-02  0.4308088    
   4.625000      1.2500000E-02  0.4554610    
   4.875000      1.2500000E-02  0.4801067    
   5.125000      1.2500000E-02  0.5047486    
   5.375000      1.2500000E-02  0.5293882    
   5.625000      1.2500000E-02  0.5540267    
   5.875000      1.2500000E-02  0.5786646    
   6.125000      1.2500000E-02  0.6033021    
   6.375000      1.2500000E-02  0.6279396    
   6.625000      1.2500000E-02  0.6525770    
   6.875000      1.2500000E-02  0.6772143    
   7.125000      1.2500000E-02  0.7018518    
   7.375000      1.2500000E-02  0.7264888    
   7.625000      1.2500000E-02  0.7511271    
   7.875000      1.2500000E-02  0.7757613    
   8.125000      1.2500000E-02  0.8004076    
   8.375000      1.2500000E-02  0.8250196    
   8.625000      1.2500000E-02  0.8497282    
   8.875000      1.2500000E-02  0.8741659    
   9.125000      1.2500000E-02  0.8993618    
   9.375000      1.2500000E-02  0.9224382    
   9.625000      1.2500000E-02  0.9514441    
   9.875000      1.2500000E-02  0.9638109    
   10.00000      1.2500000E-02   1.000000    
 
  0.0000000E+00  3.7500001E-02  0.0000000E+00
  0.1250000      3.7500001E-02  9.6876519E-03
  0.3750000      3.7500001E-02  3.1404424E-02
  0.6250000      3.7500001E-02  5.4042730E-02
  0.8750000      3.7500001E-02  7.7312440E-02
   1.125000      3.7500001E-02  0.1010707    
   1.375000      3.7500001E-02  0.1251985    
   1.625000      3.7500001E-02  0.1495878    
   1.875000      3.7500001E-02  0.1741421    
   2.125000      3.7500001E-02  0.1987764    
   2.375000      3.7500001E-02  0.2234186    
   2.625000      3.7500001E-02  0.2480116    
   2.875000      3.7500001E-02  0.2725163    
   3.125000      3.7500001E-02  0.2969126    
   3.375000      3.7500001E-02  0.3211975    
   3.625000      3.7500001E-02  0.3453809    
   3.875000      3.7500001E-02  0.3694799    
   4.125000      3.7500001E-02  0.3935142    
   4.375000      3.7500001E-02  0.4175024    
   4.625000      3.7500001E-02  0.4414598    
   4.875000      3.7500001E-02  0.4653977    
   5.125000      3.7500001E-02  0.4893240    
   5.375000      3.7500001E-02  0.5132437    
   5.625000      3.7500001E-02  0.5371598    
   5.875000      3.7500001E-02  0.5610741    
   6.125000      3.7500001E-02  0.5849873    
   6.375000      3.7500001E-02  0.6089004    
   6.625000      3.7500001E-02  0.6328130    
   6.875000      3.7500001E-02  0.6567256    
   7.125000      3.7500001E-02  0.6806387    
   7.375000      3.7500001E-02  0.7045501    
   7.625000      3.7500001E-02  0.7284661    
   7.875000      3.7500001E-02  0.7523690    
   8.125000      3.7500001E-02  0.7763091    
   8.375000      3.7500001E-02  0.8001443    
   8.625000      3.7500001E-02  0.8242740    
   8.875000      3.7500001E-02  0.8475785    
   9.125000      3.7500001E-02  0.8731926    
   9.375000      3.7500001E-02  0.8923507    
   9.625000      3.7500001E-02  0.9295704    
   9.875000      3.7500001E-02  0.9159876    
   10.00000      3.7500001E-02   1.000000    
 
  0.0000000E+00  6.2500000E-02  0.0000000E+00
  0.1250000      6.2500000E-02  7.9542892E-03
  0.3750000      6.2500000E-02  2.7510338E-02
  0.6250000      6.2500000E-02  4.8583221E-02
  0.8750000      6.2500000E-02  7.0705242E-02
   1.125000      6.2500000E-02  9.3640305E-02
   1.375000      6.2500000E-02  0.1171903    
   1.625000      6.2500000E-02  0.1411758    
   1.875000      6.2500000E-02  0.1654361    
   2.125000      6.2500000E-02  0.1898301    
   2.375000      6.2500000E-02  0.2142377    
   2.625000      6.2500000E-02  0.2385639    
   2.875000      6.2500000E-02  0.2627437    
   3.125000      6.2500000E-02  0.2867429    
   3.375000      6.2500000E-02  0.3105563    
   3.625000      6.2500000E-02  0.3342000    
   3.875000      6.2500000E-02  0.3577027    
   4.125000      6.2500000E-02  0.3810971    
   4.375000      6.2500000E-02  0.4044139    
   4.625000      6.2500000E-02  0.4276791    
   4.875000      6.2500000E-02  0.4509114    
   5.125000      6.2500000E-02  0.4741243    
   5.375000      6.2500000E-02  0.4973260    
   5.625000      6.2500000E-02  0.5205216    
   5.875000      6.2500000E-02  0.5437142    
   6.125000      6.2500000E-02  0.5669052    
   6.375000      6.2500000E-02  0.5900954    
   6.625000      6.2500000E-02  0.6132854    
   6.875000      6.2500000E-02  0.6364751    
   7.125000      6.2500000E-02  0.6596656    
   7.375000      6.2500000E-02  0.6828532    
   7.625000      6.2500000E-02  0.7060488    
   7.875000      6.2500000E-02  0.7292218    
   8.125000      6.2500000E-02  0.7524587    
   8.375000      6.2500000E-02  0.7755157    
   8.625000      6.2500000E-02  0.7990772    
   8.875000      6.2500000E-02  0.8212259    
   9.125000      6.2500000E-02  0.8473284    
   9.375000      6.2500000E-02  0.8623784    
   9.625000      6.2500000E-02  0.9083523    
   9.875000      6.2500000E-02  0.8670571    
   10.00000      6.2500000E-02   1.000000    
 
  0.0000000E+00  8.7500006E-02  0.0000000E+00
  0.1250000      8.7500006E-02  6.3922526E-03
  0.3750000      8.7500006E-02  2.3839137E-02
  0.6250000      8.7500006E-02  4.3366306E-02
  0.8750000      8.7500006E-02  6.4353913E-02
   1.125000      8.7500006E-02  8.6476170E-02
   1.375000      8.7500006E-02  0.1094567    
   1.625000      8.7500006E-02  0.1330450    
   1.875000      8.7500006E-02  0.1570171    
   2.125000      8.7500006E-02  0.1811762    
   2.375000      8.7500006E-02  0.2053551    
   2.625000      8.7500006E-02  0.2294209    
   2.875000      8.7500006E-02  0.2532825    
   3.125000      8.7500006E-02  0.2768916    
   3.375000      8.7500006E-02  0.3002405    
   3.625000      8.7500006E-02  0.3233511    
   3.875000      8.7500006E-02  0.3462633    
   4.125000      8.7500006E-02  0.3690229    
   4.375000      8.7500006E-02  0.3916731    
   4.625000      8.7500006E-02  0.4142500    
   4.875000      8.7500006E-02  0.4367806    
   5.125000      8.7500006E-02  0.4592834    
   5.375000      8.7500006E-02  0.4817704    
   5.625000      8.7500006E-02  0.5042488    
   5.875000      8.7500006E-02  0.5267227    
   6.125000      8.7500006E-02  0.5491945    
   6.375000      8.7500006E-02  0.5716650    
   6.625000      8.7500006E-02  0.5941353    
   6.875000      8.7500006E-02  0.6166052    
   7.125000      8.7500006E-02  0.6390762    
   7.375000      8.7500006E-02  0.6615431    
   7.625000      8.7500006E-02  0.6840215    
   7.875000      8.7500006E-02  0.7064671    
   8.125000      8.7500006E-02  0.7290054    
   8.375000      8.7500006E-02  0.7512830    
   8.625000      8.7500006E-02  0.7742919    
   8.875000      8.7500006E-02  0.7952518    
   9.125000      8.7500006E-02  0.8219469    
   9.375000      8.7500006E-02  0.8326087    
   9.625000      8.7500006E-02  0.8881364    
   9.875000      8.7500006E-02  0.8166268    
   10.00000      8.7500006E-02   1.000000    
 
  0.0000000E+00  0.1125000      0.0000000E+00
  0.1250000      0.1125000      5.0249742E-03
  0.3750000      0.1125000      2.0442335E-02
  0.6250000      0.1125000      3.8458254E-02
  0.8750000      0.1125000      5.8335483E-02
   1.125000      0.1125000      7.9663686E-02
   1.375000      0.1125000      0.1020895    
   1.625000      0.1125000      0.1252918    
   1.875000      0.1125000      0.1489848    
   2.125000      0.1125000      0.1729172    
   2.375000      0.1125000      0.1968752    
   2.625000      0.1125000      0.2206888    
   2.875000      0.1125000      0.2442407    
   3.125000      0.1125000      0.2674687    
   3.375000      0.1125000      0.2903616    
   3.625000      0.1125000      0.3129474    
   3.875000      0.1125000      0.3352765    
   4.125000      0.1125000      0.3574081    
   4.375000      0.1125000      0.3793977    
   4.625000      0.1125000      0.4012918    
   4.875000      0.1125000      0.4231256    
   5.125000      0.1125000      0.4449232    
   5.375000      0.1125000      0.4666999    
   5.625000      0.1125000      0.4884654    
   5.875000      0.1125000      0.5102251    
   6.125000      0.1125000      0.5319819    
   6.375000      0.1125000      0.5537370    
   6.625000      0.1125000      0.5754920    
   6.875000      0.1125000      0.5972462    
   7.125000      0.1125000      0.6190020    
   7.375000      0.1125000      0.6407523    
   7.625000      0.1125000      0.6625181    
   7.875000      0.1125000      0.6842398    
   8.125000      0.1125000      0.7060859    
   8.375000      0.1125000      0.7275825    
   8.625000      0.1125000      0.7500590    
   8.875000      0.1125000      0.7697899    
   9.125000      0.1125000      0.7972066    
   9.375000      0.1125000      0.8031349    
   9.625000      0.1125000      0.8692037    
   9.875000      0.1125000      0.7645354    
   10.00000      0.1125000       1.000000    
 
  0.0000000E+00  0.1375000      0.0000000E+00
  0.1250000      0.1375000      3.8582990E-03
  0.3750000      0.1375000      1.7353367E-02
  0.6250000      0.1375000      3.3909939E-02
  0.8750000      0.1375000      5.2713983E-02
   1.125000      0.1375000      7.3277272E-02
   1.375000      0.1375000      9.5170699E-02
   1.625000      0.1375000      0.1180043    
   1.875000      0.1375000      0.1414313    
   2.125000      0.1375000      0.1651478    
   2.375000      0.1375000      0.1888947    
   2.625000      0.1375000      0.2124657    
   2.875000      0.1375000      0.2357178    
   3.125000      0.1375000      0.2585745    
   3.375000      0.1375000      0.2810212    
   3.625000      0.1375000      0.3030914    
   3.875000      0.1375000      0.3248463    
   4.125000      0.1375000      0.3463577    
   4.375000      0.1375000      0.3676940    
   4.625000      0.1375000      0.3889122    
   4.875000      0.1375000      0.4100555    
   5.125000      0.1375000      0.4311537    
   5.375000      0.1375000      0.4522259    
   5.625000      0.1375000      0.4732841    
   5.875000      0.1375000      0.4943351    
   6.125000      0.1375000      0.5153824    
   6.375000      0.1375000      0.5364279    
   6.625000      0.1375000      0.5574728    
   6.875000      0.1375000      0.5785169    
   7.125000      0.1375000      0.5995629    
   7.375000      0.1375000      0.6206021    
   7.625000      0.1375000      0.6416609    
   7.875000      0.1375000      0.6626634    
   8.125000      0.1375000      0.6838249    
   8.375000      0.1375000      0.7045397    
   8.625000      0.1375000      0.7265072    
   8.875000      0.1375000      0.7449647    
   9.125000      0.1375000      0.7732483    
   9.375000      0.1375000      0.7740572    
   9.625000      0.1375000      0.8517700    
   9.875000      0.1375000      0.7108218    
   10.00000      0.1375000       1.000000    
 
  0.0000000E+00  0.1625000      0.0000000E+00
  0.1250000      0.1625000      2.8853966E-03
  0.3750000      0.1625000      1.4590175E-02
  0.6250000      0.1625000      2.9758515E-02
  0.8750000      0.1625000      4.7541797E-02
   1.125000      0.1625000      6.7381255E-02
   1.375000      0.1625000      8.8773817E-02
   1.625000      0.1625000      0.1112621    
   1.875000      0.1625000      0.1344407    
   2.125000      0.1625000      0.1579549    
   2.375000      0.1625000      0.1815022    
   2.625000      0.1625000      0.2048414    
   2.875000      0.1625000      0.2278041    
   3.125000      0.1625000      0.2502999    
   3.375000      0.1625000      0.2723110    
   3.625000      0.1625000      0.2938756    
   3.875000      0.1625000      0.3150658    
   4.125000      0.1625000      0.3359662    
   4.375000      0.1625000      0.3566575    
   4.625000      0.1625000      0.3772075    
   4.875000      0.1625000      0.3976676    
   5.125000      0.1625000      0.4180736    
   5.375000      0.1625000      0.4384482    
   5.625000      0.1625000      0.4588060    
   5.875000      0.1625000      0.4791549    
   6.125000      0.1625000      0.4994995    
   6.375000      0.1625000      0.5198418    
   6.625000      0.1625000      0.5401835    
   6.875000      0.1625000      0.5605239    
   7.125000      0.1625000      0.5808669    
   7.375000      0.1625000      0.6012015    
   7.625000      0.1625000      0.6215603    
   7.875000      0.1625000      0.6418496    
   8.125000      0.1625000      0.6623355    
   8.375000      0.1625000      0.6822684    
   8.625000      0.1625000      0.7037520    
   8.875000      0.1625000      0.7208908    
   9.125000      0.1625000      0.7501936    
   9.375000      0.1625000      0.7454821    
   9.625000      0.1625000      0.8359830    
   9.875000      0.1625000      0.6556965    
   10.00000      0.1625000       1.000000    
 
  0.0000000E+00  0.1875000      0.0000000E+00
  0.1250000      0.1875000      2.0909854E-03
  0.3750000      0.1875000      1.2158076E-02
  0.6250000      0.1875000      2.6029389E-02
  0.8750000      0.1875000      4.2861093E-02
   1.125000      0.1875000      6.2031064E-02
   1.375000      0.1875000      8.2964137E-02
   1.625000      0.1875000      0.1051376    
   1.875000      0.1875000      0.1280900    
   2.125000      0.1875000      0.1514184    
   2.375000      0.1875000      0.1747792    
   2.625000      0.1875000      0.1978978    
   2.875000      0.1875000      0.2205819    
   3.125000      0.1875000      0.2427276    
   3.375000      0.1875000      0.2643135    
   3.625000      0.1875000      0.2853831    
   3.875000      0.1875000      0.3060187    
   4.125000      0.1875000      0.3263177    
   4.375000      0.1875000      0.3463732    
   4.625000      0.1875000      0.3662638    
   4.875000      0.1875000      0.3860492    
   5.125000      0.1875000      0.4057712    
   5.375000      0.1875000      0.4254563    
   5.625000      0.1875000      0.4451215    
   5.875000      0.1875000      0.4647763    
   6.125000      0.1875000      0.4844259    
   6.375000      0.1875000      0.5040730    
   6.625000      0.1875000      0.5237192    
   6.875000      0.1875000      0.5433639    
   7.125000      0.1875000      0.5630116    
   7.375000      0.1875000      0.5826493    
   7.625000      0.1875000      0.6023161    
   7.875000      0.1875000      0.6218992    
   8.125000      0.1875000      0.6417196    
   8.375000      0.1875000      0.6608723    
   8.625000      0.1875000      0.6818977    
   8.875000      0.1875000      0.6976751    
   9.125000      0.1875000      0.7281466    
   9.375000      0.1875000      0.7175253    
   9.625000      0.1875000      0.8219227    
   9.875000      0.1875000      0.5995156    
   10.00000      0.1875000       1.000000    
 
  0.0000000E+00  0.2125000      0.0000000E+00
  0.1250000      0.2125000      1.4547994E-03
  0.3750000      0.2125000      1.0052622E-02
  0.6250000      0.2125000      2.2738401E-02
  0.8750000      0.2125000      3.8705494E-02
   1.125000      0.2125000      5.7274442E-02
   1.375000      0.2125000      7.7799872E-02
   1.625000      0.2125000      9.9696361E-02
   1.875000      0.2125000      0.1224495    
   2.125000      0.2125000      0.1456113    
   2.375000      0.2125000      0.1688001    
   2.625000      0.2125000      0.1917099    
   2.875000      0.2125000      0.2141261    
   3.125000      0.2125000      0.2359318    
   3.375000      0.2125000      0.2571029    
   3.625000      0.2125000      0.2776878    
   3.875000      0.2125000      0.2977791    
   4.125000      0.2125000      0.3174869    
   4.375000      0.2125000      0.3369165    
   4.625000      0.2125000      0.3561574    
   4.875000      0.2125000      0.3752777    
   5.125000      0.2125000      0.3943247    
   5.375000      0.2125000      0.4133295    
   5.625000      0.2125000      0.4323111    
   5.875000      0.2125000      0.4512809    
   6.125000      0.2125000      0.4702446    
   6.375000      0.2125000      0.4892053    
   6.625000      0.2125000      0.5081649    
   6.875000      0.2125000      0.5271229    
   7.125000      0.2125000      0.5460844    
   7.375000      0.2125000      0.5650340    
   7.625000      0.2125000      0.5840182    
   7.875000      0.2125000      0.6029031    
   8.125000      0.2125000      0.6220691    
   8.375000      0.2125000      0.6404447    
   8.625000      0.2125000      0.6610370    
   8.875000      0.2125000      0.6754165    
   9.125000      0.2125000      0.7071941    
   9.375000      0.2125000      0.6903120    
   9.625000      0.2125000      0.8096014    
   9.875000      0.2125000      0.5427567    
   10.00000      0.2125000       1.000000    
 
  0.0000000E+00  0.2375000      0.0000000E+00
  0.1250000      0.2375000      9.5430075E-04
  0.3750000      0.2375000      8.2624536E-03
  0.6250000      0.2375000      1.9894086E-02
  0.8750000      0.2375000      3.5101846E-02
   1.125000      0.2375000      5.3152759E-02
   1.375000      0.2375000      7.3333055E-02
   1.625000      0.2375000      9.4997689E-02
   1.875000      0.2375000      0.1175831    
   2.125000      0.2375000      0.1406003    
   2.375000      0.2375000      0.1636325    
   2.625000      0.2375000      0.1863454    
   2.875000      0.2375000      0.2085036    
   3.125000      0.2375000      0.2299791    
   3.375000      0.2375000      0.2507451    
   3.625000      0.2375000      0.2708554    
   3.875000      0.2375000      0.2904127    
   4.125000      0.2375000      0.3095396    
   4.375000      0.2375000      0.3283538    
   4.625000      0.2375000      0.3469554    
   4.875000      0.2375000      0.3654207    
   5.125000      0.2375000      0.3838032    
   5.375000      0.2375000      0.4021378    
   5.625000      0.2375000      0.4204461    
   5.875000      0.2375000      0.4387408    
   6.125000      0.2375000      0.4570287    
   6.375000      0.2375000      0.4753132    
   6.625000      0.2375000      0.4935963    
   6.875000      0.2375000      0.5118776    
   7.125000      0.2375000      0.5301629    
   7.375000      0.2375000      0.5484346    
   7.625000      0.2375000      0.5667462    
   7.875000      0.2375000      0.5849426    
   8.125000      0.2375000      0.6034658    
   8.375000      0.2375000      0.6210697    
   8.625000      0.2375000      0.6412523    
   8.875000      0.2375000      0.6542066    
   9.125000      0.2375000      0.6874056    
   9.375000      0.2375000      0.6639777    
   9.625000      0.2375000      0.7989659    
   9.875000      0.2375000      0.4859932    
   10.00000      0.2375000       1.000000    
 
  0.0000000E+00  0.2625000      0.0000000E+00
  0.1250000      0.2625000      5.6671683E-04
  0.3750000      0.2625000      6.7720381E-03
  0.6250000      0.2625000      1.7500052E-02
  0.8750000      0.2625000      3.2072101E-02
   1.125000      0.2625000      4.9702447E-02
   1.375000      0.2625000      6.9610618E-02
   1.625000      0.2625000      9.1095611E-02
   1.875000      0.2625000      0.1135493    
   2.125000      0.2625000      0.1364460    
   2.375000      0.2625000      0.1593379    
   2.625000      0.2625000      0.1818654    
   2.875000      0.2625000      0.2037750    
   3.125000      0.2625000      0.2249286    
   3.375000      0.2625000      0.2452984    
   3.625000      0.2625000      0.2649433    
   3.875000      0.2625000      0.2839766    
   4.125000      0.2625000      0.3025331    
   4.375000      0.2625000      0.3207427    
   4.625000      0.2625000      0.3387161    
   4.875000      0.2625000      0.3565376    
   5.125000      0.2625000      0.3742668    
   5.375000      0.2625000      0.3919424    
   5.625000      0.2625000      0.4095886    
   5.875000      0.2625000      0.4272194    
   6.125000      0.2625000      0.4448426    
   6.375000      0.2625000      0.4624619    
   6.625000      0.2625000      0.4800799    
   6.875000      0.2625000      0.4976956    
   7.125000      0.2625000      0.5153160    
   7.375000      0.2625000      0.5329208    
   7.625000      0.2625000      0.5505713    
   7.875000      0.2625000      0.5680898    
   8.125000      0.2625000      0.5859825    
   8.375000      0.2625000      0.6028227    
   8.625000      0.2625000      0.6226156    
   8.875000      0.2625000      0.6341304    
   9.125000      0.2625000      0.6688344    
   9.375000      0.2625000      0.6386681    
   9.625000      0.2625000      0.7899034    
   9.875000      0.2625000      0.4298714    
   10.00000      0.2625000       1.000000    
 
  0.0000000E+00  0.2875000      0.0000000E+00
  0.1250000      0.2875000      2.7048803E-04
  0.3750000      0.2875000      5.5642128E-03
  0.6250000      0.2875000      1.5557370E-02
  0.8750000      0.2875000      2.9635234E-02
   1.125000      0.2875000      4.6956453E-02
   1.375000      0.2875000      6.6675387E-02
   1.625000      0.2875000      8.8039450E-02
   1.875000      0.2875000      0.1104013    
   2.125000      0.2875000      0.1332035    
   2.375000      0.2875000      0.1559717    
   2.625000      0.2875000      0.1783247    
   2.875000      0.2875000      0.1999937    
   3.125000      0.2875000      0.2208327    
   3.375000      0.2875000      0.2408136    
   3.625000      0.2875000      0.2600017    
   3.875000      0.2875000      0.2785206    
   4.125000      0.2875000      0.2965171    
   4.375000      0.2875000      0.3141333    
   4.625000      0.2875000      0.3314900    
   4.875000      0.2875000      0.3486796    
   5.125000      0.2875000      0.3657675    
   5.375000      0.2875000      0.3827963    
   5.625000      0.2875000      0.3997926    
   5.875000      0.2875000      0.4167718    
   6.125000      0.2875000      0.4337425    
   6.375000      0.2875000      0.4507089    
   6.625000      0.2875000      0.4676739    
   6.875000      0.2875000      0.4846362    
   7.125000      0.2875000      0.5016039    
   7.375000      0.2875000      0.5185539    
   7.625000      0.2875000      0.5355557    
   7.875000      0.2875000      0.5524084    
   8.125000      0.2875000      0.5696833    
   8.375000      0.2875000      0.5857708    
   8.625000      0.2875000      0.6051897    
   8.875000      0.2875000      0.6152669    
   9.125000      0.2875000      0.6515189    
   9.375000      0.2875000      0.6145381    
   9.625000      0.2875000      0.7822486    
   9.875000      0.2875000      0.3750870    
   10.00000      0.2875000       1.000000    
 
  0.0000000E+00  0.3125000      0.0000000E+00
  0.1250000      0.3125000      4.6252295E-05
  0.3750000      0.3125000      4.6225335E-03
  0.6250000      0.3125000      1.4066916E-02
  0.8750000      0.3125000      2.7809177E-02
   1.125000      0.3125000      4.4945676E-02
   1.375000      0.3125000      6.4567089E-02
   1.625000      0.3125000      8.5874580E-02
   1.875000      0.3125000      0.1081876    
   2.125000      0.3125000      0.1309226    
   2.375000      0.3125000      0.1535837    
   2.625000      0.3125000      0.1757721    
   2.875000      0.3125000      0.1972069    
   3.125000      0.3125000      0.2177370    
   3.375000      0.3125000      0.2373352    
   3.625000      0.3125000      0.2560738    
   3.875000      0.3125000      0.2740870    
   4.125000      0.3125000      0.2915339    
   4.375000      0.3125000      0.3085680    
   4.625000      0.3125000      0.3253201    
   4.875000      0.3125000      0.3418904    
   5.125000      0.3125000      0.3583499    
   5.375000      0.3125000      0.3747449    
   5.625000      0.3125000      0.3911044    
   5.875000      0.3125000      0.4074453    
   6.125000      0.3125000      0.4237767    
   6.375000      0.3125000      0.4401035    
   6.625000      0.3125000      0.4564287    
   6.875000      0.3125000      0.4727509    
   7.125000      0.3125000      0.4890793    
   7.375000      0.3125000      0.5053877    
   7.625000      0.3125000      0.5217540    
   7.875000      0.3125000      0.5379542    
   8.125000      0.3125000      0.5546243    
   8.375000      0.3125000      0.5699733    
   8.625000      0.3125000      0.5890288    
   8.875000      0.3125000      0.5976890    
   9.125000      0.3125000      0.6354837    
   9.375000      0.3125000      0.5917493    
   9.625000      0.3125000      0.7757936    
   9.875000      0.3125000      0.3223629    
   10.00000      0.3125000       1.000000    
 
  0.0000000E+00  0.3375000      0.0000000E+00
  0.1250000      0.3375000     -1.2251489E-04
  0.3750000      0.3375000      3.9333962E-03
  0.6250000      0.3375000      1.3031630E-02
  0.8750000      0.3375000      2.6612664E-02
   1.125000      0.3375000      4.3700289E-02
   1.375000      0.3375000      6.3323364E-02
   1.625000      0.3375000      8.4643051E-02
   1.875000      0.3375000      0.1069524    
   2.125000      0.3375000      0.1296482    
   2.375000      0.3375000      0.1522181    
   2.625000      0.3375000      0.1742505    
   2.875000      0.3375000      0.1954560    
   3.125000      0.3375000      0.2156808    
   3.375000      0.3375000      0.2349008    
   3.625000      0.3375000      0.2531962    
   3.875000      0.3375000      0.2707119    
   4.125000      0.3375000      0.2876191    
   4.375000      0.3375000      0.3040825    
   4.625000      0.3375000      0.3202425    
   4.875000      0.3375000      0.3362068    
   5.125000      0.3375000      0.3520515    
   5.375000      0.3375000      0.3678267    
   5.625000      0.3375000      0.3835636    
   5.875000      0.3375000      0.3992803    
   6.125000      0.3375000      0.4149867    
   6.375000      0.3375000      0.4306881    
   6.625000      0.3375000      0.4463877    
   6.875000      0.3375000      0.4620842    
   7.125000      0.3375000      0.4777874    
   7.375000      0.3375000      0.4934686    
   7.625000      0.3375000      0.5092134    
   7.875000      0.3375000      0.5247760    
   8.125000      0.3375000      0.5408542    
   8.375000      0.3375000      0.5554825    
   8.625000      0.3375000      0.5741791    
   8.875000      0.3375000      0.5814633    
   9.125000      0.3375000      0.6207417    
   9.375000      0.3375000      0.5704663    
   9.625000      0.3375000      0.7702996    
   9.875000      0.3375000      0.2724276    
   10.00000      0.3375000       1.000000    
 
  0.0000000E+00  0.3625000      0.0000000E+00
  0.1250000      0.3625000     -2.4908222E-04
  0.3750000      0.3625000      3.4879511E-03
  0.6250000      0.3625000      1.2458609E-02
  0.8750000      0.3625000      2.6066912E-02
   1.125000      0.3625000      4.3251004E-02
   1.375000      0.3625000      6.2980548E-02
   1.625000      0.3625000      8.4384158E-02
   1.875000      0.3625000      0.1067363    
   2.125000      0.3625000      0.1294206    
   2.375000      0.3625000      0.1519141    
   2.625000      0.3625000      0.1737973    
   2.875000      0.3625000      0.1947763    
   3.125000      0.3625000      0.2146976    
   3.375000      0.3625000      0.2335422    
   3.625000      0.3625000      0.2513992    
   3.875000      0.3625000      0.2684249    
   4.125000      0.3625000      0.2848020    
   4.375000      0.3625000      0.3007063    
   4.625000      0.3625000      0.3162871    
   4.875000      0.3625000      0.3316592    
   5.125000      0.3625000      0.3469036    
   5.375000      0.3625000      0.3620738    
   5.625000      0.3625000      0.3772031    
   5.875000      0.3625000      0.3923106    
   6.125000      0.3625000      0.4074073    
   6.375000      0.3625000      0.4224984    
   6.625000      0.3625000      0.4375879    
   6.875000      0.3625000      0.4526737    
   7.125000      0.3625000      0.4677669    
   7.375000      0.3625000      0.4828362    
   7.625000      0.3625000      0.4979746    
   7.875000      0.3625000      0.5129155    
   8.125000      0.3625000      0.5284147    
   8.375000      0.3625000      0.5423439    
   8.625000      0.3625000      0.5606796    
   8.875000      0.3625000      0.5666506    
   9.125000      0.3625000      0.6072972    
   9.375000      0.3625000      0.5508535    
   9.625000      0.3625000      0.7655102    
   9.875000      0.3625000      0.2259949    
   10.00000      0.3625000       1.000000    
 
  0.0000000E+00  0.3875000      0.0000000E+00
  0.1250000      0.3875000     -3.4315285E-04
  0.3750000      0.3875000      3.2838322E-03
  0.6250000      0.3875000      1.2360997E-02
  0.8750000      0.3875000      2.6197130E-02
   1.125000      0.3875000      4.3630067E-02
   1.375000      0.3875000      6.3574359E-02
   1.625000      0.3875000      8.5134849E-02
   1.875000      0.3875000      0.1075759    
   2.125000      0.3875000      0.1302754    
   2.375000      0.3875000      0.1527057    
   2.625000      0.3875000      0.1744444    
   2.875000      0.3875000      0.1951976    
   3.125000      0.3875000      0.2148152    
   3.375000      0.3875000      0.2332856    
   3.625000      0.3875000      0.2507080    
   3.875000      0.3875000      0.2672501    
   4.125000      0.3875000      0.2831064    
   4.375000      0.3875000      0.2984631    
   4.625000      0.3875000      0.3134780    
   4.875000      0.3875000      0.3282723    
   5.125000      0.3875000      0.3429316    
   5.375000      0.3875000      0.3575125    
   5.625000      0.3875000      0.3720499    
   5.875000      0.3875000      0.3865644    
   6.125000      0.3875000      0.4010673    
   6.375000      0.3875000      0.4155644    
   6.625000      0.3875000      0.4300597    
   6.875000      0.3875000      0.4445511    
   7.125000      0.3875000      0.4590505    
   7.375000      0.3875000      0.4735242    
   7.625000      0.3875000      0.4880719    
   7.875000      0.3875000      0.5024083    
   8.125000      0.3875000      0.5173417    
   8.375000      0.3875000      0.5305966    
   8.625000      0.3875000      0.5485629    
   8.875000      0.3875000      0.5533054    
   9.125000      0.3875000      0.5951472    
   9.375000      0.3875000      0.5330690    
   9.625000      0.3875000      0.7611642    
   9.875000      0.3875000      0.1837456    
   10.00000      0.3875000       1.000000    
 
  0.0000000E+00  0.4125000      0.0000000E+00
  0.1250000      0.4125000     -4.1056093E-04
  0.3750000      0.4125000      3.3267324E-03
  0.6250000      0.4125000      1.2759635E-02
  0.8750000      0.4125000      2.7033694E-02
   1.125000      0.4125000      4.4872057E-02
   1.375000      0.4125000      6.5140352E-02
   1.625000      0.4125000      8.6930029E-02
   1.875000      0.4125000      0.1095047    
   2.125000      0.4125000      0.1322440    
   2.375000      0.4125000      0.1546221    
   2.625000      0.4125000      0.1762187    
   2.875000      0.4125000      0.1967444    
   3.125000      0.4125000      0.2160560    
   3.375000      0.4125000      0.2341515    
   3.625000      0.4125000      0.2511418    
   3.875000      0.4125000      0.2672063    
   4.125000      0.4125000      0.2825509    
   4.375000      0.4125000      0.2973716    
   4.625000      0.4125000      0.3118342    
   4.875000      0.4125000      0.3260656    
   5.125000      0.4125000      0.3401557    
   5.375000      0.4125000      0.3541636    
   5.625000      0.4125000      0.3681259    
   5.875000      0.4125000      0.3820643    
   6.125000      0.4125000      0.3959904    
   6.375000      0.4125000      0.4099105    
   6.625000      0.4125000      0.4238287    
   6.875000      0.4125000      0.4377427    
   7.125000      0.4125000      0.4516652    
   7.375000      0.4125000      0.4655607    
   7.625000      0.4125000      0.4795341    
   7.875000      0.4125000      0.4932846    
   8.125000      0.4125000      0.5076651    
   8.375000      0.4125000      0.5202740    
   8.625000      0.4125000      0.5378566    
   8.875000      0.4125000      0.5414758    
   9.125000      0.4125000      0.5842850    
   9.375000      0.4125000      0.5172606    
   9.625000      0.4125000      0.7570099    
   9.875000      0.4125000      0.1463097    
   10.00000      0.4125000       1.000000    
 
  0.0000000E+00  0.4375000      0.0000000E+00
  0.1250000      0.4375000     -4.5288150E-04
  0.3750000      0.4375000      3.6318433E-03
  0.6250000      0.4375000      1.3684395E-02
  0.8750000      0.4375000      2.8613053E-02
   1.125000      0.4375000      4.7014344E-02
   1.375000      0.4375000      6.7714177E-02
   1.625000      0.4375000      8.9802690E-02
   1.875000      0.4375000      0.1125528    
   2.125000      0.4375000      0.1353537    
   2.375000      0.4375000      0.1576875    
   2.625000      0.4375000      0.1791418    
   2.875000      0.4375000      0.1994359    
   3.125000      0.4375000      0.2184372    
   3.375000      0.4375000      0.2361558    
   3.625000      0.4375000      0.2527152    
   3.875000      0.4375000      0.2683073    
   4.125000      0.4375000      0.2831490    
   4.375000      0.4375000      0.2974455    
   4.625000      0.4375000      0.3113698    
   4.875000      0.4375000      0.3250540    
   5.125000      0.4375000      0.3385913    
   5.375000      0.4375000      0.3520434    
   5.625000      0.4375000      0.3654482    
   5.875000      0.4375000      0.3788280    
   6.125000      0.4375000      0.3921953    
   6.375000      0.4375000      0.4055563    
   6.625000      0.4375000      0.4189151    
   6.875000      0.4375000      0.4322698    
   7.125000      0.4375000      0.4456333    
   7.375000      0.4375000      0.4589685    
   7.625000      0.4375000      0.4723851    
   7.875000      0.4375000      0.4855693    
   8.125000      0.4375000      0.4994098    
   8.375000      0.4375000      0.5114045    
   8.625000      0.4375000      0.5285830    
   8.875000      0.4375000      0.5312030    
   9.125000      0.4375000      0.5747029    
   9.375000      0.4375000      0.5035591    
   9.625000      0.4375000      0.7528183    
   9.875000      0.4375000      0.1142518    
   10.00000      0.4375000       1.000000    
 
  0.0000000E+00  0.4625000      0.0000000E+00
  0.1250000      0.4625000     -4.6687483E-04
  0.3750000      0.4625000      4.2251800E-03
  0.6250000      0.4625000      1.5175188E-02
  0.8750000      0.4625000      3.0978195E-02
   1.125000      0.4625000      5.0097246E-02
   1.375000      0.4625000      7.1331561E-02
   1.625000      0.4625000      9.3783773E-02
   1.875000      0.4625000      0.1167467    
   2.125000      0.4625000      0.1396271    
   2.375000      0.4625000      0.1619214    
   2.625000      0.4625000      0.1832302    
   2.875000      0.4625000      0.2032862    
   3.125000      0.4625000      0.2219711    
   3.375000      0.4625000      0.2393092    
   3.625000      0.4625000      0.2554382    
   3.875000      0.4625000      0.2705627    
   4.125000      0.4625000      0.2849103    
   4.375000      0.4625000      0.2986946    
   4.625000      0.4625000      0.3120950    
   4.875000      0.4625000      0.3252480    
   5.125000      0.4625000      0.3382499    
   5.375000      0.4625000      0.3511640    
   5.625000      0.4625000      0.3640296    
   5.875000      0.4625000      0.3768694    
   6.125000      0.4625000      0.3896963    
   6.375000      0.4625000      0.4025168    
   6.625000      0.4625000      0.4153352    
   6.875000      0.4625000      0.4281491    
   7.125000      0.4625000      0.4409722    
   7.375000      0.4625000      0.4537663    
   7.625000      0.4625000      0.4666439    
   7.875000      0.4625000      0.4792826    
   8.125000      0.4625000      0.4925965    
   8.375000      0.4625000      0.5040109    
   8.625000      0.4625000      0.5207610    
   8.875000      0.4625000      0.5225212    
   9.125000      0.4625000      0.5663943    
   9.375000      0.4625000      0.4920751    
   9.625000      0.4625000      0.7483947    
   9.875000      0.4625000      8.8056944E-02
   10.00000      0.4625000       1.000000    
 
  0.0000000E+00  0.4875000      0.0000000E+00
  0.1250000      0.4875000     -4.4369770E-04
  0.3750000      0.4875000      5.1447842E-03
  0.6250000      0.4875000      1.7282555E-02
  0.8750000      0.4875000      3.4178685E-02
   1.125000      0.4875000      5.4163799E-02
   1.375000      0.4875000      7.6027989E-02
   1.625000      0.4875000      9.8901972E-02
   1.875000      0.4875000      0.1221095    
   2.125000      0.4875000      0.1450827    
   2.375000      0.4875000      0.1673384    
   2.625000      0.4875000      0.1884956    
   2.875000      0.4875000      0.2083049    
   3.125000      0.4875000      0.2266653    
   3.375000      0.4875000      0.2436183    
   3.625000      0.4875000      0.2593166    
   3.875000      0.4875000      0.2739780    
   4.125000      0.4875000      0.2878402    
   4.375000      0.4875000      0.3011246    
   4.625000      0.4875000      0.3140160    
   4.875000      0.4875000      0.3266546    
   5.125000      0.4875000      0.3391389    
   5.375000      0.4875000      0.3515336    
   5.625000      0.4875000      0.3638790    
   5.875000      0.4875000      0.3761981    
   6.125000      0.4875000      0.3885041    
   6.375000      0.4875000      0.4008036    
   6.625000      0.4875000      0.4131009    
   6.875000      0.4875000      0.4253936    
   7.125000      0.4875000      0.4376957    
   7.375000      0.4875000      0.4499684    
   7.625000      0.4875000      0.4623259    
   7.875000      0.4875000      0.4744405    
   8.125000      0.4875000      0.4872413    
   8.375000      0.4875000      0.4981118    
   8.625000      0.4875000      0.5144061    
   8.875000      0.4875000      0.5154575    
   9.125000      0.4875000      0.5593563    
   9.375000      0.4875000      0.4828933    
   9.625000      0.4875000      0.7435899    
   9.875000      0.4875000      6.8119057E-02
   10.00000      0.4875000       1.000000    
 
  0.0000000E+00  0.5125000      0.0000000E+00
  0.1250000      0.5125000     -3.6782684E-04
  0.3750000      0.5125000      6.4417692E-03
  0.6250000      0.5125000      2.0067789E-02
  0.8750000      0.5125000      3.8270205E-02
   1.125000      0.5125000      5.9259128E-02
   1.375000      0.5125000      8.1838183E-02
   1.625000      0.5125000      0.1051833    
   1.875000      0.5125000      0.1286603    
   2.125000      0.5125000      0.1517341    
   2.375000      0.5125000      0.1739481    
   2.625000      0.5125000      0.1949446    
   2.875000      0.5125000      0.2144962    
   3.125000      0.5125000      0.2325228    
   3.375000      0.5125000      0.2490852    
   3.625000      0.5125000      0.2643523    
   3.875000      0.5125000      0.2785551    
   4.125000      0.5125000      0.2919408    
   4.375000      0.5125000      0.3047381    
   4.625000      0.5125000      0.3171359    
   4.875000      0.5125000      0.3292773    
   5.125000      0.5125000      0.3412625    
   5.375000      0.5125000      0.3531573    
   5.625000      0.5125000      0.3650022    
   5.875000      0.5125000      0.3768207    
   6.125000      0.5125000      0.3886258    
   6.375000      0.5125000      0.4004244    
   6.625000      0.5125000      0.4122209    
   6.875000      0.5125000      0.4240127    
   7.125000      0.5125000      0.4358140    
   7.375000      0.5125000      0.4475857    
   7.625000      0.5125000      0.4594425    
   7.875000      0.5125000      0.4710555    
   8.125000      0.5125000      0.4833574    
   8.375000      0.5125000      0.4937216    
   8.625000      0.5125000      0.5095313    
   8.875000      0.5125000      0.5100316    
   9.125000      0.5125000      0.5535919    
   9.375000      0.5125000      0.4760702    
   9.625000      0.5125000      0.7383085    
   9.875000      0.5125000      5.4731283E-02
   10.00000      0.5125000       1.000000    
 
  0.0000000E+00  0.5375000      0.0000000E+00
  0.1250000      0.5375000     -2.1565668E-04
  0.3750000      0.5375000      8.1811585E-03
  0.6250000      0.5375000      2.3602555E-02
  0.8750000      0.5375000      4.3313634E-02
   1.125000      0.5375000      6.5429486E-02
   1.375000      0.5375000      8.8795274E-02
   1.625000      0.5375000      0.1126504    
   1.875000      0.5375000      0.1364137    
   2.125000      0.5375000      0.1595903    
   2.375000      0.5375000      0.1817554    
   2.625000      0.5375000      0.2025792    
   2.875000      0.5375000      0.2218601    
   3.125000      0.5375000      0.2395426    
   3.375000      0.5375000      0.2557082    
   3.625000      0.5375000      0.2705435    
   3.875000      0.5375000      0.2842922    
   4.125000      0.5375000      0.2972111    
   4.375000      0.5375000      0.3095343    
   4.625000      0.5375000      0.3214546    
   4.875000      0.5375000      0.3331169    
   5.125000      0.5375000      0.3446224    
   5.375000      0.5375000      0.3560371    
   5.625000      0.5375000      0.3674020    
   5.875000      0.5375000      0.3787404    
   6.125000      0.5375000      0.3900656    
   6.375000      0.5375000      0.4013842    
   6.625000      0.5375000      0.4127007    
   6.875000      0.5375000      0.4240127    
   7.125000      0.5375000      0.4353339    
   7.375000      0.5375000      0.4466259    
   7.625000      0.5375000      0.4580022    
   7.875000      0.5375000      0.4691369    
   8.125000      0.5375000      0.4809543    
   8.375000      0.5375000      0.4908507    
   8.625000      0.5375000      0.5061475    
   8.875000      0.5375000      0.5062563    
   9.125000      0.5375000      0.5491104    
   9.375000      0.5375000      0.4716316    
   9.625000      0.5375000      0.7325155    
   9.875000      0.5375000      4.8078161E-02
   10.00000      0.5375000       1.000000    
 
  0.0000000E+00  0.5625000      0.0000000E+00
  0.1250000      0.5625000      4.6247169E-05
  0.3750000      0.5625000      1.0442407E-02
  0.6250000      0.5625000      2.7967913E-02
  0.8750000      0.5625000      4.9373563E-02
   1.125000      0.5625000      7.2720923E-02
   1.375000      0.5625000      9.6929774E-02
   1.625000      0.5625000      0.1213219    
   1.875000      0.5625000      0.1453799    
   2.125000      0.5625000      0.1686553    
   2.375000      0.5625000      0.1907598    
   2.625000      0.5625000      0.2113961    
   2.875000      0.5625000      0.2303922    
   3.125000      0.5625000      0.2477194    
   3.375000      0.5625000      0.2634822    
   3.625000      0.5625000      0.2778852    
   3.875000      0.5625000      0.2911852    
   4.125000      0.5625000      0.3036472    
   4.375000      0.5625000      0.3155103    
   4.625000      0.5625000      0.3269698    
   4.875000      0.5625000      0.3381716    
   5.125000      0.5625000      0.3492173    
   5.375000      0.5625000      0.3601727    
   5.625000      0.5625000      0.3710787    
   5.875000      0.5625000      0.3819584    
   6.125000      0.5625000      0.3928252    
   6.375000      0.5625000      0.4036853    
   6.625000      0.5625000      0.4145434    
   6.875000      0.5625000      0.4253970    
   7.125000      0.5625000      0.4362598    
   7.375000      0.5625000      0.4470938    
   7.625000      0.5625000      0.4580103    
   7.875000      0.5625000      0.4686906    
   8.125000      0.5625000      0.4800392    
   8.375000      0.5625000      0.4895063    
   8.625000      0.5625000      0.5042641    
   8.875000      0.5625000      0.5041373    
   9.125000      0.5625000      0.5459286    
   9.375000      0.5625000      0.4695723    
   9.625000      0.5625000      0.7262398    
   9.875000      0.5625000      4.8229937E-02
   10.00000      0.5625000       1.000000    
 
  0.0000000E+00  0.5875000      0.0000000E+00
  0.1250000      0.5875000      4.6323019E-04
  0.3750000      0.5875000      1.3319504E-02
  0.6250000      0.5875000      3.3252709E-02
  0.8750000      0.5875000      5.6516387E-02
   1.125000      0.5875000      8.1177600E-02
   1.375000      0.5875000      0.1062683    
   1.625000      0.5875000      0.1312118    
   1.875000      0.5875000      0.1555636    
   2.125000      0.5875000      0.1789273    
   2.375000      0.5875000      0.2009560    
   2.625000      0.5875000      0.2213877    
   2.875000      0.5875000      0.2400836    
   3.125000      0.5875000      0.2570441    
   3.375000      0.5875000      0.2723985    
   3.625000      0.5875000      0.2863696    
   3.875000      0.5875000      0.2992269    
   4.125000      0.5875000      0.3112429    
   4.375000      0.5875000      0.3226607    
   4.625000      0.5875000      0.3336769    
   4.875000      0.5875000      0.3444377    
   5.125000      0.5875000      0.3550440    
   5.375000      0.5875000      0.3655615    
   5.625000      0.5875000      0.3760303    
   5.875000      0.5875000      0.3864734    
   6.125000      0.5875000      0.3969037    
   6.375000      0.5875000      0.4073275    
   6.625000      0.5875000      0.4177494    
   6.875000      0.5875000      0.4281670    
   7.125000      0.5875000      0.4385934    
   7.375000      0.5875000      0.4489920    
   7.625000      0.5875000      0.4594703    
   7.875000      0.5875000      0.4697202    
   8.125000      0.5875000      0.4806167    
   8.375000      0.5875000      0.4896925    
   8.625000      0.5875000      0.5038887    
   8.875000      0.5875000      0.5036741    
   9.125000      0.5875000      0.5440710    
   9.375000      0.5875000      0.4698568    
   9.625000      0.5875000      0.7195759    
   9.875000      0.5875000      5.5138793E-02
   10.00000      0.5875000       1.000000    
 
  0.0000000E+00  0.6125000      0.0000000E+00
  0.1250000      0.6125000      1.0949268E-03
  0.3750000      0.6125000      1.6920475E-02
  0.6250000      0.6125000      3.9551280E-02
  0.8750000      0.6125000      6.4807869E-02
   1.125000      0.6125000      9.0839915E-02
   1.375000      0.6125000      0.1168323    
   1.625000      0.6125000      0.1423279    
   1.875000      0.6125000      0.1669635    
   2.125000      0.6125000      0.1903995    
   2.375000      0.6125000      0.2123331    
   2.625000      0.6125000      0.2325416    
   2.875000      0.6125000      0.2509213    
   3.125000      0.6125000      0.2675045    
   3.375000      0.6125000      0.2824455    
   3.625000      0.6125000      0.2959861    
   3.875000      0.6125000      0.3084079    
   4.125000      0.6125000      0.3199899    
   4.375000      0.6125000      0.3309781    
   4.625000      0.6125000      0.3415694    
   4.875000      0.6125000      0.3519093    
   5.125000      0.6125000      0.3620976    
   5.375000      0.6125000      0.3721991    
   5.625000      0.6125000      0.3822531    
   5.875000      0.6125000      0.3922821    
   6.125000      0.6125000      0.4022987    
   6.375000      0.6125000      0.4123091    
   6.625000      0.6125000      0.4223174    
   6.875000      0.6125000      0.4323217    
   7.125000      0.6125000      0.4423344    
   7.375000      0.6125000      0.4523206    
   7.625000      0.6125000      0.4623829    
   7.875000      0.6125000      0.4722270    
   8.125000      0.6125000      0.4826890    
   8.375000      0.6125000      0.4914104    
   8.625000      0.6125000      0.5050286    
   8.875000      0.6125000      0.5048607    
   9.125000      0.6125000      0.5435686    
   9.375000      0.6125000      0.4724218    
   9.625000      0.6125000      0.7126813    
   9.875000      0.6125000      6.8637401E-02
   10.00000      0.6125000       1.000000    
 
  0.0000000E+00  0.6375000      0.0000000E+00
  0.1250000      0.6375000      2.0178456E-03
  0.3750000      0.6375000      2.1366157E-02
  0.6250000      0.6375000      4.6960477E-02
  0.8750000      0.6375000      7.4310422E-02
   1.125000      0.6375000      0.1017425    
   1.375000      0.6375000      0.1286367    
   1.625000      0.6375000      0.1546718    
   1.875000      0.6375000      0.1795724    
   2.125000      0.6375000      0.2030589    
   2.375000      0.6375000      0.2248754    
   2.625000      0.6375000      0.2448407    
   2.875000      0.6375000      0.2628888    
   3.125000      0.6375000      0.2790846    
   3.375000      0.6375000      0.2936089    
   3.625000      0.6375000      0.3067220    
   3.875000      0.6375000      0.3187169    
   4.125000      0.6375000      0.3298782    
   4.375000      0.6375000      0.3404536    
   4.625000      0.6375000      0.3506392    
   4.875000      0.6375000      0.3605791    
   5.125000      0.6375000      0.3703715    
   5.375000      0.6375000      0.3800796    
   5.625000      0.6375000      0.3897417    
   5.875000      0.6375000      0.3993797    
   6.125000      0.6375000      0.4090058    
   6.375000      0.6375000      0.4186260    
   6.625000      0.6375000      0.4282443    
   6.875000      0.6375000      0.4378586    
   7.125000      0.6375000      0.4474809    
   7.375000      0.6375000      0.4570781    
   7.625000      0.6375000      0.4667472    
   7.875000      0.6375000      0.4762103    
   8.125000      0.6375000      0.4862570    
   8.375000      0.6375000      0.4946592    
   8.625000      0.6375000      0.5076891    
   8.875000      0.6375000      0.5076863    
   9.125000      0.6375000      0.5444580    
   9.375000      0.6375000      0.4771797    
   9.625000      0.6375000      0.7057720    
   9.875000      0.6375000      8.8439524E-02
   10.00000      0.6375000       1.000000    
 
  0.0000000E+00  0.6625000      0.0000000E+00
  0.1250000      0.6625000      3.3280214E-03
  0.3750000      0.6625000      2.6788017E-02
  0.6250000      0.6625000      5.5576026E-02
  0.8750000      0.6625000      8.5079968E-02
   1.125000      0.6625000      0.1139119    
   1.375000      0.6625000      0.1416882    
   1.625000      0.6625000      0.1682374    
   1.875000      0.6625000      0.1933760    
   2.125000      0.6625000      0.2168866    
   2.375000      0.6625000      0.2385619    
   2.625000      0.6625000      0.2582637    
   2.875000      0.6625000      0.2759654    
   3.125000      0.6625000      0.2917657    
   3.375000      0.6625000      0.3058719    
   3.625000      0.6625000      0.3185624    
   3.875000      0.6625000      0.3301407    
   4.125000      0.6625000      0.3408962    
   4.375000      0.6625000      0.3510768    
   4.625000      0.6625000      0.3608769    
   4.875000      0.6625000      0.3704386    
   5.125000      0.6625000      0.3798577    
   5.375000      0.6625000      0.3891955    
   5.625000      0.6625000      0.3984893    
   5.875000      0.6625000      0.4077601    
   6.125000      0.6625000      0.4170195    
   6.375000      0.6625000      0.4262733    
   6.625000      0.6625000      0.4355252    
   6.875000      0.6625000      0.4447734    
   7.125000      0.6625000      0.4540289    
   7.375000      0.6625000      0.4632613    
   7.625000      0.6625000      0.4725605    
   7.875000      0.6625000      0.4816677    
   8.125000      0.6625000      0.4913197    
   8.375000      0.6625000      0.4994357    
   8.625000      0.6625000      0.5118747    
   8.875000      0.6625000      0.5121360    
   9.125000      0.6625000      0.5467796    
   9.375000      0.6625000      0.4840237    
   9.625000      0.6625000      0.6991149    
   9.875000      0.6625000      0.1141430    
   10.00000      0.6625000       1.000000    
 
  0.0000000E+00  0.6875000      0.0000000E+00
  0.1250000      0.6875000      5.1435279E-03
  0.3750000      0.6875000      3.3324894E-02
  0.6250000      0.6875000      6.5488301E-02
  0.8750000      0.6875000      9.7162850E-02
   1.125000      0.6875000      0.1273646    
   1.375000      0.6875000      0.1559845    
   1.625000      0.6875000      0.1830104    
   1.875000      0.6875000      0.2083530    
   2.125000      0.6875000      0.2318576    
   2.375000      0.6875000      0.2533663    
   2.625000      0.6875000      0.2727851    
   2.875000      0.6875000      0.2901277    
   3.125000      0.6875000      0.3055266    
   3.375000      0.6875000      0.3192156    
   3.625000      0.6875000      0.3314907    
   3.875000      0.6875000      0.3426650    
   4.125000      0.6875000      0.3530309    
   4.375000      0.6875000      0.3628359    
   4.625000      0.6875000      0.3722720    
   4.875000      0.6875000      0.3814780    
   5.125000      0.6875000      0.3905470    
   5.375000      0.6875000      0.3995385    
   5.625000      0.6875000      0.4084880    
   5.875000      0.6875000      0.4174156    
   6.125000      0.6875000      0.4263326    
   6.375000      0.6875000      0.4352442    
   6.625000      0.6875000      0.4441540    
   6.875000      0.6875000      0.4530604    
   7.125000      0.6875000      0.4619735    
   7.375000      0.6875000      0.4708653    
   7.625000      0.6875000      0.4798188    
   7.875000      0.6875000      0.4885951    
   8.125000      0.6875000      0.4978742    
   8.375000      0.6875000      0.5057352    
   8.625000      0.6875000      0.5175886    
   8.875000      0.6875000      0.5181922    
   9.125000      0.6875000      0.5505761    
   9.375000      0.6875000      0.4928332    
   9.625000      0.6875000      0.6930177    
   9.875000      0.6875000      0.1452352    
   10.00000      0.6875000       1.000000    
 
  0.0000000E+00  0.7125000      0.0000000E+00
  0.1250000      0.7125000      7.6065552E-03
  0.3750000      0.7125000      4.1118503E-02
  0.6250000      0.7125000      7.6777637E-02
  0.8750000      0.7125000      0.1105926    
   1.125000      0.7125000      0.1421053    
   1.375000      0.7125000      0.1715127    
   1.625000      0.7125000      0.1989676    
   1.875000      0.7125000      0.2244746    
   2.125000      0.7125000      0.2479408    
   2.375000      0.7125000      0.2692577    
   2.625000      0.7125000      0.2883757    
   2.875000      0.7125000      0.3053486    
   3.125000      0.7125000      0.3203433    
   3.375000      0.7125000      0.3336193    
   3.625000      0.7125000      0.3454889    
   3.875000      0.7125000      0.3562737    
   4.125000      0.7125000      0.3662683    
   4.375000      0.7125000      0.3757184    
   4.625000      0.7125000      0.3848128    
   4.875000      0.7125000      0.3936864    
   5.125000      0.7125000      0.4024295    
   5.375000      0.7125000      0.4110989    
   5.625000      0.7125000      0.4197286    
   5.875000      0.7125000      0.4283378    
   6.125000      0.7125000      0.4369369    
   6.375000      0.7125000      0.4455310    
   6.625000      0.7125000      0.4541234    
   6.875000      0.7125000      0.4627128    
   7.125000      0.7125000      0.4713081    
   7.375000      0.7125000      0.4798842    
   7.625000      0.7125000      0.4885164    
   7.875000      0.7125000      0.4969870    
   8.125000      0.7125000      0.5059166    
   8.375000      0.7125000      0.5135510    
   8.625000      0.7125000      0.5248325    
   8.875000      0.7125000      0.5258354    
   9.125000      0.7125000      0.5558897    
   9.375000      0.7125000      0.5034797    
   9.625000      0.7125000      0.6878166    
   9.875000      0.7125000      0.1811001    
   10.00000      0.7125000       1.000000    
 
  0.0000000E+00  0.7375000      0.0000000E+00
  0.1250000      0.7375000      1.0884687E-02
  0.3750000      0.7375000      5.0307695E-02
  0.6250000      0.7375000      8.9509383E-02
  0.8750000      0.7375000      0.1253868    
   1.125000      0.7375000      0.1581247    
   1.375000      0.7375000      0.1882485    
   1.625000      0.7375000      0.2160765    
   1.875000      0.7375000      0.2417044    
   2.125000      0.7375000      0.2650991    
   2.375000      0.7375000      0.2862002    
   2.625000      0.7375000      0.3050023    
   2.875000      0.7375000      0.3215989    
   3.125000      0.7375000      0.3361903    
   3.375000      0.7375000      0.3490606    
   3.625000      0.7375000      0.3605377    
   3.875000      0.7375000      0.3709501    
   4.125000      0.7375000      0.3805934    
   4.375000      0.7375000      0.3897107    
   4.625000      0.7375000      0.3984868    
   4.875000      0.7375000      0.4070523    
   5.125000      0.7375000      0.4154940    
   5.375000      0.7375000      0.4238661    
   5.625000      0.7375000      0.4322010    
   5.875000      0.7375000      0.4405167    
   6.125000      0.7375000      0.4488231    
   6.375000      0.7375000      0.4571249    
   6.625000      0.7375000      0.4654250    
   6.875000      0.7375000      0.4737224    
   7.125000      0.7375000      0.4820251    
   7.375000      0.7375000      0.4903105    
   7.625000      0.7375000      0.4986465    
   7.875000      0.7375000      0.5068367    
   8.125000      0.7375000      0.5154415    
   8.375000      0.7375000      0.5228757    
   8.625000      0.7375000      0.5336068    
   8.875000      0.7375000      0.5350447    
   9.125000      0.7375000      0.5627608    
   9.375000      0.7375000      0.5158334    
   9.625000      0.7375000      0.6838620    
   9.875000      0.7375000      0.2210284    
   10.00000      0.7375000       1.000000    
 
  0.0000000E+00  0.7625000      0.0000000E+00
  0.1250000      0.7625000      1.5170925E-02
  0.3750000      0.7625000      6.1021391E-02
  0.6250000      0.7625000      0.1037289    
  0.8750000      0.7625000      0.1415447    
   1.125000      0.7625000      0.1753984    
   1.375000      0.7625000      0.2061554    
   1.625000      0.7625000      0.2342950    
   1.875000      0.7625000      0.2599986    
   2.125000      0.7625000      0.2832894    
   2.375000      0.7625000      0.3041537    
   2.625000      0.7625000      0.3226285    
   2.875000      0.7625000      0.3388463    
   3.125000      0.7625000      0.3530396    
   3.375000      0.7625000      0.3655158    
   3.625000      0.7625000      0.3766166    
   3.875000      0.7625000      0.3866763    
   4.125000      0.7625000      0.3959905    
   4.375000      0.7625000      0.4047985    
   4.625000      0.7625000      0.4132806    
   4.875000      0.7625000      0.4215629    
   5.125000      0.7625000      0.4297284    
   5.375000      0.7625000      0.4378287    
   5.625000      0.7625000      0.4458942    
   5.875000      0.7625000      0.4539419    
   6.125000      0.7625000      0.4619810    
   6.375000      0.7625000      0.4700158    
   6.625000      0.7625000      0.4780491    
   6.875000      0.7625000      0.4860800    
   7.125000      0.7625000      0.4941156    
   7.375000      0.7625000      0.5021358    
   7.625000      0.7625000      0.5102010    
   7.875000      0.7625000      0.5181361    
   8.125000      0.7625000      0.5264419    
   8.375000      0.7625000      0.5337001    
   8.625000      0.7625000      0.5439098    
   8.875000      0.7625000      0.5457990    
   9.125000      0.7625000      0.5712255    
   9.375000      0.7625000      0.5297681    
   9.625000      0.7625000      0.6815033    
   9.875000      0.7625000      0.2642299    
   10.00000      0.7625000       1.000000    
 
  0.0000000E+00  0.7875000      0.0000000E+00
  0.1250000      0.7875000      2.0681879E-02
  0.3750000      0.7875000      7.3370479E-02
  0.6250000      0.7875000      0.1194568    
  0.8750000      0.7875000      0.1590448    
   1.125000      0.7875000      0.1938861    
   1.375000      0.7875000      0.2251848    
   1.625000      0.7875000      0.2535713    
   1.875000      0.7875000      0.2793057    
   2.125000      0.7875000      0.3024630    
   2.375000      0.7875000      0.3230734    
   2.625000      0.7875000      0.3412148    
   2.875000      0.7875000      0.3570567    
   3.125000      0.7875000      0.3708620    
   3.375000      0.7875000      0.3829598    
   3.625000      0.7875000      0.3937041    
   3.875000      0.7875000      0.4034336    
   4.125000      0.7875000      0.4124426    
   4.375000      0.7875000      0.4209664    
   4.625000      0.7875000      0.4291801    
   4.875000      0.7875000      0.4372049    
   5.125000      0.7875000      0.4451201    
   5.375000      0.7875000      0.4529742    
   5.625000      0.7875000      0.4607960    
   5.875000      0.7875000      0.4686016    
   6.125000      0.7875000      0.4763992    
   6.375000      0.7875000      0.4841928    
   6.625000      0.7875000      0.4919850    
   6.875000      0.7875000      0.4997753    
   7.125000      0.7875000      0.5075694    
   7.375000      0.7875000      0.5153502    
   7.625000      0.7875000      0.5231706    
   7.875000      0.7875000      0.5308758    
   8.125000      0.7875000      0.5389097    
   8.375000      0.7875000      0.5460142    
   8.625000      0.7875000      0.5557381    
   8.875000      0.7875000      0.5580771    
   9.125000      0.7875000      0.5813143    
   9.375000      0.7875000      0.5451664    
   9.625000      0.7875000      0.6810736    
   9.875000      0.7875000      0.3098465    
   10.00000      0.7875000       1.000000    
 
  0.0000000E+00  0.8125000      0.0000000E+00
  0.1250000      0.8125000      2.7653493E-02
  0.3750000      0.8125000      8.7438792E-02
  0.6250000      0.8125000      0.1366849    
  0.8750000      0.8125000      0.1778432    
   1.125000      0.8125000      0.2135307    
   1.375000      0.8125000      0.2452752    
   1.625000      0.8125000      0.2738441    
   1.875000      0.8125000      0.2995670    
   2.125000      0.8125000      0.3225657    
   2.375000      0.8125000      0.3429110    
   2.625000      0.8125000      0.3607189    
   2.875000      0.8125000      0.3761937    
   3.125000      0.8125000      0.3896268    
   3.375000      0.8125000      0.4013667    
   3.625000      0.8125000      0.4117780    
   3.875000      0.8125000      0.4212025    
   4.125000      0.8125000      0.4299324    
   4.375000      0.8125000      0.4381984    
   4.625000      0.8125000      0.4461701    
   4.875000      0.8125000      0.4539638    
   5.125000      0.8125000      0.4616549    
   5.375000      0.8125000      0.4692892    
   5.625000      0.8125000      0.4768935    
   5.875000      0.8125000      0.4844829    
   6.125000      0.8125000      0.4920652    
   6.375000      0.8125000      0.4996436    
   6.625000      0.8125000      0.5072208    
   6.875000      0.8125000      0.5147964    
   7.125000      0.8125000      0.5223753    
   7.375000      0.8125000      0.5299424    
   7.625000      0.8125000      0.5375444    
   7.875000      0.8125000      0.5450451    
   8.125000      0.8125000      0.5528352    
   8.375000      0.8125000      0.5598066    
   8.625000      0.8125000      0.5690860    
   8.875000      0.8125000      0.5718582    
   9.125000      0.8125000      0.5930514    
   9.375000      0.8125000      0.5619227    
   9.625000      0.8125000      0.6828761    
   9.875000      0.8125000      0.3569684    
   10.00000      0.8125000       1.000000    
 
  0.0000000E+00  0.8375000      0.0000000E+00
  0.1250000      0.8375000      3.6333695E-02
  0.3750000      0.8375000      0.1032739    
  0.6250000      0.8375000      0.1553730    
  0.8750000      0.8375000      0.1978732    
   1.125000      0.8375000      0.2342585    
   1.375000      0.8375000      0.2663530    
   1.625000      0.8375000      0.2950427    
   1.875000      0.8375000      0.3207169    
   2.125000      0.8375000      0.3435384    
   2.375000      0.8375000      0.3636142    
   2.625000      0.8375000      0.3810958    
   2.875000      0.8375000      0.3962193    
   3.125000      0.8375000      0.4093018    
   3.375000      0.8375000      0.4207092    
   3.625000      0.8375000      0.4308148    
   3.875000      0.8375000      0.4399623    
   4.125000      0.8375000      0.4484413    
   4.375000      0.8375000      0.4564773    
   4.625000      0.8375000      0.4642344    
   4.875000      0.8375000      0.4718241    
   5.125000      0.8375000      0.4793179    
   5.375000      0.8375000      0.4867588    
   5.625000      0.8375000      0.4941722    
   5.875000      0.8375000      0.5015720    
   6.125000      0.8375000      0.5089650    
   6.375000      0.8375000      0.5163547    
   6.625000      0.8375000      0.5237433    
   6.875000      0.8375000      0.5311305    
   7.125000      0.8375000      0.5385203    
   7.375000      0.8375000      0.5459002    
   7.625000      0.8375000      0.5533103    
   7.875000      0.8375000      0.5606319    
   8.125000      0.8375000      0.5682069    
   8.375000      0.8375000      0.5750645    
   8.625000      0.8375000      0.5839455    
   8.875000      0.8375000      0.5871218    
   9.125000      0.8375000      0.6064533    
   9.375000      0.8375000      0.5799451    
   9.625000      0.8375000      0.6871707    
   9.875000      0.8375000      0.4046496    
   10.00000      0.8375000       1.000000    
 
  0.0000000E+00  0.8625000      0.0000000E+00
  0.1250000      0.8625000      4.6971157E-02
  0.3750000      0.8625000      0.1208779    
  0.6250000      0.8625000      0.1754466    
  0.8750000      0.8625000      0.2190449    
   1.125000      0.8625000      0.2559797    
   1.375000      0.8625000      0.2883323    
   1.625000      0.8625000      0.3170874    
   1.875000      0.8625000      0.3426830    
   2.125000      0.8625000      0.3653166    
   2.375000      0.8625000      0.3851274    
   2.625000      0.8625000      0.4022981    
   2.875000      0.8625000      0.4170936    
   3.125000      0.8625000      0.4298536    
   3.375000      0.8625000      0.4409590    
   3.625000      0.8625000      0.4507902    
   3.875000      0.8625000      0.4596917    
   4.125000      0.8625000      0.4679498    
   4.375000      0.8625000      0.4757851    
   4.625000      0.8625000      0.4833559    
   4.875000      0.8625000      0.4907692    
   5.125000      0.8625000      0.4980928    
   5.375000      0.8625000      0.5053673    
   5.625000      0.8625000      0.5126165    
   5.875000      0.8625000      0.5198532    
   6.125000      0.8625000      0.5270838    
   6.375000      0.8625000      0.5343112    
   6.625000      0.8625000      0.5415378    
   6.875000      0.8625000      0.5487629    
   7.125000      0.8625000      0.5559905    
   7.375000      0.8625000      0.5632092    
   7.625000      0.8625000      0.5704545    
   7.875000      0.8625000      0.5776225    
   8.125000      0.8625000      0.5850118    
   8.375000      0.8625000      0.5917739    
   8.625000      0.8625000      0.6003063    
   8.875000      0.8625000      0.6038476    
   9.125000      0.8625000      0.6215295    
   9.375000      0.8625000      0.5991555    
   9.625000      0.8625000      0.6941659    
   9.875000      0.8625000      0.4519239    
   10.00000      0.8625000       1.000000    
 
  0.0000000E+00  0.8875000      0.0000000E+00
  0.1250000      0.8875000      5.9799567E-02
  0.3750000      0.8875000      0.1401995    
  0.6250000      0.8875000      0.1967965    
  0.8750000      0.8875000      0.2412462    
   1.125000      0.8875000      0.2785887    
   1.375000      0.8875000      0.3111161    
   1.625000      0.8875000      0.3398901    
   1.875000      0.8875000      0.3653869    
   2.125000      0.8875000      0.3878317    
   2.375000      0.8875000      0.4073914    
   2.625000      0.8875000      0.4242759    
   2.875000      0.8875000      0.4387749    
   3.125000      0.8875000      0.4512474    
   3.375000      0.8875000      0.4620866    
   3.625000      0.8875000      0.4716786    
   3.875000      0.8875000      0.4803679    
   4.125000      0.8875000      0.4884373    
   4.375000      0.8875000      0.4961021    
   4.625000      0.8875000      0.5035158    
   4.875000      0.8875000      0.5107809    
   5.125000      0.8875000      0.5179620    
   5.375000      0.8875000      0.5250974    
   5.625000      0.8875000      0.5322093    
   5.875000      0.8875000      0.5393096    
   6.125000      0.8875000      0.5464045    
   6.375000      0.8875000      0.5534965    
   6.625000      0.8875000      0.5605876    
   6.875000      0.8875000      0.5676775    
   7.125000      0.8875000      0.5747695    
   7.375000      0.8875000      0.5818539    
   7.625000      0.8875000      0.5889614    
   7.875000      0.8875000      0.5960013    
   8.125000      0.8875000      0.6032351    
   8.375000      0.8875000      0.6099190    
   8.625000      0.8875000      0.6181555    
   8.875000      0.8875000      0.6220154    
   9.125000      0.8875000      0.6382818    
   9.375000      0.8875000      0.6194869    
   9.625000      0.8875000      0.7040140    
   9.875000      0.8875000      0.4978209    
   10.00000      0.8875000       1.000000    
 
  0.0000000E+00  0.9125000      0.0000000E+00
  0.1250000      0.9125000      7.5016901E-02
  0.3750000      0.9125000      0.1611276    
  0.6250000      0.9125000      0.2192796    
  0.8750000      0.9125000      0.2643441    
   1.125000      0.9125000      0.3019658    
   1.375000      0.9125000      0.3345969    
   1.625000      0.9125000      0.3633550    
   1.875000      0.9125000      0.3887437    
   2.125000      0.9125000      0.4110104    
   2.375000      0.9125000      0.4303439    
   2.625000      0.9125000      0.4469768    
   2.875000      0.9125000      0.4612194    
   3.125000      0.9125000      0.4734463    
   3.375000      0.9125000      0.4840609    
   3.625000      0.9125000      0.4934532    
   3.875000      0.9125000      0.5019668    
   4.125000      0.9125000      0.5098815    
   4.375000      0.9125000      0.5174074    
   4.625000      0.9125000      0.5246940    
   4.875000      0.9125000      0.5318397    
   5.125000      0.9125000      0.5389060    
   5.375000      0.9125000      0.5459297    
   5.625000      0.9125000      0.5529317    
   5.875000      0.9125000      0.5599227    
   6.125000      0.9125000      0.5669089    
   6.375000      0.9125000      0.5738922    
   6.625000      0.9125000      0.5808748    
   6.875000      0.9125000      0.5878564    
   7.125000      0.9125000      0.5948396    
   7.375000      0.9125000      0.6018164    
   7.625000      0.9125000      0.6088134    
   7.875000      0.9125000      0.6157508    
   8.125000      0.9125000      0.6228595    
   8.375000      0.9125000      0.6294821    
   8.625000      0.9125000      0.6374779    
   8.875000      0.9125000      0.6416036    
   9.125000      0.9125000      0.6567067    
   9.375000      0.9125000      0.6408812    
   9.625000      0.9125000      0.7168132    
   9.875000      0.9125000      0.5413791    
   10.00000      0.9125000       1.000000    
 
  0.0000000E+00  0.9375000      0.0000000E+00
  0.1250000      0.9375000      9.2759006E-02
  0.3750000      0.9375000      0.1834878    
  0.6250000      0.9375000      0.2427208    
  0.8750000      0.9375000      0.2881861    
   1.125000      0.9375000      0.3259776    
   1.375000      0.9375000      0.3586568    
   1.625000      0.9375000      0.3873779    
   1.875000      0.9375000      0.4126628    
   2.125000      0.9375000      0.4347745    
   2.375000      0.9375000      0.4539186    
   2.625000      0.9375000      0.4703453    
   2.875000      0.9375000      0.4843808    
   3.125000      0.9375000      0.4964117    
   3.375000      0.9375000      0.5068488    
   3.625000      0.9375000      0.5160847    
   3.875000      0.9375000      0.5244622    
   4.125000      0.9375000      0.5322577    
   4.375000      0.9375000      0.5396778    
   4.625000      0.9375000      0.5468678    
   4.875000      0.9375000      0.5539232    
   5.125000      0.9375000      0.5609034    
   5.375000      0.9375000      0.5678429    
   5.625000      0.9375000      0.5747622    
   5.875000      0.9375000      0.5816712    
   6.125000      0.9375000      0.5885756    
   6.375000      0.9375000      0.5954775    
   6.625000      0.9375000      0.6023785    
   6.875000      0.9375000      0.6092787    
   7.125000      0.9375000      0.6161804    
   7.375000      0.9375000      0.6230762    
   7.625000      0.9375000      0.6299902    
   7.875000      0.9375000      0.6368508    
   8.125000      0.9375000      0.6438651    
   8.375000      0.9375000      0.6504428    
   8.625000      0.9375000      0.6582546    
   8.875000      0.9375000      0.6625891    
   9.125000      0.9375000      0.6767944    
   9.375000      0.9375000      0.6632820    
   9.625000      0.9375000      0.7326156    
   9.875000      0.9375000      0.5816547    
   10.00000      0.9375000       1.000000    
 
  0.0000000E+00  0.9625000      0.0000000E+00
  0.1250000      0.9625000      0.1130678    
  0.3750000      0.9625000      0.2070425    
  0.6250000      0.9625000      0.2669163    
  0.8750000      0.9625000      0.3126028    
   1.125000      0.9625000      0.3504786    
   1.375000      0.9625000      0.3831689    
   1.625000      0.9625000      0.4118477    
   1.875000      0.9625000      0.4370475    
   2.125000      0.9625000      0.4590410    
   2.375000      0.9625000      0.4780454    
   2.625000      0.9625000      0.4943226    
   2.875000      0.9625000      0.5082097    
   3.125000      0.9625000      0.5201018    
   3.375000      0.9625000      0.5304143    
   3.625000      0.9625000      0.5395415    
   3.875000      0.9625000      0.5478252    
   4.125000      0.9625000      0.5555394    
   4.375000      0.9625000      0.5628877    
   4.625000      0.9625000      0.5700126    
   4.875000      0.9625000      0.5770075    
   5.125000      0.9625000      0.5839299    
   5.375000      0.9625000      0.5908132    
   5.625000      0.9625000      0.5976772    
   5.875000      0.9625000      0.6045315    
   6.125000      0.9625000      0.6113813    
   6.375000      0.9625000      0.6182287    
   6.625000      0.9625000      0.6250755    
   6.875000      0.9625000      0.6319213    
   7.125000      0.9625000      0.6387685    
   7.375000      0.9625000      0.6456103    
   7.625000      0.9625000      0.6524689    
   7.875000      0.9625000      0.6592785    
   8.125000      0.9625000      0.6662295    
   8.375000      0.9625000      0.6727780    
   8.625000      0.9625000      0.6804647    
   8.875000      0.9625000      0.6849456    
   9.125000      0.9625000      0.6985326    
   9.375000      0.9625000      0.6866292    
   9.625000      0.9625000      0.7514461    
   9.875000      0.9625000      0.6177292    
   10.00000      0.9625000       1.000000    
 
  0.0000000E+00  0.9875000      0.0000000E+00
  0.1250000      0.9875000      0.1358536    
  0.3750000      0.9875000      0.2314944    
  0.6250000      0.9875000      0.2916382    
  0.8750000      0.9875000      0.3374099    
   1.125000      0.9875000      0.3753125    
   1.375000      0.9875000      0.4079972    
   1.625000      0.9875000      0.4366457    
   1.875000      0.9875000      0.4617949    
   2.125000      0.9875000      0.4837219    
   2.375000      0.9875000      0.5026492    
   2.625000      0.9875000      0.5188456    
   2.875000      0.9875000      0.5326533    
   3.125000      0.9875000      0.5444719    
   3.375000      0.9875000      0.5547189    
   3.625000      0.9875000      0.5637894    
   3.875000      0.9875000      0.5720247    
   4.125000      0.9875000      0.5796972    
   4.375000      0.9875000      0.5870090    
   4.625000      0.9875000      0.5941010    
   4.875000      0.9875000      0.6010653    
   5.125000      0.9875000      0.6079586    
   5.375000      0.9875000      0.6148138    
   5.625000      0.9875000      0.6216502    
   5.875000      0.9875000      0.6284770    
   6.125000      0.9875000      0.6352995    
   6.375000      0.9875000      0.6421198    
   6.625000      0.9875000      0.6489393    
   6.875000      0.9875000      0.6557578    
   7.125000      0.9875000      0.6625779    
   7.375000      0.9875000      0.6693928    
   7.625000      0.9875000      0.6762236    
   7.875000      0.9875000      0.6830077    
   8.125000      0.9875000      0.6899268    
   8.375000      0.9875000      0.6964613    
   8.625000      0.9875000      0.7040839    
   8.875000      0.9875000      0.7086425    
   9.125000      0.9875000      0.7219080    
   9.375000      0.9875000      0.7108505    
   9.625000      0.9875000      0.7733299    
   9.875000      0.9875000      0.6487064    
   10.00000      0.9875000       1.000000    
 
  0.0000000E+00   1.000000      0.0000000E+00
  0.1250000       1.000000      0.1358536    
  0.3750000       1.000000      0.2314944    
  0.6250000       1.000000      0.2916382    
  0.8750000       1.000000      0.3374099    
   1.125000       1.000000      0.3753125    
   1.375000       1.000000      0.4079972    
   1.625000       1.000000      0.4366457    
   1.875000       1.000000      0.4617949    
   2.125000       1.000000      0.4837219    
   2.375000       1.000000      0.5026492    
   2.625000       1.000000      0.5188456    
   2.875000       1.000000      0.5326533    
   3.125000       1.000000      0.5444719    
   3.375000       1.000000      0.5547189    
   3.625000       1.000000      0.5637894    
   3.875000       1.000000      0.5720247    
   4.125000       1.000000      0.5796972    
   4.375000       1.000000      0.5870090    
   4.625000       1.000000      0.5941010    
   4.875000       1.000000      0.6010653    
   5.125000       1.000000      0.6079586    
   5.375000       1.000000      0.6148138    
   5.625000       1.000000      0.6216502    
   5.875000       1.000000      0.6284770    
   6.125000       1.000000      0.6352995    
   6.375000       1.000000      0.6421198    
   6.625000       1.000000      0.6489393    
   6.875000       1.000000      0.6557578    
   7.125000       1.000000      0.6625779    
   7.375000       1.000000      0.6693928    
   7.625000       1.000000      0.6762236    
   7.875000       1.000000      0.6830077    
   8.125000       1.000000      0.6899268    
   8.375000       1.000000      0.6964613    
   8.625000       1.000000      0.7040839    
   8.875000       1.000000      0.7086425    
   9.125000       1.000000      0.7219080    
   9.375000       1.000000      0.7108505    
   9.625000       1.000000      0.7733299    
   9.875000       1.000000      0.6487064    
   10.00000       1.000000       1.000000    
 
