  0.0000000E+00  0.0000000E+00  0.0000000E+00
  0.1250000      0.0000000E+00  1.2499999E-02
  0.3750000      0.0000000E+00  3.7499998E-02
  0.6250000      0.0000000E+00  6.2499996E-02
  0.8750000      0.0000000E+00  8.7499991E-02
   1.125000      0.0000000E+00  0.1125000    
   1.375000      0.0000000E+00  0.1375000    
   1.625000      0.0000000E+00  0.1625000    
   1.875000      0.0000000E+00  0.1875000    
   2.125000      0.0000000E+00  0.2125000    
   2.375000      0.0000000E+00  0.2375000    
   2.625000      0.0000000E+00  0.2625000    
   2.875000      0.0000000E+00  0.2875000    
   3.125000      0.0000000E+00  0.3125000    
   3.375000      0.0000000E+00  0.3375000    
   3.625000      0.0000000E+00  0.3625000    
   3.875000      0.0000000E+00  0.3875000    
   4.125000      0.0000000E+00  0.4125000    
   4.375000      0.0000000E+00  0.4375000    
   4.625000      0.0000000E+00  0.4625000    
   4.875000      0.0000000E+00  0.4875000    
   5.125000      0.0000000E+00  0.5125000    
   5.375000      0.0000000E+00  0.5375000    
   5.625000      0.0000000E+00  0.5624999    
   5.875000      0.0000000E+00  0.5875000    
   6.125000      0.0000000E+00  0.6125000    
   6.375000      0.0000000E+00  0.6375000    
   6.625000      0.0000000E+00  0.6625000    
   6.875000      0.0000000E+00  0.6874999    
   7.125000      0.0000000E+00  0.7125000    
   7.375000      0.0000000E+00  0.7375000    
   7.625000      0.0000000E+00  0.7624999    
   7.875000      0.0000000E+00  0.7875000    
   8.125000      0.0000000E+00  0.8124999    
   8.375000      0.0000000E+00  0.8375000    
   8.625000      0.0000000E+00  0.8625000    
   8.875000      0.0000000E+00  0.8874999    
   9.125000      0.0000000E+00  0.9125000    
   9.375000      0.0000000E+00  0.9374999    
   9.625000      0.0000000E+00  0.9624999    
   9.875000      0.0000000E+00  0.9875000    
   10.00000      0.0000000E+00   1.000000    
 
  0.0000000E+00  1.2500000E-02  0.0000000E+00
  0.1250000      1.2500000E-02  1.1545920E-02
  0.3750000      1.2500000E-02  3.5449378E-02
  0.6250000      1.2500000E-02  5.9661590E-02
  0.8750000      1.2500000E-02  8.4084556E-02
   1.125000      1.2500000E-02  0.1086708    
   1.375000      1.2500000E-02  0.1333816    
   1.625000      1.2500000E-02  0.1581827    
   1.875000      1.2500000E-02  0.1830448    
   2.125000      1.2500000E-02  0.2079431    
   2.375000      1.2500000E-02  0.2328561    
   2.625000      1.2500000E-02  0.2577659    
   2.875000      1.2500000E-02  0.2826582    
   3.125000      1.2500000E-02  0.3075225    
   3.375000      1.2500000E-02  0.3323531    
   3.625000      1.2500000E-02  0.3571485    
   3.875000      1.2500000E-02  0.3819109    
   4.125000      1.2500000E-02  0.4066446    
   4.375000      1.2500000E-02  0.4313551    
   4.625000      1.2500000E-02  0.4560486    
   4.875000      1.2500000E-02  0.4807297    
   5.125000      1.2500000E-02  0.5054026    
   5.375000      1.2500000E-02  0.5300703    
   5.625000      1.2500000E-02  0.5547347    
   5.875000      1.2500000E-02  0.5793974    
   6.125000      1.2500000E-02  0.6040590    
   6.375000      1.2500000E-02  0.6287201    
   6.625000      1.2500000E-02  0.6533810    
   6.875000      1.2500000E-02  0.6780416    
   7.125000      1.2500000E-02  0.7027024    
   7.375000      1.2500000E-02  0.7273626    
   7.625000      1.2500000E-02  0.7520242    
   7.875000      1.2500000E-02  0.7766820    
   8.125000      1.2500000E-02  0.8013507    
   8.375000      1.2500000E-02  0.8259885    
   8.625000      1.2500000E-02  0.8507133    
   8.875000      1.2500000E-02  0.8751935    
   9.125000      1.2500000E-02  0.9003595    
   9.375000      1.2500000E-02  0.9236057    
   9.625000      1.2500000E-02  0.9522331    
   9.875000      1.2500000E-02  0.9657146    
   10.00000      1.2500000E-02   1.000000    
 
  0.0000000E+00  3.7500001E-02  0.0000000E+00
  0.1250000      3.7500001E-02  9.6876519E-03
  0.3750000      3.7500001E-02  3.1404421E-02
  0.6250000      3.7500001E-02  5.4042697E-02
  0.8750000      3.7500001E-02  7.7312544E-02
   1.125000      3.7500001E-02  0.1010721    
   1.375000      3.7500001E-02  0.1252049    
   1.625000      3.7500001E-02  0.1496088    
   1.875000      3.7500001E-02  0.1741958    
   2.125000      3.7500001E-02  0.1988912    
   2.375000      3.7500001E-02  0.2236312    
   2.625000      3.7500001E-02  0.2483617    
   2.875000      3.7500001E-02  0.2730397    
   3.125000      3.7500001E-02  0.2976342    
   3.375000      3.7500001E-02  0.3221274    
   3.625000      3.7500001E-02  0.3465153    
   3.875000      3.7500001E-02  0.3708037    
   4.125000      3.7500001E-02  0.3950061    
   4.375000      3.7500001E-02  0.4191392    
   4.625000      3.7500001E-02  0.4432203    
   4.875000      3.7500001E-02  0.4672647    
   5.125000      3.7500001E-02  0.4912841    
   5.375000      3.7500001E-02  0.5152878    
   5.625000      3.7500001E-02  0.5392819    
   5.875000      3.7500001E-02  0.5632704    
   6.125000      3.7500001E-02  0.5872560    
   6.375000      3.7500001E-02  0.6112399    
   6.625000      3.7500001E-02  0.6352229    
   6.875000      3.7500001E-02  0.6592055    
   7.125000      3.7500001E-02  0.6831883    
   7.375000      3.7500001E-02  0.7071696    
   7.625000      3.7500001E-02  0.7311552    
   7.875000      3.7500001E-02  0.7551286    
   8.125000      3.7500001E-02  0.7791358    
   8.375000      3.7500001E-02  0.8030485    
   8.625000      3.7500001E-02  0.8272266    
   8.875000      3.7500001E-02  0.8506594    
   9.125000      3.7500001E-02  0.8761814    
   9.375000      3.7500001E-02  0.8958552    
   9.625000      3.7500001E-02  0.9319219    
   9.875000      3.7500001E-02  0.9217395    
   10.00000      3.7500001E-02   1.000000    
 
  0.0000000E+00  6.2500000E-02  0.0000000E+00
  0.1250000      6.2500000E-02  7.9542901E-03
  0.3750000      6.2500000E-02  2.7510332E-02
  0.6250000      6.2500000E-02  4.8583176E-02
  0.8750000      6.2500000E-02  7.0705391E-02
   1.125000      6.2500000E-02  9.3642540E-02
   1.375000      6.2500000E-02  0.1172009    
   1.625000      6.2500000E-02  0.1412102    
   1.875000      6.2500000E-02  0.1655245    
   2.125000      6.2500000E-02  0.1900193    
   2.375000      6.2500000E-02  0.2145886    
   2.625000      6.2500000E-02  0.2391429    
   2.875000      6.2500000E-02  0.2636100    
   3.125000      6.2500000E-02  0.2879383    
   3.375000      6.2500000E-02  0.3120985    
   3.625000      6.2500000E-02  0.3360829    
   3.875000      6.2500000E-02  0.3599013    
   4.125000      6.2500000E-02  0.3835762    
   4.375000      6.2500000E-02  0.4071351    
   4.625000      6.2500000E-02  0.4306068    
   4.875000      6.2500000E-02  0.4540168    
   5.125000      6.2500000E-02  0.4773851    
   5.375000      6.2500000E-02  0.5007268    
   5.625000      6.2500000E-02  0.5240523    
   5.875000      6.2500000E-02  0.5473686    
   6.125000      6.2500000E-02  0.5706797    
   6.375000      6.2500000E-02  0.5939881    
   6.625000      6.2500000E-02  0.6172951    
   6.875000      6.2500000E-02  0.6406013    
   7.125000      6.2500000E-02  0.6639078    
   7.375000      6.2500000E-02  0.6872118    
   7.625000      6.2500000E-02  0.7105230    
   7.875000      6.2500000E-02  0.7338136    
   8.125000      6.2500000E-02  0.7571619    
   8.375000      6.2500000E-02  0.7803482    
   8.625000      6.2500000E-02  0.8039891    
   8.875000      6.2500000E-02  0.8263543    
   9.125000      6.2500000E-02  0.8522959    
   9.375000      6.2500000E-02  0.8682252    
   9.625000      6.2500000E-02  0.9122224    
   9.875000      6.2500000E-02  0.8767619    
   10.00000      6.2500000E-02   1.000000    
 
  0.0000000E+00  8.7500006E-02  0.0000000E+00
  0.1250000      8.7500006E-02  6.3922554E-03
  0.3750000      8.7500006E-02  2.3839122E-02
  0.6250000      8.7500006E-02  4.3366253E-02
  0.8750000      8.7500006E-02  6.4354122E-02
   1.125000      8.7500006E-02  8.6479232E-02
   1.375000      8.7500006E-02  0.1094712    
   1.625000      8.7500006E-02  0.1330923    
   1.875000      8.7500006E-02  0.1571388    
   2.125000      8.7500006E-02  0.1814374    
   2.375000      8.7500006E-02  0.2058403    
   2.625000      8.7500006E-02  0.2302228    
   2.875000      8.7500006E-02  0.2544843    
   3.125000      8.7500006E-02  0.2785522    
   3.375000      8.7500006E-02  0.3023854    
   3.625000      8.7500006E-02  0.3259724    
   3.875000      8.7500006E-02  0.3493269    
   4.125000      8.7500006E-02  0.3724797    
   4.375000      8.7500006E-02  0.3954695    
   4.625000      8.7500006E-02  0.4183363    
   4.875000      8.7500006E-02  0.4411158    
   5.125000      8.7500006E-02  0.4638364    
   5.375000      8.7500006E-02  0.4865195    
   5.625000      8.7500006E-02  0.5091795    
   5.875000      8.7500006E-02  0.5318265    
   6.125000      8.7500006E-02  0.5544661    
   6.375000      8.7500006E-02  0.5771017    
   6.625000      8.7500006E-02  0.5997356    
   6.875000      8.7500006E-02  0.6223680    
   7.125000      8.7500006E-02  0.6450011    
   7.375000      8.7500006E-02  0.6676303    
   7.625000      8.7500006E-02  0.6902703    
   7.875000      8.7500006E-02  0.7128803    
   8.125000      8.7500006E-02  0.7355738    
   8.375000      8.7500006E-02  0.7580326    
   8.625000      8.7500006E-02  0.7811506    
   8.875000      8.7500006E-02  0.8024181    
   9.125000      8.7500006E-02  0.8288736    
   9.375000      8.7500006E-02  0.8408042    
   9.625000      8.7500006E-02  0.8934594    
   9.875000      8.7500006E-02  0.8304319    
   10.00000      8.7500006E-02   1.000000    
 
  0.0000000E+00  0.1125000      0.0000000E+00
  0.1250000      0.1125000      5.0249780E-03
  0.3750000      0.1125000      2.0442322E-02
  0.6250000      0.1125000      3.8458195E-02
  0.8750000      0.1125000      5.8335733E-02
   1.125000      0.1125000      7.9667516E-02
   1.375000      0.1125000      0.1021076    
   1.625000      0.1125000      0.1253515    
   1.875000      0.1125000      0.1491386    
   2.125000      0.1125000      0.1732477    
   2.375000      0.1125000      0.1974905    
   2.625000      0.1125000      0.2217073    
   2.875000      0.1125000      0.2457696    
   3.125000      0.1125000      0.2695842    
   3.375000      0.1125000      0.2930978    
   3.625000      0.1125000      0.3162951    
   3.875000      0.1125000      0.3391930    
   4.125000      0.1125000      0.3618306    
   4.375000      0.1125000      0.3842576    
   4.625000      0.1125000      0.4065253    
   4.875000      0.1125000      0.4286796    
   5.125000      0.1125000      0.4507573    
   5.375000      0.1125000      0.4727862    
   5.625000      0.1125000      0.4947850    
   5.875000      0.1125000      0.5167667    
   6.125000      0.1125000      0.5387387    
   6.375000      0.1125000      0.5607056    
   6.625000      0.1125000      0.5826702    
   6.875000      0.1125000      0.6046327    
   7.125000      0.1125000      0.6265963    
   7.375000      0.1125000      0.6485546    
   7.625000      0.1125000      0.6705273    
   7.875000      0.1125000      0.6924598    
   8.125000      0.1125000      0.7145045    
   8.375000      0.1125000      0.7362342    
   8.625000      0.1125000      0.7588478    
   8.875000      0.1125000      0.7789810    
   9.125000      0.1125000      0.8060675    
   9.375000      0.1125000      0.8136861    
   9.625000      0.1125000      0.8758970    
   9.875000      0.1125000      0.7826126    
   10.00000      0.1125000       1.000000    
 
  0.0000000E+00  0.1375000      0.0000000E+00
  0.1250000      0.1375000      3.8583034E-03
  0.3750000      0.1375000      1.7353352E-02
  0.6250000      0.1375000      3.3909872E-02
  0.8750000      0.1375000      5.2714285E-02
   1.125000      0.1375000      7.3281854E-02
   1.375000      0.1375000      9.5192492E-02
   1.625000      0.1375000      0.1180759    
   1.875000      0.1375000      0.1416160    
   2.125000      0.1375000      0.1655453    
   2.375000      0.1375000      0.1896357    
   2.625000      0.1375000      0.2136944    
   2.875000      0.1375000      0.2375650    
   3.125000      0.1375000      0.2611342    
   3.375000      0.1375000      0.2843365    
   3.625000      0.1375000      0.3071525    
   3.875000      0.1375000      0.3296022    
   4.125000      0.1375000      0.3517326    
   4.375000      0.1375000      0.3736043    
   4.625000      0.1375000      0.3952798    
   4.875000      0.1375000      0.4168152    
   5.125000      0.1375000      0.4382561    
   5.375000      0.1375000      0.4596362    
   5.625000      0.1375000      0.4809792    
   5.875000      0.1375000      0.5023008    
   6.125000      0.1375000      0.5236105    
   6.375000      0.1375000      0.5449136    
   6.625000      0.1375000      0.5662138    
   6.875000      0.1375000      0.5875114    
   7.125000      0.1375000      0.6088105    
   7.375000      0.1375000      0.6301028    
   7.625000      0.1375000      0.6514134    
   7.875000      0.1375000      0.6726728    
   8.125000      0.1375000      0.6940754    
   8.375000      0.1375000      0.7150756    
   8.625000      0.1375000      0.7372056    
   8.875000      0.1375000      0.7561644    
   9.125000      0.1375000      0.7840134    
   9.375000      0.1375000      0.7869703    
   9.625000      0.1375000      0.8597385    
   9.875000      0.1375000      0.7333521    
   10.00000      0.1375000       1.000000    
 
  0.0000000E+00  0.1625000      0.0000000E+00
  0.1250000      0.1625000      2.8854015E-03
  0.3750000      0.1625000      1.4590155E-02
  0.6250000      0.1625000      2.9758425E-02
  0.8750000      0.1625000      4.7542159E-02
   1.125000      0.1625000      6.7386590E-02
   1.375000      0.1625000      8.8799216E-02
   1.625000      0.1625000      0.1113454    
   1.875000      0.1625000      0.1346556    
   2.125000      0.1625000      0.1584176    
   2.375000      0.1625000      0.1823656    
   2.625000      0.1625000      0.2062746    
   2.875000      0.1625000      0.2299616    
   3.125000      0.1625000      0.2532938    
   3.375000      0.1625000      0.2761934    
   3.625000      0.1625000      0.2986370    
   3.875000      0.1625000      0.3206473    
   4.125000      0.1625000      0.3422792    
   4.375000      0.1625000      0.3636038    
   4.625000      0.1625000      0.3846948    
   4.875000      0.1625000      0.4056188    
   5.125000      0.1625000      0.4264297    
   5.375000      0.1625000      0.4471677    
   5.625000      0.1625000      0.4678614    
   5.875000      0.1625000      0.4885291    
   6.125000      0.1625000      0.5091824    
   6.375000      0.1625000      0.5298280    
   6.625000      0.1625000      0.5504698    
   6.875000      0.1625000      0.5711086    
   7.125000      0.1625000      0.5917493    
   7.375000      0.1625000      0.6123815    
   7.625000      0.1625000      0.6330364    
   7.875000      0.1625000      0.6536277    
   8.125000      0.1625000      0.6743965    
   8.375000      0.1625000      0.6946670    
   8.625000      0.1625000      0.7163363    
   8.875000      0.1625000      0.7340799    
   9.125000      0.1625000      0.7628291    
   9.375000      0.1625000      0.7607609    
   9.625000      0.1625000      0.8451250    
   9.875000      0.1625000      0.6828557    
   10.00000      0.1625000       1.000000    
 
  0.0000000E+00  0.1875000      0.0000000E+00
  0.1250000      0.1875000      2.0909915E-03
  0.3750000      0.1875000      1.2158051E-02
  0.6250000      0.1875000      2.6029285E-02
  0.8750000      0.1875000      4.2861547E-02
   1.125000      0.1875000      6.2037226E-02
   1.375000      0.1875000      8.2993269E-02
   1.625000      0.1875000      0.1052328    
   1.875000      0.1875000      0.1283348    
   2.125000      0.1875000      0.1519452    
   2.375000      0.1875000      0.1757626    
   2.625000      0.1875000      0.1995312    
   2.875000      0.1875000      0.2230432    
   3.125000      0.1875000      0.2461466    
   3.375000      0.1875000      0.2687521    
   3.625000      0.1875000      0.2908321    
   3.875000      0.1875000      0.3124121    
   4.125000      0.1875000      0.3335544    
   4.375000      0.1875000      0.3543408    
   4.625000      0.1875000      0.3748559    
   4.875000      0.1875000      0.3951764    
   5.125000      0.1875000      0.4153651    
   5.375000      0.1875000      0.4354688    
   5.625000      0.1875000      0.4555204    
   5.875000      0.1875000      0.4755416    
   6.125000      0.1875000      0.4955457    
   6.375000      0.1875000      0.5155408    
   6.625000      0.1875000      0.5355315    
   6.875000      0.1875000      0.5555186    
   7.125000      0.1875000      0.5755079    
   7.375000      0.1875000      0.5954870    
   7.625000      0.1875000      0.6154935    
   7.875000      0.1875000      0.6354231    
   8.125000      0.1875000      0.6555673    
   8.375000      0.1875000      0.6751096    
   8.625000      0.1875000      0.6963414    
   8.875000      0.1875000      0.7128311    
   9.125000      0.1875000      0.7426163    
   9.375000      0.1875000      0.7351701    
   9.625000      0.1875000      0.8321345    
   9.875000      0.1875000      0.6314627    
   10.00000      0.1875000       1.000000    
 
  0.0000000E+00  0.2125000      0.0000000E+00
  0.1250000      0.2125000      1.4548061E-03
  0.3750000      0.2125000      1.0052591E-02
  0.6250000      0.2125000      2.2738276E-02
  0.8750000      0.2125000      3.8706064E-02
   1.125000      0.2125000      5.7281535E-02
   1.375000      0.2125000      7.7832997E-02
   1.625000      0.2125000      9.9803768E-02
   1.875000      0.2125000      0.1227247    
   2.125000      0.2125000      0.1462024    
   2.375000      0.2125000      0.1699026    
   2.625000      0.2125000      0.1935411    
   2.875000      0.2125000      0.2168865    
   3.125000      0.2125000      0.2397691    
   3.375000      0.2125000      0.2620885    
   3.625000      0.2125000      0.2838133    
   3.875000      0.2125000      0.3049717    
   4.125000      0.2125000      0.3256335    
   4.375000      0.2125000      0.3458906    
   4.625000      0.2125000      0.3658387    
   4.875000      0.2125000      0.3855648    
   5.125000      0.2125000      0.4051399    
   5.375000      0.2125000      0.4246176    
   5.625000      0.2125000      0.4440356    
   5.875000      0.2125000      0.4634185    
   6.125000      0.2125000      0.4827817    
   6.375000      0.2125000      0.5021344    
   6.625000      0.2125000      0.5214822    
   6.875000      0.2125000      0.5408257    
   7.125000      0.2125000      0.5601718    
   7.375000      0.2125000      0.5795059    
   7.625000      0.2125000      0.5988722    
   7.875000      0.2125000      0.6181479    
   8.125000      0.2125000      0.6376774    
   8.375000      0.2125000      0.6564943    
   8.625000      0.2125000      0.6773114    
   8.875000      0.2125000      0.6925142    
   9.125000      0.2125000      0.7234594    
   9.375000      0.2125000      0.7103179    
   9.625000      0.2125000      0.8207826    
   9.875000      0.2125000      0.5796229    
   10.00000      0.2125000       1.000000    
 
  0.0000000E+00  0.2375000      0.0000000E+00
  0.1250000      0.2375000      9.5430826E-04
  0.3750000      0.2375000      8.2624136E-03
  0.6250000      0.2375000      1.9893946E-02
  0.8750000      0.2375000      3.5102576E-02
   1.125000      0.2375000      5.3160973E-02
   1.375000      0.2375000      7.3370643E-02
   1.625000      0.2375000      9.5118247E-02
   1.875000      0.2375000      0.1178901    
   2.125000      0.2375000      0.1412570    
   2.375000      0.2375000      0.1648550    
   2.625000      0.2375000      0.1883740    
   2.875000      0.2375000      0.2115611    
   3.125000      0.2375000      0.2342301    
   3.375000      0.2375000      0.2562707    
   3.625000      0.2375000      0.2776481    
   3.875000      0.2375000      0.2983930    
   4.125000      0.2375000      0.3185831    
   4.375000      0.2375000      0.3383200    
   4.625000      0.2375000      0.3577105    
   4.875000      0.2375000      0.3768514    
   5.125000      0.2375000      0.3958223    
   5.375000      0.2375000      0.4146834    
   5.625000      0.2375000      0.4334770    
   5.875000      0.2375000      0.4522308    
   6.125000      0.2375000      0.4709624    
   6.375000      0.2375000      0.4896820    
   6.625000      0.2375000      0.5083958    
   6.875000      0.2375000      0.5271050    
   7.125000      0.2375000      0.5458172    
   7.375000      0.2375000      0.5645154    
   7.625000      0.2375000      0.5832510    
   7.875000      0.2375000      0.6018811    
   8.125000      0.2375000      0.6208065    
   8.375000      0.2375000      0.6389031    
   8.625000      0.2375000      0.6593266    
   8.875000      0.2375000      0.6732179    
   9.125000      0.2375000      0.7054275    
   9.375000      0.2375000      0.6863334    
   9.625000      0.2375000      0.8110249    
   9.875000      0.2375000      0.5278738    
   10.00000      0.2375000       1.000000    
 
  0.0000000E+00  0.2625000      0.0000000E+00
  0.1250000      0.2625000      5.6672515E-04
  0.3750000      0.2625000      6.7719859E-03
  0.6250000      0.2625000      1.7499905E-02
  0.8750000      0.2625000      3.2073058E-02
   1.125000      0.2625000      4.9712043E-02
   1.375000      0.2625000      6.9653347E-02
   1.625000      0.2625000      9.1230661E-02
   1.875000      0.2625000      0.1138901    
   2.125000      0.2625000      0.1371711    
   2.375000      0.2625000      0.1606832    
   2.625000      0.2625000      0.1840937    
   2.875000      0.2625000      0.2071301    
   3.125000      0.2625000      0.2295919    
   3.375000      0.2625000      0.2513597    
   3.625000      0.2625000      0.2723962    
   3.875000      0.2625000      0.2927352    
   4.125000      0.2625000      0.3124618    
   4.375000      0.2625000      0.3316876    
   4.625000      0.2625000      0.3505298    
   4.875000      0.2625000      0.3690953    
   5.125000      0.2625000      0.3874722    
   5.375000      0.2625000      0.4057268    
   5.625000      0.2625000      0.4239062    
   5.875000      0.2625000      0.4420411    
   6.125000      0.2625000      0.4601513    
   6.375000      0.2625000      0.4782478    
   6.625000      0.2625000      0.4963380    
   6.875000      0.2625000      0.5144229    
   7.125000      0.2625000      0.5325114    
   7.375000      0.2625000      0.5505837    
   7.625000      0.2625000      0.5686989    
   7.875000      0.2625000      0.5866933    
   8.125000      0.2625000      0.6050259    
   8.375000      0.2625000      0.6224095    
   8.625000      0.2625000      0.6424576    
   8.875000      0.2625000      0.6550246    
   9.125000      0.2625000      0.6885740    
   9.375000      0.2625000      0.6633543    
   9.625000      0.2625000      0.8027616    
   9.875000      0.2625000      0.4768181    
   10.00000      0.2625000       1.000000    
 
  0.0000000E+00  0.2875000      0.0000000E+00
  0.1250000      0.2875000      2.7049676E-04
  0.3750000      0.2875000      5.5641476E-03
  0.6250000      0.2875000      1.5557224E-02
  0.8750000      0.2875000      2.9636513E-02
   1.125000      0.2875000      4.6967786E-02
   1.375000      0.2875000      6.6724151E-02
   1.625000      0.2875000      8.8190854E-02
   1.875000      0.2875000      0.1107790    
   2.125000      0.2875000      0.1340013    
   2.375000      0.2875000      0.1574450    
   2.625000      0.2875000      0.1807575    
   2.875000      0.2875000      0.2036502    
   3.125000      0.2875000      0.2259098    
   3.375000      0.2875000      0.2474096    
   3.625000      0.2875000      0.2681106    
   3.875000      0.2875000      0.2880501    
   4.125000      0.2875000      0.3073207    
   4.375000      0.2875000      0.3260441    
   4.625000      0.2875000      0.3443476    
   4.875000      0.2875000      0.3623480    
   5.125000      0.2875000      0.3801414    
   5.375000      0.2875000      0.3978004    
   5.625000      0.2875000      0.4153765    
   5.875000      0.2875000      0.4329036    
   6.125000      0.2875000      0.4504034    
   6.375000      0.2875000      0.4678881    
   6.625000      0.2875000      0.4853658    
   6.875000      0.2875000      0.5028376    
   7.125000      0.2875000      0.5203133    
   7.375000      0.2875000      0.5377711    
   7.625000      0.2875000      0.5552769    
   7.875000      0.2875000      0.5726468    
   8.125000      0.2875000      0.5903980    
   8.375000      0.2875000      0.6070786    
   8.625000      0.2875000      0.6267657    
   8.875000      0.2875000      0.6380101    
   9.125000      0.2875000      0.6729379    
   9.375000      0.2875000      0.6415260    
   9.625000      0.2875000      0.7958452    
   9.875000      0.2875000      0.4271022    
   10.00000      0.2875000       1.000000    
 
  0.0000000E+00  0.3125000      0.0000000E+00
  0.1250000      0.3125000      4.6260928E-05
  0.3750000      0.3125000      4.6224543E-03
  0.6250000      0.3125000      1.4066787E-02
  0.8750000      0.3125000      2.7810898E-02
   1.125000      0.3125000      4.4959169E-02
   1.375000      0.3125000      6.4623058E-02
   1.625000      0.3125000      8.6044729E-02
   1.875000      0.3125000      0.1086063    
   2.125000      0.3125000      0.1317991    
   2.375000      0.3125000      0.1551921    
   2.625000      0.3125000      0.1784172    
   2.875000      0.3125000      0.2011719    
   3.125000      0.3125000      0.2232329    
   3.375000      0.3125000      0.2444678    
   3.625000      0.3125000      0.2648372    
   3.875000      0.3125000      0.2843825    
   4.125000      0.3125000      0.3032041    
   4.375000      0.3125000      0.3214332    
   4.625000      0.3125000      0.3392076    
   4.875000      0.3125000      0.3566534    
   5.125000      0.3125000      0.3738743    
   5.375000      0.3125000      0.3909492    
   5.625000      0.3125000      0.4079339    
   5.875000      0.3125000      0.4248651    
   6.125000      0.3125000      0.4417666    
   6.375000      0.3125000      0.4586515    
   6.625000      0.3125000      0.4755288    
   6.875000      0.3125000      0.4923995    
   7.125000      0.3125000      0.5092747    
   7.375000      0.3125000      0.5261299    
   7.625000      0.3125000      0.5430385    
   7.875000      0.3125000      0.5597962    
   8.125000      0.3125000      0.5769778    
   8.375000      0.3125000      0.5929683    
   8.625000      0.3125000      0.6123040    
   8.875000      0.3125000      0.6222446    
   9.125000      0.3125000      0.6585457    
   9.375000      0.3125000      0.6209992    
   9.625000      0.3125000      0.7900889    
   9.875000      0.3125000      0.3793954    
   10.00000      0.3125000       1.000000    
 
  0.0000000E+00  0.3375000      0.0000000E+00
  0.1250000      0.3375000     -1.2250713E-04
  0.3750000      0.3375000      3.9333017E-03
  0.6250000      0.3375000      1.3031543E-02
  0.8750000      0.3375000      2.6614971E-02
   1.125000      0.3375000      4.3716490E-02
   1.375000      0.3375000      6.3387990E-02
   1.625000      0.3375000      8.4834926E-02
   1.875000      0.3375000      0.1074173    
   2.125000      0.3375000      0.1306108    
   2.375000      0.3375000      0.1539713    
   2.625000      0.3375000      0.1771186    
   2.875000      0.3375000      0.1997398    
   3.125000      0.3375000      0.2216041    
   3.375000      0.3375000      0.2425756    
   3.625000      0.3375000      0.2626156    
   3.875000      0.3375000      0.2817707    
   4.125000      0.3375000      0.3001491    
   4.375000      0.3375000      0.3178919    
   4.625000      0.3375000      0.3351468    
   4.875000      0.3375000      0.3520485    
   5.125000      0.3375000      0.3687086    
   5.375000      0.3375000      0.3852114    
   5.625000      0.3375000      0.4016173    
   5.875000      0.3375000      0.4179654    
   6.125000      0.3375000      0.4342815    
   6.375000      0.3375000      0.4505795    
   6.625000      0.3375000      0.4668694    
   6.875000      0.3375000      0.4831521    
   7.125000      0.3375000      0.4994398    
   7.375000      0.3375000      0.5157056    
   7.625000      0.3375000      0.5320300    
   7.875000      0.3375000      0.5481886    
   8.125000      0.3375000      0.5648126    
   8.375000      0.3375000      0.5801293    
   8.625000      0.3375000      0.5991179    
   8.875000      0.3375000      0.6077920    
   9.125000      0.3375000      0.6454129    
   9.375000      0.3375000      0.6019273    
   9.625000      0.3375000      0.7852780    
   9.875000      0.3375000      0.3343695    
   10.00000      0.3375000       1.000000    
 
  0.0000000E+00  0.3625000      0.0000000E+00
  0.1250000      0.3625000     -2.4907637E-04
  0.3750000      0.3625000      3.4878410E-03
  0.6250000      0.3625000      1.2458594E-02
  0.8750000      0.3625000      2.6069995E-02
   1.125000      0.3625000      4.3270595E-02
   1.375000      0.3625000      6.3055575E-02
   1.625000      0.3625000      8.4601365E-02
   1.875000      0.3625000      0.1072535    
   2.125000      0.3625000      0.1304785    
   2.375000      0.3625000      0.1538240    
   2.625000      0.3625000      0.1769019    
   2.875000      0.3625000      0.1993926    
   3.125000      0.3625000      0.2210603    
   3.375000      0.3625000      0.2417679    
   3.625000      0.3625000      0.2614793    
   3.875000      0.3625000      0.2802469    
   4.125000      0.3625000      0.2981872    
   4.375000      0.3625000      0.3154510    
   4.625000      0.3625000      0.3321956    
   4.875000      0.3625000      0.3485641    
   5.125000      0.3625000      0.3646754    
   5.375000      0.3625000      0.3806191    
   5.625000      0.3625000      0.3964593    
   5.875000      0.3625000      0.4122380    
   6.125000      0.3625000      0.4279823    
   6.375000      0.3625000      0.4437074    
   6.625000      0.3625000      0.4594237    
   6.875000      0.3625000      0.4751324    
   7.125000      0.3625000      0.4908466    
   7.375000      0.3625000      0.5065371    
   7.625000      0.3625000      0.5222907    
   7.875000      0.3625000      0.5378651    
   8.125000      0.3625000      0.5539433    
   8.375000      0.3625000      0.5686057    
   8.625000      0.3625000      0.5872457    
   8.875000      0.3625000      0.5947104    
   9.125000      0.3625000      0.6335459    
   9.375000      0.3625000      0.5844622    
   9.625000      0.3625000      0.7811818    
   9.875000      0.3625000      0.2926799    
   10.00000      0.3625000       1.000000    
 
  0.0000000E+00  0.3875000      0.0000000E+00
  0.1250000      0.3875000     -3.4315031E-04
  0.3750000      0.3875000      3.2837079E-03
  0.6250000      0.3875000      1.2361097E-02
  0.8750000      0.3875000      2.6201228E-02
   1.125000      0.3875000      4.3653876E-02
   1.375000      0.3875000      6.3661858E-02
   1.625000      0.3875000      8.5381694E-02
   1.875000      0.3875000      0.1081529    
   2.125000      0.3875000      0.1314396    
   2.375000      0.3875000      0.1547866    
   2.625000      0.3875000      0.1778022    
   2.875000      0.3875000      0.2001632    
   3.125000      0.3875000      0.2216325    
   3.375000      0.3875000      0.2420741    
   3.625000      0.3875000      0.2614558    
   3.875000      0.3875000      0.2798373    
   4.125000      0.3875000      0.2973438    
   4.375000      0.3875000      0.3141354    
   4.625000      0.3875000      0.3303788    
   4.875000      0.3875000      0.3462254    
   5.125000      0.3875000      0.3618002    
   5.375000      0.3875000      0.3771982    
   5.625000      0.3875000      0.3924868    
   5.875000      0.3875000      0.4077104    
   6.125000      0.3875000      0.4228975    
   6.375000      0.3875000      0.4380643    
   6.625000      0.3875000      0.4532219    
   6.875000      0.3875000      0.4683713    
   7.125000      0.3875000      0.4835267    
   7.375000      0.3875000      0.4986567    
   7.625000      0.3875000      0.5138543    
   7.875000      0.3875000      0.5288602    
   8.125000      0.3875000      0.5444047    
   8.375000      0.3875000      0.5584355    
   8.625000      0.3875000      0.5767195    
   8.875000      0.3875000      0.5830515    
   9.125000      0.3875000      0.6229449    
   9.375000      0.3875000      0.5687499    
   9.625000      0.3875000      0.7775658    
   9.875000      0.3875000      0.2549487    
   10.00000      0.3875000       1.000000    
 
  0.0000000E+00  0.4125000      0.0000000E+00
  0.1250000      0.4125000     -4.1056349E-04
  0.3750000      0.4125000      3.3265955E-03
  0.6250000      0.4125000      1.2759913E-02
  0.8750000      0.4125000      2.7039114E-02
   1.125000      0.4125000      4.4901084E-02
   1.375000      0.4125000      6.5242805E-02
   1.625000      0.4125000      8.7211519E-02
   1.875000      0.4125000      0.1101501    
   2.125000      0.4125000      0.1335273    
   2.375000      0.4125000      0.1568905    
   2.625000      0.4125000      0.1798487    
   2.875000      0.4125000      0.2020793    
   3.125000      0.4125000      0.2233464    
   3.375000      0.4125000      0.2435177    
   3.625000      0.4125000      0.2625673    
   3.875000      0.4125000      0.2805628    
   4.125000      0.4125000      0.2976387    
   4.375000      0.4125000      0.3139647    
   4.625000      0.4125000      0.3297161    
   4.875000      0.4125000      0.3450519    
   5.125000      0.4125000      0.3601032    
   5.375000      0.4125000      0.3749693    
   5.625000      0.4125000      0.3897209    
   5.875000      0.4125000      0.4044046    
   6.125000      0.4125000      0.4190499    
   6.375000      0.4125000      0.4336740    
   6.625000      0.4125000      0.4482884    
   6.875000      0.4125000      0.4628943    
   7.125000      0.4125000      0.4775064    
   7.375000      0.4125000      0.4920919    
   7.625000      0.4125000      0.5067485    
   7.875000      0.4125000      0.5212029    
   8.125000      0.4125000      0.5362257    
   8.375000      0.4125000      0.5496510    
   8.625000      0.4125000      0.5675659    
   8.875000      0.4125000      0.5728610    
   9.125000      0.4125000      0.6136058    
   9.375000      0.4125000      0.5549260    
   9.625000      0.4125000      0.7742044    
   9.875000      0.4125000      0.2217481    
   10.00000      0.4125000       1.000000    
 
  0.0000000E+00  0.4375000      0.0000000E+00
  0.1250000      0.4375000     -4.5289152E-04
  0.3750000      0.4375000      3.6316994E-03
  0.6250000      0.4375000      1.3684937E-02
  0.8750000      0.4375000      2.8620185E-02
   1.125000      0.4375000      4.7049783E-02
   1.375000      0.4375000      6.7834496E-02
   1.625000      0.4375000      9.0124585E-02
   1.875000      0.4375000      0.1132763    
   2.125000      0.4375000      0.1367704    
   2.375000      0.4375000      0.1601622    
   2.625000      0.4375000      0.1830658    
   2.875000      0.4375000      0.2051627    
   3.125000      0.4375000      0.2262218    
   3.375000      0.4375000      0.2461170    
   3.625000      0.4375000      0.2648304    
   3.875000      0.4375000      0.2824389    
   4.125000      0.4375000      0.2990870    
   4.375000      0.4375000      0.3149535    
   4.625000      0.4375000      0.3302219    
   4.875000      0.4375000      0.3450585    
   5.125000      0.4375000      0.3595996    
   5.375000      0.4375000      0.3739485    
   5.625000      0.4375000      0.3881785    
   5.875000      0.4375000      0.4023379    
   6.125000      0.4375000      0.4164577    
   6.375000      0.4375000      0.4305555    
   6.625000      0.4375000      0.4446431    
   6.875000      0.4375000      0.4587218    
   7.125000      0.4375000      0.4728071    
   7.375000      0.4375000      0.4868647    
   7.625000      0.4375000      0.5009964    
   7.875000      0.4375000      0.5149173    
   8.125000      0.4375000      0.5294306    
   8.375000      0.4375000      0.5422789    
   8.625000      0.4375000      0.5598069    
   8.875000      0.4375000      0.5641776    
   9.125000      0.4375000      0.6055231    
   9.375000      0.4375000      0.5431107    
   9.625000      0.4375000      0.7708931    
   9.875000      0.4375000      0.1935871    
   10.00000      0.4375000       1.000000    
 
  0.0000000E+00  0.4625000      0.0000000E+00
  0.1250000      0.4625000     -4.6689491E-04
  0.3750000      0.4625000      4.2250380E-03
  0.6250000      0.4625000      1.5176103E-02
  0.8750000      0.4625000      3.0987509E-02
   1.125000      0.4625000      5.0140534E-02
   1.375000      0.4625000      7.1473114E-02
   1.625000      0.4625000      9.4152667E-02
   1.875000      0.4625000      0.1175594    
   2.125000      0.4625000      0.1411933    
   2.375000      0.4625000      0.1646232    
   2.625000      0.4625000      0.1874724    
   2.875000      0.4625000      0.2094300    
   3.125000      0.4625000      0.2302733    
   3.375000      0.4625000      0.2498848    
   3.625000      0.4625000      0.2682568    
   3.875000      0.4625000      0.2854767    
   4.125000      0.4625000      0.3016989    
   4.375000      0.4625000      0.3171117    
   4.625000      0.4625000      0.3319065    
   4.875000      0.4625000      0.3462558    
   5.125000      0.4625000      0.3603004    
   5.375000      0.4625000      0.3741472    
   5.625000      0.4625000      0.3878716    
   5.875000      0.4625000      0.4015234    
   6.125000      0.4625000      0.4151345    
   6.375000      0.4625000      0.4287230    
   6.625000      0.4625000      0.4423010    
   6.875000      0.4625000      0.4558699    
   7.125000      0.4625000      0.4694456    
   7.375000      0.4625000      0.4829927    
   7.625000      0.4625000      0.4966161    
   7.875000      0.4625000      0.5100226    
   8.125000      0.4625000      0.5240387    
   8.375000      0.4625000      0.5363412    
   8.625000      0.4625000      0.5534607    
   8.875000      0.4625000      0.5570336    
   9.125000      0.4625000      0.5986924    
   9.375000      0.4625000      0.5334043    
   9.625000      0.4625000      0.7674591    
   9.875000      0.4625000      0.1708984    
   10.00000      0.4625000       1.000000    
 
  0.0000000E+00  0.4875000      0.0000000E+00
  0.1250000      0.4875000     -4.4373088E-04
  0.3750000      0.4875000      5.1446604E-03
  0.6250000      0.4875000      1.7283978E-02
  0.8750000      0.4875000      3.4190755E-02
   1.125000      0.4875000      5.4216608E-02
   1.375000      0.4875000      7.6194659E-02
   1.625000      0.4875000      9.9325277E-02
   1.875000      0.4875000      0.1230235    
   2.125000      0.4875000      0.1468159    
   2.375000      0.4875000      0.1702898    
   2.625000      0.4875000      0.1930819    
   2.875000      0.4875000      0.2148926    
   3.125000      0.4875000      0.2355103    
   3.375000      0.4875000      0.2548292    
   3.625000      0.4875000      0.2728534    
   3.875000      0.4875000      0.2896821    
   4.125000      0.4875000      0.3054804    
   4.375000      0.4875000      0.3204454    
   4.625000      0.4875000      0.3347760    
   4.875000      0.4875000      0.3486501    
   5.125000      0.4875000      0.3622126    
   5.375000      0.4875000      0.3755730    
   5.625000      0.4875000      0.3888084    
   5.875000      0.4875000      0.4019701    
   6.125000      0.4875000      0.4150901    
   6.375000      0.4875000      0.4281870    
   6.625000      0.4875000      0.4412734    
   6.875000      0.4875000      0.4543505    
   7.125000      0.4875000      0.4674344    
   7.375000      0.4875000      0.4804894    
   7.625000      0.4875000      0.4936218    
   7.875000      0.4875000      0.5065338    
   8.125000      0.4875000      0.5200653    
   8.375000      0.4875000      0.5318553    
   8.625000      0.4875000      0.5485419    
   8.875000      0.4875000      0.5514539    
   9.125000      0.4875000      0.5931119    
   9.375000      0.4875000      0.5258839    
   9.625000      0.4875000      0.7637712    
   9.875000      0.4875000      0.1540283    
   10.00000      0.4875000       1.000000    
 
  0.0000000E+00  0.5125000      0.0000000E+00
  0.1250000      0.5125000     -3.6787626E-04
  0.3750000      0.5125000      6.4416886E-03
  0.6250000      0.5125000      2.0069906E-02
  0.8750000      0.5125000      3.8285743E-02
   1.125000      0.5125000      5.9323445E-02
   1.375000      0.5125000      8.2034372E-02
   1.625000      0.5125000      0.1056693    
   1.875000      0.5125000      0.1296889    
   2.125000      0.5125000      0.1536534    
   2.375000      0.5125000      0.1771734    
   2.625000      0.5125000      0.1999027    
   2.875000      0.5125000      0.2215564    
   3.125000      0.5125000      0.2419370    
   3.375000      0.5125000      0.2609532    
   3.625000      0.5125000      0.2786227    
   3.875000      0.5125000      0.2950573    
   4.125000      0.5125000      0.3104333    
   4.375000      0.5125000      0.3249566    
   4.625000      0.5125000      0.3388327    
   4.875000      0.5125000      0.3522444    
   5.125000      0.5125000      0.3653397    
   5.375000      0.5125000      0.3782301    
   5.625000      0.5125000      0.3909940    
   5.875000      0.5125000      0.4036833    
   6.125000      0.5125000      0.4163306    
   6.375000      0.5125000      0.4289545    
   6.625000      0.5125000      0.4415678    
   6.875000      0.5125000      0.4541719    
   7.125000      0.5125000      0.4667828    
   7.375000      0.5125000      0.4793645    
   7.625000      0.5125000      0.4920241    
   7.875000      0.5125000      0.5044624    
   8.125000      0.5125000      0.5175224    
   8.375000      0.5125000      0.5288343    
   8.625000      0.5125000      0.5450624    
   8.875000      0.5125000      0.5474567    
   9.125000      0.5125000      0.5887845    
   9.375000      0.5125000      0.5205999    
   9.625000      0.5125000      0.7597476    
   9.875000      0.5125000      0.1432276    
   10.00000      0.5125000       1.000000    
 
  0.0000000E+00  0.5375000      0.0000000E+00
  0.1250000      0.5375000     -2.1572541E-04
  0.3750000      0.5375000      8.1811547E-03
  0.6250000      0.5375000      2.3605600E-02
  0.8750000      0.5375000      4.3333482E-02
   1.125000      0.5375000      6.5507598E-02
   1.375000      0.5375000      8.9025959E-02
   1.625000      0.5375000      0.1132082    
   1.875000      0.5375000      0.1375715    
   2.125000      0.5375000      0.1617161    
   2.375000      0.5375000      0.1852799    
   2.625000      0.5375000      0.2079377    
   2.875000      0.5375000      0.2294222    
   3.125000      0.5375000      0.2495530    
   3.375000      0.5375000      0.2682552    
   3.625000      0.5375000      0.2855626    
   3.875000      0.5375000      0.3016003    
   4.125000      0.5375000      0.3165559    
   4.375000      0.5375000      0.3306440    
   4.625000      0.5375000      0.3440759    
   4.875000      0.5375000      0.3570383    
   5.125000      0.5375000      0.3696819    
   5.375000      0.5375000      0.3821194    
   5.625000      0.5375000      0.3944297    
   5.875000      0.5375000      0.4066654    
   6.125000      0.5375000      0.4188590    
   6.375000      0.5375000      0.4310292    
   6.625000      0.5375000      0.4431888    
   6.875000      0.5375000      0.4553392    
   7.125000      0.5375000      0.4674963    
   7.375000      0.5375000      0.4796245    
   7.625000      0.5375000      0.4918299    
   7.875000      0.5375000      0.5038159    
   8.125000      0.5375000      0.5164183    
   8.375000      0.5375000      0.5272875    
   8.625000      0.5375000      0.5430320    
   8.875000      0.5375000      0.5450532    
   9.125000      0.5375000      0.5857188    
   9.375000      0.5375000      0.5175748    
   9.625000      0.5375000      0.7553608    
   9.875000      0.5375000      0.1386453    
   10.00000      0.5375000       1.000000    
 
  0.0000000E+00  0.5625000      0.0000000E+00
  0.1250000      0.5625000      4.6156529E-05
  0.3750000      0.5625000      1.0442530E-02
  0.6250000      0.5625000      2.7972177E-02
  0.8750000      0.5625000      4.9398724E-02
   1.125000      0.5625000      7.2815433E-02
   1.375000      0.5625000      9.7200491E-02
   1.625000      0.5625000      0.1219615    
   1.875000      0.5625000      0.1466823    
   2.125000      0.5625000      0.1710088    
   2.375000      0.5625000      0.1946099    
   2.625000      0.5625000      0.2171844    
   2.875000      0.5625000      0.2384855    
   3.125000      0.5625000      0.2583525    
   3.375000      0.5625000      0.2767295    
   3.625000      0.5625000      0.2936672    
   3.875000      0.5625000      0.3093055    
   4.125000      0.5625000      0.3238432    
   4.375000      0.5625000      0.3375030    
   4.625000      0.5625000      0.3505017    
   4.875000      0.5625000      0.3630289    
   5.125000      0.5625000      0.3752370    
   5.375000      0.5625000      0.3872392    
   5.625000      0.5625000      0.3991148    
   5.875000      0.5625000      0.4109160    
   6.125000      0.5625000      0.4226755    
   6.375000      0.5625000      0.4344120    
   6.625000      0.5625000      0.4461378    
   6.875000      0.5625000      0.4578546    
   7.125000      0.5625000      0.4695779    
   7.375000      0.5625000      0.4812730    
   7.625000      0.5625000      0.4930435    
   7.875000      0.5625000      0.5045993    
   8.125000      0.5625000      0.5167588    
   8.375000      0.5625000      0.5272207    
   8.625000      0.5625000      0.5424585    
   8.875000      0.5625000      0.5442482    
   9.125000      0.5625000      0.5839300    
   9.375000      0.5625000      0.5168025    
   9.625000      0.5625000      0.7506416    
   9.875000      0.5625000      0.1403240    
   10.00000      0.5625000       1.000000    
 
  0.0000000E+00  0.5875000      0.0000000E+00
  0.1250000      0.5875000      4.6311627E-04
  0.3750000      0.5875000      1.3319819E-02
  0.6250000      0.5875000      3.3258542E-02
  0.8750000      0.5875000      5.6548037E-02
   1.125000      0.5875000      8.1291467E-02
   1.375000      0.5875000      0.1065852    
   1.625000      0.5875000      0.1319437    
   1.875000      0.5875000      0.1570269    
   2.125000      0.5875000      0.1815306    
   2.375000      0.5875000      0.2051583    
   2.625000      0.5875000      0.2276349    
   2.875000      0.5875000      0.2487369    
   3.125000      0.5875000      0.2683257    
   3.375000      0.5875000      0.2863660    
   3.625000      0.5875000      0.3029270    
   3.875000      0.5875000      0.3181639    
   4.125000      0.5875000      0.3322869    
   4.375000      0.5875000      0.3455265    
   4.625000      0.5875000      0.3581037    
   4.875000      0.5875000      0.3702106    
   5.125000      0.5875000      0.3820000    
   5.375000      0.5875000      0.3935853    
   5.625000      0.5875000      0.4050455    
   5.875000      0.5875000      0.4164324    
   6.125000      0.5875000      0.4277781    
   6.375000      0.5875000      0.4391012    
   6.625000      0.5875000      0.4504139    
   6.875000      0.5875000      0.4617178    
   7.125000      0.5875000      0.4730279    
   7.375000      0.5875000      0.4843108    
   7.625000      0.5875000      0.4956666    
   7.875000      0.5875000      0.5068147    
   8.125000      0.5875000      0.5185468    
   8.375000      0.5875000      0.5286363    
   8.625000      0.5875000      0.5433480    
   8.875000      0.5875000      0.5450404    
   9.125000      0.5875000      0.5834392    
   9.375000      0.5875000      0.5182492    
   9.625000      0.5875000      0.7456791    
   9.875000      0.5875000      0.1481964    
   10.00000      0.5875000       1.000000    
 
  0.0000000E+00  0.6125000      0.0000000E+00
  0.1250000      0.6125000      1.0947903E-03
  0.3750000      0.6125000      1.6921073E-02
  0.6250000      0.6125000      3.9559100E-02
  0.8750000      0.6125000      6.4847365E-02
   1.125000      0.6125000      9.0976447E-02
   1.375000      0.6125000      0.1172019    
   1.625000      0.6125000      0.1431635    
   1.875000      0.6125000      0.1686046    
   2.125000      0.6125000      0.1932748    
   2.375000      0.6125000      0.2169143    
   2.625000      0.6125000      0.2392761    
   2.875000      0.6125000      0.2601623    
   3.125000      0.6125000      0.2794580    
   3.375000      0.6125000      0.2971505    
   3.625000      0.6125000      0.3133287    
   3.875000      0.6125000      0.3281635    
   4.125000      0.6125000      0.3418764    
   4.375000      0.6125000      0.3547047    
   4.625000      0.6125000      0.3668733    
   4.875000      0.6125000      0.3785754    
   5.125000      0.6125000      0.3899639    
   5.375000      0.6125000      0.4011515    
   5.625000      0.6125000      0.4122164    
   5.875000      0.6125000      0.4232094    
   6.125000      0.6125000      0.4341623    
   6.375000      0.6125000      0.4450932    
   6.625000      0.6125000      0.4560139    
   6.875000      0.6125000      0.4669262    
   7.125000      0.6125000      0.4778443    
   7.375000      0.6125000      0.4887366    
   7.625000      0.6125000      0.4996983    
   7.875000      0.6125000      0.5104616    
   8.125000      0.6125000      0.5217831    
   8.375000      0.6125000      0.5315343    
   8.625000      0.6125000      0.5457054    
   8.875000      0.6125000      0.5474227    
   9.125000      0.6125000      0.5842735    
   9.375000      0.6125000      0.5218557    
   9.625000      0.6125000      0.7406186    
   9.875000      0.6125000      0.1620860    
   10.00000      0.6125000       1.000000    
 
  0.0000000E+00  0.6375000      0.0000000E+00
  0.1250000      0.6375000      2.0176899E-03
  0.3750000      0.6375000      2.1367149E-02
  0.6250000      0.6375000      4.6970785E-02
  0.8750000      0.6375000      7.4359253E-02
   1.125000      0.6375000      0.1019053    
   1.375000      0.6375000      0.1290661    
   1.625000      0.6375000      0.1556228    
   1.875000      0.6375000      0.1814083    
   2.125000      0.6375000      0.2062284    
   2.375000      0.6375000      0.2298610    
   2.625000      0.6375000      0.2520894    
   2.875000      0.6375000      0.2727422    
   3.125000      0.6375000      0.2917307    
   3.375000      0.6375000      0.3090656    
   3.625000      0.6375000      0.3248564    
   3.875000      0.6375000      0.3392898    
   4.125000      0.6375000      0.3525984    
   4.375000      0.6375000      0.3650257    
   4.625000      0.6375000      0.3767996    
   4.875000      0.6375000      0.3881136    
   5.125000      0.6375000      0.3991199    
   5.375000      0.6375000      0.4099297    
   5.625000      0.6375000      0.4206200    
   5.875000      0.6375000      0.4312404    
   6.125000      0.6375000      0.4418219    
   6.375000      0.6375000      0.4523823    
   6.625000      0.6375000      0.4629328    
   6.875000      0.6375000      0.4734753    
   7.125000      0.6375000      0.4840232    
   7.375000      0.6375000      0.4945467    
   7.625000      0.6375000      0.5051357    
   7.875000      0.6375000      0.5155374    
   8.125000      0.6375000      0.5264664    
   8.375000      0.6375000      0.5359117    
   8.625000      0.6375000      0.5495338    
   8.875000      0.6375000      0.5513837    
   9.125000      0.6375000      0.5864640    
   9.375000      0.6375000      0.5275404    
   9.625000      0.6375000      0.7356575    
   9.875000      0.6375000      0.1817073    
   10.00000      0.6375000       1.000000    
 
  0.0000000E+00  0.6625000      0.0000000E+00
  0.1250000      0.6625000      3.3278551E-03
  0.3750000      0.6625000      2.6789540E-02
  0.6250000      0.6625000      5.5589411E-02
  0.8750000      0.6625000      8.5139841E-02
   1.125000      0.6625000      0.1141048    
   1.375000      0.6625000      0.1421847    
   1.625000      0.6625000      0.1693157    
   1.875000      0.6625000      0.1954237    
   2.125000      0.6625000      0.2203716    
   2.375000      0.6625000      0.2439759    
   2.625000      0.6625000      0.2660509    
   2.875000      0.6625000      0.2864533    
   3.125000      0.6625000      0.3051212    
   3.375000      0.6625000      0.3220901    
   3.625000      0.6625000      0.3374908    
   3.875000      0.6625000      0.3515255    
   4.125000      0.6625000      0.3644374    
   4.375000      0.6625000      0.3764757    
   4.625000      0.6625000      0.3878702    
   4.875000      0.6625000      0.3988138    
   5.125000      0.6625000      0.4094574    
   5.375000      0.6625000      0.4199100    
   5.625000      0.6625000      0.4302470    
   5.875000      0.6625000      0.4405167    
   6.125000      0.6625000      0.4507489    
   6.375000      0.6625000      0.4609610    
   6.625000      0.6625000      0.4711635    
   6.875000      0.6625000      0.4813586    
   7.125000      0.6625000      0.4915586    
   7.375000      0.6625000      0.5017358    
   7.625000      0.6625000      0.5119742    
   7.875000      0.6625000      0.5220376    
   8.125000      0.6625000      0.5325934    
   8.375000      0.6625000      0.5417635    
   8.625000      0.6625000      0.5548353    
   8.875000      0.6625000      0.5569081    
   9.125000      0.6625000      0.5900460    
   9.375000      0.6625000      0.5352044    
   9.625000      0.6625000      0.7310373    
   9.875000      0.6625000      0.2066705    
   10.00000      0.6625000       1.000000    
 
  0.0000000E+00  0.6875000      0.0000000E+00
  0.1250000      0.6875000      5.1433658E-03
  0.3750000      0.6875000      3.3327110E-02
  0.6250000      0.6875000      6.5505423E-02
  0.8750000      0.6875000      9.7235613E-02
   1.125000      0.6875000      0.1275917    
   1.375000      0.6875000      0.1565556    
   1.625000      0.6875000      0.1842279    
   1.875000      0.6875000      0.2106288    
   2.125000      0.6875000      0.2356780    
   2.375000      0.6875000      0.2592305    
   2.625000      0.6875000      0.2811317    
   2.875000      0.6875000      0.3012672    
   3.125000      0.6875000      0.3196031    
   3.375000      0.6875000      0.3362002    
   3.625000      0.6875000      0.3512102    
   3.875000      0.6875000      0.3648513    
   4.125000      0.6875000      0.3773762    
   4.375000      0.6875000      0.3890392    
   4.625000      0.6875000      0.4000709    
   4.875000      0.6875000      0.4106631    
   5.125000      0.6875000      0.4209644    
   5.375000      0.6875000      0.4310812    
   5.625000      0.6875000      0.4410870    
   5.875000      0.6875000      0.4510283    
   6.125000      0.6875000      0.4609340    
   6.375000      0.6875000      0.4708204    
   6.625000      0.6875000      0.4806978    
   6.875000      0.6875000      0.4905681    
   7.125000      0.6875000      0.5004431    
   7.375000      0.6875000      0.5102967    
   7.625000      0.6875000      0.5202071    
   7.875000      0.6875000      0.5299559    
   8.125000      0.6875000      0.5401593    
   8.375000      0.6875000      0.5490831    
   8.625000      0.6875000      0.5616103    
   8.875000      0.6875000      0.5639772    
   9.125000      0.6875000      0.5950552    
   9.375000      0.6875000      0.5447361    
   9.625000      0.6875000      0.7270349    
   9.875000      0.6875000      0.2364870    
   10.00000      0.6875000       1.000000    
 
  0.0000000E+00  0.7125000      0.0000000E+00
  0.1250000      0.7125000      7.6064174E-03
  0.3750000      0.7125000      4.1121617E-02
  0.6250000      0.7125000      7.6799221E-02
  0.8750000      0.7125000      0.1106802    
   1.125000      0.7125000      0.1423708    
   1.375000      0.7125000      0.1721658    
   1.625000      0.7125000      0.2003355    
   1.875000      0.7125000      0.2269934    
   2.125000      0.7125000      0.2521141    
   2.375000      0.7125000      0.2755902    
   2.625000      0.7125000      0.2972977    
   2.875000      0.7125000      0.3171519    
   3.125000      0.7125000      0.3351468    
   3.375000      0.7125000      0.3513689    
   3.625000      0.7125000      0.3659908    
   3.875000      0.7125000      0.3792458    
   4.125000      0.7125000      0.3913960    
   4.375000      0.7125000      0.4026992    
   4.625000      0.7125000      0.4133864    
   4.875000      0.7125000      0.4236472    
   5.125000      0.7125000      0.4336275    
   5.375000      0.7125000      0.4434308    
   5.625000      0.7125000      0.4531280    
   5.875000      0.7125000      0.4627638    
   6.125000      0.7125000      0.4723660    
   6.375000      0.7125000      0.4819500    
   6.625000      0.7125000      0.4915255    
   6.875000      0.7125000      0.5010944    
   7.125000      0.7125000      0.5106674    
   7.375000      0.7125000      0.5202211    
   7.625000      0.7125000      0.5298265    
   7.875000      0.7125000      0.5392843    
   8.125000      0.7125000      0.5491573    
   8.375000      0.7125000      0.5578616    
   8.625000      0.7125000      0.5698574    
   8.875000      0.7125000      0.5725707    
   9.125000      0.7125000      0.6015273    
   9.375000      0.7125000      0.5560170    
   9.625000      0.7125000      0.7239508    
   9.875000      0.7125000      0.2705774    
   10.00000      0.7125000       1.000000    
 
  0.0000000E+00  0.7375000      0.0000000E+00
  0.1250000      0.7375000      1.0884604E-02
  0.3750000      0.7375000      5.0311919E-02
  0.6250000      0.7375000      8.9536205E-02
  0.8750000      0.7375000      0.1254912    
   1.125000      0.7375000      0.1584326    
   1.375000      0.7375000      0.1889905    
   1.625000      0.7375000      0.2176051    
   1.875000      0.7375000      0.2444793    
   2.125000      0.7375000      0.2696397    
   2.375000      0.7375000      0.2930146    
   2.625000      0.7375000      0.3145104    
   2.875000      0.7375000      0.3340713    
   3.125000      0.7375000      0.3517195    
   3.375000      0.7375000      0.3675668    
   3.625000      0.7375000      0.3818065    
   3.875000      0.7375000      0.3946862    
   4.125000      0.7375000      0.4064761    
   4.375000      0.7375000      0.4174373    
   4.625000      0.7375000      0.4277998    
   4.875000      0.7375000      0.4377505    
   5.125000      0.7375000      0.4474322    
   5.375000      0.7375000      0.4569449    
   5.625000      0.7375000      0.4663566    
   5.875000      0.7375000      0.4757106    
   6.125000      0.7375000      0.4850328    
   6.375000      0.7375000      0.4943380    
   6.625000      0.7375000      0.5036353    
   6.875000      0.7375000      0.5129264    
   7.125000      0.7375000      0.5222212    
   7.375000      0.7375000      0.5314986    
   7.625000      0.7375000      0.5408226    
   7.875000      0.7375000      0.5500132    
   8.125000      0.7375000      0.5595792    
   8.375000      0.7375000      0.5680888    
   8.625000      0.7375000      0.5795736    
   8.875000      0.7375000      0.5826666    
   9.125000      0.7375000      0.6094953    
   9.375000      0.7375000      0.5689266    
   9.625000      0.7375000      0.7220961    
   9.875000      0.7375000      0.3082817    
   10.00000      0.7375000       1.000000    
 
  0.0000000E+00  0.7625000      0.0000000E+00
  0.1250000      0.7625000      1.5170935E-02
  0.3750000      0.7625000      6.1026972E-02
  0.6250000      0.7625000      0.1037617    
  0.8750000      0.7625000      0.1416679    
   1.125000      0.7625000      0.1757526    
   1.375000      0.7625000      0.2069928    
   1.625000      0.7625000      0.2359929    
   1.875000      0.7625000      0.2630398    
   2.125000      0.7625000      0.2882075    
   2.375000      0.7625000      0.3114579    
   2.625000      0.7625000      0.3327263    
   2.875000      0.7625000      0.3519856    
   3.125000      0.7625000      0.3692854    
   3.375000      0.7625000      0.3847624    
   3.625000      0.7625000      0.3986296    
   3.875000      0.7625000      0.4111480    
   4.125000      0.7625000      0.4225951    
   4.375000      0.7625000      0.4332339    
   4.625000      0.7625000      0.4432932    
   4.875000      0.7625000      0.4529566    
   5.125000      0.7625000      0.4623628    
   5.375000      0.7625000      0.4716083    
   5.625000      0.7625000      0.4807586    
   5.875000      0.7625000      0.4898546    
   6.125000      0.7625000      0.4989209    
   6.375000      0.7625000      0.5079714    
   6.625000      0.7625000      0.5170144    
   6.875000      0.7625000      0.5260518    
   7.125000      0.7625000      0.5350925    
   7.375000      0.7625000      0.5441174    
   7.625000      0.7625000      0.5531843    
   7.875000      0.7625000      0.5621317    
   8.125000      0.7625000      0.5714150    
   8.375000      0.7625000      0.5797527    
   8.625000      0.7625000      0.5907539    
   8.875000      0.7625000      0.5942422    
   9.125000      0.7625000      0.6189885    
   9.375000      0.7625000      0.5833480    
   9.625000      0.7625000      0.7217799    
   9.875000      0.7625000      0.3488719    
   10.00000      0.7625000       1.000000    
 
  0.0000000E+00  0.7875000      0.0000000E+00
  0.1250000      0.7875000      2.0682024E-02
  0.3750000      0.7875000      7.3377661E-02
  0.6250000      0.7875000      0.1194964    
  0.8750000      0.7875000      0.1591884    
   1.125000      0.7875000      0.1942898    
   1.375000      0.7875000      0.2261226    
   1.625000      0.7875000      0.2554451    
   1.875000      0.7875000      0.2826198    
   2.125000      0.7875000      0.3077635    
   2.375000      0.7875000      0.3308687    
   2.625000      0.7875000      0.3518980    
   2.875000      0.7875000      0.3708518    
   3.125000      0.7875000      0.3878064    
   3.375000      0.7875000      0.4029221    
   3.625000      0.7875000      0.4164307    
   3.875000      0.7875000      0.4286054    
   4.125000      0.7875000      0.4397299    
   4.375000      0.7875000      0.4500684    
   4.625000      0.7875000      0.4598475    
   4.875000      0.7875000      0.4692473    
   5.125000      0.7875000      0.4784022    
   5.375000      0.7875000      0.4874052    
   5.625000      0.7875000      0.4963183    
   5.875000      0.7875000      0.5051807    
   6.125000      0.7875000      0.5140154    
   6.375000      0.7875000      0.5228356    
   6.625000      0.7875000      0.5316489    
   6.875000      0.7875000      0.5404568    
   7.125000      0.7875000      0.5492677    
   7.375000      0.7875000      0.5580648    
   7.625000      0.7875000      0.5668988    
   7.875000      0.7875000      0.5756270    
   8.125000      0.7875000      0.5846533    
   8.375000      0.7875000      0.5928404    
   8.625000      0.7875000      0.6033911    
   8.875000      0.7875000      0.6072744    
   9.125000      0.7875000      0.6300305    
   9.375000      0.7875000      0.5991714    
   9.625000      0.7875000      0.7232947    
   9.875000      0.7875000      0.3915655    
   10.00000      0.7875000       1.000000    
 
  0.0000000E+00  0.8125000      0.0000000E+00
  0.1250000      0.8125000      2.7653826E-02
  0.3750000      0.8125000      8.7447844E-02
  0.6250000      0.8125000      0.1367321    
  0.8750000      0.8125000      0.1780089    
   1.125000      0.8125000      0.2139866    
   1.375000      0.8125000      0.2463168    
   1.625000      0.8125000      0.2758971    
   1.875000      0.8125000      0.3031559    
   2.125000      0.8125000      0.3282472    
   2.375000      0.8125000      0.3511904    
   2.625000      0.8125000      0.3719739    
   2.875000      0.8125000      0.3906239    
   3.125000      0.8125000      0.4072418    
   3.375000      0.8125000      0.4220105    
   3.625000      0.8125000      0.4351788    
   3.875000      0.8125000      0.4470311    
   4.125000      0.8125000      0.4578562    
   4.375000      0.8125000      0.4679188    
   4.625000      0.8125000      0.4774428    
   4.875000      0.8125000      0.4866040    
   5.125000      0.8125000      0.4955325    
   5.375000      0.8125000      0.5043178    
   5.625000      0.8125000      0.5130187    
   5.875000      0.8125000      0.5216723    
   6.125000      0.8125000      0.5303003    
   6.375000      0.8125000      0.5389147    
   6.625000      0.8125000      0.5475229    
   6.875000      0.8125000      0.5561263    
   7.125000      0.8125000      0.5647321    
   7.375000      0.8125000      0.5733258    
   7.625000      0.8125000      0.5819520    
   7.875000      0.8125000      0.5904851    
   8.125000      0.8125000      0.5992807    
   8.375000      0.8125000      0.6073370    
   8.625000      0.8125000      0.6174758    
   8.875000      0.8125000      0.6217402    
   9.125000      0.8125000      0.6426386    
   9.375000      0.8125000      0.6162978    
   9.625000      0.8125000      0.7269050    
   9.875000      0.8125000      0.4355411    
   10.00000      0.8125000       1.000000    
 
  0.0000000E+00  0.8375000      0.0000000E+00
  0.1250000      0.8375000      3.6334269E-02
  0.3750000      0.8375000      0.1032850    
  0.6250000      0.8375000      0.1554281    
  0.8750000      0.8375000      0.1980619    
   1.125000      0.8375000      0.2347680    
   1.375000      0.8375000      0.2674994    
   1.625000      0.8375000      0.2972744    
   1.875000      0.8375000      0.3245768    
   2.125000      0.8375000      0.3495915    
   2.375000      0.8375000      0.3723616    
   2.625000      0.8375000      0.3928986    
   2.875000      0.8375000      0.4112526    
   3.125000      0.8375000      0.4275487    
   3.375000      0.8375000      0.4419902    
   3.625000      0.8375000      0.4548415    
   3.875000      0.8375000      0.4663968    
   4.125000      0.8375000      0.4769488    
   4.375000      0.8375000      0.4867620    
   4.625000      0.8375000      0.4960572    
   4.875000      0.8375000      0.5050060    
   5.125000      0.8375000      0.5137342    
   5.375000      0.8375000      0.5223272    
   5.625000      0.8375000      0.5308414    
   5.875000      0.8375000      0.5393113    
   6.125000      0.8375000      0.5477577    
   6.375000      0.8375000      0.5561914    
   6.625000      0.8375000      0.5646196    
   6.875000      0.8375000      0.5730433    
   7.125000      0.8375000      0.5814691    
   7.375000      0.8375000      0.5898843    
   7.625000      0.8375000      0.5983279    
   7.875000      0.8375000      0.6066900    
   8.125000      0.8375000      0.6152822    
   8.375000      0.8375000      0.6232262    
   8.625000      0.8375000      0.6329960    
   8.875000      0.8375000      0.6376163    
   9.125000      0.8375000      0.6568232    
   9.375000      0.8375000      0.6346399    
   9.625000      0.8375000      0.7328362    
   9.875000      0.8375000      0.4799545    
   10.00000      0.8375000       1.000000    
 
  0.0000000E+00  0.8625000      0.0000000E+00
  0.1250000      0.8625000      4.6972018E-02
  0.3750000      0.8625000      0.1208913    
  0.6250000      0.8625000      0.1755101    
  0.8750000      0.8625000      0.2192570    
   1.125000      0.8625000      0.2565425    
   1.375000      0.8625000      0.2895819    
   1.625000      0.8625000      0.3194929    
   1.875000      0.8625000      0.3468034    
   2.125000      0.8625000      0.3717234    
   2.375000      0.8625000      0.3943160    
   2.625000      0.8625000      0.4146130    
   2.875000      0.8625000      0.4326863    
   3.125000      0.8625000      0.4486822    
   3.375000      0.8625000      0.4628223    
   3.625000      0.8625000      0.4753850    
   3.875000      0.8625000      0.4866727    
   4.125000      0.8625000      0.4969809    
   4.375000      0.8625000      0.5065737    
   4.625000      0.8625000      0.5156682    
   4.875000      0.8625000      0.5244318    
   5.125000      0.8625000      0.5329863    
   5.375000      0.8625000      0.5414132    
   5.625000      0.8625000      0.5497663    
   5.875000      0.8625000      0.5580783    
   6.125000      0.8625000      0.5663683    
   6.375000      0.8625000      0.5746467    
   6.625000      0.8625000      0.5829200    
   6.875000      0.8625000      0.5911893    
   7.125000      0.8625000      0.5994603    
   7.375000      0.8625000      0.6077220    
   7.625000      0.8625000      0.6160088    
   7.875000      0.8625000      0.6242240    
   8.125000      0.8625000      0.6326407    
   8.375000      0.8625000      0.6404902    
   8.625000      0.8625000      0.6499372    
   8.875000      0.8625000      0.6548792    
   9.125000      0.8625000      0.6725874    
   9.375000      0.8625000      0.6541224    
   9.625000      0.8625000      0.7412679    
   9.875000      0.8625000      0.5239546    
   10.00000      0.8625000       1.000000    
 
  0.0000000E+00  0.8875000      0.0000000E+00
  0.1250000      0.8875000      5.9800763E-02
  0.3750000      0.8875000      0.1402151    
  0.6250000      0.8875000      0.1968683    
  0.8750000      0.8875000      0.2414812    
   1.125000      0.8875000      0.2792029    
   1.375000      0.8875000      0.3124638    
   1.625000      0.8875000      0.3424587    
   1.875000      0.8875000      0.3697491    
   2.125000      0.8875000      0.3945640    
   2.375000      0.8875000      0.4169828    
   2.625000      0.8875000      0.4370545    
   2.875000      0.8875000      0.4548702    
   3.125000      0.8875000      0.4705948    
   3.375000      0.8875000      0.4844660    
   3.625000      0.8875000      0.4967737    
   3.875000      0.8875000      0.5078273    
   4.125000      0.8875000      0.5179245    
   4.375000      0.8875000      0.5273278    
   4.625000      0.8875000      0.5362512    
   4.875000      0.8875000      0.5448582    
   5.125000      0.8875000      0.5532663    
   5.375000      0.8875000      0.5615538    
   5.625000      0.8875000      0.5697719    
   5.875000      0.8875000      0.5779516    
   6.125000      0.8875000      0.5861109    
   6.375000      0.8875000      0.5942595    
   6.625000      0.8875000      0.6024035    
   6.875000      0.8875000      0.6105437    
   7.125000      0.8875000      0.6186855    
   7.375000      0.8875000      0.6268189    
   7.625000      0.8875000      0.6349745    
   7.875000      0.8875000      0.6430674    
   8.125000      0.8875000      0.6513367    
   8.375000      0.8875000      0.6591089    
   8.625000      0.8875000      0.6682820    
   8.875000      0.8875000      0.6735050    
   9.125000      0.8875000      0.6899275    
   9.375000      0.8875000      0.6746799    
   9.625000      0.8875000      0.7523301    
   9.875000      0.8875000      0.5666999    
   10.00000      0.8875000       1.000000    
 
  0.0000000E+00  0.9125000      0.0000000E+00
  0.1250000      0.9125000      7.5018466E-02
  0.3750000      0.9125000      0.1611455    
  0.6250000      0.9125000      0.2193593    
  0.8750000      0.9125000      0.2646003    
   1.125000      0.9125000      0.3026271    
   1.375000      0.9125000      0.3360332    
   1.625000      0.9125000      0.3660696    
   1.875000      0.9125000      0.3933206    
   2.125000      0.9125000      0.4180290    
   2.375000      0.9125000      0.4402867    
   2.625000      0.9125000      0.4601571    
   2.875000      0.9125000      0.4777471    
   3.125000      0.9125000      0.4932372    
   3.375000      0.9125000      0.5068786    
   3.625000      0.9125000      0.5189706    
   3.875000      0.9125000      0.5298280    
   4.125000      0.9125000      0.5397497    
   4.375000      0.9125000      0.5489970    
   4.625000      0.9125000      0.5577805    
   4.875000      0.9125000      0.5662602    
   5.125000      0.9125000      0.5745499    
   5.375000      0.9125000      0.5827250    
   5.625000      0.9125000      0.5908346    
   5.875000      0.9125000      0.5989081    
   6.125000      0.9125000      0.6069626    
   6.375000      0.9125000      0.6150072    
   6.625000      0.9125000      0.6230474    
   6.875000      0.9125000      0.6310841    
   7.125000      0.9125000      0.6391223    
   7.375000      0.9125000      0.6471530    
   7.625000      0.9125000      0.6552033    
   7.875000      0.9125000      0.6631982    
   8.125000      0.9125000      0.6713492    
   8.375000      0.9125000      0.6790604    
   8.625000      0.9125000      0.6880109    
   8.875000      0.9125000      0.6934687    
   9.125000      0.9125000      0.7088341    
   9.375000      0.9125000      0.6962545    
   9.625000      0.9125000      0.7661067    
   9.875000      0.9125000      0.6073721    
   10.00000      0.9125000       1.000000    
 
  0.0000000E+00  0.9375000      0.0000000E+00
  0.1250000      0.9375000      9.2760913E-02
  0.3750000      0.9375000      0.1835078    
  0.6250000      0.9375000      0.2428073    
  0.8750000      0.9375000      0.2884606    
   1.125000      0.9375000      0.3266789    
   1.375000      0.9375000      0.3601677    
   1.625000      0.9375000      0.3902141    
   1.875000      0.9375000      0.4174171    
   2.125000      0.9375000      0.4420279    
   2.375000      0.9375000      0.4641477    
   2.625000      0.9375000      0.4838506    
   2.875000      0.9375000      0.5012560    
   3.125000      0.9375000      0.5165569    
   3.375000      0.9375000      0.5300145    
   3.625000      0.9375000      0.5419357    
   3.875000      0.9375000      0.5526389    
   4.125000      0.9375000      0.5624243    
   4.375000      0.9375000      0.5715511    
   4.625000      0.9375000      0.5802274    
   4.875000      0.9375000      0.5886100    
   5.125000      0.9375000      0.5968100    
   5.375000      0.9375000      0.6049002    
   5.625000      0.9375000      0.6129282    
   5.875000      0.9375000      0.6209217    
   6.125000      0.9375000      0.6288974    
   6.375000      0.9375000      0.6368638    
   6.625000      0.9375000      0.6448261    
   6.875000      0.9375000      0.6527852    
   7.125000      0.9375000      0.6607455    
   7.375000      0.9375000      0.6686990    
   7.625000      0.9375000      0.6766701    
   7.875000      0.9375000      0.6845917    
   8.125000      0.9375000      0.6926534    
   8.375000      0.9375000      0.7003198    
   8.625000      0.9375000      0.7091001    
   8.875000      0.9375000      0.7147423    
   9.125000      0.9375000      0.7292923    
   9.375000      0.9375000      0.7187896    
   9.625000      0.9375000      0.7826427    
   9.875000      0.9375000      0.6451876    
   10.00000      0.9375000       1.000000    
 
  0.0000000E+00  0.9625000      0.0000000E+00
  0.1250000      0.9625000      0.1130699    
  0.3750000      0.9625000      0.2070640    
  0.6250000      0.9625000      0.2670082    
  0.8750000      0.9625000      0.3128912    
   1.125000      0.9625000      0.3512098    
   1.375000      0.9625000      0.3847351    
   1.625000      0.9625000      0.4147735    
   1.875000      0.9625000      0.4419313    
   2.125000      0.9625000      0.4664648    
   2.375000      0.9625000      0.4884807    
   2.625000      0.9625000      0.5080606    
   2.875000      0.9625000      0.5253327    
   3.125000      0.9625000      0.5404980    
   3.375000      0.9625000      0.5538255    
   3.625000      0.9625000      0.5656266    
   3.875000      0.9625000      0.5762224    
   4.125000      0.9625000      0.5859134    
   4.375000      0.9625000      0.5949574    
   4.625000      0.9625000      0.6035607    
   4.875000      0.9625000      0.6118777    
   5.125000      0.9625000      0.6200172    
   5.375000      0.9625000      0.6280506    
   5.625000      0.9625000      0.6360238    
   5.875000      0.9625000      0.6439641    
   6.125000      0.9625000      0.6518870    
   6.375000      0.9625000      0.6598011    
   6.625000      0.9625000      0.6677115    
   6.875000      0.9625000      0.6756187    
   7.125000      0.9625000      0.6835270    
   7.375000      0.9625000      0.6914291    
   7.625000      0.9625000      0.6993473    
   7.875000      0.9625000      0.7072200    
   8.125000      0.9625000      0.7152219    
   8.375000      0.9625000      0.7228591    
   8.625000      0.9625000      0.7315238    
   8.875000      0.9625000      0.7372953    
   9.125000      0.9625000      0.7512838    
   9.375000      0.9625000      0.7422251    
   9.625000      0.9625000      0.8019618    
   9.875000      0.9625000      0.6794072    
   10.00000      0.9625000       1.000000    
 
  0.0000000E+00  0.9875000      0.0000000E+00
  0.1250000      0.9875000      0.1358560    
  0.3750000      0.9875000      0.2315168    
  0.6250000      0.9875000      0.2917332    
  0.8750000      0.9875000      0.3377061    
   1.125000      0.9875000      0.3760604    
   1.375000      0.9875000      0.4095939    
   1.625000      0.9875000      0.4396206    
   1.875000      0.9875000      0.4667492    
   2.125000      0.9875000      0.4912376    
   2.375000      0.9875000      0.5131956    
   2.625000      0.9875000      0.5327082    
   2.875000      0.9875000      0.5499083    
   3.125000      0.9875000      0.5650012    
   3.375000      0.9875000      0.5782595    
   3.625000      0.9875000      0.5899974    
   3.875000      0.9875000      0.6005372    
   4.125000      0.9875000      0.6101790    
   4.375000      0.9875000      0.6191806    
   4.625000      0.9875000      0.6277466    
   4.875000      0.9875000      0.6360303    
   5.125000      0.9875000      0.6441393    
   5.375000      0.9875000      0.6521440    
   5.625000      0.9875000      0.6600897    
   5.875000      0.9875000      0.6680032    
   6.125000      0.9875000      0.6758998    
   6.375000      0.9875000      0.6837878    
   6.625000      0.9875000      0.6916721    
   6.875000      0.9875000      0.6995534    
   7.125000      0.9875000      0.7074356    
   7.375000      0.9875000      0.7153120    
   7.625000      0.9875000      0.7232039    
   7.875000      0.9875000      0.7310521    
   8.125000      0.9875000      0.7390239    
   8.375000      0.9875000      0.7466471    
   8.625000      0.9875000      0.7552524    
   8.875000      0.9875000      0.7610928    
   9.125000      0.9875000      0.7747891    
   9.375000      0.9875000      0.7664891    
   9.625000      0.9875000      0.8240904    
   9.875000      0.9875000      0.7093391    
   10.00000      0.9875000       1.000000    
 
  0.0000000E+00   1.000000      0.0000000E+00
  0.1250000       1.000000      0.1358560    
  0.3750000       1.000000      0.2315168    
  0.6250000       1.000000      0.2917332    
  0.8750000       1.000000      0.3377061    
   1.125000       1.000000      0.3760604    
   1.375000       1.000000      0.4095939    
   1.625000       1.000000      0.4396206    
   1.875000       1.000000      0.4667492    
   2.125000       1.000000      0.4912376    
   2.375000       1.000000      0.5131956    
   2.625000       1.000000      0.5327082    
   2.875000       1.000000      0.5499083    
   3.125000       1.000000      0.5650012    
   3.375000       1.000000      0.5782595    
   3.625000       1.000000      0.5899974    
   3.875000       1.000000      0.6005372    
   4.125000       1.000000      0.6101790    
   4.375000       1.000000      0.6191806    
   4.625000       1.000000      0.6277466    
   4.875000       1.000000      0.6360303    
   5.125000       1.000000      0.6441393    
   5.375000       1.000000      0.6521440    
   5.625000       1.000000      0.6600897    
   5.875000       1.000000      0.6680032    
   6.125000       1.000000      0.6758998    
   6.375000       1.000000      0.6837878    
   6.625000       1.000000      0.6916721    
   6.875000       1.000000      0.6995534    
   7.125000       1.000000      0.7074356    
   7.375000       1.000000      0.7153120    
   7.625000       1.000000      0.7232039    
   7.875000       1.000000      0.7310521    
   8.125000       1.000000      0.7390239    
   8.375000       1.000000      0.7466471    
   8.625000       1.000000      0.7552524    
   8.875000       1.000000      0.7610928    
   9.125000       1.000000      0.7747891    
   9.375000       1.000000      0.7664891    
   9.625000       1.000000      0.8240904    
   9.875000       1.000000      0.7093391    
   10.00000       1.000000       1.000000    
 
