  0.0000000E+00  0.0000000E+00  0.0000000E+00
  0.1250000      0.0000000E+00  1.2499999E-02
  0.3750000      0.0000000E+00  3.7499998E-02
  0.6250000      0.0000000E+00  6.2499996E-02
  0.8750000      0.0000000E+00  8.7499991E-02
   1.125000      0.0000000E+00  0.1125000    
   1.375000      0.0000000E+00  0.1375000    
   1.625000      0.0000000E+00  0.1625000    
   1.875000      0.0000000E+00  0.1875000    
   2.125000      0.0000000E+00  0.2125000    
   2.375000      0.0000000E+00  0.2375000    
   2.625000      0.0000000E+00  0.2625000    
   2.875000      0.0000000E+00  0.2875000    
   3.125000      0.0000000E+00  0.3125000    
   3.375000      0.0000000E+00  0.3375000    
   3.625000      0.0000000E+00  0.3625000    
   3.875000      0.0000000E+00  0.3875000    
   4.125000      0.0000000E+00  0.4125000    
   4.375000      0.0000000E+00  0.4375000    
   4.625000      0.0000000E+00  0.4625000    
   4.875000      0.0000000E+00  0.4875000    
   5.125000      0.0000000E+00  0.5125000    
   5.375000      0.0000000E+00  0.5375000    
   5.625000      0.0000000E+00  0.5624999    
   5.875000      0.0000000E+00  0.5875000    
   6.125000      0.0000000E+00  0.6125000    
   6.375000      0.0000000E+00  0.6375000    
   6.625000      0.0000000E+00  0.6625000    
   6.875000      0.0000000E+00  0.6874999    
   7.125000      0.0000000E+00  0.7125000    
   7.375000      0.0000000E+00  0.7375000    
   7.625000      0.0000000E+00  0.7624999    
   7.875000      0.0000000E+00  0.7875000    
   8.125000      0.0000000E+00  0.8124999    
   8.375000      0.0000000E+00  0.8375000    
   8.625000      0.0000000E+00  0.8625000    
   8.875000      0.0000000E+00  0.8874999    
   9.125000      0.0000000E+00  0.9125000    
   9.375000      0.0000000E+00  0.9374999    
   9.625000      0.0000000E+00  0.9624999    
   9.875000      0.0000000E+00  0.9875000    
   10.00000      0.0000000E+00   1.000000    
 
  0.0000000E+00  1.2500000E-02  0.0000000E+00
  0.1250000      1.2500000E-02  1.1545920E-02
  0.3750000      1.2500000E-02  3.5449378E-02
  0.6250000      1.2500000E-02  5.9661590E-02
  0.8750000      1.2500000E-02  8.4084570E-02
   1.125000      1.2500000E-02  0.1086710    
   1.375000      1.2500000E-02  0.1333824    
   1.625000      1.2500000E-02  0.1581857    
   1.875000      1.2500000E-02  0.1830531    
   2.125000      1.2500000E-02  0.2079618    
   2.375000      1.2500000E-02  0.2328932    
   2.625000      1.2500000E-02  0.2578313    
   2.875000      1.2500000E-02  0.2827628    
   3.125000      1.2500000E-02  0.3076766    
   3.375000      1.2500000E-02  0.3325644    
   3.625000      1.2500000E-02  0.3574213    
   3.875000      1.2500000E-02  0.3822456    
   4.125000      1.2500000E-02  0.4070383    
   4.375000      1.2500000E-02  0.4318028    
   4.625000      1.2500000E-02  0.4565436    
   4.875000      1.2500000E-02  0.4812658    
   5.125000      1.2500000E-02  0.5059740    
   5.375000      1.2500000E-02  0.5306726    
   5.625000      1.2500000E-02  0.5553645    
   5.875000      1.2500000E-02  0.5800522    
   6.125000      1.2500000E-02  0.6047373    
   6.375000      1.2500000E-02  0.6294209    
   6.625000      1.2500000E-02  0.6541036    
   6.875000      1.2500000E-02  0.6787859    
   7.125000      1.2500000E-02  0.7034681    
   7.375000      1.2500000E-02  0.7281497    
   7.625000      1.2500000E-02  0.7528324    
   7.875000      1.2500000E-02  0.7775116    
   8.125000      1.2500000E-02  0.8022007    
   8.375000      1.2500000E-02  0.8268619    
   8.625000      1.2500000E-02  0.8516019    
   8.875000      1.2500000E-02  0.8761204    
   9.125000      1.2500000E-02  0.9012600    
   9.375000      1.2500000E-02  0.9246593    
   9.625000      1.2500000E-02  0.9529455    
   9.875000      1.2500000E-02  0.9674340    
   10.00000      1.2500000E-02   1.000000    
 
  0.0000000E+00  3.7500001E-02  0.0000000E+00
  0.1250000      3.7500001E-02  9.6876519E-03
  0.3750000      3.7500001E-02  3.1404421E-02
  0.6250000      3.7500001E-02  5.4042697E-02
  0.8750000      3.7500001E-02  7.7312589E-02
   1.125000      3.7500001E-02  0.1010726    
   1.375000      3.7500001E-02  0.1252076    
   1.625000      3.7500001E-02  0.1496179    
   1.875000      3.7500001E-02  0.1742204    
   2.125000      3.7500001E-02  0.1989471    
   2.375000      3.7500001E-02  0.2237418    
   2.625000      3.7500001E-02  0.2485569    
   2.875000      3.7500001E-02  0.2733521    
   3.125000      3.7500001E-02  0.2980944    
   3.375000      3.7500001E-02  0.3227592    
   3.625000      3.7500001E-02  0.3473314    
   3.875000      3.7500001E-02  0.3718056    
   4.125000      3.7500001E-02  0.3961850    
   4.375000      3.7500001E-02  0.4204797    
   4.625000      3.7500001E-02  0.4447033    
   4.875000      3.7500001E-02  0.4688708    
   5.125000      3.7500001E-02  0.4929965    
   5.375000      3.7500001E-02  0.5170929    
   5.625000      3.7500001E-02  0.5411693    
   5.875000      3.7500001E-02  0.5652331    
   6.125000      3.7500001E-02  0.5892891    
   6.375000      3.7500001E-02  0.6133405    
   6.625000      3.7500001E-02  0.6373892    
   6.875000      3.7500001E-02  0.6614364    
   7.125000      3.7500001E-02  0.6854834    
   7.375000      3.7500001E-02  0.7095287    
   7.625000      3.7500001E-02  0.7335775    
   7.875000      3.7500001E-02  0.7576155    
   8.125000      3.7500001E-02  0.7816837    
   8.375000      3.7500001E-02  0.8056667    
   8.625000      3.7500001E-02  0.8298898    
   8.875000      3.7500001E-02  0.8534385    
   9.125000      3.7500001E-02  0.8788787    
   9.375000      3.7500001E-02  0.8990180    
   9.625000      3.7500001E-02  0.9340444    
   9.875000      3.7500001E-02  0.9269351    
   10.00000      3.7500001E-02   1.000000    
 
  0.0000000E+00  6.2500000E-02  0.0000000E+00
  0.1250000      6.2500000E-02  7.9542901E-03
  0.3750000      6.2500000E-02  2.7510332E-02
  0.6250000      6.2500000E-02  4.8583176E-02
  0.8750000      6.2500000E-02  7.0705451E-02
   1.125000      6.2500000E-02  9.3643405E-02
   1.375000      6.2500000E-02  0.1172053    
   1.625000      6.2500000E-02  0.1412252    
   1.875000      6.2500000E-02  0.1655649    
   2.125000      6.2500000E-02  0.1901114    
   2.375000      6.2500000E-02  0.2147711    
   2.625000      6.2500000E-02  0.2394652    
   2.875000      6.2500000E-02  0.2641266    
   3.125000      6.2500000E-02  0.2887003    
   3.375000      6.2500000E-02  0.3131453    
   3.625000      6.2500000E-02  0.3374363    
   3.875000      6.2500000E-02  0.3615641    
   4.125000      6.2500000E-02  0.3855339    
   4.375000      6.2500000E-02  0.4093623    
   4.625000      6.2500000E-02  0.4330717    
   4.875000      6.2500000E-02  0.4566874    
   5.125000      6.2500000E-02  0.4802331    
   5.375000      6.2500000E-02  0.5037295    
   5.625000      6.2500000E-02  0.5271924    
   5.875000      6.2500000E-02  0.5506340    
   6.125000      6.2500000E-02  0.5740625    
   6.375000      6.2500000E-02  0.5974834    
   6.625000      6.2500000E-02  0.6208997    
   6.875000      6.2500000E-02  0.6443135    
   7.125000      6.2500000E-02  0.6677269    
   7.375000      6.2500000E-02  0.6911372    
   7.625000      6.2500000E-02  0.7145538    
   7.875000      6.2500000E-02  0.7379519    
   8.125000      6.2500000E-02  0.7614017    
   8.375000      6.2500000E-02  0.7847055    
   8.625000      6.2500000E-02  0.8084202    
   8.875000      6.2500000E-02  0.8309806    
   9.125000      6.2500000E-02  0.8567792    
   9.375000      6.2500000E-02  0.8735021    
   9.625000      6.2500000E-02  0.9157161    
   9.875000      6.2500000E-02  0.8855290    
   10.00000      6.2500000E-02   1.000000    
 
  0.0000000E+00  8.7500006E-02  0.0000000E+00
  0.1250000      8.7500006E-02  6.3922554E-03
  0.3750000      8.7500006E-02  2.3839122E-02
  0.6250000      8.7500006E-02  4.3366253E-02
  0.8750000      8.7500006E-02  6.4354196E-02
   1.125000      8.7500006E-02  8.6480387E-02
   1.375000      8.7500006E-02  0.1094772    
   1.625000      8.7500006E-02  0.1331129    
   1.875000      8.7500006E-02  0.1571945    
   2.125000      8.7500006E-02  0.1815645    
   2.375000      8.7500006E-02  0.2060925    
   2.625000      8.7500006E-02  0.2306689    
   2.875000      8.7500006E-02  0.2552002    
   3.125000      8.7500006E-02  0.2796097    
   3.375000      8.7500006E-02  0.3038396    
   3.625000      8.7500006E-02  0.3278546    
   3.875000      8.7500006E-02  0.3516414    
   4.125000      8.7500006E-02  0.3752070    
   4.375000      8.7500006E-02  0.3985741    
   4.625000      8.7500006E-02  0.4217741    
   4.875000      8.7500006E-02  0.4448423    
   5.125000      8.7500006E-02  0.4678119    
   5.375000      8.7500006E-02  0.4907117    
   5.625000      8.7500006E-02  0.5135643    
   5.875000      8.7500006E-02  0.5363867    
   6.125000      8.7500006E-02  0.5591906    
   6.375000      8.7500006E-02  0.5819836    
   6.625000      8.7500006E-02  0.6047702    
   6.875000      8.7500006E-02  0.6275531    
   7.125000      8.7500006E-02  0.6503354    
   7.375000      8.7500006E-02  0.6731132    
   7.625000      8.7500006E-02  0.6959003    
   7.875000      8.7500006E-02  0.7186605    
   8.125000      8.7500006E-02  0.7414959    
   8.375000      8.7500006E-02  0.7641191    
   8.625000      8.7500006E-02  0.7873386    
   8.875000      8.7500006E-02  0.8088836    
   9.125000      8.7500006E-02  0.8351264    
   9.375000      8.7500006E-02  0.8482023    
   9.625000      8.7500006E-02  0.8982653    
   9.875000      8.7500006E-02  0.8429052    
   10.00000      8.7500006E-02   1.000000    
 
  0.0000000E+00  0.1125000      0.0000000E+00
  0.1250000      0.1125000      5.0249780E-03
  0.3750000      0.1125000      2.0442320E-02
  0.6250000      0.1125000      3.8458195E-02
  0.8750000      0.1125000      5.8335811E-02
   1.125000      0.1125000      7.9668954E-02
   1.375000      0.1125000      0.1021152    
   1.625000      0.1125000      0.1253774    
   1.875000      0.1125000      0.1492089    
   2.125000      0.1125000      0.1734084    
   2.375000      0.1125000      0.1978099    
   2.625000      0.1125000      0.2222733    
   2.875000      0.1125000      0.2466792    
   3.125000      0.1125000      0.2709296    
   3.375000      0.1125000      0.2949504    
   3.625000      0.1125000      0.3186958    
   3.875000      0.1125000      0.3421482    
   4.125000      0.1125000      0.3653162    
   4.375000      0.1125000      0.3882284    
   4.625000      0.1125000      0.4109252    
   4.875000      0.1125000      0.4334514    
   5.125000      0.1125000      0.4558499    
   5.375000      0.1125000      0.4781578    
   5.625000      0.1125000      0.5004044    
   5.875000      0.1125000      0.5226116    
   6.125000      0.1125000      0.5447946    
   6.375000      0.1125000      0.5669634    
   6.625000      0.1125000      0.5891238    
   6.875000      0.1125000      0.6112794    
   7.125000      0.1125000      0.6334343    
   7.375000      0.1125000      0.6555833    
   7.625000      0.1125000      0.6777446    
   7.875000      0.1125000      0.6998699    
   8.125000      0.1125000      0.7220959    
   8.375000      0.1125000      0.7440376    
   8.625000      0.1125000      0.7667783    
   8.875000      0.1125000      0.7872751    
   9.125000      0.1125000      0.8140677    
   9.375000      0.1125000      0.8232126    
   9.625000      0.1125000      0.8819408    
   9.875000      0.1125000      0.7989494    
   10.00000      0.1125000       1.000000    
 
  0.0000000E+00  0.1375000      0.0000000E+00
  0.1250000      0.1375000      3.8583034E-03
  0.3750000      0.1375000      1.7353347E-02
  0.6250000      0.1375000      3.3909868E-02
  0.8750000      0.1375000      5.2714366E-02
   1.125000      0.1375000      7.3283575E-02
   1.375000      0.1375000      9.5201500E-02
   1.625000      0.1375000      0.1181070    
   1.875000      0.1375000      0.1417005    
   2.125000      0.1375000      0.1657385    
   2.375000      0.1375000      0.1900203    
   2.625000      0.1375000      0.2143765    
   2.875000      0.1375000      0.2386627    
   3.125000      0.1375000      0.2627600    
   3.375000      0.1375000      0.2865781    
   3.625000      0.1375000      0.3100609    
   3.875000      0.1375000      0.3331862    
   4.125000      0.1375000      0.3559641    
   4.375000      0.1375000      0.3784287    
   4.625000      0.1375000      0.4006292    
   4.875000      0.1375000      0.4226199    
   5.125000      0.1375000      0.4444534    
   5.375000      0.1375000      0.4661750    
   5.625000      0.1375000      0.4878210    
   5.875000      0.1375000      0.5094180    
   6.125000      0.1375000      0.5309852    
   6.375000      0.1375000      0.5525345    
   6.625000      0.1375000      0.5740734    
   6.875000      0.1375000      0.5956062    
   7.125000      0.1375000      0.6171383    
   7.375000      0.1375000      0.6386628    
   7.625000      0.1375000      0.6602033    
   7.875000      0.1375000      0.6816975    
   8.125000      0.1375000      0.7033205    
   8.375000      0.1375000      0.7245802    
   8.625000      0.1375000      0.7468613    
   8.875000      0.1375000      0.7662734    
   9.125000      0.1375000      0.7937351    
   9.375000      0.1375000      0.7986318    
   9.625000      0.1375000      0.8669356    
   9.875000      0.1375000      0.7537185    
   10.00000      0.1375000       1.000000    
 
  0.0000000E+00  0.1625000      0.0000000E+00
  0.1250000      0.1625000      2.8854022E-03
  0.3750000      0.1625000      1.4590151E-02
  0.6250000      0.1625000      2.9758418E-02
  0.8750000      0.1625000      4.7542252E-02
   1.125000      0.1625000      6.7388617E-02
   1.375000      0.1625000      8.8809684E-02
   1.625000      0.1625000      0.1113816    
   1.875000      0.1625000      0.1347540    
   2.125000      0.1625000      0.1586425    
   2.375000      0.1625000      0.1828135    
   2.625000      0.1625000      0.2070697    
   2.875000      0.1625000      0.2312427    
   3.125000      0.1625000      0.2551931    
   3.375000      0.1625000      0.2788152    
   3.625000      0.1625000      0.3020424    
   3.875000      0.1625000      0.3248483    
   4.125000      0.1625000      0.3472438    
   4.375000      0.1625000      0.3692686    
   4.625000      0.1625000      0.3909803    
   4.875000      0.1625000      0.4124429    
   5.125000      0.1625000      0.4337182    
   5.375000      0.1625000      0.4548601    
   5.625000      0.1625000      0.4759116    
   5.875000      0.1625000      0.4969046    
   6.125000      0.1625000      0.5178615    
   6.375000      0.1625000      0.5387971    
   6.625000      0.1625000      0.5597203    
   6.875000      0.1625000      0.5806359    
   7.125000      0.1625000      0.6015509    
   7.375000      0.1625000      0.6224564    
   7.625000      0.1625000      0.6433817    
   7.875000      0.1625000      0.6642497    
   8.125000      0.1625000      0.6852772    
   8.375000      0.1625000      0.7058549    
   8.625000      0.1625000      0.7276972    
   8.875000      0.1625000      0.7459876    
   9.125000      0.1625000      0.7742434    
   9.375000      0.1625000      0.7745628    
   9.625000      0.1625000      0.8533844    
   9.875000      0.1625000      0.7074134    
   10.00000      0.1625000       1.000000    
 
  0.0000000E+00  0.1875000      0.0000000E+00
  0.1250000      0.1875000      2.0909926E-03
  0.3750000      0.1875000      1.2158042E-02
  0.6250000      0.1875000      2.6029270E-02
  0.8750000      0.1875000      4.2861659E-02
   1.125000      0.1875000      6.2039573E-02
   1.375000      0.1875000      8.3005272E-02
   1.625000      0.1875000      0.1052741    
   1.875000      0.1875000      0.1284471    
   2.125000      0.1875000      0.1522016    
   2.375000      0.1875000      0.1762729    
   2.625000      0.1875000      0.2004374    
   2.875000      0.1875000      0.2245038    
   3.125000      0.1875000      0.2483138    
   3.375000      0.1875000      0.2717463    
   3.625000      0.1875000      0.2947249    
   3.875000      0.1875000      0.3172188    
   4.125000      0.1875000      0.3392396    
   4.375000      0.1875000      0.3608326    
   4.625000      0.1875000      0.3820635    
   4.875000      0.1875000      0.4030056    
   5.125000      0.1875000      0.4237304    
   5.375000      0.1875000      0.4443001    
   5.625000      0.1875000      0.4647642    
   5.875000      0.1875000      0.4851601    
   6.125000      0.1875000      0.5055135    
   6.375000      0.1875000      0.5258420    
   6.625000      0.1875000      0.5461559    
   6.875000      0.1875000      0.5664611    
   7.125000      0.1875000      0.5867654    
   7.375000      0.1875000      0.6070585    
   7.625000      0.1875000      0.6273753    
   7.875000      0.1875000      0.6476229    
   8.125000      0.1875000      0.6680633    
   8.375000      0.1875000      0.6879605    
   8.625000      0.1875000      0.7093850    
   8.875000      0.1875000      0.7265190    
   9.125000      0.1875000      0.7556914    
   9.375000      0.1875000      0.7511144    
   9.625000      0.1875000      0.8413637    
   9.875000      0.1875000      0.6603590    
   10.00000      0.1875000       1.000000    
 
  0.0000000E+00  0.2125000      0.0000000E+00
  0.1250000      0.2125000      1.4548075E-03
  0.3750000      0.2125000      1.0052576E-02
  0.6250000      0.2125000      2.2738259E-02
  0.8750000      0.2125000      3.8706221E-02
   1.125000      0.2125000      5.7284251E-02
   1.375000      0.2125000      7.7846676E-02
   1.625000      0.2125000      9.9850506E-02
   1.875000      0.2125000      0.1228511    
   2.125000      0.2125000      0.1464905    
   2.375000      0.2125000      0.1704751    
   2.625000      0.2125000      0.1945572    
   2.875000      0.2125000      0.2185243    
   3.125000      0.2125000      0.2421999    
   3.375000      0.2125000      0.2654490    
   3.625000      0.2125000      0.2881853    
   3.875000      0.2125000      0.3103740    
   4.125000      0.2125000      0.3320277    
   4.375000      0.2125000      0.3531968    
   4.625000      0.2125000      0.3739548    
   4.875000      0.2125000      0.3943847    
   5.125000      0.2125000      0.4145670    
   5.375000      0.2125000      0.4345723    
   5.625000      0.2125000      0.4544570    
   5.875000      0.2125000      0.4742634    
   6.125000      0.2125000      0.4940212    
   6.375000      0.2125000      0.5137501    
   6.625000      0.2125000      0.5334625    
   6.875000      0.2125000      0.5531647    
   7.125000      0.2125000      0.5728658    
   7.375000      0.2125000      0.5925537    
   7.625000      0.2125000      0.6122699    
   7.875000      0.2125000      0.6319041    
   8.125000      0.2125000      0.6517665    
   8.375000      0.2125000      0.6709858    
   8.625000      0.2125000      0.6920133    
   8.875000      0.2125000      0.7079610    
   9.125000      0.2125000      0.7381628    
   9.375000      0.2125000      0.7284024    
   9.625000      0.2125000      0.8308923    
   9.875000      0.2125000      0.6129808    
   10.00000      0.2125000       1.000000    
 
  0.0000000E+00  0.2375000      0.0000000E+00
  0.1250000      0.2375000      9.5430977E-04
  0.3750000      0.2375000      8.2623959E-03
  0.6250000      0.2375000      1.9893922E-02
  0.8750000      0.2375000      3.5102803E-02
   1.125000      0.2375000      5.3164143E-02
   1.375000      0.2375000      7.3386207E-02
   1.625000      0.2375000      9.5170841E-02
   1.875000      0.2375000      0.1180314    
   2.125000      0.2375000      0.1415779    
   2.375000      0.2375000      0.1654908    
   2.625000      0.2375000      0.1895007    
   2.875000      0.2375000      0.2133758    
   3.125000      0.2375000      0.2369228    
   3.375000      0.2375000      0.2599936    
   3.625000      0.2375000      0.2824931    
   3.875000      0.2375000      0.3043827    
   4.125000      0.2375000      0.3256760    
   4.375000      0.2375000      0.3464286    
   4.625000      0.2375000      0.3667218    
   4.875000      0.2375000      0.3866478    
   5.125000      0.2375000      0.4062961    
   5.375000      0.2375000      0.4257456    
   5.625000      0.2375000      0.4450594    
   5.875000      0.2375000      0.4642850    
   6.125000      0.2375000      0.4834556    
   6.375000      0.2375000      0.5025934    
   6.625000      0.2375000      0.5217127    
   6.875000      0.2375000      0.5408203    
   7.125000      0.2375000      0.5599267    
   7.375000      0.2375000      0.5790181    
   7.625000      0.2375000      0.5981420    
   7.875000      0.2375000      0.6171708    
   8.125000      0.2375000      0.6364651    
   8.375000      0.2375000      0.6550110    
   8.625000      0.2375000      0.6756609    
   8.875000      0.2375000      0.6904001    
   9.125000      0.2375000      0.7217257    
   9.375000      0.2375000      0.7065500    
   9.625000      0.2375000      0.8219335    
   9.875000      0.2375000      0.5657842    
   10.00000      0.2375000       1.000000    
 
  0.0000000E+00  0.2625000      0.0000000E+00
  0.1250000      0.2625000      5.6672661E-04
  0.3750000      0.2625000      6.7719650E-03
  0.6250000      0.2625000      1.7499879E-02
  0.8750000      0.2625000      3.2073382E-02
   1.125000      0.2625000      4.9715776E-02
   1.375000      0.2625000      6.9671087E-02
   1.625000      0.2625000      9.1289766E-02
   1.875000      0.2625000      0.1140476    
   2.125000      0.2625000      0.1375265    
   2.375000      0.2625000      0.1613847    
   2.625000      0.2625000      0.1853333    
   2.875000      0.2625000      0.2091234    
   3.125000      0.2625000      0.2325469    
   3.375000      0.2625000      0.2554436    
   3.625000      0.2625000      0.2777107    
   3.875000      0.2625000      0.2993062    
   4.125000      0.2625000      0.3202451    
   4.375000      0.2625000      0.3405880    
   4.625000      0.2625000      0.3604241    
   4.875000      0.2625000      0.3798544    
   5.125000      0.2625000      0.3989775    
   5.375000      0.2625000      0.4178803    
   5.625000      0.2625000      0.4366325    
   5.875000      0.2625000      0.4552864    
   6.125000      0.2625000      0.4738792    
   6.375000      0.2625000      0.4924355    
   6.625000      0.2625000      0.5109709    
   6.875000      0.2625000      0.5294933    
   7.125000      0.2625000      0.5480145    
   7.375000      0.2625000      0.5665185    
   7.625000      0.2625000      0.5850598    
   7.875000      0.2625000      0.6034921    
   8.125000      0.2625000      0.6222285    
   8.375000      0.2625000      0.6401079    
   8.625000      0.2625000      0.6603968    
   8.875000      0.2625000      0.6739162    
   9.125000      0.2625000      0.7064337    
   9.375000      0.2625000      0.6856881    
   9.625000      0.2625000      0.8143997    
   9.875000      0.2625000      0.5193328    
   10.00000      0.2625000       1.000000    
 
  0.0000000E+00  0.2875000      0.0000000E+00
  0.1250000      0.2875000      2.7049828E-04
  0.3750000      0.2875000      5.5641229E-03
  0.6250000      0.2875000      1.5557197E-02
  0.8750000      0.2875000      2.9636968E-02
   1.125000      0.2875000      4.6972211E-02
   1.375000      0.2875000      6.6744469E-02
   1.625000      0.2875000      8.8257387E-02
   1.875000      0.2875000      0.1109543    
   2.125000      0.2875000      0.1343939    
   2.375000      0.2875000      0.1582155    
   2.625000      0.2875000      0.1821142    
   2.875000      0.2875000      0.2058261    
   3.125000      0.2875000      0.2291301    
   3.375000      0.2875000      0.2518559    
   3.625000      0.2875000      0.2738936    
   3.875000      0.2875000      0.2951988    
   4.125000      0.2875000      0.3157881    
   4.375000      0.2875000      0.3357275    
   4.625000      0.2875000      0.3551136    
   4.875000      0.2875000      0.3740566    
   5.125000      0.2875000      0.3926634    
   5.375000      0.2875000      0.4110289    
   5.625000      0.2875000      0.4292293    
   5.875000      0.2875000      0.4473216    
   6.125000      0.2875000      0.4653467    
   6.375000      0.2875000      0.4833315    
   6.625000      0.2875000      0.5012934    
   6.875000      0.2875000      0.5192409    
   7.125000      0.2875000      0.5371870    
   7.375000      0.2875000      0.5551140    
   7.625000      0.2875000      0.5730830    
   7.875000      0.2875000      0.5909290    
   8.125000      0.2875000      0.6091182    
   8.375000      0.2875000      0.6263404    
   8.625000      0.2875000      0.6462812    
   8.875000      0.2875000      0.6585829    
   9.125000      0.2875000      0.6923270    
   9.375000      0.2875000      0.6659534    
   9.625000      0.2875000      0.8081593    
   9.875000      0.2875000      0.4742288    
   10.00000      0.2875000       1.000000    
 
  0.0000000E+00  0.3125000      0.0000000E+00
  0.1250000      0.3125000      4.6262263E-05
  0.3750000      0.3125000      4.6224254E-03
  0.6250000      0.3125000      1.4066765E-02
  0.8750000      0.3125000      2.7811531E-02
   1.125000      0.3125000      4.4964481E-02
   1.375000      0.3125000      6.4646482E-02
   1.625000      0.3125000      8.6119853E-02
   1.875000      0.3125000      0.1088016    
   2.125000      0.3125000      0.1322322    
   2.375000      0.3125000      0.1560367    
   2.625000      0.3125000      0.1798969    
   2.875000      0.3125000      0.2035369    
   3.125000      0.3125000      0.2267246    
   3.375000      0.3125000      0.2492810    
   3.625000      0.3125000      0.2710908    
   3.875000      0.3125000      0.2921080    
   4.125000      0.3125000      0.3123515    
   4.375000      0.3125000      0.3318925    
   4.625000      0.3125000      0.3508354    
   4.875000      0.3125000      0.3692989    
   5.125000      0.3125000      0.3873986    
   5.375000      0.3125000      0.4052366    
   5.625000      0.3125000      0.4228954    
   5.875000      0.3125000      0.4404369    
   6.125000      0.3125000      0.4579052    
   6.375000      0.3125000      0.4753297    
   6.625000      0.3125000      0.4927292    
   6.875000      0.3125000      0.5101127    
   7.125000      0.3125000      0.5274951    
   7.375000      0.3125000      0.5448561    
   7.625000      0.3125000      0.5622640    
   7.875000      0.3125000      0.5795349    
   8.125000      0.3125000      0.5971878    
   8.375000      0.3125000      0.6137648    
   8.625000      0.3125000      0.6333666    
   8.875000      0.3125000      0.6444677    
   9.125000      0.3125000      0.6794335    
   9.375000      0.3125000      0.6474871    
   9.625000      0.3125000      0.8030450    
   9.875000      0.3125000      0.4310931    
   10.00000      0.3125000       1.000000    
 
  0.0000000E+00  0.3375000      0.0000000E+00
  0.1250000      0.3375000     -1.2250627E-04
  0.3750000      0.3375000      3.9332681E-03
  0.6250000      0.3375000      1.3031533E-02
  0.8750000      0.3375000      2.6615838E-02
   1.125000      0.3375000      4.3722924E-02
   1.375000      0.3375000      6.3415155E-02
   1.625000      0.3375000      8.4920116E-02
   1.875000      0.3375000      0.1076354    
   2.125000      0.3375000      0.1310891    
   2.375000      0.3375000      0.1548963    
   2.625000      0.3375000      0.1787293    
   2.875000      0.3375000      0.2023028    
   3.125000      0.3375000      0.2253760    
   3.375000      0.3375000      0.2477631    
   3.625000      0.3375000      0.2693450    
   3.875000      0.3375000      0.2900749    
   4.125000      0.3375000      0.3099749    
   4.375000      0.3375000      0.3291218    
   4.625000      0.3375000      0.3476276    
   4.875000      0.3375000      0.3656195    
   5.125000      0.3375000      0.3832211    
   5.375000      0.3375000      0.4005418    
   5.625000      0.3375000      0.4176698    
   5.875000      0.3375000      0.4346718    
   6.125000      0.3375000      0.4515950    
   6.375000      0.3375000      0.4684709    
   6.625000      0.3375000      0.4853199    
   6.875000      0.3375000      0.5021517    
   7.125000      0.3375000      0.5189822    
   7.375000      0.3375000      0.5357894    
   7.625000      0.3375000      0.5526481    
   7.875000      0.3375000      0.5693564    
   8.125000      0.3375000      0.5864840    
   8.375000      0.3375000      0.6024306    
   8.625000      0.3375000      0.6216974    
   8.875000      0.3375000      0.6316321    
   9.125000      0.3375000      0.6677709    
   9.375000      0.3375000      0.6304322    
   9.625000      0.3375000      0.7988638    
   9.875000      0.3375000      0.3905461    
   10.00000      0.3375000       1.000000    
 
  0.0000000E+00  0.3625000      0.0000000E+00
  0.1250000      0.3625000     -2.4907643E-04
  0.3750000      0.3625000      3.4878021E-03
  0.6250000      0.3625000      1.2458611E-02
  0.8750000      0.3625000      2.6071174E-02
   1.125000      0.3625000      4.3278437E-02
   1.375000      0.3625000      6.3087299E-02
   1.625000      0.3625000      8.4698409E-02
   1.875000      0.3625000      0.1074978    
   2.125000      0.3625000      0.1310074    
   2.375000      0.3625000      0.1548373    
   2.625000      0.3625000      0.1786537    
   2.875000      0.3625000      0.2021649    
   3.125000      0.3625000      0.2251240    
   3.375000      0.3625000      0.2473403    
   3.625000      0.3625000      0.2686924    
   3.875000      0.3625000      0.2891345    
   4.125000      0.3625000      0.3086920    
   4.375000      0.3625000      0.3274481    
   4.625000      0.3625000      0.3455224    
   4.875000      0.3625000      0.3630501    
   5.125000      0.3625000      0.3801628    
   5.375000      0.3625000      0.3969765    
   5.625000      0.3625000      0.4135852    
   5.875000      0.3625000      0.4300595    
   6.125000      0.3625000      0.4464499    
   6.375000      0.3625000      0.4627897    
   6.625000      0.3625000      0.4791011    
   6.875000      0.3625000      0.4953939    
   7.125000      0.3625000      0.5116854    
   7.375000      0.3625000      0.5279517    
   7.625000      0.3625000      0.5442738    
   7.875000      0.3625000      0.5604330    
   8.125000      0.3625000      0.5770465    
   8.375000      0.3625000      0.5923806    
   8.625000      0.3625000      0.6113114    
   8.875000      0.3625000      0.6201317    
   9.125000      0.3625000      0.6573479    
   9.375000      0.3625000      0.6149295    
   9.625000      0.3625000      0.7954082    
   9.875000      0.3625000      0.3531904    
   10.00000      0.3625000       1.000000    
 
  0.0000000E+00  0.3875000      0.0000000E+00
  0.1250000      0.3875000     -3.4315186E-04
  0.3750000      0.3875000      3.2836625E-03
  0.6250000      0.3875000      1.2361162E-02
  0.8750000      0.3875000      2.6202820E-02
   1.125000      0.3875000      4.3663476E-02
   1.375000      0.3875000      6.3699104E-02
   1.625000      0.3875000      8.5492693E-02
   1.875000      0.3875000      0.1084273    
   2.125000      0.3875000      0.1320256    
   2.375000      0.3875000      0.1558974    
   2.625000      0.3875000      0.1797070    
   2.875000      0.3875000      0.2031589    
   3.125000      0.3875000      0.2260025    
   3.375000      0.3875000      0.2480447    
   3.625000      0.3875000      0.2691636    
   3.875000      0.3875000      0.2893155    
   4.125000      0.3875000      0.3085305    
   4.375000      0.3875000      0.3268981    
   4.625000      0.3875000      0.3445458    
   4.875000      0.3875000      0.3616166    
   5.125000      0.3875000      0.3782494    
   5.375000      0.3875000      0.3945669    
   5.625000      0.3875000      0.4106679    
   5.875000      0.3875000      0.4266272    
   6.125000      0.3875000      0.4424979    
   6.375000      0.3875000      0.4583150    
   6.625000      0.3875000      0.4741021    
   6.875000      0.3875000      0.4898697    
   7.125000      0.3875000      0.5056357    
   7.375000      0.3875000      0.5213750    
   7.625000      0.3875000      0.5371740    
   7.875000      0.3875000      0.5527987    
   8.125000      0.3875000      0.5689091    
   8.375000      0.3875000      0.5836518    
   8.625000      0.3875000      0.6022400    
   8.875000      0.3875000      0.6100160    
   9.125000      0.3875000      0.6481670    
   9.375000      0.3875000      0.6011140    
   9.625000      0.3875000      0.7924681    
   9.875000      0.3875000      0.3195945    
   10.00000      0.3875000       1.000000    
 
  0.0000000E+00  0.4125000      0.0000000E+00
  0.1250000      0.4125000     -4.1056724E-04
  0.3750000      0.4125000      3.3265450E-03
  0.6250000      0.4125000      1.2760051E-02
  0.8750000      0.4125000      2.7041249E-02
   1.125000      0.4125000      4.4912875E-02
   1.375000      0.4125000      6.5286718E-02
   1.625000      0.4125000      8.7338999E-02
   1.875000      0.4125000      0.1104592    
   2.125000      0.4125000      0.1341779    
   2.375000      0.4125000      0.1581097    
   2.625000      0.4125000      0.1819205    
   2.875000      0.4125000      0.2053144    
   3.125000      0.4125000      0.2280396    
   3.375000      0.4125000      0.2499028    
   3.625000      0.4125000      0.2707834    
   3.875000      0.4125000      0.2906413    
   4.125000      0.4125000      0.3095123    
   4.375000      0.4125000      0.3274929    
   4.625000      0.4125000      0.3447184    
   4.875000      0.4125000      0.3613392    
   5.125000      0.4125000      0.3775016    
   5.375000      0.4125000      0.3933338    
   5.625000      0.4125000      0.4089395    
   5.875000      0.4125000      0.4243968    
   6.125000      0.4125000      0.4397614    
   6.375000      0.4125000      0.4550699    
   6.625000      0.4125000      0.4703470    
   6.875000      0.4125000      0.4856037    
   7.125000      0.4125000      0.5008587    
   7.375000      0.4125000      0.5160857    
   7.625000      0.4125000      0.5313756    
   7.875000      0.4125000      0.5464815    
   8.125000      0.4125000      0.5621002    
   8.375000      0.4125000      0.5762752    
   8.625000      0.4125000      0.5945096    
   8.875000      0.4125000      0.6013281    
   9.125000      0.4125000      0.6402269    
   9.375000      0.4125000      0.5891102    
   9.625000      0.4125000      0.7898416    
   9.875000      0.4125000      0.2902780    
   10.00000      0.4125000       1.000000    
 
  0.0000000E+00  0.4375000      0.0000000E+00
  0.1250000      0.4375000     -4.5289830E-04
  0.3750000      0.4375000      3.6316449E-03
  0.6250000      0.4375000      1.3685179E-02
  0.8750000      0.4375000      2.8623013E-02
   1.125000      0.4375000      4.7064297E-02
   1.375000      0.4375000      6.7886427E-02
   1.625000      0.4375000      9.0271458E-02
   1.875000      0.4375000      0.1136255    
   2.125000      0.4375000      0.1374941    
   2.375000      0.4375000      0.1615020    
   2.625000      0.4375000      0.1853204    
   2.875000      0.4375000      0.2086557    
   3.125000      0.4375000      0.2312577    
   3.375000      0.4375000      0.2529351    
   3.625000      0.4375000      0.2735707    
   3.875000      0.4375000      0.2931296    
   4.125000      0.4375000      0.3116542    
   4.375000      0.4375000      0.3292485    
   4.625000      0.4375000      0.3460556    
   4.875000      0.4375000      0.3622335    
   5.125000      0.4375000      0.3779348    
   5.375000      0.4375000      0.3932930    
   5.625000      0.4375000      0.4084162    
   5.875000      0.4375000      0.4233852    
   6.125000      0.4375000      0.4382581    
   6.375000      0.4375000      0.4530727    
   6.625000      0.4375000      0.4678549    
   6.875000      0.4375000      0.4826158    
   7.125000      0.4375000      0.4973751    
   7.375000      0.4375000      0.5121052    
   7.625000      0.4375000      0.5269006    
   7.875000      0.4375000      0.5415047    
   8.125000      0.4375000      0.5566428    
   8.375000      0.4375000      0.5702766    
   8.625000      0.4375000      0.5881413    
   8.875000      0.4375000      0.5941048    
   9.125000      0.4375000      0.6335242    
   9.375000      0.4375000      0.5790282    
   9.625000      0.4375000      0.7873463    
   9.875000      0.4375000      0.2656985    
   10.00000      0.4375000       1.000000    
 
  0.0000000E+00  0.4625000      0.0000000E+00
  0.1250000      0.4625000     -4.6690580E-04
  0.3750000      0.4625000      4.2249840E-03
  0.6250000      0.4625000      1.5176492E-02
  0.8750000      0.4625000      3.0991230E-02
   1.125000      0.4625000      5.0158393E-02
   1.375000      0.4625000      7.1534663E-02
   1.625000      0.4625000      9.4322257E-02
   1.875000      0.4625000      0.1179547    
   2.125000      0.4625000      0.1419998    
   2.375000      0.4625000      0.1660973    
   2.625000      0.4625000      0.1899271    
   2.875000      0.4625000      0.2132013    
   3.125000      0.4625000      0.2356734    
   3.375000      0.4625000      0.2571566    
   3.625000      0.4625000      0.2775392    
   3.875000      0.4625000      0.2967928    
   4.125000      0.4625000      0.3149676    
   4.375000      0.4625000      0.3321759    
   4.625000      0.4625000      0.3485684    
   4.875000      0.4625000      0.3643101    
   5.125000      0.4625000      0.3795598    
   5.375000      0.4625000      0.3944558    
   5.625000      0.4625000      0.4091096    
   5.875000      0.4625000      0.4236047    
   6.125000      0.4625000      0.4380009    
   6.375000      0.4625000      0.4523372    
   6.625000      0.4625000      0.4666401    
   6.875000      0.4625000      0.4809211    
   7.125000      0.4625000      0.4952006    
   7.375000      0.4625000      0.5094500    
   7.625000      0.4625000      0.5237666    
   7.875000      0.4625000      0.5378862    
   8.125000      0.4625000      0.5525556    
   8.375000      0.4625000      0.5656767    
   8.625000      0.4625000      0.5831526    
   8.875000      0.4625000      0.5883759    
   9.125000      0.4625000      0.6280560    
   9.375000      0.4625000      0.5709594    
   9.625000      0.4625000      0.7848295    
   9.875000      0.4625000      0.2462410    
   10.00000      0.4625000       1.000000    
 
  0.0000000E+00  0.4875000      0.0000000E+00
  0.1250000      0.4875000     -4.4374695E-04
  0.3750000      0.4875000      5.1446105E-03
  0.6250000      0.4875000      1.7284576E-02
  0.8750000      0.4875000      3.4195613E-02
   1.125000      0.4875000      5.4238573E-02
   1.375000      0.4875000      7.6267667E-02
   1.625000      0.4875000      9.9521391E-02
   1.875000      0.4875000      0.1234717    
   2.125000      0.4875000      0.1477158    
   2.375000      0.4875000      0.1719132    
   2.625000      0.4875000      0.1957560    
   2.875000      0.4875000      0.2189641    
   3.125000      0.4875000      0.2412980    
   3.375000      0.4875000      0.2625770    
   3.625000      0.4875000      0.2826971    
   3.875000      0.4875000      0.3016383    
   4.125000      0.4875000      0.3194595    
   4.375000      0.4875000      0.3362814    
   4.625000      0.4875000      0.3522629    
   4.875000      0.4875000      0.3675755    
   5.125000      0.4875000      0.3823835    
   5.375000      0.4875000      0.3968293    
   5.625000      0.4875000      0.4110276    
   5.875000      0.4875000      0.4250638    
   6.125000      0.4875000      0.4389989    
   6.375000      0.4875000      0.4528730    
   6.625000      0.4875000      0.4667131    
   6.875000      0.4875000      0.4805308    
   7.125000      0.4875000      0.4943470    
   7.375000      0.4875000      0.5081328    
   7.625000      0.4875000      0.5219867    
   7.875000      0.4875000      0.5356404    
   8.125000      0.4875000      0.5498527    
   8.375000      0.4875000      0.5624917    
   8.625000      0.4875000      0.5795571    
   8.875000      0.4875000      0.5841648    
   9.125000      0.4875000      0.6238215    
   9.375000      0.4875000      0.5649732    
   9.625000      0.4875000      0.7821765    
   9.875000      0.4875000      0.2322072    
   10.00000      0.4875000       1.000000    
 
  0.0000000E+00  0.5125000      0.0000000E+00
  0.1250000      0.5125000     -3.6789870E-04
  0.3750000      0.5125000      6.4416518E-03
  0.6250000      0.5125000      2.0070782E-02
  0.8750000      0.5125000      3.8292032E-02
   1.125000      0.5125000      5.9350386E-02
   1.375000      0.5125000      8.2120970E-02
   1.625000      0.5125000      0.1058962    
   1.875000      0.5125000      0.1301975    
   2.125000      0.5125000      0.1546584    
   2.375000      0.5125000      0.1789623    
   2.625000      0.5125000      0.2028165    
   2.875000      0.5125000      0.2259516    
   3.125000      0.5125000      0.2481369    
   3.375000      0.5125000      0.2692006    
   3.625000      0.5125000      0.2890479    
   3.875000      0.5125000      0.3076688    
   4.125000      0.5125000      0.3251320    
   4.375000      0.5125000      0.3415673    
   4.625000      0.5125000      0.3571414    
   4.875000      0.5125000      0.3720323    
   5.125000      0.5125000      0.3864088    
   5.375000      0.5125000      0.4004171    
   5.625000      0.5125000      0.4141741    
   5.875000      0.5125000      0.4277669    
   6.125000      0.5125000      0.4412573    
   6.375000      0.5125000      0.4546860    
   6.625000      0.5125000      0.4680804    
   6.875000      0.5125000      0.4814523    
   7.125000      0.5125000      0.4948225    
   7.375000      0.5125000      0.5081620    
   7.625000      0.5125000      0.5215700    
   7.875000      0.5125000      0.5347771    
   8.125000      0.5125000      0.5485450    
   8.375000      0.5125000      0.5607335    
   8.625000      0.5125000      0.5773659    
   8.875000      0.5125000      0.5814880    
   9.125000      0.5125000      0.6208236    
   9.375000      0.5125000      0.5611147    
   9.625000      0.5125000      0.7793176    
   9.875000      0.5125000      0.2238088    
   10.00000      0.5125000       1.000000    
 
  0.0000000E+00  0.5375000      0.0000000E+00
  0.1250000      0.5375000     -2.1575547E-04
  0.3750000      0.5375000      8.1811463E-03
  0.6250000      0.5375000      2.3606846E-02
  0.8750000      0.5375000      4.3341558E-02
   1.125000      0.5375000      6.5540552E-02
   1.375000      0.5375000      8.9128539E-02
   1.625000      0.5375000      0.1134706    
   1.875000      0.5375000      0.1381487    
   2.125000      0.5375000      0.1628387    
   2.375000      0.5375000      0.1872515    
   2.625000      0.5375000      0.2111127    
   2.875000      0.5375000      0.2341656    
   3.125000      0.5375000      0.2561903    
   3.375000      0.5375000      0.2770262    
   3.625000      0.5375000      0.2965897    
   3.875000      0.5375000      0.3148822    
   4.125000      0.5375000      0.3319831    
   4.375000      0.5375000      0.3480317    
   4.625000      0.5375000      0.3632024    
   4.875000      0.5375000      0.3776792    
   5.125000      0.5375000      0.3916352    
   5.375000      0.5375000      0.4052192    
   5.625000      0.5375000      0.4185498    
   5.875000      0.5375000      0.4317154    
   6.125000      0.5375000      0.4447780    
   6.375000      0.5375000      0.4577788    
   6.625000      0.5375000      0.4707452    
   6.875000      0.5375000      0.4836892    
   7.125000      0.5375000      0.4966313    
   7.375000      0.5375000      0.5095432    
   7.625000      0.5375000      0.5225227    
   7.875000      0.5375000      0.5353032    
   8.125000      0.5375000      0.5486396    
   8.375000      0.5375000      0.5604100    
   8.625000      0.5375000      0.5765873    
   8.875000      0.5375000      0.5803551    
   9.125000      0.5375000      0.6190701    
   9.375000      0.5375000      0.5594029    
   9.625000      0.5375000      0.7762328    
   9.875000      0.5375000      0.2211613    
   10.00000      0.5375000       1.000000    
 
  0.0000000E+00  0.5625000      0.0000000E+00
  0.1250000      0.5625000      4.6117795E-05
  0.3750000      0.5625000      1.0442567E-02
  0.6250000      0.5625000      2.7973913E-02
  0.8750000      0.5625000      4.9409032E-02
   1.125000      0.5625000      7.2855599E-02
   1.375000      0.5625000      9.7321764E-02
   1.625000      0.5625000      0.1222648    
   1.875000      0.5625000      0.1473370    
   2.125000      0.5625000      0.1722624    
   2.375000      0.5625000      0.1967824    
   2.625000      0.5625000      0.2206428    
   2.875000      0.5625000      0.2436020    
   3.125000      0.5625000      0.2654531    
   3.375000      0.5625000      0.2860480    
   3.625000      0.5625000      0.3053163    
   3.875000      0.5625000      0.3232722    
   4.125000      0.5625000      0.3400068    
   4.375000      0.5625000      0.3556690    
   4.625000      0.5625000      0.3704409    
   4.875000      0.5625000      0.3845120    
   5.125000      0.5625000      0.3980590    
   5.375000      0.5625000      0.4112326    
   5.625000      0.5625000      0.4241525    
   5.875000      0.5625000      0.4369076    
   6.125000      0.5625000      0.4495601    
   6.375000      0.5625000      0.4621512    
   6.625000      0.5625000      0.4747081    
   6.875000      0.5625000      0.4872426    
   7.125000      0.5625000      0.4997754    
   7.375000      0.5625000      0.5122783    
   7.625000      0.5625000      0.5248476    
   7.875000      0.5625000      0.5372218    
   8.125000      0.5625000      0.5501407    
   8.375000      0.5625000      0.5615256    
   8.625000      0.5625000      0.5772275    
   8.875000      0.5625000      0.5807697    
   9.125000      0.5625000      0.6185738    
   9.375000      0.5625000      0.5598307    
   9.625000      0.5625000      0.7729538    
   9.875000      0.5625000      0.2242808    
   10.00000      0.5625000       1.000000    
 
  0.0000000E+00  0.5875000      0.0000000E+00
  0.1250000      0.5875000      4.6306831E-04
  0.3750000      0.5875000      1.3319924E-02
  0.6250000      0.5875000      3.3260912E-02
  0.8750000      0.5875000      5.6561068E-02
   1.125000      0.5875000      8.1340201E-02
   1.375000      0.5875000      0.1067281    
   1.625000      0.5875000      0.1322935    
   1.875000      0.5875000      0.1577685    
   2.125000      0.5875000      0.1829291    
   2.375000      0.5875000      0.2075502    
   2.625000      0.5875000      0.2313993    
   2.875000      0.5875000      0.2542516    
   3.125000      0.5875000      0.2759145    
   3.375000      0.5875000      0.2962549    
   3.625000      0.5875000      0.3152169    
   3.875000      0.5875000      0.3328285    
   4.125000      0.5875000      0.3491933    
   4.375000      0.5875000      0.3644703    
   4.625000      0.5875000      0.3788490    
   4.875000      0.5875000      0.3925235    
   5.125000      0.5875000      0.4056737    
   5.375000      0.5875000      0.4184515    
   5.625000      0.5875000      0.4309771    
   5.875000      0.5875000      0.4433392    
   6.125000      0.5875000      0.4555999    
   6.375000      0.5875000      0.4678000    
   6.625000      0.5875000      0.4799664    
   6.875000      0.5875000      0.4921108    
   7.125000      0.5875000      0.5042532    
   7.375000      0.5875000      0.5163668    
   7.625000      0.5875000      0.5285446    
   7.875000      0.5875000      0.5405337    
   8.125000      0.5875000      0.5530497    
   8.375000      0.5875000      0.5640815    
   8.625000      0.5875000      0.5792911    
   8.875000      0.5875000      0.5827294    
   9.125000      0.5875000      0.6193533    
   9.375000      0.5875000      0.5623654    
   9.625000      0.5875000      0.7695652    
   9.875000      0.5875000      0.2330817    
   10.00000      0.5875000       1.000000    
 
  0.0000000E+00  0.6125000      0.0000000E+00
  0.1250000      0.6125000      1.0947331E-03
  0.3750000      0.6125000      1.6921286E-02
  0.6250000      0.6125000      3.9562281E-02
  0.8750000      0.6125000      6.4863689E-02
   1.125000      0.6125000      9.1035262E-02
   1.375000      0.6125000      0.1173699    
   1.625000      0.6125000      0.1435660    
   1.875000      0.6125000      0.1694431    
   2.125000      0.6125000      0.1948327    
   2.375000      0.6125000      0.2195444    
   2.625000      0.6125000      0.2433690    
   2.875000      0.6125000      0.2660993    
   3.125000      0.6125000      0.2875592    
   3.375000      0.6125000      0.3076315    
   3.625000      0.6125000      0.3262764    
   3.875000      0.6125000      0.3435369    
   4.125000      0.6125000      0.3595296    
   4.375000      0.6125000      0.3744237    
   4.625000      0.6125000      0.3884155    
   4.875000      0.6125000      0.4017038    
   5.125000      0.6125000      0.4144704    
   5.375000      0.6125000      0.4268679    
   5.625000      0.6125000      0.4390162    
   5.875000      0.6125000      0.4510036    
   6.125000      0.6125000      0.4628914    
   6.375000      0.6125000      0.4747197    
   6.625000      0.6125000      0.4865152    
   6.875000      0.6125000      0.4982893    
   7.125000      0.6125000      0.5100613    
   7.375000      0.6125000      0.5218057    
   7.625000      0.6125000      0.5336113    
   7.875000      0.6125000      0.5452366    
   8.125000      0.6125000      0.5573656    
   8.375000      0.6125000      0.5680756    
   8.625000      0.6125000      0.5827805    
   8.875000      0.6125000      0.5862262    
   9.125000      0.6125000      0.6214313    
   9.375000      0.6125000      0.5669509    
   9.625000      0.6125000      0.7662014    
   9.875000      0.6125000      0.2473772    
   10.00000      0.6125000       1.000000    
 
  0.0000000E+00  0.6375000      0.0000000E+00
  0.1250000      0.6375000      2.0176249E-03
  0.3750000      0.6375000      2.1367513E-02
  0.6250000      0.6375000      4.6974991E-02
  0.8750000      0.6375000      7.4379563E-02
   1.125000      0.6375000      0.1019759    
   1.375000      0.6375000      0.1292626    
   1.625000      0.6375000      0.1560844    
   1.875000      0.6375000      0.1823540    
   2.125000      0.6375000      0.2079602    
   2.375000      0.6375000      0.2327480    
   2.625000      0.6375000      0.2565323    
   2.875000      0.6375000      0.2791246    
   3.125000      0.6375000      0.3003663    
   3.375000      0.6375000      0.3201575    
   3.625000      0.6375000      0.3384757    
   3.875000      0.6375000      0.3553797    
   4.125000      0.6375000      0.3709995    
   4.375000      0.6375000      0.3855143    
   4.625000      0.6375000      0.3991272    
   4.875000      0.6375000      0.4120406    
   5.125000      0.6375000      0.4244378    
   5.375000      0.6375000      0.4364713    
   5.625000      0.6375000      0.4482603    
   5.875000      0.6375000      0.4598919    
   6.125000      0.6375000      0.4714261    
   6.375000      0.6375000      0.4829028    
   6.625000      0.6375000      0.4943475    
   6.875000      0.6375000      0.5057716    
   7.125000      0.6375000      0.5171936    
   7.375000      0.6375000      0.5285894    
   7.625000      0.6375000      0.5400429    
   7.875000      0.6375000      0.5513260    
   8.125000      0.6375000      0.5630853    
   8.375000      0.6375000      0.5735035    
   8.625000      0.6375000      0.5876970    
   8.875000      0.6375000      0.5912480    
   9.125000      0.6375000      0.6248346    
   9.375000      0.6375000      0.5735112    
   9.625000      0.6375000      0.7630422    
   9.875000      0.6375000      0.2668820    
   10.00000      0.6375000       1.000000    
 
  0.0000000E+00  0.6625000      0.0000000E+00
  0.1250000      0.6625000      3.3277848E-03
  0.3750000      0.6625000      2.6790114E-02
  0.6250000      0.6625000      5.5594880E-02
  0.8750000      0.6625000      8.5164890E-02
   1.125000      0.6625000      0.1141890    
   1.375000      0.6625000      0.1424136    
   1.625000      0.6625000      0.1698431    
   1.875000      0.6625000      0.1964869    
   2.125000      0.6625000      0.2222916    
   2.375000      0.6625000      0.2471378    
   2.625000      0.6625000      0.2708642    
   2.875000      0.6625000      0.2933019    
   3.125000      0.6625000      0.3143106    
   3.375000      0.6625000      0.3338088    
   3.625000      0.6625000      0.3517921    
   3.875000      0.6625000      0.3683360    
   4.125000      0.6625000      0.3835838    
   4.375000      0.6625000      0.3977247    
   4.625000      0.6625000      0.4109681    
   4.875000      0.6625000      0.4235195    
   5.125000      0.6625000      0.4355626    
   5.375000      0.6625000      0.4472495    
   5.625000      0.6625000      0.4586979    
   5.875000      0.6625000      0.4699931    
   6.125000      0.6625000      0.4811941    
   6.375000      0.6625000      0.4923397    
   6.625000      0.6625000      0.5034545    
   6.875000      0.6625000      0.5145494    
   7.125000      0.6625000      0.5256422    
   7.375000      0.6625000      0.5367104    
   7.625000      0.6625000      0.5478325    
   7.875000      0.6625000      0.5587954    
   8.125000      0.6625000      0.5702029    
   8.375000      0.6625000      0.5803582    
   8.625000      0.6625000      0.5940395    
   8.875000      0.6625000      0.5977782    
   9.125000      0.6625000      0.6295924    
   9.375000      0.6625000      0.5819543    
   9.625000      0.6625000      0.7603058    
   9.875000      0.6625000      0.2912161    
   10.00000      0.6625000       1.000000    
 
  0.0000000E+00  0.6875000      0.0000000E+00
  0.1250000      0.6875000      5.1432950E-03
  0.3750000      0.6875000      3.3327967E-02
  0.6250000      0.6875000      6.5512441E-02
  0.8750000      0.6875000      9.7266220E-02
   1.125000      0.6875000      0.1276916    
   1.375000      0.6875000      0.1568208    
   1.625000      0.6875000      0.1848277    
   1.875000      0.6875000      0.2118196    
   2.125000      0.6875000      0.2377999    
   2.375000      0.6875000      0.2626838    
   2.625000      0.6875000      0.2863337    
   2.875000      0.6875000      0.3086001    
   3.125000      0.6875000      0.3293620    
   3.375000      0.6875000      0.3485570    
   3.625000      0.6875000      0.3661995    
   3.875000      0.6875000      0.3823817    
   4.125000      0.6875000      0.3972608    
   4.375000      0.6875000      0.4110354    
   4.625000      0.6875000      0.4239206    
   4.875000      0.6875000      0.4361241    
   5.125000      0.6875000      0.4478298    
   5.375000      0.6875000      0.4591884    
   5.625000      0.6875000      0.4703157    
   5.875000      0.6875000      0.4812949    
   6.125000      0.6875000      0.4921835    
   6.375000      0.6875000      0.5030190    
   6.625000      0.6875000      0.5138250    
   6.875000      0.6875000      0.5246121    
   7.125000      0.6875000      0.5353971    
   7.375000      0.6875000      0.5461593    
   7.625000      0.6875000      0.5569713    
   7.875000      0.6875000      0.5676361    
   8.125000      0.6875000      0.5787115    
   8.375000      0.6875000      0.5886307    
   8.625000      0.6875000      0.6018059    
   8.875000      0.6875000      0.6057975    
   9.125000      0.6875000      0.6357343    
   9.375000      0.6875000      0.5921762    
   9.625000      0.6875000      0.7582406    
   9.875000      0.6875000      0.3199119    
   10.00000      0.6875000       1.000000    
 
  0.0000000E+00  0.7125000      0.0000000E+00
  0.1250000      0.7125000      7.6063541E-03
  0.3750000      0.7125000      4.1122835E-02
  0.6250000      0.7125000      7.6808095E-02
  0.8750000      0.7125000      0.1107172    
   1.125000      0.7125000      0.1424882    
   1.375000      0.7125000      0.1724712    
   1.625000      0.7125000      0.2010143    
   1.875000      0.7125000      0.2283214    
   2.125000      0.7125000      0.2544505    
   2.375000      0.7125000      0.2793495    
   2.625000      0.7125000      0.3029037    
   2.875000      0.7125000      0.3249831    
   3.125000      0.7125000      0.3454862    
   3.375000      0.7125000      0.3643701    
   3.625000      0.7125000      0.3816685    
   3.875000      0.7125000      0.3974904    
   4.125000      0.7125000      0.4120065    
   4.375000      0.7125000      0.4254246    
   4.625000      0.7125000      0.4379648    
   4.875000      0.7125000      0.4498363    
   5.125000      0.7125000      0.4612227    
   5.375000      0.7125000      0.4722723    
   5.625000      0.7125000      0.4830988    
   5.875000      0.7125000      0.4937830    
   6.125000      0.7125000      0.5043806    
   6.375000      0.7125000      0.5149276    
   6.625000      0.7125000      0.5254466    
   6.875000      0.7125000      0.5359478    
   7.125000      0.7125000      0.5464468    
   7.375000      0.7125000      0.5569249    
   7.625000      0.7125000      0.5674484    
   7.875000      0.7125000      0.5778375    
   8.125000      0.7125000      0.5886015    
   8.375000      0.7125000      0.5983096    
   8.625000      0.7125000      0.6109918    
   8.875000      0.7125000      0.6152840    
   9.125000      0.7125000      0.6432895    
   9.375000      0.7125000      0.6040668    
   9.625000      0.7125000      0.7571145    
   9.875000      0.7125000      0.3524226    
   10.00000      0.7125000       1.000000    
 
  0.0000000E+00  0.7375000      0.0000000E+00
  0.1250000      0.7375000      1.0884557E-02
  0.3750000      0.7375000      5.0313596E-02
  0.6250000      0.7375000      8.9547262E-02
  0.8750000      0.7375000      0.1255356    
   1.125000      0.7375000      0.1585697    
   1.375000      0.7375000      0.1893399    
   1.625000      0.7375000      0.2183690    
   1.875000      0.7375000      0.2459532    
   2.125000      0.7375000      0.2722013    
   2.375000      0.7375000      0.2970918    
   2.625000      0.7375000      0.3205317    
   2.875000      0.7375000      0.3424101    
   3.125000      0.7375000      0.3626447    
   3.375000      0.7375000      0.3812127    
   3.625000      0.7375000      0.3981668    
   3.875000      0.7375000      0.4136329    
   4.125000      0.7375000      0.4277948    
   4.375000      0.7375000      0.4408689    
   4.625000      0.7375000      0.4530793    
   4.875000      0.7375000      0.4646366    
   5.125000      0.7375000      0.4757227    
   5.375000      0.7375000      0.4864839    
   5.625000      0.7375000      0.4970307    
   5.875000      0.7375000      0.5074416    
   6.125000      0.7375000      0.5177703    
   6.375000      0.7375000      0.5280509    
   6.625000      0.7375000      0.5383050    
   6.875000      0.7375000      0.5485427    
   7.125000      0.7375000      0.5587779    
   7.375000      0.7375000      0.5689942    
   7.625000      0.7375000      0.5792515    
   7.875000      0.7375000      0.5893873    
   8.125000      0.7375000      0.5998619    
   8.375000      0.7375000      0.6093823    
   8.625000      0.7375000      0.6215906    
   8.875000      0.7375000      0.6262146    
   9.125000      0.7375000      0.6522843    
   9.375000      0.7375000      0.6175141    
   9.625000      0.7375000      0.7572024    
   9.875000      0.7375000      0.3881324    
   10.00000      0.7375000       1.000000    
 
  0.0000000E+00  0.7625000      0.0000000E+00
  0.1250000      0.7625000      1.5170915E-02
  0.3750000      0.7625000      6.1029203E-02
  0.6250000      0.7625000      0.1037753    
  0.8750000      0.7625000      0.1417205    
   1.125000      0.7625000      0.1759112    
   1.375000      0.7625000      0.2073895    
   1.625000      0.7625000      0.2368473    
   1.875000      0.7625000      0.2646666    
   2.125000      0.7625000      0.2910026    
   2.375000      0.7625000      0.3158613    
   2.625000      0.7625000      0.3391697    
   2.875000      0.7625000      0.3608355    
   3.125000      0.7625000      0.3807953    
   3.375000      0.7625000      0.3990461    
   3.625000      0.7625000      0.4156595    
   3.875000      0.7625000      0.4307781    
   4.125000      0.7625000      0.4445978    
   4.375000      0.7625000      0.4573428    
   4.625000      0.7625000      0.4692412    
   4.875000      0.7625000      0.4805037    
   5.125000      0.7625000      0.4913104    
   5.375000      0.7625000      0.5018045    
   5.625000      0.7625000      0.5120937    
   5.875000      0.7625000      0.5222536    
   6.125000      0.7625000      0.5323358    
   6.375000      0.7625000      0.5423725    
   6.625000      0.7625000      0.5523846    
   6.875000      0.7625000      0.5623813    
   7.125000      0.7625000      0.5723755    
   7.375000      0.7625000      0.5823526    
   7.625000      0.7625000      0.5923663    
   7.875000      0.7625000      0.6022714    
   8.125000      0.7625000      0.6124796    
   8.375000      0.7625000      0.6218339    
   8.625000      0.7625000      0.6335941    
   8.875000      0.7625000      0.6385648    
   9.125000      0.7625000      0.6627411    
   9.375000      0.7625000      0.6324087    
   9.625000      0.7625000      0.7587758    
   9.875000      0.7625000      0.4263696    
   10.00000      0.7625000       1.000000    
 
  0.0000000E+00  0.7875000      0.0000000E+00
  0.1250000      0.7875000      2.0682048E-02
  0.3750000      0.7875000      7.3380560E-02
  0.6250000      0.7875000      0.1195129    
  0.8750000      0.7875000      0.1592501    
   1.125000      0.7875000      0.1944717    
   1.375000      0.7875000      0.2265696    
   1.625000      0.7875000      0.2563941    
   1.875000      0.7875000      0.2844046    
   2.125000      0.7875000      0.3107972    
   2.375000      0.7875000      0.3356021    
   2.625000      0.7875000      0.3587645    
   2.875000      0.7875000      0.3802093    
   3.125000      0.7875000      0.3998920    
   3.375000      0.7875000      0.4178287    
   3.625000      0.7875000      0.4341095    
   3.875000      0.7875000      0.4488925    
   4.125000      0.7875000      0.4623855    
   4.375000      0.7875000      0.4748197    
   4.625000      0.7875000      0.4864259    
   4.875000      0.7875000      0.4974150    
   5.125000      0.7875000      0.5079642    
   5.375000      0.7875000      0.5182138    
   5.625000      0.7875000      0.5282683    
   5.875000      0.7875000      0.5382002    
   6.125000      0.7875000      0.5480589    
   6.375000      0.7875000      0.5578748    
   6.625000      0.7875000      0.5676677    
   6.875000      0.7875000      0.5774466    
   7.125000      0.7875000      0.5872227    
   7.375000      0.7875000      0.5969837    
   7.625000      0.7875000      0.6067771    
   7.875000      0.7875000      0.6164740    
   8.125000      0.7875000      0.6264400    
   8.375000      0.7875000      0.6356482    
   8.625000      0.7875000      0.6469914    
   8.875000      0.7875000      0.6523094    
   9.125000      0.7875000      0.6746770    
   9.375000      0.7875000      0.6486483    
   9.625000      0.7875000      0.7620898    
   9.875000      0.7875000      0.4664203    
   10.00000      0.7875000       1.000000    
 
  0.0000000E+00  0.8125000      0.0000000E+00
  0.1250000      0.8125000      2.7653912E-02
  0.3750000      0.8125000      8.7451518E-02
  0.6250000      0.8125000      0.1367517    
  0.8750000      0.8125000      0.1780804    
   1.125000      0.8125000      0.2141931    
   1.375000      0.8125000      0.2468162    
   1.625000      0.8125000      0.2769433    
   1.875000      0.8125000      0.3051012    
   2.125000      0.8125000      0.3315205    
   2.375000      0.8125000      0.3562521    
   2.625000      0.8125000      0.3792573    
   2.875000      0.8125000      0.4004774    
   3.125000      0.8125000      0.4198856    
   3.375000      0.8125000      0.4375163    
   3.625000      0.8125000      0.4534771    
   3.875000      0.8125000      0.4679411    
   4.125000      0.8125000      0.4811265    
   4.375000      0.8125000      0.4932711    
   4.625000      0.8125000      0.5046077    
   4.875000      0.8125000      0.5153463    
   5.125000      0.8125000      0.5256615    
   5.375000      0.8125000      0.5356904    
   5.625000      0.8125000      0.5455337    
   5.875000      0.8125000      0.5552610    
   6.125000      0.8125000      0.5649195    
   6.375000      0.8125000      0.5745382    
   6.625000      0.8125000      0.5841355    
   6.875000      0.8125000      0.5937197    
   7.125000      0.8125000      0.6033012    
   7.375000      0.8125000      0.6128694    
   7.625000      0.8125000      0.6224660    
   7.875000      0.8125000      0.6319775    
   8.125000      0.8125000      0.6417260    
   8.375000      0.8125000      0.6508070    
   8.625000      0.8125000      0.6617692    
   8.875000      0.8125000      0.6674228    
   9.125000      0.8125000      0.6881027    
   9.375000      0.8125000      0.6661388    
   9.625000      0.8125000      0.7673734    
   9.875000      0.8125000      0.5075439    
   10.00000      0.8125000       1.000000    
 
  0.0000000E+00  0.8375000      0.0000000E+00
  0.1250000      0.8375000      3.6334440E-02
  0.3750000      0.8375000      0.1032895    
  0.6250000      0.8375000      0.1554512    
  0.8750000      0.8375000      0.1981437    
   1.125000      0.8375000      0.2349999    
   1.375000      0.8375000      0.2680521    
   1.625000      0.8375000      0.2984184    
   1.875000      0.8375000      0.3266816    
   2.125000      0.8375000      0.3531006    
   2.375000      0.8375000      0.3777432    
   2.625000      0.8375000      0.4005849    
   2.875000      0.8375000      0.4215819    
   3.125000      0.8375000      0.4407235    
   3.375000      0.8375000      0.4580618    
   3.625000      0.8375000      0.4737206    
   3.875000      0.8375000      0.4878866    
   4.125000      0.8375000      0.5007879    
   4.375000      0.8375000      0.5126671    
   4.625000      0.8375000      0.5237589    
   4.875000      0.8375000      0.5342721    
   5.125000      0.8375000      0.5443782    
   5.375000      0.8375000      0.5542107    
   5.625000      0.8375000      0.5638672    
   5.875000      0.8375000      0.5734140    
   6.125000      0.8375000      0.5828965    
   6.375000      0.8375000      0.5923416    
   6.625000      0.8375000      0.6017668    
   6.875000      0.8375000      0.6111801    
   7.125000      0.8375000      0.6205907    
   7.375000      0.8375000      0.6299896    
   7.625000      0.8375000      0.6394132    
   7.875000      0.8375000      0.6487622    
   8.125000      0.8375000      0.6583191    
   8.375000      0.8375000      0.6672906    
   8.625000      0.8375000      0.6779113    
   8.875000      0.8375000      0.6838790    
   9.125000      0.8375000      0.7030225    
   9.375000      0.8375000      0.6847970    
   9.625000      0.8375000      0.7748199    
   9.875000      0.8375000      0.5489892    
   10.00000      0.8375000       1.000000    
 
  0.0000000E+00  0.8625000      0.0000000E+00
  0.1250000      0.8625000      4.6972297E-02
  0.3750000      0.8625000      0.1208967    
  0.6250000      0.8625000      0.1755367    
  0.8750000      0.8625000      0.2193493    
   1.125000      0.8625000      0.2568000    
   1.375000      0.8625000      0.2901874    
   1.625000      0.8625000      0.3207324    
   1.875000      0.8625000      0.3490626    
   2.125000      0.8625000      0.3754586    
   2.375000      0.8625000      0.4000017    
   2.625000      0.8625000      0.4226793    
   2.875000      0.8625000      0.4434606    
   3.125000      0.8625000      0.4623501    
   3.375000      0.8625000      0.4794157    
   3.625000      0.8625000      0.4947961    
   3.875000      0.8625000      0.5086903    
   4.125000      0.8625000      0.5213344    
   4.375000      0.8625000      0.5329760    
   4.625000      0.8625000      0.5438505    
   4.875000      0.8625000      0.5541649    
   5.125000      0.8625000      0.5640882    
   5.375000      0.8625000      0.5737499    
   5.625000      0.8625000      0.5832444    
   5.875000      0.8625000      0.5926355    
   6.125000      0.8625000      0.6019660    
   6.375000      0.8625000      0.6112618    
   6.625000      0.8625000      0.6205390    
   6.875000      0.8625000      0.6298052    
   7.125000      0.8625000      0.6390689    
   7.375000      0.8625000      0.6483220    
   7.625000      0.8625000      0.6575969    
   7.875000      0.8625000      0.6668066    
   8.125000      0.8625000      0.6761979    
   8.375000      0.8625000      0.6850773    
   8.625000      0.8625000      0.6953994    
   8.875000      0.8625000      0.7016513    
   9.125000      0.8625000      0.7194336    
   9.375000      0.8625000      0.7045499    
   9.625000      0.8625000      0.7845818    
   9.875000      0.8625000      0.5900105    
   10.00000      0.8625000       1.000000    
 
  0.0000000E+00  0.8875000      0.0000000E+00
  0.1250000      0.8875000      5.9801165E-02
  0.3750000      0.8875000      0.1402215    
  0.6250000      0.8875000      0.1968985    
  0.8750000      0.8875000      0.2415839    
   1.125000      0.8875000      0.2794851    
   1.375000      0.8875000      0.3131197    
   1.625000      0.8875000      0.3437886    
   1.875000      0.8875000      0.3721528    
   2.125000      0.8875000      0.3985089    
   2.375000      0.8875000      0.4229483    
   2.625000      0.8875000      0.4454677    
   2.875000      0.8875000      0.4660479    
   3.125000      0.8875000      0.4847067    
   3.375000      0.8875000      0.5015261    
   3.625000      0.8875000      0.5166576    
   3.875000      0.8875000      0.5303110    
   4.125000      0.8875000      0.5427297    
   4.375000      0.8875000      0.5541646    
   4.625000      0.8875000      0.5648515    
   4.875000      0.8875000      0.5749961    
   5.125000      0.8875000      0.5847638    
   5.375000      0.8875000      0.5942811    
   5.625000      0.8875000      0.6036393    
   5.875000      0.8875000      0.6128997    
   6.125000      0.8875000      0.6221029    
   6.375000      0.8875000      0.6312737    
   6.625000      0.8875000      0.6404272    
   6.875000      0.8875000      0.6495704    
   7.125000      0.8875000      0.6587113    
   7.375000      0.8875000      0.6678427    
   7.625000      0.8875000      0.6769933    
   7.875000      0.8875000      0.6860865    
   8.125000      0.8875000      0.6953391    
   8.375000      0.8875000      0.7041429    
   8.625000      0.8875000      0.7142118    
   8.875000      0.8875000      0.7207121    
   9.125000      0.8875000      0.7373267    
   9.375000      0.8875000      0.7253329    
   9.625000      0.8875000      0.7967688    
   9.875000      0.8875000      0.6298842    
   10.00000      0.8875000       1.000000    
 
  0.0000000E+00  0.9125000      0.0000000E+00
  0.1250000      0.9125000      7.5019002E-02
  0.3750000      0.9125000      0.1611528    
  0.6250000      0.9125000      0.2193928    
  0.8750000      0.9125000      0.2647127    
   1.125000      0.9125000      0.3029320    
   1.375000      0.9125000      0.3367350    
   1.625000      0.9125000      0.3674807    
   1.875000      0.9125000      0.3958532    
   2.125000      0.9125000      0.4221596    
   2.375000      0.9125000      0.4464981    
   2.625000      0.9125000      0.4688731    
   2.875000      0.9125000      0.4892745    
   3.125000      0.9125000      0.5077316    
   3.375000      0.9125000      0.5243381    
   3.625000      0.9125000      0.5392568    
   3.875000      0.9125000      0.5527061    
   4.125000      0.9125000      0.5649352    
   4.375000      0.9125000      0.5761977    
   4.625000      0.9125000      0.5867295    
   4.875000      0.9125000      0.5967343    
   5.125000      0.9125000      0.6063753    
   5.375000      0.9125000      0.6157756    
   5.625000      0.9125000      0.6250237    
   5.875000      0.9125000      0.6341787    
   6.125000      0.9125000      0.6432797    
   6.375000      0.9125000      0.6523502    
   6.625000      0.9125000      0.6614043    
   6.875000      0.9125000      0.6704489    
   7.125000      0.9125000      0.6794913    
   7.375000      0.9125000      0.6885253    
   7.625000      0.9125000      0.6975760    
   7.875000      0.9125000      0.7065760    
   8.125000      0.9125000      0.7157171    
   8.375000      0.9125000      0.7244612    
   8.625000      0.9125000      0.7343243    
   8.875000      0.9125000      0.7410321    
   9.125000      0.9125000      0.7566869    
   9.375000      0.9125000      0.7470880    
   9.625000      0.9125000      0.8114511    
   9.875000      0.9125000      0.6679242    
   10.00000      0.9125000       1.000000    
 
  0.0000000E+00  0.9375000      0.0000000E+00
  0.1250000      0.9375000      9.2761576E-02
  0.3750000      0.9375000      0.1835159    
  0.6250000      0.9375000      0.2428438    
  0.8750000      0.9375000      0.2885814    
   1.125000      0.9375000      0.3270032    
   1.375000      0.9375000      0.3609084    
   1.625000      0.9375000      0.3916934    
   1.875000      0.9375000      0.4200569    
   2.125000      0.9375000      0.4463118    
   2.375000      0.9375000      0.4705606    
   2.625000      0.9375000      0.4928132    
   2.875000      0.9375000      0.5130666    
   3.125000      0.9375000      0.5313591    
   3.375000      0.9375000      0.5477939    
   3.625000      0.9375000      0.5625422    
   3.875000      0.9375000      0.5758295    
   4.125000      0.9375000      0.5879093    
   4.375000      0.9375000      0.5990372    
   4.625000      0.9375000      0.6094489    
   4.875000      0.9375000      0.6193462    
   5.125000      0.9375000      0.6288902    
   5.375000      0.9375000      0.6382015    
   5.625000      0.9375000      0.6473662    
   5.875000      0.9375000      0.6564417    
   6.125000      0.9375000      0.6654656    
   6.375000      0.9375000      0.6744606    
   6.625000      0.9375000      0.6834399    
   6.875000      0.9375000      0.6924107    
   7.125000      0.9375000      0.7013789    
   7.375000      0.9375000      0.7103398    
   7.625000      0.9375000      0.7193155    
   7.875000      0.9375000      0.7282456    
   8.125000      0.9375000      0.7373025    
   8.375000      0.9375000      0.7460028    
   8.625000      0.9375000      0.7557087    
   8.875000      0.9375000      0.7625797    
   9.125000      0.9375000      0.7774939    
   9.375000      0.9375000      0.7697580    
   9.625000      0.9375000      0.8286670    
   9.875000      0.9375000      0.7034935    
   10.00000      0.9375000       1.000000    
 
  0.0000000E+00  0.9625000      0.0000000E+00
  0.1250000      0.9625000      0.1130707    
  0.3750000      0.9625000      0.2070729    
  0.6250000      0.9625000      0.2670470    
  0.8750000      0.9625000      0.3130183    
   1.125000      0.9625000      0.3515488    
   1.375000      0.9625000      0.3855047    
   1.625000      0.9625000      0.4163032    
   1.875000      0.9625000      0.4446499    
   2.125000      0.9625000      0.4708605    
   2.375000      0.9625000      0.4950398    
   2.625000      0.9625000      0.5172010    
   2.875000      0.9625000      0.5373462    
   3.125000      0.9625000      0.5555199    
   3.375000      0.9625000      0.5718318    
   3.625000      0.9625000      0.5864593    
   3.875000      0.9625000      0.5996326    
   4.125000      0.9625000      0.6116079    
   4.375000      0.9625000      0.6226424    
   4.625000      0.9625000      0.6329714    
   4.875000      0.9625000      0.6427951    
   5.125000      0.9625000      0.6522732    
   5.375000      0.9625000      0.6615244    
   5.625000      0.9625000      0.6706331    
   5.875000      0.9625000      0.6796554    
   6.125000      0.9625000      0.6886276    
   6.375000      0.9625000      0.6975721    
   6.625000      0.9625000      0.7065015    
   6.875000      0.9625000      0.7154230    
   7.125000      0.9625000      0.7243417    
   7.375000      0.9625000      0.7332537    
   7.625000      0.9625000      0.7421793    
   7.875000      0.9625000      0.7510629    
   8.125000      0.9625000      0.7600634    
   8.375000      0.9625000      0.7687351    
   8.625000      0.9625000      0.7783342    
   8.875000      0.9625000      0.7853197    
   9.125000      0.9625000      0.7997240    
   9.375000      0.9625000      0.7932823    
   9.625000      0.9625000      0.8484387    
   9.875000      0.9625000      0.7360182    
   10.00000      0.9625000       1.000000    
 
  0.0000000E+00  0.9875000      0.0000000E+00
  0.1250000      0.9875000      0.1358568    
  0.3750000      0.9875000      0.2315260    
  0.6250000      0.9875000      0.2917733    
  0.8750000      0.9875000      0.3378368    
   1.125000      0.9875000      0.3764075    
   1.375000      0.9875000      0.4103796    
   1.625000      0.9875000      0.4411780    
   1.875000      0.9875000      0.4695108    
   2.125000      0.9875000      0.4956941    
   2.375000      0.9875000      0.5198337    
   2.625000      0.9875000      0.5419443    
   2.875000      0.9875000      0.5620306    
   3.125000      0.9875000      0.5801401    
   3.375000      0.9875000      0.5963863    
   3.625000      0.9875000      0.6109498    
   3.875000      0.9875000      0.6240628    
   4.125000      0.9875000      0.6359835    
   4.375000      0.9875000      0.6469694    
   4.625000      0.9875000      0.6572555    
   4.875000      0.9875000      0.6670416    
   5.125000      0.9875000      0.6764861    
   5.375000      0.9875000      0.6857069    
   5.625000      0.9875000      0.6947873    
   5.875000      0.9875000      0.7037827    
   6.125000      0.9875000      0.7127291    
   6.375000      0.9875000      0.7216482    
   6.625000      0.9875000      0.7305528    
   6.875000      0.9875000      0.7394494    
   7.125000      0.9875000      0.7483435    
   7.375000      0.9875000      0.7572309    
   7.625000      0.9875000      0.7661316    
   7.875000      0.9875000      0.7749920    
   8.125000      0.9875000      0.7839641    
   8.375000      0.9875000      0.7926220    
   8.625000      0.9875000      0.8021663    
   8.875000      0.9875000      0.8092129    
   9.125000      0.9875000      0.8233518    
   9.375000      0.9875000      0.8175898    
   9.625000      0.9875000      0.8707943    
   9.875000      0.9875000      0.7649942    
   10.00000      0.9875000       1.000000    
 
  0.0000000E+00   1.000000      0.0000000E+00
  0.1250000       1.000000      0.1358568    
  0.3750000       1.000000      0.2315260    
  0.6250000       1.000000      0.2917733    
  0.8750000       1.000000      0.3378368    
   1.125000       1.000000      0.3764075    
   1.375000       1.000000      0.4103796    
   1.625000       1.000000      0.4411780    
   1.875000       1.000000      0.4695108    
   2.125000       1.000000      0.4956941    
   2.375000       1.000000      0.5198337    
   2.625000       1.000000      0.5419443    
   2.875000       1.000000      0.5620306    
   3.125000       1.000000      0.5801401    
   3.375000       1.000000      0.5963863    
   3.625000       1.000000      0.6109498    
   3.875000       1.000000      0.6240628    
   4.125000       1.000000      0.6359835    
   4.375000       1.000000      0.6469694    
   4.625000       1.000000      0.6572555    
   4.875000       1.000000      0.6670416    
   5.125000       1.000000      0.6764861    
   5.375000       1.000000      0.6857069    
   5.625000       1.000000      0.6947873    
   5.875000       1.000000      0.7037827    
   6.125000       1.000000      0.7127291    
   6.375000       1.000000      0.7216482    
   6.625000       1.000000      0.7305528    
   6.875000       1.000000      0.7394494    
   7.125000       1.000000      0.7483435    
   7.375000       1.000000      0.7572309    
   7.625000       1.000000      0.7661316    
   7.875000       1.000000      0.7749920    
   8.125000       1.000000      0.7839641    
   8.375000       1.000000      0.7926220    
   8.625000       1.000000      0.8021663    
   8.875000       1.000000      0.8092129    
   9.125000       1.000000      0.8233518    
   9.375000       1.000000      0.8175898    
   9.625000       1.000000      0.8707943    
   9.875000       1.000000      0.7649942    
   10.00000       1.000000       1.000000    
 
