   0.00000000       0.00000000       0.00000000    
  0.125000000       0.00000000       1.25000002E-02
  0.375000000       0.00000000       3.75000015E-02
  0.625000000       0.00000000       6.25000000E-02
  0.875000000       0.00000000       8.74999985E-02
   1.12500000       0.00000000      0.112499997    
   1.37500000       0.00000000      0.137500003    
   1.62500000       0.00000000      0.162499994    
   1.87500000       0.00000000      0.187500000    
   2.12500000       0.00000000      0.212500006    
   2.37500000       0.00000000      0.237499997    
   2.62500000       0.00000000      0.262499988    
   2.87500000       0.00000000      0.287499994    
   3.12500000       0.00000000      0.312500000    
   3.37500000       0.00000000      0.337500006    
   3.62500000       0.00000000      0.362500012    
   3.87500000       0.00000000      0.387499988    
   4.12500000       0.00000000      0.412499994    
   4.37500000       0.00000000      0.437500000    
   4.62500000       0.00000000      0.462500006    
   4.87500000       0.00000000      0.487500012    
   5.12500000       0.00000000      0.512499988    
   5.37500000       0.00000000      0.537500024    
   5.62500000       0.00000000      0.562500000    
   5.87500000       0.00000000      0.587499976    
   6.12500000       0.00000000      0.612500012    
   6.37500000       0.00000000      0.637499988    
   6.62500000       0.00000000      0.662500024    
   6.87500000       0.00000000      0.687500000    
   7.12500000       0.00000000      0.712499976    
   7.37500000       0.00000000      0.737500012    
   7.62500000       0.00000000      0.762499988    
   7.87500000       0.00000000      0.787500024    
   8.12500000       0.00000000      0.812500000    
   8.37500000       0.00000000      0.837499976    
   8.62500000       0.00000000      0.862500012    
   8.87500000       0.00000000      0.887499988    
   9.12500000       0.00000000      0.912500024    
   9.37500000       0.00000000      0.937500000    
   9.62500000       0.00000000      0.962499976    
   9.87500000       0.00000000      0.987500012    
   10.0000000       0.00000000       1.00000000    
 
   0.00000000       1.25000002E-02   0.00000000    
  0.125000000       1.25000002E-02   1.15457801E-02
  0.375000000       1.25000002E-02   3.54500674E-02
  0.625000000       1.25000002E-02   5.96642643E-02
  0.875000000       1.25000002E-02   8.40792656E-02
   1.12500000       1.25000002E-02  0.108623214    
   1.37500000       1.25000002E-02  0.133229733    
   1.62500000       1.25000002E-02  0.157847315    
   1.87500000       1.25000002E-02  0.182446316    
   2.12500000       1.25000002E-02  0.207016915    
   2.37500000       1.25000002E-02  0.231561393    
   2.62500000       1.25000002E-02  0.256087005    
   2.87500000       1.25000002E-02  0.280600756    
   3.12500000       1.25000002E-02  0.305107981    
   3.37500000       1.25000002E-02  0.329611957    
   3.62500000       1.25000002E-02  0.354114383    
   3.87500000       1.25000002E-02  0.378616124    
   4.12500000       1.25000002E-02  0.403117716    
   4.37500000       1.25000002E-02  0.427619189    
   4.62500000       1.25000002E-02  0.452120572    
   4.87500000       1.25000002E-02  0.476621985    
   5.12500000       1.25000002E-02  0.501123369    
   5.37500000       1.25000002E-02  0.525624752    
   5.62500000       1.25000002E-02  0.550126076    
   5.87500000       1.25000002E-02  0.574627459    
   6.12500000       1.25000002E-02  0.599128902    
   6.37500000       1.25000002E-02  0.623630285    
   6.62500000       1.25000002E-02  0.648131669    
   6.87500000       1.25000002E-02  0.672632992    
   7.12500000       1.25000002E-02  0.697134435    
   7.37500000       1.25000002E-02  0.721635699    
   7.62500000       1.25000002E-02  0.746137500    
   7.87500000       1.25000002E-02  0.770637274    
   8.12500000       1.25000002E-02  0.795145214    
   8.37500000       1.25000002E-02  0.819621921    
   8.62500000       1.25000002E-02  0.844208777    
   8.87500000       1.25000002E-02  0.868436158    
   9.12500000       1.25000002E-02  0.893761277    
   9.37500000       1.25000002E-02  0.915901065    
   9.62500000       1.25000002E-02  0.947008550    
   9.87500000       1.25000002E-02  0.953160167    
   10.0000000       1.25000002E-02   1.00000000    
 
   0.00000000       3.75000015E-02   0.00000000    
  0.125000000       3.75000015E-02   9.68722627E-03
  0.375000000       3.75000015E-02   3.14064436E-02
  0.625000000       3.75000015E-02   5.40507473E-02
  0.875000000       3.75000015E-02   7.72971958E-02
   1.12500000       3.75000015E-02  0.100931063    
   1.37500000       3.75000015E-02  0.124753334    
   1.62500000       3.75000015E-02  0.148609087    
   1.87500000       3.75000015E-02  0.172409058    
   2.12500000       3.75000015E-02  0.196123481    
   2.37500000       3.75000015E-02  0.219759360    
   2.62500000       3.75000015E-02  0.243338019    
   2.87500000       3.75000015E-02  0.266880989    
   3.12500000       3.75000015E-02  0.290404081    
   3.37500000       3.75000015E-02  0.313917339    
   3.62500000       3.75000015E-02  0.337425947    
   3.87500000       3.75000015E-02  0.360932589    
   4.12500000       3.75000015E-02  0.384438515    
   4.37500000       3.75000015E-02  0.407944143    
   4.62500000       3.75000015E-02  0.431449622    
   4.87500000       3.75000015E-02  0.454955071    
   5.12500000       3.75000015E-02  0.478460431    
   5.37500000       3.75000015E-02  0.501965880    
   5.62500000       3.75000015E-02  0.525471270    
   5.87500000       3.75000015E-02  0.548976719    
   6.12500000       3.75000015E-02  0.572482049    
   6.37500000       3.75000015E-02  0.595987558    
   6.62500000       3.75000015E-02  0.619493008    
   6.87500000       3.75000015E-02  0.642998517    
   7.12500000       3.75000015E-02  0.666503906    
   7.37500000       3.75000015E-02  0.690009058    
   7.62500000       3.75000015E-02  0.713515639    
   7.87500000       3.75000015E-02  0.737016022    
   8.12500000       3.75000015E-02  0.760541618    
   8.37500000       3.75000015E-02  0.783971369    
   8.62500000       3.75000015E-02  0.807738066    
   8.87500000       3.75000015E-02  0.830407560    
   9.12500000       3.75000015E-02  0.856423557    
   9.37500000       3.75000015E-02  0.872734845    
   9.62500000       3.75000015E-02  0.916360557    
   9.87500000       3.75000015E-02  0.883820236    
   10.0000000       3.75000015E-02   1.00000000    
 
   0.00000000       6.25000000E-02   0.00000000    
  0.125000000       6.25000000E-02   7.95356277E-03
  0.375000000       6.25000000E-02   2.75135785E-02
  0.625000000       6.25000000E-02   4.85966578E-02
  0.875000000       6.25000000E-02   7.06812814E-02
   1.12500000       6.25000000E-02   9.34124812E-02
   1.37500000       6.25000000E-02  0.116458960    
   1.62500000       6.25000000E-02  0.139561862    
   1.87500000       6.25000000E-02  0.162571475    
   2.12500000       6.25000000E-02  0.185437456    
   2.37500000       6.25000000E-02  0.208171263    
   2.62500000       6.25000000E-02  0.230808526    
   2.87500000       6.25000000E-02  0.253385514    
   3.12500000       6.25000000E-02  0.275928825    
   3.37500000       6.25000000E-02  0.298455387    
   3.62500000       6.25000000E-02  0.320974112    
   3.87500000       6.25000000E-02  0.343489438    
   4.12500000       6.25000000E-02  0.366003484    
   4.37500000       6.25000000E-02  0.388517052    
   4.62500000       6.25000000E-02  0.411030412    
   4.87500000       6.25000000E-02  0.433543682    
   5.12500000       6.25000000E-02  0.456056923    
   5.37500000       6.25000000E-02  0.478570133    
   5.62500000       6.25000000E-02  0.501083314    
   5.87500000       6.25000000E-02  0.523596644    
   6.12500000       6.25000000E-02  0.546109855    
   6.37500000       6.25000000E-02  0.568623185    
   6.62500000       6.25000000E-02  0.591136515    
   6.87500000       6.25000000E-02  0.613649726    
   7.12500000       6.25000000E-02  0.636162996    
   7.37500000       6.25000000E-02  0.658675849    
   7.62500000       6.25000000E-02  0.681191087    
   7.87500000       6.25000000E-02  0.703695536    
   8.12500000       6.25000000E-02  0.726244032    
   8.37500000       6.25000000E-02  0.748626411    
   8.62500000       6.25000000E-02  0.771589279    
   8.87500000       6.25000000E-02  0.792667270    
   9.12500000       6.25000000E-02  0.819483101    
   9.37500000       6.25000000E-02  0.829679430    
   9.62500000       6.25000000E-02  0.886630237    
   9.87500000       6.25000000E-02  0.812829435    
   10.0000000       6.25000000E-02   1.00000000    
 
   0.00000000       8.75000060E-02   0.00000000    
  0.125000000       8.75000060E-02   6.39121281E-03
  0.375000000       8.75000060E-02   2.38434523E-02
  0.625000000       8.75000060E-02   4.33851443E-02
  0.875000000       8.75000060E-02   6.43227771E-02
   1.12500000       8.75000060E-02   8.61657858E-02
   1.37500000       8.75000060E-02  0.108451396    
   1.62500000       8.75000060E-02  0.130816281    
   1.87500000       8.75000060E-02  0.153049409    
   2.12500000       8.75000060E-02  0.175079167    
   2.37500000       8.75000060E-02  0.196921319    
   2.62500000       8.75000060E-02  0.218626156    
   2.87500000       8.75000060E-02  0.240244821    
   3.12500000       8.75000060E-02  0.261815459    
   3.37500000       8.75000060E-02  0.283361971    
   3.62500000       8.75000060E-02  0.304897249    
   3.87500000       8.75000060E-02  0.326427668    
   4.12500000       8.75000060E-02  0.347956121    
   4.37500000       8.75000060E-02  0.369483888    
   4.62500000       8.75000060E-02  0.391011477    
   4.87500000       8.75000060E-02  0.412538856    
   5.12500000       8.75000060E-02  0.434066176    
   5.37500000       8.75000060E-02  0.455593407    
   5.62500000       8.75000060E-02  0.477120876    
   5.87500000       8.75000060E-02  0.498648256    
   6.12500000       8.75000060E-02  0.520175576    
   6.37500000       8.75000060E-02  0.541703045    
   6.62500000       8.75000060E-02  0.563230395    
   6.87500000       8.75000060E-02  0.584757805    
   7.12500000       8.75000060E-02  0.606285274    
   7.37500000       8.75000060E-02  0.627811968    
   7.62500000       8.75000060E-02  0.649342179    
   7.87500000       8.75000060E-02  0.670856655    
   8.12500000       8.75000060E-02  0.692435920    
   8.37500000       8.75000060E-02  0.713771284    
   8.62500000       8.75000060E-02  0.735955536    
   8.87500000       8.75000060E-02  0.755393147    
   9.12500000       8.75000060E-02  0.783170164    
   9.37500000       8.75000060E-02  0.786829054    
   9.62500000       8.75000060E-02  0.858298898    
   9.87500000       8.75000060E-02  0.739585161    
   10.0000000       8.75000060E-02   1.00000000    
 
   0.00000000      0.112499997       0.00000000    
  0.125000000      0.112499997       5.02360752E-03
  0.375000000      0.112499997       2.04475671E-02
  0.625000000      0.112499997       3.84823903E-02
  0.875000000      0.112499997       5.82985058E-02
   1.12500000      0.112499997       7.92763159E-02
   1.37500000      0.112499997      0.100822948    
   1.62500000      0.112499997      0.122470364    
   1.87500000      0.112499997      0.143945664    
   2.12500000      0.112499997      0.165155500    
   2.37500000      0.112499997      0.186119914    
   2.62500000      0.112499997      0.206904218    
   2.87500000      0.112499997      0.227575213    
   3.12500000      0.112499997      0.248182848    
   3.37500000      0.112499997      0.268758506    
   3.62500000      0.112499997      0.289319307    
   3.87500000      0.112499997      0.309873581    
   4.12500000      0.112499997      0.330425292    
   4.37500000      0.112499997      0.350975990    
   4.62500000      0.112499997      0.371526480    
   4.87500000      0.112499997      0.392076701    
   5.12500000      0.112499997      0.412626922    
   5.37500000      0.112499997      0.433176905    
   5.62500000      0.112499997      0.453727216    
   5.87500000      0.112499997      0.474277467    
   6.12500000      0.112499997      0.494827598    
   6.37500000      0.112499997      0.515377879    
   6.62500000      0.112499997      0.535928190    
   6.87500000      0.112499997      0.556478441    
   7.12500000      0.112499997      0.577028692    
   7.37500000      0.112499997      0.597577989    
   7.62500000      0.112499997      0.618132234    
   7.87500000      0.112499997      0.638664663    
   8.12500000      0.112499997      0.659285784    
   8.37500000      0.112499997      0.679575264    
   8.62500000      0.112499997      0.701013029    
   8.87500000      0.112499997      0.718750596    
   9.12500000      0.112499997      0.747689366    
   9.37500000      0.112499997      0.744290471    
   9.62500000      0.112499997      0.831752956    
   9.87500000      0.112499997      0.663818061    
   10.0000000      0.112499997       1.00000000    
 
   0.00000000      0.137500003       0.00000000    
  0.125000000      0.137500003       3.85659747E-03
  0.375000000      0.137500003       1.73593443E-02
  0.625000000      0.137500003       3.39391083E-02
  0.875000000      0.137500003       5.26719987E-02
   1.12500000      0.137500003       7.28174224E-02
   1.37500000      0.137500003       9.36543345E-02
   1.62500000      0.137500003      0.114610508    
   1.87500000      0.137500003      0.135350987    
   2.12500000      0.137500003      0.155760750    
   2.37500000      0.137500003      0.175864443    
   2.62500000      0.137500003      0.195742980    
   2.87500000      0.137500003      0.215479448    
   3.12500000      0.137500003      0.235136300    
   3.37500000      0.137500003      0.254752696    
   3.62500000      0.137500003      0.274350345    
   3.87500000      0.137500003      0.293939680    
   4.12500000      0.137500003      0.313525766    
   4.37500000      0.137500003      0.333110631    
   4.62500000      0.137500003      0.352695078    
   4.87500000      0.137500003      0.372279286    
   5.12500000      0.137500003      0.391863495    
   5.37500000      0.137500003      0.411447465    
   5.62500000      0.137500003      0.431031674    
   5.87500000      0.137500003      0.450615883    
   6.12500000      0.137500003      0.470200032    
   6.37500000      0.137500003      0.489784271    
   6.62500000      0.137500003      0.509368479    
   6.87500000      0.137500003      0.528952718    
   7.12500000      0.137500003      0.548537016    
   7.37500000      0.137500003      0.568119943    
   7.62500000      0.137500003      0.587709546    
   7.87500000      0.137500003      0.607270300    
   8.12500000      0.137500003      0.626947045    
   8.37500000      0.137500003      0.646193147    
   8.62500000      0.137500003      0.666922092    
   8.87500000      0.137500003      0.682894051    
   9.12500000      0.137500003      0.713219821    
   9.37500000      0.137500003      0.702183127    
   9.62500000      0.137500003      0.807284117    
   9.87500000      0.137500003      0.585548043    
   10.0000000      0.137500003       1.00000000    
 
   0.00000000      0.162499994       0.00000000    
  0.125000000      0.162499994       2.88336328E-03
  0.375000000      0.162499994       1.45967621E-02
  0.625000000      0.162499994       2.97922827E-02
  0.875000000      0.162499994       4.74948250E-02
   1.12500000      0.162499994       6.68515265E-02
   1.37500000      0.162499994       8.70157033E-02
   1.62500000      0.162499994      0.107312195    
   1.87500000      0.162499994      0.127344787    
   2.12500000      0.162499994      0.146977440    
   2.37500000      0.162499994      0.166240081    
   2.62500000      0.162499994      0.185230061    
   2.87500000      0.162499994      0.204047576    
   3.12500000      0.162499994      0.222768143    
   3.37500000      0.162499994      0.241439268    
   3.62500000      0.162499994      0.260087371    
   3.87500000      0.162499994      0.278725326    
   4.12500000      0.162499994      0.297359288    
   4.37500000      0.162499994      0.315991700    
   4.62500000      0.162499994      0.334623605    
   4.87500000      0.162499994      0.353255183    
   5.12500000      0.162499994      0.371886760    
   5.37500000      0.162499994      0.390518159    
   5.62500000      0.162499994      0.409149736    
   5.87500000      0.162499994      0.427781284    
   6.12500000      0.162499994      0.446412891    
   6.37500000      0.162499994      0.465044469    
   6.62500000      0.162499994      0.483675957    
   6.87500000      0.162499994      0.502307653    
   7.12500000      0.162499994      0.520939410    
   7.37500000      0.162499994      0.539569378    
   7.62500000      0.162499994      0.558207870    
   7.87500000      0.162499994      0.576809645    
   8.12500000      0.162499994      0.595558107    
   8.37500000      0.162499994      0.613765180    
   8.62500000      0.162499994      0.633826435    
   8.87500000      0.162499994      0.647966266    
   9.12500000      0.162499994      0.679915786    
   9.37500000      0.162499994      0.660639405    
   9.62500000      0.162499994      0.785086215    
   9.87500000      0.162499994      0.505043507    
   10.0000000      0.162499994       1.00000000    
 
   0.00000000      0.187500000       0.00000000    
  0.125000000      0.187500000       2.08863523E-03
  0.375000000      0.187500000       1.21651832E-02
  0.625000000      0.187500000       2.60671675E-02
  0.875000000      0.187500000       4.28081490E-02
   1.12500000      0.187500000       6.14314415E-02
   1.37500000      0.187500000       8.09677243E-02
   1.62500000      0.187500000      0.100641206    
   1.87500000      0.187500000      0.119996317    
   2.12500000      0.187500000      0.138877422    
   2.37500000      0.187500000      0.157320961    
   2.62500000      0.187500000      0.175441802    
   2.87500000      0.187500000      0.193358049    
   3.12500000      0.187500000      0.211159050    
   3.37500000      0.187500000      0.228901088    
   3.62500000      0.187500000      0.246615559    
   3.87500000      0.187500000      0.264317840    
   4.12500000      0.187500000      0.282015294    
   4.37500000      0.187500000      0.299710929    
   4.62500000      0.187500000      0.317405939    
   4.87500000      0.187500000      0.335100561    
   5.12500000      0.187500000      0.352795184    
   5.37500000      0.187500000      0.370489627    
   5.62500000      0.187500000      0.388184160    
   5.87500000      0.187500000      0.405878752    
   6.12500000      0.187500000      0.423573345    
   6.37500000      0.187500000      0.441268027    
   6.62500000      0.187500000      0.458962560    
   6.87500000      0.187500000      0.476657152    
   7.12500000      0.187500000      0.494352013    
   7.37500000      0.187500000      0.512044609    
   7.62500000      0.187500000      0.529747963    
   7.87500000      0.187500000      0.547405541    
   8.12500000      0.187500000      0.565244138    
   8.37500000      0.187500000      0.582418859    
   8.62500000      0.187500000      0.601855338    
   8.87500000      0.187500000      0.614100456    
   9.12500000      0.187500000      0.647906721    
   9.37500000      0.187500000      0.619807124    
   9.62500000      0.187500000      0.765255809    
   9.87500000      0.187500000      0.422784299    
   10.0000000      0.187500000       1.00000000    
 
   0.00000000      0.212500006       0.00000000    
  0.125000000      0.212500006       1.45215704E-03
  0.375000000      0.212500006       1.00602210E-02
  0.625000000      0.212500006       2.27794051E-02
  0.875000000      0.212500006       3.86443771E-02
   1.12500000      0.212500006       5.66016622E-02
   1.37500000      0.212500006       7.55627230E-02
   1.62500000      0.212500006       9.46545675E-02
   1.87500000      0.212500006      0.113365479    
   2.12500000      0.212500006      0.131522655    
   2.37500000      0.212500006      0.149170905    
   2.62500000      0.212500006      0.166443855    
   2.87500000      0.212500006      0.183478549    
   3.12500000      0.212500006      0.200378671    
   3.37500000      0.212500006      0.217209846    
   3.62500000      0.212500006      0.234008625    
   3.87500000      0.212500006      0.250793070    
   4.12500000      0.212500006      0.267571837    
   4.37500000      0.212500006      0.284348458    
   4.62500000      0.212500006      0.301124245    
   4.87500000      0.212500006      0.317899674    
   5.12500000      0.212500006      0.334675044    
   5.37500000      0.212500006      0.351450294    
   5.62500000      0.212500006      0.368225604    
   5.87500000      0.212500006      0.385000974    
   6.12500000      0.212500006      0.401776344    
   6.37500000      0.212500006      0.418551743    
   6.62500000      0.212500006      0.435327053    
   6.87500000      0.212500006      0.452102304    
   7.12500000      0.212500006      0.468878090    
   7.37500000      0.212500006      0.485651076    
   7.62500000      0.212500006      0.502437115    
   7.87500000      0.212500006      0.519167542    
   8.12500000      0.212500006      0.536116600    
   8.37500000      0.212500006      0.552268267    
   8.62500000      0.212500006      0.571122825    
   8.87500000      0.212500006      0.581419826    
   9.12500000      0.212500006      0.617297590    
   9.37500000      0.212500006      0.579850376    
   9.62500000      0.212500006      0.747790635    
   9.87500000      0.212500006      0.339426428    
   10.0000000      0.212500006       1.00000000    
 
   0.00000000      0.237500012       0.00000000    
  0.125000000      0.237500012       9.51402879E-04
  0.375000000      0.237500012       8.27057939E-03
  0.625000000      0.237500012       1.99373160E-02
  0.875000000      0.237500012       3.50289531E-02
   1.12500000      0.237500012       5.23998514E-02
   1.37500000      0.237500012       7.08458349E-02
   1.62500000      0.237500012       8.94016027E-02
   1.87500000      0.237500012      0.107503876    
   2.12500000      0.237500012      0.124966308    
   2.37500000      0.237500012      0.141844437    
   2.62500000      0.237500012      0.158292294    
   2.87500000      0.237500012      0.174466774    
   3.12500000      0.237500012      0.190486610    
   3.37500000      0.237500012      0.206427008    
   3.62500000      0.237500012      0.222330004    
   3.87500000      0.237500012      0.238216445    
   4.12500000      0.237500012      0.254096299    
   4.37500000      0.237500012      0.269973606    
   4.62500000      0.237500012      0.285849929    
   4.87500000      0.237500012      0.301725894    
   5.12500000      0.237500012      0.317601740    
   5.37500000      0.237500012      0.333477527    
   5.62500000      0.237500012      0.349353313    
   5.87500000      0.237500012      0.365229100    
   6.12500000      0.237500012      0.381105006    
   6.37500000      0.237500012      0.396980852    
   6.62500000      0.237500012      0.412856698    
   6.87500000      0.237500012      0.428732425    
   7.12500000      0.237500012      0.444608808    
   7.37500000      0.237500012      0.460481763    
   7.62500000      0.237500012      0.476370454    
   7.87500000      0.237500012      0.492192805    
   8.12500000      0.237500012      0.508274257    
   8.37500000      0.237500012      0.523415565    
   8.62500000      0.237500012      0.541728616    
   8.87500000      0.237500012      0.550038815    
   9.12500000      0.237500012      0.588169038    
   9.37500000      0.237500012      0.540950418    
   9.62500000      0.237500012      0.732593656    
   9.87500000      0.237500012      0.255767673    
   10.0000000      0.237500012       1.00000000    
 
   0.00000000      0.262499988       0.00000000    
  0.125000000      0.262499988       5.63612324E-04
  0.375000000      0.262499988       6.78078504E-03
  0.625000000      0.262499988       1.75442453E-02
  0.875000000      0.262499988       3.19822691E-02
   1.12500000      0.262499988       4.88582850E-02
   1.37500000      0.262499988       6.68563247E-02
   1.62500000      0.262499988       8.49250406E-02
   1.87500000      0.262499988      0.102455884    
   2.12500000      0.262499988      0.119253695    
   2.37500000      0.262499988      0.135387823    
   2.62500000      0.262499988      0.151034564    
   2.87500000      0.262499988      0.166371629    
   3.12500000      0.262499988      0.181533352    
   3.37500000      0.262499988      0.196604848    
   3.62500000      0.262499988      0.211633757    
   3.87500000      0.262499988      0.226643801    
   4.12500000      0.262499988      0.241646320    
   4.37500000      0.262499988      0.256645888    
   4.62500000      0.262499988      0.271644384    
   4.87500000      0.262499988      0.286642432    
   5.12500000      0.262499988      0.301640332    
   5.37500000      0.262499988      0.316638201    
   5.62500000      0.262499988      0.331636071    
   5.87500000      0.262499988      0.346633941    
   6.12500000      0.262499988      0.361631900    
   6.37500000      0.262499988      0.376629800    
   6.62500000      0.262499988      0.391627699    
   6.87500000      0.262499988      0.406625450    
   7.12500000      0.262499988      0.421624035    
   7.37500000      0.262499988      0.436618596    
   7.62500000      0.262499988      0.451631546    
   7.87500000      0.262499988      0.466566890    
   8.12500000      0.262499988      0.481804192    
   8.37500000      0.262499988      0.495951414    
   8.62500000      0.262499988      0.513759375    
   8.87500000      0.262499988      0.520063698    
   9.12500000      0.262499988      0.560578942    
   9.37500000      0.262499988      0.503304899    
   9.62500000      0.262499988      0.719480872    
   9.87500000      0.262499988      0.172714114    
   10.0000000      0.262499988       1.00000000    
 
   0.00000000      0.287500024       0.00000000    
  0.125000000      0.287500024       2.67239491E-04
  0.375000000      0.287500024       5.57372719E-03
  0.625000000      0.287500024       1.56009467E-02
  0.875000000      0.287500024       2.95215659E-02
   1.12500000      0.287500024       4.60053906E-02
   1.37500000      0.287500024       6.36286885E-02
   1.62500000      0.287500024       8.12620148E-02
   1.87500000      0.287500024       9.82595086E-02
   2.12500000      0.287500024      0.114423178    
   2.37500000      0.287500024      0.129839972    
   2.62500000      0.287500024      0.144710362    
   2.87500000      0.287500024      0.159233987    
   3.12500000      0.287500024      0.173561215    
   3.37500000      0.287500024      0.187787265    
   3.62500000      0.287500024      0.201965421    
   3.87500000      0.287500024      0.216122404    
   4.12500000      0.287500024      0.230270877    
   4.37500000      0.287500024      0.244416013    
   4.62500000      0.287500024      0.258559912    
   4.87500000      0.287500024      0.272703320    
   5.12500000      0.287500024      0.286846638    
   5.37500000      0.287500024      0.300989896    
   5.62500000      0.287500024      0.315133125    
   5.87500000      0.287500024      0.329276353    
   6.12500000      0.287500024      0.343419641    
   6.37500000      0.287500024      0.357562870    
   6.62500000      0.287500024      0.371706158    
   6.87500000      0.287500024      0.385849237    
   7.12500000      0.287500024      0.399993300    
   7.37500000      0.287500024      0.414132714    
   7.62500000      0.287500024      0.428293377    
   7.87500000      0.287500024      0.442364663    
   8.12500000      0.287500024      0.456782043    
   8.37500000      0.287500024      0.469955742    
   8.62500000      0.287500024      0.487288922    
   8.87500000      0.287500024      0.491592735    
   9.12500000      0.287500024      0.534563482    
   9.37500000      0.287500024      0.467126369    
   9.62500000      0.287500024      0.708191335    
   9.87500000      0.287500024       9.12476256E-02
   10.0000000      0.287500024       1.00000000    
 
   0.00000000      0.312500000       0.00000000    
  0.125000000      0.312500000       4.29390093E-05
  0.375000000      0.312500000       4.63299546E-03
  0.625000000      0.312500000       1.41078895E-02
  0.875000000      0.312500000       2.76628286E-02
   1.12500000      0.312500000       4.38671596E-02
   1.37500000      0.312500000       6.11938462E-02
   1.62500000      0.312500000       7.84450397E-02
   1.87500000      0.312500000       9.49473009E-02
   2.12500000      0.312500000      0.110507056    
   2.37500000      0.312500000      0.125233188    
   2.62500000      0.312500000      0.139352590    
   2.87500000      0.312500000      0.153087705    
   3.12500000      0.312500000      0.166605249    
   3.37500000      0.312500000      0.180010647    
   3.62500000      0.312500000      0.193362936    
   3.87500000      0.312500000      0.206691697    
   4.12500000      0.312500000      0.220010981    
   4.37500000      0.312500000      0.233326524    
   4.62500000      0.312500000      0.246640712    
   4.87500000      0.312500000      0.259954363    
   5.12500000      0.312500000      0.273267895    
   5.37500000      0.312500000      0.286581397    
   5.62500000      0.312500000      0.299894810    
   5.87500000      0.312500000      0.313208222    
   6.12500000      0.312500000      0.326521784    
   6.37500000      0.312500000      0.339835167    
   6.62500000      0.312500000      0.353148699    
   6.87500000      0.312500000      0.366462022    
   7.12500000      0.312500000      0.379776388    
   7.37500000      0.312500000      0.393085420    
   7.62500000      0.312500000      0.406418711    
   7.87500000      0.312500000      0.419650704    
   8.12500000      0.312500000      0.433273137    
   8.37500000      0.312500000      0.445498377    
   8.62500000      0.312500000      0.462379605    
   8.87500000      0.312500000      0.464716375    
   9.12500000      0.312500000      0.510140181    
   9.37500000      0.312500000      0.432638198    
   9.62500000      0.312500000      0.698401749    
   9.87500000      0.312500000       1.23943454E-02
   10.0000000      0.312500000       1.00000000    
 
   0.00000000      0.337500006       0.00000000    
  0.125000000      0.337500006      -1.25793551E-04
  0.375000000      0.337500006       3.94498743E-03
  0.625000000      0.337500006       1.30674792E-02
  0.875000000      0.337500006       2.64225733E-02
   1.12500000      0.337500006       4.24685255E-02
   1.37500000      0.337500006       5.95801771E-02
   1.62500000      0.337500006       7.65029192E-02
   1.87500000      0.337500006       9.25472602E-02
   2.12500000      0.337500006      0.107532457    
   2.37500000      0.337500006      0.121594235    
   2.62500000      0.337500006      0.134988189    
   2.87500000      0.337500006      0.147960395    
   3.12500000      0.337500006      0.160694093    
   3.37500000      0.337500006      0.173304915    
   3.62500000      0.337500006      0.185857490    
   3.87500000      0.337500006      0.198384285    
   4.12500000      0.337500006      0.210900590    
   4.37500000      0.337500006      0.223412856    
   4.62500000      0.337500006      0.235923573    
   4.87500000      0.337500006      0.248433709    
   5.12500000      0.337500006      0.260943770    
   5.37500000      0.337500006      0.273453712    
   5.62500000      0.337500006      0.285963625    
   5.87500000      0.337500006      0.298473507    
   6.12500000      0.337500006      0.310983568    
   6.37500000      0.337500006      0.323493391    
   6.62500000      0.337500006      0.336003393    
   6.87500000      0.337500006      0.348513186    
   7.12500000      0.337500006      0.361024201    
   7.37500000      0.337500006      0.373529047    
   7.62500000      0.337500006      0.386061251    
   7.87500000      0.337500006      0.398480415    
   8.12500000      0.337500006      0.411333293    
   8.37500000      0.337500006      0.422639847    
   8.62500000      0.337500006      0.439083248    
   8.87500000      0.337500006      0.439517558    
   9.12500000      0.337500006      0.487309813    
   9.37500000      0.337500006      0.400070101    
   9.62500000      0.337500006      0.689742863    
   9.87500000      0.337500006      -6.28052950E-02
   10.0000000      0.337500006       1.00000000    
 
   0.00000000      0.362500012       0.00000000    
  0.125000000      0.362500012      -2.52202386E-04
  0.375000000      0.362500012       3.50081478E-03
  0.625000000      0.362500012       1.24861188E-02
  0.875000000      0.362500012       2.58195270E-02
   1.12500000      0.362500012       4.18345481E-02
   1.37500000      0.362500012       5.88144101E-02
   1.62500000      0.362500012       7.54614696E-02
   1.87500000      0.362500012       9.10835043E-02
   2.12500000      0.362500012      0.105522044    
   2.37500000      0.362500012      0.118944958    
   2.62500000      0.362500012      0.131638914    
   2.87500000      0.362500012      0.143874362    
   3.12500000      0.362500012      0.155850917    
   3.37500000      0.362500012      0.167694256    
   3.62500000      0.362500012      0.179474458    
   3.87500000      0.362500012      0.191226721    
   4.12500000      0.362500012      0.202967554    
   4.37500000      0.362500012      0.214704022    
   4.62500000      0.362500012      0.226438820    
   4.87500000      0.362500012      0.238172963    
   5.12500000      0.362500012      0.249907032    
   5.37500000      0.362500012      0.261640966    
   5.62500000      0.362500012      0.273374856    
   5.87500000      0.362500012      0.285108745    
   6.12500000      0.362500012      0.296842784    
   6.37500000      0.362500012      0.308576643    
   6.62500000      0.362500012      0.320310593    
   6.87500000      0.362500012      0.332044333    
   7.12500000      0.362500012      0.343779594    
   7.37500000      0.362500012      0.355507851    
   7.62500000      0.362500012      0.367266268    
   7.87500000      0.362500012      0.378900707    
   8.12500000      0.362500012      0.391009480    
   8.37500000      0.362500012      0.401431948    
   8.62500000      0.362500012      0.417441964    
   8.87500000      0.362500012      0.416071206    
   9.12500000      0.362500012      0.466060728    
   9.37500000      0.362500012      0.369651586    
   9.62500000      0.362500012      0.681817889    
   9.87500000      0.362500012     -0.133324862    
   10.0000000      0.362500012       1.00000000    
 
   0.00000000      0.387499988       0.00000000    
  0.125000000      0.387499988      -3.45961627E-04
  0.375000000      0.387499988       3.29801533E-03
  0.625000000      0.387499988       1.23760635E-02
  0.875000000      0.387499988       2.58760303E-02
   1.12500000      0.387499988       4.19914462E-02
   1.37500000      0.387499988       5.89223765E-02
   1.62500000      0.387499988       7.53442198E-02
   1.87500000      0.387499988       9.05769318E-02
   2.12500000      0.387499988      0.104494676    
   2.37500000      0.387499988      0.117303133    
   2.62500000      0.387499988      0.129322231    
   2.87500000      0.387499988      0.140847266    
   3.12500000      0.387499988      0.152094096    
   3.37500000      0.387499988      0.163197964    
   3.62500000      0.387499988      0.174234122    
   3.87500000      0.387499988      0.185240313    
   4.12500000      0.387499988      0.196234271    
   4.37500000      0.387499988      0.207223549    
   4.62500000      0.387499988      0.218211010    
   4.87500000      0.387499988      0.229197800    
   5.12500000      0.387499988      0.240184471    
   5.37500000      0.387499988      0.251171023    
   5.62500000      0.387499988      0.262157559    
   5.87500000      0.387499988      0.273144037    
   6.12500000      0.387499988      0.284130663    
   6.37500000      0.387499988      0.295117140    
   6.62500000      0.387499988      0.306103736    
   6.87500000      0.387499988      0.317090034    
   7.12500000      0.387499988      0.328078032    
   7.37500000      0.387499988      0.339058399    
   7.62500000      0.387499988      0.350071460    
   7.87500000      0.387499988      0.360950559    
   8.12500000      0.387499988      0.372340798    
   8.37500000      0.387499988      0.381918430    
   8.62500000      0.387499988      0.397489846    
   8.87500000      0.387499988      0.394443929    
   9.12500000      0.387499988      0.446372092    
   9.37500000      0.387499988      0.341604501    
   9.62500000      0.387499988      0.674222708    
   9.87500000      0.387499988     -0.198178247    
   10.0000000      0.387499988       1.00000000    
 
   0.00000000      0.412500024       0.00000000    
  0.125000000      0.412500024      -4.12872236E-04
  0.375000000      0.412500024       3.34211043E-03
  0.625000000      0.412500024       1.27570229E-02
  0.875000000      0.412500024       2.66192313E-02
   1.12500000      0.412500024       4.29673679E-02
   1.37500000      0.412500024       5.99296242E-02
   1.62500000      0.412500024       7.61728734E-02
   1.87500000      0.412500024       9.10457298E-02
   2.12500000      0.412500024      0.104466051    
   2.37500000      0.412500024      0.116682991    
   2.62500000      0.412500024      0.128051877    
   2.87500000      0.412500024      0.138893023    
   3.12500000      0.412500024      0.149438024    
   3.37500000      0.412500024      0.159831151    
   3.62500000      0.412500024      0.170152426    
   3.87500000      0.412500024      0.180442005    
   4.12500000      0.412500024      0.190718547    
   4.37500000      0.412500024      0.200990126    
   4.62500000      0.412500024      0.211259812    
   4.87500000      0.412500024      0.221528813    
   5.12500000      0.412500024      0.231797636    
   5.37500000      0.412500024      0.242066383    
   5.62500000      0.412500024      0.252335072    
   5.87500000      0.412500024      0.262603760    
   6.12500000      0.412500024      0.272872508    
   6.37500000      0.412500024      0.283141196    
   6.62500000      0.412500024      0.293409944    
   6.87500000      0.412500024      0.303678393    
   7.12500000      0.412500024      0.313948631    
   7.37500000      0.412500024      0.324210793    
   7.62500000      0.412500024      0.334507763    
   7.87500000      0.412500024      0.344662189    
   8.12500000      0.412500024      0.355359346    
   8.37500000      0.412500024      0.364135653    
   8.62500000      0.412500024      0.379253745    
   8.87500000      0.412500024      0.374693751    
   9.12500000      0.412500024      0.428218305    
   9.37500000      0.412500024      0.316135496    
   9.62500000      0.412500024      0.666565239    
   9.87500000      0.412500024     -0.256443679    
   10.0000000      0.412500024       1.00000000    
 
   0.00000000      0.437500000       0.00000000    
  0.125000000      0.437500000      -4.54474211E-04
  0.375000000      0.437500000       3.64802848E-03
  0.625000000      0.437500000       1.36574609E-02
  0.875000000      0.437500000       2.80819051E-02
   1.12500000      0.437500000       4.47928943E-02
   1.37500000      0.437500000       6.18617013E-02
   1.62500000      0.437500000       7.79677108E-02
   1.87500000      0.437500000       9.25058722E-02
   2.12500000      0.437500000      0.105449170    
   2.37500000      0.437500000      0.117095917    
   2.62500000      0.437500000      0.127838582    
   2.87500000      0.437500000      0.138022333    
   3.12500000      0.437500000      0.147893757    
   3.37500000      0.437500000      0.157605499    
   3.62500000      0.437500000      0.167241797    
   3.87500000      0.437500000      0.176844880    
   4.12500000      0.437500000      0.186434284    
   4.37500000      0.437500000      0.196018472    
   4.62500000      0.437500000      0.205600739    
   4.87500000      0.437500000      0.215182260    
   5.12500000      0.437500000      0.224763602    
   5.37500000      0.437500000      0.234344855    
   5.62500000      0.437500000      0.243926018    
   5.87500000      0.437500000      0.253507197    
   6.12500000      0.437500000      0.263088524    
   6.37500000      0.437500000      0.272669673    
   6.62500000      0.437500000      0.282250941    
   6.87500000      0.437500000      0.291831881    
   7.12500000      0.437500000      0.301414698    
   7.37500000      0.437500000      0.310988992    
   7.62500000      0.437500000      0.320599884    
   7.87500000      0.437500000      0.330061376    
   8.12500000      0.437500000      0.340090781    
   8.37500000      0.437500000      0.348113179    
   8.62500000      0.437500000      0.362754762    
   8.87500000      0.437500000      0.356869400    
   9.12500000      0.437500000      0.411572903    
   9.37500000      0.437500000      0.293428063    
   9.62500000      0.437500000      0.658484936    
   9.87500000      0.437500000     -0.307285637    
   10.0000000      0.437500000       1.00000000    
 
   0.00000000      0.462500006       0.00000000    
  0.125000000      0.462500006      -4.67494014E-04
  0.375000000      0.462500006       4.24140831E-03
  0.625000000      0.462500006       1.51155731E-02
  0.875000000      0.462500006       3.03029306E-02
   1.12500000      0.462500006       4.75012101E-02
   1.37500000      0.462500006       6.47443607E-02
   1.62500000      0.462500006       8.07477459E-02
   1.87500000      0.462500006       9.49713960E-02
   2.12500000      0.462500006      0.107454851    
   2.37500000      0.462500006      0.118550949    
   2.62500000      0.462500006      0.128690630    
   2.87500000      0.462500006      0.138243362    
   3.12500000      0.462500006      0.147469759    
   3.37500000      0.462500006      0.156529874    
   3.62500000      0.462500006      0.165511668    
   3.87500000      0.462500006      0.174458981    
   4.12500000      0.462500006      0.183392122    
   4.37500000      0.462500006      0.192319915    
   4.62500000      0.462500006      0.201245680    
   4.87500000      0.462500006      0.210170671    
   5.12500000      0.462500006      0.219095513    
   5.37500000      0.462500006      0.228020251    
   5.62500000      0.462500006      0.236944884    
   5.87500000      0.462500006      0.245869562    
   6.12500000      0.462500006      0.254794329    
   6.37500000      0.462500006      0.263718963    
   6.62500000      0.462500006      0.272643715    
   6.87500000      0.462500006      0.281568110    
   7.12500000      0.462500006      0.290494472    
   7.37500000      0.462500006      0.299412042    
   7.62500000      0.462500006      0.308367342    
   7.87500000      0.462500006      0.317168534    
   8.12500000      0.462500006      0.326555222    
   8.37500000      0.462500006      0.333874196    
   8.62500000      0.462500006      0.348009169    
   8.87500000      0.462500006      0.341009974    
   9.12500000      0.462500006      0.396412641    
   9.37500000      0.462500006      0.273635328    
   9.62500000      0.462500006      0.649671018    
   9.87500000      0.462500006     -0.349974453    
   10.0000000      0.462500006       1.00000000    
 
   0.00000000      0.487500012       0.00000000    
  0.125000000      0.487500012      -4.43061319E-04
  0.375000000      0.487500012       5.15977619E-03
  0.625000000      0.487500012       1.71798505E-02
  0.875000000      0.487500012       3.33273299E-02
   1.12500000      0.487500012       5.11279814E-02
   1.37500000      0.487500012       6.86034337E-02
   1.62500000      0.487500012       8.45308751E-02
   1.87500000      0.487500012       9.84545946E-02
   2.12500000      0.487500012      0.110491998    
   2.37500000      0.487500012      0.121055171    
   2.62500000      0.487500012      0.130614340    
   2.87500000      0.487500012      0.139562294    
   3.12500000      0.487500012      0.148172364    
   3.37500000      0.487500012      0.156611040    
   3.62500000      0.487500012      0.164969146    
   3.87500000      0.487500012      0.173291907    
   4.12500000      0.487500012      0.181600153    
   4.37500000      0.487500012      0.189902946    
   4.62500000      0.487500012      0.198203668    
   4.87500000      0.487500012      0.206503600    
   5.12500000      0.487500012      0.214803368    
   5.37500000      0.487500012      0.223103032    
   5.62500000      0.487500012      0.231402606    
   5.87500000      0.487500012      0.239702255    
   6.12500000      0.487500012      0.248001933    
   6.37500000      0.487500012      0.256301492    
   6.62500000      0.487500012      0.264601171    
   6.87500000      0.487500012      0.272900462    
   7.12500000      0.487500012      0.281201810    
   7.37500000      0.487500012      0.289494187    
   7.62500000      0.487500012      0.297824949    
   7.87500000      0.487500012      0.305998981    
   8.12500000      0.487500012      0.314768076    
   8.37500000      0.487500012      0.321436375    
   8.62500000      0.487500012      0.335029602    
   8.87500000      0.487500012      0.327144682    
   9.12500000      0.487500012      0.382720798    
   9.37500000      0.487500012      0.256873578    
   9.62500000      0.487500012      0.639878333    
   9.87500000      0.487500012     -0.383902729    
   10.0000000      0.487500012       1.00000000    
 
   0.00000000      0.512500048       0.00000000    
  0.125000000      0.512500048      -3.65640270E-04
  0.375000000      0.512500048       6.45357231E-03
  0.625000000      0.512500048       1.99091919E-02
  0.875000000      0.512500048       3.72058712E-02
   1.12500000      0.512500048       5.57108894E-02
   1.37500000      0.512500048       7.34645277E-02
   1.62500000      0.512500048       8.93336758E-02
   1.87500000      0.512500048      0.102966204    
   2.12500000      0.512500048      0.114567965    
   2.37500000      0.512500048      0.124614209    
   2.62500000      0.512500048      0.133614555    
   2.87500000      0.512500048      0.141983777    
   3.12500000      0.512500048      0.150006384    
   3.37500000      0.512500048      0.157853946    
   3.62500000      0.512500048      0.165619537    
   3.87500000      0.512500048      0.173349306    
   4.12500000      0.512500048      0.181064352    
   4.37500000      0.512500048      0.188773915    
   4.62500000      0.512500048      0.196481377    
   4.87500000      0.512500048      0.204188034    
   5.12500000      0.512500048      0.211894542    
   5.37500000      0.512500048      0.219600931    
   5.62500000      0.512500048      0.227307245    
   5.87500000      0.512500048      0.235013604    
   6.12500000      0.512500048      0.242719978    
   6.37500000      0.512500048      0.250426322    
   6.62500000      0.512500048      0.258132726    
   6.87500000      0.512500048      0.265838772    
   7.12500000      0.512500048      0.273546815    
   7.37500000      0.512500048      0.281245887    
   7.62500000      0.512500048      0.288983464    
   7.87500000      0.512500048      0.296564072    
   8.12500000      0.512500048      0.304740667    
   8.37500000      0.512500048      0.310812384    
   8.62500000      0.512500048      0.323826134    
   8.87500000      0.512500048      0.315292835    
   9.12500000      0.512500048      0.370490193    
   9.37500000      0.512500048      0.243217334    
   9.62500000      0.512500048      0.628940821    
   9.87500000      0.512500048     -0.408600271    
   10.0000000      0.512500048       1.00000000    
 
   0.00000000      0.537500024       0.00000000    
  0.125000000      0.537500024      -2.11636841E-04
  0.375000000      0.537500024       8.18696711E-03
  0.625000000      0.537500024       2.33725365E-02
  0.875000000      0.537500024       4.19941992E-02
   1.12500000      0.537500024       6.12888448E-02
   1.37500000      0.537500024       7.93525875E-02
   1.62500000      0.537500024       9.51713696E-02
   1.87500000      0.537500024      0.108515456    
   2.12500000      0.537500024      0.119688697    
   2.37500000      0.537500024      0.129232392    
   2.62500000      0.537500024      0.137695000    
   2.87500000      0.537500024      0.145511419    
   3.12500000      0.537500024      0.152975440    
   3.37500000      0.537500024      0.160262406    
   3.62500000      0.537500024      0.167466849    
   3.87500000      0.537500024      0.174635351    
   4.12500000      0.537500024      0.181789175    
   4.37500000      0.537500024      0.188937426    
   4.62500000      0.537500024      0.196083635    
   4.87500000      0.537500024      0.203229040    
   5.12500000      0.537500024      0.210374281    
   5.37500000      0.537500024      0.217519447    
   5.62500000      0.537500024      0.224664450    
   5.87500000      0.537500024      0.231809586    
   6.12500000      0.537500024      0.238954723    
   6.37500000      0.537500024      0.246099800    
   6.62500000      0.537500024      0.253244966    
   6.87500000      0.537500024      0.260389745    
   7.12500000      0.537500024      0.267536521    
   7.37500000      0.537500024      0.274674475    
   7.62500000      0.537500024      0.281850338    
   7.87500000      0.537500024      0.288871378    
   8.12500000      0.537500024      0.296480745    
   8.37500000      0.537500024      0.302010298    
   8.62500000      0.537500024      0.314406723    
   8.87500000      0.537500024      0.305463940    
   9.12500000      0.537500024      0.359724790    
   9.37500000      0.537500024      0.232696265    
   9.62500000      0.537500024      0.616782010    
   9.87500000      0.537500024     -0.423745871    
   10.0000000      0.537500024       1.00000000    
 
   0.00000000      0.562500000       0.00000000    
  0.125000000      0.562500000       5.23350245E-05
  0.375000000      0.562500000       1.04383714E-02
  0.625000000      0.562500000       2.76479125E-02
  0.875000000      0.562500000       4.77515534E-02
   1.12500000      0.562500000       6.79009557E-02
   1.37500000      0.562500000       8.62912014E-02
   1.62500000      0.562500000      0.102057435    
   1.87500000      0.562500000      0.115110070    
   2.12500000      0.562500000      0.125858963    
   2.37500000      0.562500000      0.134913221    
   2.62500000      0.562500000      0.142858684    
   2.87500000      0.562500000      0.150148079    
   3.12500000      0.562500000      0.157082409    
   3.37500000      0.562500000      0.163839415    
   3.62500000      0.562500000      0.170514166    
   3.87500000      0.562500000      0.177153245    
   4.12500000      0.562500000      0.183777809    
   4.37500000      0.562500000      0.190396860    
   4.62500000      0.562500000      0.197013900    
   4.87500000      0.562500000      0.203630134    
   5.12500000      0.562500000      0.210246250    
   5.37500000      0.562500000      0.216862261    
   5.62500000      0.562500000      0.223478124    
   5.87500000      0.562500000      0.230094135    
   6.12500000      0.562500000      0.236710131    
   6.37500000      0.562500000      0.243326008    
   6.62500000      0.562500000      0.249942049    
   6.87500000      0.562500000      0.256557673    
   7.12500000      0.562500000      0.263175249    
   7.37500000      0.562500000      0.269784331    
   7.62500000      0.562500000      0.276430100    
   7.87500000      0.562500000      0.282925516    
   8.12500000      0.562500000      0.289993316    
   8.37500000      0.562500000      0.295034289    
   8.62500000      0.562500000      0.306778103    
   8.87500000      0.562500000      0.297658294    
   9.12500000      0.562500000      0.350441009    
   9.37500000      0.562500000      0.225294173    
   9.62500000      0.562500000      0.603421330    
   9.87500000      0.562500000     -0.429177135    
   10.0000000      0.562500000       1.00000000    
 
   0.00000000      0.587499976       0.00000000    
  0.125000000      0.587499976       4.71522566E-04
  0.375000000      0.587499976       1.33005334E-02
  0.625000000      0.587499976       3.28208990E-02
  0.875000000      0.587499976       5.45389801E-02
   1.12500000      0.587499976       7.55851641E-02
   1.37500000      0.587499976       9.43018645E-02
   1.62500000      0.587499976      0.110003360    
   1.87500000      0.587499976      0.122756220    
   2.12500000      0.587499976      0.133082509    
   2.37500000      0.587499976      0.141659468    
   2.62500000      0.587499976      0.149108112    
   2.87500000      0.587499976      0.155896217    
   3.12500000      0.587499976      0.162329763    
   3.37500000      0.587499976      0.168587446    
   3.62500000      0.587499976      0.174763978    
   3.87500000      0.587499976      0.180905476    
   4.12500000      0.587499976      0.187032744    
   4.37500000      0.587499976      0.193154663    
   4.62500000      0.587499976      0.199274600    
   4.87500000      0.587499976      0.205393776    
   5.12500000      0.587499976      0.211512819    
   5.37500000      0.587499976      0.217631742    
   5.62500000      0.587499976      0.223750591    
   5.87500000      0.587499976      0.229869545    
   6.12500000      0.587499976      0.235988513    
   6.37500000      0.587499976      0.242107317    
   6.62500000      0.587499976      0.248226285    
   6.87500000      0.587499976      0.254344910    
   7.12500000      0.587499976      0.260465324    
   7.37500000      0.587499976      0.266577691    
   7.62500000      0.587499976      0.272725105    
   7.87500000      0.587499976      0.278728545    
   8.12500000      0.587499976      0.285281003    
   8.37500000      0.587499976      0.289885342    
   8.62500000      0.587499976      0.300946206    
   8.87500000      0.587499976      0.291867912    
   9.12500000      0.587499976      0.342667699    
   9.37500000      0.587499976      0.220950305    
   9.62500000      0.587499976      0.588977039    
   9.87500000      0.587499976     -0.424896926    
   10.0000000      0.587499976       1.00000000    
 
   0.00000000      0.612500012       0.00000000    
  0.125000000      0.612500012       1.10539701E-03
  0.375000000      0.612500012       1.68800559E-02
  0.625000000      0.612500012       3.89824323E-02
  0.875000000      0.612500012       6.24172203E-02
   1.12500000      0.612500012       8.43768865E-02
   1.37500000      0.612500012      0.103403211    
   1.62500000      0.612500012      0.119018331    
   1.87500000      0.612500012      0.131458536    
   2.12500000      0.612500012      0.141362116    
   2.37500000      0.612500012      0.149473429    
   2.62500000      0.612500012      0.156445533    
   2.87500000      0.612500012      0.162758112    
   3.12500000      0.612500012      0.168719858    
   3.37500000      0.612500012      0.174508780    
   3.62500000      0.612500012      0.180218473    
   3.87500000      0.612500012      0.185894132    
   4.12500000      0.612500012      0.191555992    
   4.37500000      0.612500012      0.197212726    
   4.62500000      0.612500012      0.202867523    
   4.87500000      0.612500012      0.208521605    
   5.12500000      0.612500012      0.214175582    
   5.37500000      0.612500012      0.219829395    
   5.62500000      0.612500012      0.225483179    
   5.87500000      0.612500012      0.231137037    
   6.12500000      0.612500012      0.236790910    
   6.37500000      0.612500012      0.242444664    
   6.62500000      0.612500012      0.248098567    
   6.87500000      0.612500012      0.253752112    
   7.12500000      0.612500012      0.259407371    
   7.37500000      0.612500012      0.265055090    
   7.62500000      0.612500012      0.270735711    
   7.87500000      0.612500012      0.276280612    
   8.12500000      0.612500012      0.282344520    
   8.37500000      0.612500012      0.286561638    
   8.62500000      0.612500012      0.296916306    
   8.87500000      0.612500012      0.288077384    
   9.12500000      0.612500012      0.336445242    
   9.37500000      0.612500012      0.219562665    
   9.62500000      0.612500012      0.573665082    
   9.87500000      0.612500012     -0.411078513    
   10.0000000      0.612500012       1.00000000    
 
   0.00000000      0.637500048       0.00000000    
  0.125000000      0.637500048       2.03022524E-03
  0.375000000      0.637500048       2.12961920E-02
  0.625000000      0.637500048       4.62260023E-02
  0.875000000      0.637500048       7.14442953E-02
   1.12500000      0.637500048       9.43072960E-02
   1.37500000      0.637500048      0.113610141    
   1.62500000      0.637500048      0.129108861    
   1.87500000      0.637500048      0.141219988    
   2.12500000      0.637500048      0.150699779    
   2.37500000      0.637500048      0.158357069    
   2.62500000      0.637500048      0.164873078    
   2.87500000      0.637500048      0.170736104    
   3.12500000      0.637500048      0.176255003    
   3.37500000      0.637500048      0.181605712    
   3.62500000      0.637500048      0.186879814    
   3.87500000      0.637500048      0.192121148    
   4.12500000      0.637500048      0.197349295    
   4.37500000      0.637500048      0.202572599    
   4.62500000      0.637500048      0.207794026    
   4.87500000      0.637500048      0.213014767    
   5.12500000      0.637500048      0.218235463    
   5.37500000      0.637500048      0.223455980    
   5.62500000      0.637500048      0.228676468    
   5.87500000      0.637500048      0.233897001    
   6.12500000      0.637500048      0.239117578    
   6.37500000      0.637500048      0.244338036    
   6.62500000      0.637500048      0.249558613    
   6.87500000      0.637500048      0.254778951    
   7.12500000      0.637500048      0.260000736    
   7.37500000      0.637500048      0.265215605    
   7.62500000      0.637500048      0.270460933    
   7.87500000      0.637500048      0.275580257    
   8.12500000      0.637500048      0.281183183    
   8.37500000      0.637500048      0.285059303    
   8.62500000      0.637500048      0.294693351    
   8.87500000      0.637500048      0.286265463    
   9.12500000      0.637500048      0.331823885    
   9.37500000      0.637500048      0.220993534    
   9.62500000      0.637500048      0.557792783    
   9.87500000      0.637500048     -0.388066560    
   10.0000000      0.637500048       1.00000000    
 
   0.00000000      0.662500024       0.00000000    
  0.125000000      0.662500024       3.34171369E-03
  0.375000000      0.662500024       2.66787317E-02
  0.625000000      0.662500024       5.46442270E-02
  0.875000000      0.662500024       8.16728547E-02
   1.12500000      0.662500024      0.105401963    
   1.37500000      0.662500024      0.124933116    
   1.62500000      0.662500024      0.140278503    
   1.87500000      0.662500024      0.152041942    
   2.12500000      0.662500024      0.161096737    
   2.37500000      0.662500024      0.168312117    
   2.62500000      0.662500024      0.174393013    
   2.87500000      0.662500024      0.179832667    
   3.12500000      0.662500024      0.184937701    
   3.37500000      0.662500024      0.189880595    
   3.62500000      0.662500024      0.194750145    
   3.87500000      0.662500024      0.199588507    
   4.12500000      0.662500024      0.204414412    
   4.37500000      0.662500024      0.209235728    
   4.62500000      0.662500024      0.214055270    
   4.87500000      0.662500024      0.218874201    
   5.12500000      0.662500024      0.223693103    
   5.37500000      0.662500024      0.228511795    
   5.62500000      0.662500024      0.233330503    
   5.87500000      0.662500024      0.238149211    
   6.12500000      0.662500024      0.242967978    
   6.37500000      0.662500024      0.247786656    
   6.62500000      0.662500024      0.252605408    
   6.87500000      0.662500024      0.257423967    
   7.12500000      0.662500024      0.262243807    
   7.37500000      0.662500024      0.267057419    
   7.62500000      0.662500024      0.271898746    
   7.87500000      0.662500024      0.276624829    
   8.12500000      0.662500024      0.281795114    
   8.37500000      0.662500024      0.285372704    
   8.62500000      0.662500024      0.294281900    
   8.87500000      0.662500024      0.286406457    
   9.12500000      0.662500024      0.328861207    
   9.37500000      0.662500024      0.225076750    
   9.62500000      0.662500024      0.541748881    
   9.87500000      0.662500024     -0.356376976    
   10.0000000      0.662500024       1.00000000    
 
   0.00000000      0.687500000       0.00000000    
  0.125000000      0.687500000       5.15751494E-03
  0.375000000      0.687500000       3.31648402E-02
  0.625000000      0.687500000       6.43248707E-02
  0.875000000      0.687500000       9.31474417E-02
   1.12500000      0.687500000      0.117679246    
   1.37500000      0.687500000      0.137377515    
   1.62500000      0.687500000      0.152527779    
   1.87500000      0.687500000      0.163924158    
   2.12500000      0.687500000      0.172553554    
   2.37500000      0.687500000      0.179340169    
   2.62500000      0.687500000      0.185007662    
   2.87500000      0.687500000      0.190050468    
   3.12500000      0.687500000      0.194770724    
   3.37500000      0.687500000      0.199336067    
   3.62500000      0.687500000      0.203831881    
   3.87500000      0.687500000      0.208298281    
   4.12500000      0.687500000      0.212753028    
   4.37500000      0.687500000      0.217203543    
   4.62500000      0.687500000      0.221652359    
   4.87500000      0.687500000      0.226100653    
   5.12500000      0.687500000      0.230548903    
   5.37500000      0.687500000      0.234996930    
   5.62500000      0.687500000      0.239445031    
   5.87500000      0.687500000      0.243893102    
   6.12500000      0.687500000      0.248341247    
   6.37500000      0.687500000      0.252789259    
   6.62500000      0.687500000      0.257237375    
   6.87500000      0.687500000      0.261685312    
   7.12500000      0.687500000      0.266134411    
   7.37500000      0.687500000      0.270577908    
   7.62500000      0.687500000      0.275046319    
   7.87500000      0.687500000      0.279410839    
   8.12500000      0.687500000      0.284177572    
   8.37500000      0.687500000      0.287495136    
   8.62500000      0.687500000      0.295686126    
   8.87500000      0.687500000      0.288471699    
   9.12500000      0.687500000      0.327619582    
   9.37500000      0.687500000      0.231626272    
   9.62500000      0.687500000      0.525990009    
   9.87500000      0.687500000     -0.316692799    
   10.0000000      0.687500000       1.00000000    
 
   0.00000000      0.712499976       0.00000000    
  0.125000000      0.712499976       7.61931576E-03
  0.375000000      0.712499976       4.08946984E-02
  0.625000000      0.712499976       7.53465146E-02
  0.875000000      0.712499976      0.105901860    
   1.12500000      0.712499976      0.131149024    
   1.37500000      0.712499976      0.150943100    
   1.62500000      0.712499976      0.165853947    
   1.87500000      0.712499976      0.176864788    
   2.12500000      0.712499976      0.185070232    
   2.37500000      0.712499976      0.191442788    
   2.62500000      0.712499976      0.196719572    
   2.87500000      0.712499976      0.201392531    
   3.12500000      0.712499976      0.205757141    
   3.37500000      0.712499976      0.209975034    
   3.62500000      0.712499976      0.214127600    
   3.87500000      0.712499976      0.218252763    
   4.12500000      0.712499976      0.222367123    
   4.37500000      0.712499976      0.226477563    
   4.62500000      0.712499976      0.230586469    
   4.87500000      0.712499976      0.234694913    
   5.12500000      0.712499976      0.238803282    
   5.37500000      0.712499976      0.242911443    
   5.62500000      0.712499976      0.247019678    
   5.87500000      0.712499976      0.251127928    
   6.12500000      0.712499976      0.255236238    
   6.37500000      0.712499976      0.259344399    
   6.62500000      0.712499976      0.263452649    
   6.87500000      0.712499976      0.267560720    
   7.12500000      0.712499976      0.271669835    
   7.37500000      0.712499976      0.275774032    
   7.62500000      0.712499976      0.279900223    
   7.87500000      0.712499976      0.283934206    
   8.12500000      0.712499976      0.288327277    
   8.37500000      0.712499976      0.291419357    
   8.62500000      0.712499976      0.298909456    
   8.87500000      0.712499976      0.292431325    
   9.12500000      0.712499976      0.328162640    
   9.37500000      0.712499976      0.240445569    
   9.62500000      0.712499976      0.511022151    
   9.87500000      0.712499976     -0.269857347    
   10.0000000      0.712499976       1.00000000    
 
   0.00000000      0.737500012       0.00000000    
  0.125000000      0.737500012       1.08941393E-02
  0.375000000      0.737500012       5.00059016E-02
  0.625000000      0.737500012       8.77739787E-02
  0.875000000      0.737500012      0.119956806    
   1.12500000      0.737500012      0.145811707    
   1.37500000      0.737500012      0.165623754    
   1.62500000      0.737500012      0.180251122    
   1.87500000      0.737500012      0.190860540    
   2.12500000      0.737500012      0.198646232    
   2.37500000      0.737500012      0.204621568    
   2.62500000      0.737500012      0.209531471    
   2.87500000      0.737500012      0.213862106    
   3.12500000      0.737500012      0.217900231    
   3.37500000      0.737500012      0.221800596    
   3.62500000      0.737500012      0.225640178    
   3.87500000      0.737500012      0.229454368    
   4.12500000      0.737500012      0.233258724    
   4.37500000      0.737500012      0.237059459    
   4.62500000      0.737500012      0.240858853    
   4.87500000      0.737500012      0.244657785    
   5.12500000      0.737500012      0.248456627    
   5.37500000      0.737500012      0.252255321    
   5.62500000      0.737500012      0.256054074    
   5.87500000      0.737500012      0.259852886    
   6.12500000      0.737500012      0.263651669    
   6.37500000      0.737500012      0.267450362    
   6.62500000      0.737500012      0.271249145    
   6.87500000      0.737500012      0.275047719    
   7.12500000      0.737500012      0.278847277    
   7.37500000      0.737500012      0.282642514    
   7.62500000      0.737500012      0.286456913    
   7.87500000      0.737500012      0.290190637    
   8.12500000      0.737500012      0.294240534    
   8.37500000      0.737500012      0.297137737    
   8.62500000      0.737500012      0.303954810    
   8.87500000      0.737500012      0.298255622    
   9.12500000      0.737500012      0.330552846    
   9.37500000      0.737500012      0.251336813    
   9.62500000      0.737500012      0.497380346    
   9.87500000      0.737500012     -0.216864824    
   10.0000000      0.737500012       1.00000000    
 
   0.00000000      0.762500048       0.00000000    
  0.125000000      0.762500048       1.51743982E-02
  0.375000000      0.762500048       6.06266558E-02
  0.625000000      0.762500048      0.101653762    
  0.875000000      0.762500048      0.135317683    
   1.12500000      0.762500048      0.161657557    
   1.37500000      0.762500048      0.181407407    
   1.62500000      0.762500048      0.195710257    
   1.87500000      0.762500048      0.205906719    
   2.12500000      0.762500048      0.213280573    
   2.37500000      0.762500048      0.218877986    
   2.62500000      0.762500048      0.223446280    
   2.87500000      0.762500048      0.227462649    
   3.12500000      0.762500048      0.231203511    
   3.37500000      0.762500048      0.234816104    
   3.62500000      0.762500048      0.238372549    
   3.87500000      0.762500048      0.241905734    
   4.12500000      0.762500048      0.245430008    
   4.37500000      0.762500048      0.248950958    
   4.62500000      0.762500048      0.252470791    
   4.87500000      0.762500048      0.255990118    
   5.12500000      0.762500048      0.259509414    
   5.37500000      0.762500048      0.263028592    
   5.62500000      0.762500048      0.266547769    
   5.87500000      0.762500048      0.270067066    
   6.12500000      0.762500048      0.273586333    
   6.37500000      0.762500048      0.277105480    
   6.62500000      0.762500048      0.280624688    
   6.87500000      0.762500048      0.284143776    
   7.12500000      0.762500048      0.287663668    
   7.37500000      0.762500048      0.291179895    
   7.62500000      0.762500048      0.294712514    
   7.87500000      0.762500048      0.298175573    
   8.12500000      0.762500048      0.301913261    
   8.37500000      0.762500048      0.304642588    
   8.62500000      0.762500048      0.310824186    
   8.87500000      0.762500048      0.305916101    
   9.12500000      0.762500048      0.334848315    
   9.37500000      0.762500048      0.264109850    
   9.62500000      0.762500048      0.485605240    
   9.87500000      0.762500048     -0.158848614    
   10.0000000      0.762500048       1.00000000    
 
   0.00000000      0.787500024       0.00000000    
  0.125000000      0.787500024       2.06761770E-02
  0.375000000      0.787500024       7.28678703E-02
  0.625000000      0.787500024      0.117009774    
  0.875000000      0.787500024      0.151973203    
   1.12500000      0.787500024      0.178666279    
   1.37500000      0.787500024      0.198276103    
   1.62500000      0.787500024      0.212219372    
   1.87500000      0.787500024      0.221997350    
   2.12500000      0.787500024      0.228971839    
   2.37500000      0.787500024      0.234213442    
   2.62500000      0.787500024      0.238466874    
   2.87500000      0.787500024      0.242197618    
   3.12500000      0.787500024      0.245670587    
   3.37500000      0.787500024      0.249024928    
   3.62500000      0.787500024      0.252327740    
   3.87500000      0.787500024      0.255609453    
   4.12500000      0.787500024      0.258883178    
   4.37500000      0.787500024      0.262153864    
   4.62500000      0.787500024      0.265423596    
   4.87500000      0.787500024      0.268692851    
   5.12500000      0.787500024      0.271962106    
   5.37500000      0.787500024      0.275231272    
   5.62500000      0.787500024      0.278500438    
   5.87500000      0.787500024      0.281769663    
   6.12500000      0.787500024      0.285038918    
   6.37500000      0.787500024      0.288308024    
   6.62500000      0.787500024      0.291577190    
   6.87500000      0.787500024      0.294846237    
   7.12500000      0.787500024      0.298115999    
   7.37500000      0.787500024      0.301382691    
   7.62500000      0.787500024      0.304663122    
   7.87500000      0.787500024      0.307884514    
   8.12500000      0.787500024      0.311341375    
   8.37500000      0.787500024      0.313926578    
   8.62500000      0.787500024      0.319518536    
   8.87500000      0.787500024      0.315386653    
   9.12500000      0.787500024      0.341101021    
   9.37500000      0.787500024      0.278589487    
   9.62500000      0.787500024      0.476219624    
   9.87500000      0.787500024      -9.70667228E-02
   10.0000000      0.787500024       1.00000000    
 
   0.00000000      0.812500000       0.00000000    
  0.125000000      0.812500000       2.76350267E-02
  0.375000000      0.812500000       8.68145153E-02
  0.625000000      0.812500000      0.133839712    
  0.875000000      0.812500000      0.169894338    
   1.12500000      0.812500000      0.196807131    
   1.37500000      0.812500000      0.216206223    
   1.62500000      0.812500000      0.229763761    
   1.87500000      0.812500000      0.239125311    
   2.12500000      0.812500000      0.245718136    
   2.37500000      0.812500000      0.250629187    
   2.62500000      0.812500000      0.254596084    
   2.87500000      0.812500000      0.258070439    
   3.12500000      0.812500000      0.261304975    
   3.37500000      0.812500000      0.264430314    
   3.62500000      0.812500000      0.267508715    
   3.87500000      0.812500000      0.270568103    
   4.12500000      0.812500000      0.273620337    
   4.37500000      0.812500000      0.276669860    
   4.62500000      0.812500000      0.279718608    
   4.87500000      0.812500000      0.282766789    
   5.12500000      0.812500000      0.285815090    
   5.37500000      0.812500000      0.288863271    
   5.62500000      0.812500000      0.291911483    
   5.87500000      0.812500000      0.294959754    
   6.12500000      0.812500000      0.298008025    
   6.37500000      0.812500000      0.301056176    
   6.62500000      0.812500000      0.304104388    
   6.87500000      0.812500000      0.307152450    
   7.12500000      0.812500000      0.310201168    
   7.37500000      0.812500000      0.313247353    
   7.62500000      0.812500000      0.316304922    
   7.87500000      0.812500000      0.319312930    
   8.12500000      0.812500000      0.322520494    
   8.37500000      0.812500000      0.324982733    
   8.62500000      0.812500000      0.330037892    
   8.87500000      0.812500000      0.326644212    
   9.12500000      0.812500000      0.349354923    
   9.37500000      0.812500000      0.294620872    
   9.62500000      0.812500000      0.469704688    
   9.87500000      0.812500000      -3.28863896E-02
   10.0000000      0.812500000       1.00000000    
 
   0.00000000      0.837499976       0.00000000    
  0.125000000      0.837499976       3.62987332E-02
  0.375000000      0.837499976      0.102516532    
  0.625000000      0.837499976      0.152112231    
  0.875000000      0.837499976      0.189033970    
   1.12500000      0.837499976      0.216039196    
   1.37500000      0.837499976      0.235168979    
   1.62500000      0.837499976      0.248326316    
   1.87500000      0.837499976      0.257282346    
   2.12500000      0.837499976      0.263517082    
   2.37500000      0.837499976      0.268126100    
   2.62500000      0.837499976      0.271836460    
   2.87500000      0.837499976      0.275084317    
   3.12500000      0.837499976      0.278109848    
   3.37500000      0.837499976      0.281035244    
   3.62500000      0.837499976      0.283918113    
   3.87500000      0.837499976      0.286783934    
   4.12500000      0.837499976      0.289643377    
   4.37500000      0.837499976      0.292500377    
   4.62500000      0.837499976      0.295356780    
   4.87500000      0.837499976      0.298212647    
   5.12500000      0.837499976      0.301068634    
   5.37500000      0.837499976      0.303924441    
   5.62500000      0.837499976      0.306780368    
   5.87500000      0.837499976      0.309636384    
   6.12500000      0.837499976      0.312492311    
   6.37500000      0.837499976      0.315348148    
   6.62500000      0.837499976      0.318204015    
   6.87500000      0.837499976      0.321059763    
   7.12500000      0.837499976      0.323916078    
   7.37500000      0.837499976      0.326770276    
   7.62500000      0.837499976      0.329633921    
   7.87500000      0.837499976      0.332456321    
   8.12500000      0.837499976      0.335446268    
   8.37500000      0.837499976      0.337804526    
   8.62500000      0.837499976      0.342381060    
   8.87500000      0.837499976      0.339668691    
   9.12500000      0.837499976      0.359645486    
   9.37500000      0.837499976      0.312072486    
   9.62500000      0.837499976      0.466479272    
   9.87500000      0.837499976       3.22322696E-02
   10.0000000      0.837499976       1.00000000    
 
   0.00000000      0.862500012       0.00000000    
  0.125000000      0.862500012       4.69162166E-02
  0.375000000      0.862500012      0.119980037    
  0.625000000      0.862500012      0.171765238    
  0.875000000      0.862500012      0.209327325    
   1.12500000      0.862500012      0.236312032    
   1.37500000      0.862500012      0.255130678    
   1.62500000      0.862500012      0.267887563    
   1.87500000      0.862500012      0.276459157    
   2.12500000      0.862500012      0.282365561    
   2.37500000      0.862500012      0.286704689    
   2.62500000      0.862500012      0.290190011    
   2.87500000      0.862500012      0.293241799    
   3.12500000      0.862500012      0.296087891    
   3.37500000      0.862500012      0.298842281    
   3.62500000      0.862500012      0.301558137    
   3.87500000      0.862500012      0.304258704    
   4.12500000      0.862500012      0.306953669    
   4.37500000      0.862500012      0.309646487    
   4.62500000      0.862500012      0.312338799    
   4.87500000      0.862500012      0.315030575    
   5.12500000      0.862500012      0.317722499    
   5.37500000      0.862500012      0.320414275    
   5.62500000      0.862500012      0.323106140    
   5.87500000      0.862500012      0.325798154    
   6.12500000      0.862500012      0.328489989    
   6.37500000      0.862500012      0.331181765    
   6.62500000      0.862500012      0.333873600    
   6.87500000      0.862500012      0.336565316    
   7.12500000      0.862500012      0.339257509    
   7.37500000      0.862500012      0.341947973    
   7.62500000      0.862500012      0.344646096    
   7.87500000      0.862500012      0.347310305    
   8.12500000      0.862500012      0.350114077    
   8.37500000      0.862500012      0.352385789    
   8.62500000      0.862500012      0.356545985    
   8.87500000      0.862500012      0.354443282    
   9.12500000      0.862500012      0.371999443    
   9.37500000      0.862500012      0.330836296    
   9.62500000      0.862500012      0.466883034    
   9.87500000      0.862500012       9.67516154E-02
   10.0000000      0.862500012       1.00000000    
 
   0.00000000      0.887500048       0.00000000    
  0.125000000      0.887500048       5.97219691E-02
  0.375000000      0.887500048      0.139159530    
  0.625000000      0.887500048      0.192705482    
  0.875000000      0.887500048      0.230692759    
   1.12500000      0.887500048      0.257566333    
   1.37500000      0.887500048      0.276053250    
   1.62500000      0.887500048      0.288425833    
   1.87500000      0.887500048      0.296645015    
   2.12500000      0.887500048      0.302259564    
   2.37500000      0.887500048      0.306364417    
   2.62500000      0.887500048      0.309657961    
   2.87500000      0.887500048      0.312544733    
   3.12500000      0.887500048      0.315240860    
   3.37500000      0.887500048      0.317852944    
   3.62500000      0.887500048      0.320430100    
   3.87500000      0.887500048      0.322993487    
   4.12500000      0.887500048      0.325551927    
   4.37500000      0.887500048      0.328108519    
   4.62500000      0.887500048      0.330664605    
   4.87500000      0.887500048      0.333220273    
   5.12500000      0.887500048      0.335776061    
   5.37500000      0.887500048      0.338331670    
   5.62500000      0.887500048      0.340887457    
   5.87500000      0.887500048      0.343443245    
   6.12500000      0.887500048      0.345999032    
   6.37500000      0.887500048      0.348554641    
   6.62500000      0.887500048      0.351110309    
   6.87500000      0.887500048      0.353665888    
   7.12500000      0.887500048      0.356221914    
   7.37500000      0.887500048      0.358776510    
   7.62500000      0.887500048      0.361337274    
   7.87500000      0.887500048      0.363870293    
   8.12500000      0.887500048      0.366519272    
   8.37500000      0.887500048      0.368720561    
   8.62500000      0.887500048      0.372529387    
   8.87500000      0.887500048      0.370953947    
   9.12500000      0.887500048      0.386435688    
   9.37500000      0.887500048      0.350824863    
   9.62500000      0.887500048      0.471166551    
   9.87500000      0.887500048      0.159069091    
   10.0000000      0.887500048       1.00000000    
 
   0.00000000      0.912500024       0.00000000    
  0.125000000      0.912500024       7.49153793E-02
  0.375000000      0.912500024      0.159951702    
  0.625000000      0.912500024      0.214809418    
  0.875000000      0.912500024      0.253033102    
   1.12500000      0.912500024      0.279734850    
   1.37500000      0.912500024      0.297894418    
   1.62500000      0.912500024      0.309917122    
   1.87500000      0.912500024      0.317827880    
   2.12500000      0.912500024      0.323194027    
   2.37500000      0.912500024      0.327103704    
   2.62500000      0.912500024      0.330240250    
   2.87500000      0.912500024      0.332993597    
   3.12500000      0.912500024      0.335569441    
   3.37500000      0.912500024      0.338067830    
   3.62500000      0.912500024      0.340534210    
   3.87500000      0.912500024      0.342988312    
   4.12500000      0.912500024      0.345437855    
   4.37500000      0.912500024      0.347885787    
   4.62500000      0.912500024      0.350333393    
   4.87500000      0.912500024      0.352780491    
   5.12500000      0.912500024      0.355227709    
   5.37500000      0.912500024      0.357674837    
   5.62500000      0.912500024      0.360122055    
   5.87500000      0.912500024      0.362569332    
   6.12500000      0.912500024      0.365016580    
   6.37500000      0.912500024      0.367463678    
   6.62500000      0.912500024      0.369910836    
   6.87500000      0.912500024      0.372357905    
   7.12500000      0.912500024      0.374805301    
   7.37500000      0.912500024      0.377251625    
   7.62500000      0.912500024      0.379702926    
   7.87500000      0.912500024      0.382131279    
   8.12500000      0.912500024      0.384656757    
   8.37500000      0.912500024      0.386802882    
   8.62500000      0.912500024      0.390327245    
   8.87500000      0.912500024      0.389188468    
   9.12500000      0.912500024      0.402966678    
   9.37500000      0.912500024      0.371965855    
   9.62500000      0.912500024      0.479490101    
   9.87500000      0.912500024      0.217524871    
   10.0000000      0.912500024       1.00000000    
 
   0.00000000      0.937500000       0.00000000    
  0.125000000      0.937500000       9.26345140E-02
  0.375000000      0.937500000      0.182191908    
  0.625000000      0.937500000      0.237925202    
  0.875000000      0.937500000      0.276236922    
   1.12500000      0.937500000      0.302742571    
   1.37500000      0.937500000      0.320607722    
   1.62500000      0.937500000      0.332334816    
   1.87500000      0.937500000      0.339993775    
   2.12500000      0.937500000      0.345162034    
   2.37500000      0.937500000      0.348919362    
   2.62500000      0.937500000      0.351935327    
   2.87500000      0.937500000      0.354587525    
   3.12500000      0.937500000      0.357072771    
   3.37500000      0.937500000      0.359485894    
   3.62500000      0.937500000      0.361869335    
   3.87500000      0.937500000      0.364241630    
   4.12500000      0.937500000      0.366609842    
   4.37500000      0.937500000      0.368976504    
   4.62500000      0.937500000      0.371342868    
   4.87500000      0.937500000      0.373708814    
   5.12500000      0.937500000      0.376074791    
   5.37500000      0.937500000      0.378440797    
   5.62500000      0.937500000      0.380806893    
   5.87500000      0.937500000      0.383172959    
   6.12500000      0.937500000      0.385539025    
   6.37500000      0.937500000      0.387904972    
   6.62500000      0.937500000      0.390271008    
   6.87500000      0.937500000      0.392636925    
   7.12500000      0.937500000      0.395003080    
   7.37500000      0.937500000      0.397368401    
   7.62500000      0.937500000      0.399737895    
   7.87500000      0.937500000      0.402087957    
   8.12500000      0.937500000      0.404520810    
   8.37500000      0.937500000      0.406626642    
   8.62500000      0.937500000      0.409934729    
   8.87500000      0.937500000      0.409135431    
   9.12500000      0.937500000      0.421600759    
   9.37500000      0.937500000      0.394193828    
   9.62500000      0.937500000      0.491934836    
   9.87500000      0.937500000      0.270401776    
   10.0000000      0.937500000       1.00000000    
 
   0.00000000      0.962499976       0.00000000    
  0.125000000      0.962499976      0.112924181    
  0.375000000      0.962499976      0.205653802    
  0.625000000      0.962499976      0.261875331    
  0.875000000      0.962499976      0.300179899    
   1.12500000      0.962499976      0.326507330    
   1.37500000      0.962499976      0.344142109    
   1.62500000      0.962499976      0.355649173    
   1.87500000      0.962499976      0.363126159    
   2.12500000      0.962499976      0.368154377    
   2.37500000      0.962499976      0.371806055    
   2.62500000      0.962499976      0.374739617    
   2.87500000      0.962499976      0.377323538    
   3.12500000      0.962499976      0.379748076    
   3.37500000      0.962499976      0.382104307    
   3.62500000      0.962499976      0.384432584    
   3.87500000      0.962499976      0.386750400    
   4.12500000      0.962499976      0.389064431    
   4.37500000      0.962499976      0.391377032    
   4.62500000      0.962499976      0.393689364    
   4.87500000      0.962499976      0.396001339    
   5.12500000      0.962499976      0.398313284    
   5.37500000      0.962499976      0.400625288    
   5.62500000      0.962499976      0.402937442    
   5.87500000      0.962499976      0.405249476    
   6.12500000      0.962499976      0.407561511    
   6.37500000      0.962499976      0.409873486    
   6.62500000      0.962499976      0.412185490    
   6.87500000      0.962499976      0.414497524    
   7.12500000      0.962499976      0.416809618    
   7.37500000      0.962499976      0.419120967    
   7.62500000      0.962499976      0.421436071    
   7.87500000      0.962499976      0.423734069    
   8.12500000      0.962499976      0.426105201    
   8.37500000      0.962499976      0.428184867    
   8.62500000      0.962499976      0.431346208    
   8.87500000      0.962499976      0.430782944    
   9.12500000      0.962499976      0.442344934    
   9.37500000      0.962499976      0.417440087    
   9.62500000      0.962499976      0.508528292    
   9.87500000      0.962499976      0.315914094    
   10.0000000      0.962499976       1.00000000    
 
   0.00000000      0.987500012       0.00000000    
  0.125000000      0.987500012      0.135698467    
  0.375000000      0.987500012      0.230052695    
  0.625000000      0.987500012      0.286460131    
  0.875000000      0.987500012      0.324725717    
   1.12500000      0.987500012      0.350939214    
   1.37500000      0.987500012      0.368441164    
   1.62500000      0.987500012      0.379826367    
   1.87500000      0.987500012      0.387204975    
   2.12500000      0.987500012      0.392158955    
   2.37500000      0.987500012      0.395755559    
   2.62500000      0.987500012      0.398646861    
   2.87500000      0.987500012      0.401196212    
   3.12500000      0.987500012      0.403590262    
   3.37500000      0.987500012      0.405917972    
   3.62500000      0.987500012      0.408218652    
   3.87500000      0.987500012      0.410509259    
   4.12500000      0.987500012      0.412796229    
   4.37500000      0.987500012      0.415081799    
   4.62500000      0.987500012      0.417367190    
   4.87500000      0.987500012      0.419652224    
   5.12500000      0.987500012      0.421937168    
   5.37500000      0.987500012      0.424222231    
   5.62500000      0.987500012      0.426507443    
   5.87500000      0.987500012      0.428792536    
   6.12500000      0.987500012      0.431077629    
   6.37500000      0.987500012      0.433362603    
   6.62500000      0.987500012      0.435647607    
   6.87500000      0.987500012      0.437932730    
   7.12500000      0.987500012      0.440217882    
   7.37500000      0.987500012      0.442502290    
   7.62500000      0.987500012      0.444790184    
   7.87500000      0.987500012      0.447062284    
   8.12500000      0.987500012      0.449402422    
   8.37500000      0.987500012      0.451469570    
   8.62500000      0.987500012      0.454555720    
   8.87500000      0.987500012      0.454116821    
   9.12500000      0.987500012      0.465209037    
   9.37500000      0.987500012      0.441620588    
   9.62500000      0.987500012      0.529288530    
   9.87500000      0.987500012      0.352180958    
   10.0000000      0.987500012       1.00000000    
 
   0.00000000       1.00000000       0.00000000    
  0.125000000       1.00000000      0.135698467    
  0.375000000       1.00000000      0.230052695    
  0.625000000       1.00000000      0.286460131    
  0.875000000       1.00000000      0.324725717    
   1.12500000       1.00000000      0.350939214    
   1.37500000       1.00000000      0.368441164    
   1.62500000       1.00000000      0.379826367    
   1.87500000       1.00000000      0.387204975    
   2.12500000       1.00000000      0.392158955    
   2.37500000       1.00000000      0.395755559    
   2.62500000       1.00000000      0.398646861    
   2.87500000       1.00000000      0.401196212    
   3.12500000       1.00000000      0.403590262    
   3.37500000       1.00000000      0.405917972    
   3.62500000       1.00000000      0.408218652    
   3.87500000       1.00000000      0.410509259    
   4.12500000       1.00000000      0.412796229    
   4.37500000       1.00000000      0.415081799    
   4.62500000       1.00000000      0.417367190    
   4.87500000       1.00000000      0.419652224    
   5.12500000       1.00000000      0.421937168    
   5.37500000       1.00000000      0.424222231    
   5.62500000       1.00000000      0.426507443    
   5.87500000       1.00000000      0.428792536    
   6.12500000       1.00000000      0.431077629    
   6.37500000       1.00000000      0.433362603    
   6.62500000       1.00000000      0.435647607    
   6.87500000       1.00000000      0.437932730    
   7.12500000       1.00000000      0.440217882    
   7.37500000       1.00000000      0.442502290    
   7.62500000       1.00000000      0.444790184    
   7.87500000       1.00000000      0.447062284    
   8.12500000       1.00000000      0.449402422    
   8.37500000       1.00000000      0.451469570    
   8.62500000       1.00000000      0.454555720    
   8.87500000       1.00000000      0.454116821    
   9.12500000       1.00000000      0.465209037    
   9.37500000       1.00000000      0.441620588    
   9.62500000       1.00000000      0.529288530    
   9.87500000       1.00000000      0.352180958    
   10.0000000       1.00000000       1.00000000    
 
