   0.00000000       0.00000000       0.00000000    
  0.125000000       0.00000000       1.25000002E-02
  0.375000000       0.00000000       3.75000015E-02
  0.625000000       0.00000000       6.25000000E-02
  0.875000000       0.00000000       8.74999985E-02
   1.12500000       0.00000000      0.112499997    
   1.37500000       0.00000000      0.137500003    
   1.62500000       0.00000000      0.162499994    
   1.87500000       0.00000000      0.187500000    
   2.12500000       0.00000000      0.212500006    
   2.37500000       0.00000000      0.237499997    
   2.62500000       0.00000000      0.262499988    
   2.87500000       0.00000000      0.287499994    
   3.12500000       0.00000000      0.312500000    
   3.37500000       0.00000000      0.337500006    
   3.62500000       0.00000000      0.362500012    
   3.87500000       0.00000000      0.387499988    
   4.12500000       0.00000000      0.412499994    
   4.37500000       0.00000000      0.437500000    
   4.62500000       0.00000000      0.462500006    
   4.87500000       0.00000000      0.487500012    
   5.12500000       0.00000000      0.512499988    
   5.37500000       0.00000000      0.537500024    
   5.62500000       0.00000000      0.562500000    
   5.87500000       0.00000000      0.587499976    
   6.12500000       0.00000000      0.612500012    
   6.37500000       0.00000000      0.637499988    
   6.62500000       0.00000000      0.662500024    
   6.87500000       0.00000000      0.687500000    
   7.12500000       0.00000000      0.712499976    
   7.37500000       0.00000000      0.737500012    
   7.62500000       0.00000000      0.762499988    
   7.87500000       0.00000000      0.787500024    
   8.12500000       0.00000000      0.812500000    
   8.37500000       0.00000000      0.837499976    
   8.62500000       0.00000000      0.862500012    
   8.87500000       0.00000000      0.887499988    
   9.12500000       0.00000000      0.912500024    
   9.37500000       0.00000000      0.937500000    
   9.62500000       0.00000000      0.962499976    
   9.87500000       0.00000000      0.987500012    
   10.0000000       0.00000000       1.00000000    
 
   0.00000000       1.25000002E-02   0.00000000    
  0.125000000       1.25000002E-02   1.15431342E-02
  0.375000000       1.25000002E-02   3.52937840E-02
  0.625000000       1.25000002E-02   5.91509789E-02
  0.875000000       1.25000002E-02   8.30266029E-02
   1.12500000       1.25000002E-02  0.106905133    
   1.37500000       1.25000002E-02  0.130784065    
   1.62500000       1.25000002E-02  0.154663041    
   1.87500000       1.25000002E-02  0.178542048    
   2.12500000       1.25000002E-02  0.202421024    
   2.37500000       1.25000002E-02  0.226300046    
   2.62500000       1.25000002E-02  0.250178993    
   2.87500000       1.25000002E-02  0.274058014    
   3.12500000       1.25000002E-02  0.297936976    
   3.37500000       1.25000002E-02  0.321816027    
   3.62500000       1.25000002E-02  0.345694989    
   3.87500000       1.25000002E-02  0.369573981    
   4.12500000       1.25000002E-02  0.393452972    
   4.37500000       1.25000002E-02  0.417331934    
   4.62500000       1.25000002E-02  0.441210955    
   4.87500000       1.25000002E-02  0.465089977    
   5.12500000       1.25000002E-02  0.488968909    
   5.37500000       1.25000002E-02  0.512848020    
   5.62500000       1.25000002E-02  0.536727011    
   5.87500000       1.25000002E-02  0.560605884    
   6.12500000       1.25000002E-02  0.584484935    
   6.37500000       1.25000002E-02  0.608363926    
   6.62500000       1.25000002E-02  0.632242918    
   6.87500000       1.25000002E-02  0.656121969    
   7.12500000       1.25000002E-02  0.680000901    
   7.37500000       1.25000002E-02  0.703879893    
   7.62500000       1.25000002E-02  0.727758825    
   7.87500000       1.25000002E-02  0.751637876    
   8.12500000       1.25000002E-02  0.775516927    
   8.37500000       1.25000002E-02  0.799395919    
   8.62500000       1.25000002E-02  0.823274970    
   8.87500000       1.25000002E-02  0.847152948    
   9.12500000       1.25000002E-02  0.871046066    
   9.37500000       1.25000002E-02  0.894758046    
   9.62500000       1.25000002E-02  0.920308769    
   9.87500000       1.25000002E-02  0.931157112    
   10.0000000       1.25000002E-02   1.00000000    
 
   0.00000000       3.75000015E-02   0.00000000    
  0.125000000       3.75000015E-02   9.68174450E-03
  0.375000000       3.75000015E-02   3.09495199E-02
  0.625000000       3.75000015E-02   5.25350720E-02
  0.875000000       3.75000015E-02   7.41760954E-02
   1.12500000       3.75000015E-02   9.58259553E-02
   1.37500000       3.75000015E-02  0.117477037    
   1.62500000       3.75000015E-02  0.139128298    
   1.87500000       3.75000015E-02  0.160779580    
   2.12500000       3.75000015E-02  0.182430878    
   2.37500000       3.75000015E-02  0.204082191    
   2.62500000       3.75000015E-02  0.225733429    
   2.87500000       3.75000015E-02  0.247384742    
   3.12500000       3.75000015E-02  0.269035995    
   3.37500000       3.75000015E-02  0.290687323    
   3.62500000       3.75000015E-02  0.312338591    
   3.87500000       3.75000015E-02  0.333989859    
   4.12500000       3.75000015E-02  0.355641216    
   4.37500000       3.75000015E-02  0.377292454    
   4.62500000       3.75000015E-02  0.398943752    
   4.87500000       3.75000015E-02  0.420595109    
   5.12500000       3.75000015E-02  0.442246288    
   5.37500000       3.75000015E-02  0.463897616    
   5.62500000       3.75000015E-02  0.485548913    
   5.87500000       3.75000015E-02  0.507200122    
   6.12500000       3.75000015E-02  0.528851509    
   6.37500000       3.75000015E-02  0.550502717    
   6.62500000       3.75000015E-02  0.572154045    
   6.87500000       3.75000015E-02  0.593805432    
   7.12500000       3.75000015E-02  0.615456581    
   7.37500000       3.75000015E-02  0.637107968    
   7.62500000       3.75000015E-02  0.658759177    
   7.87500000       3.75000015E-02  0.680410564    
   8.12500000       3.75000015E-02  0.702061832    
   8.37500000       3.75000015E-02  0.723713040    
   8.62500000       3.75000015E-02  0.745364547    
   8.87500000       3.75000015E-02  0.767012537    
   9.12500000       3.75000015E-02  0.788709641    
   9.37500000       3.75000015E-02  0.809827745    
   9.62500000       3.75000015E-02  0.836738408    
   9.87500000       3.75000015E-02  0.817628384    
   10.0000000       3.75000015E-02   1.00000000    
 
   0.00000000       6.25000000E-02   0.00000000    
  0.125000000       6.25000000E-02   7.95126334E-03
  0.375000000       6.25000000E-02   2.67874077E-02
  0.625000000       6.25000000E-02   4.61433344E-02
  0.875000000       6.25000000E-02   6.55918494E-02
   1.12500000       6.25000000E-02   8.50553140E-02
   1.37500000       6.25000000E-02  0.104520887    
   1.62500000       6.25000000E-02  0.123986773    
   1.87500000       6.25000000E-02  0.143452659    
   2.12500000       6.25000000E-02  0.162918583    
   2.37500000       6.25000000E-02  0.182384521    
   2.62500000       6.25000000E-02  0.201850355    
   2.87500000       6.25000000E-02  0.221316308    
   3.12500000       6.25000000E-02  0.240782186    
   3.37500000       6.25000000E-02  0.260248125    
   3.62500000       6.25000000E-02  0.279714018    
   3.87500000       6.25000000E-02  0.299179912    
   4.12500000       6.25000000E-02  0.318645924    
   4.37500000       6.25000000E-02  0.338111758    
   4.62500000       6.25000000E-02  0.357577682    
   4.87500000       6.25000000E-02  0.377043664    
   5.12500000       6.25000000E-02  0.396509469    
   5.37500000       6.25000000E-02  0.415975422    
   5.62500000       6.25000000E-02  0.435441315    
   5.87500000       6.25000000E-02  0.454907209    
   6.12500000       6.25000000E-02  0.474373221    
   6.37500000       6.25000000E-02  0.493838936    
   6.62500000       6.25000000E-02  0.513304949    
   6.87500000       6.25000000E-02  0.532770932    
   7.12500000       6.25000000E-02  0.552236736    
   7.37500000       6.25000000E-02  0.571702719    
   7.62500000       6.25000000E-02  0.591168523    
   7.87500000       6.25000000E-02  0.610634506    
   8.12500000       6.25000000E-02  0.630100489    
   8.37500000       6.25000000E-02  0.649566233    
   8.62500000       6.25000000E-02  0.669032574    
   8.87500000       6.25000000E-02  0.688492000    
   9.12500000       6.25000000E-02  0.708045006    
   9.37500000       6.25000000E-02  0.726521373    
   9.62500000       6.25000000E-02  0.755500674    
   9.87500000       6.25000000E-02  0.702222586    
   10.0000000       6.25000000E-02   1.00000000    
 
   0.00000000       8.75000060E-02   0.00000000    
  0.125000000       8.75000060E-02   6.39992580E-03
  0.375000000       8.75000060E-02   2.28927229E-02
  0.625000000       8.75000060E-02   4.00884673E-02
  0.875000000       8.75000060E-02   5.74130267E-02
   1.12500000       8.75000060E-02   7.47587532E-02
   1.37500000       8.75000060E-02   9.21075270E-02
   1.62500000       8.75000060E-02  0.109456733    
   1.87500000       8.75000060E-02  0.126805961    
   2.12500000       8.75000060E-02  0.144155204    
   2.37500000       8.75000060E-02  0.161504492    
   2.62500000       8.75000060E-02  0.178853676    
   2.87500000       8.75000060E-02  0.196202949    
   3.12500000       8.75000060E-02  0.213552162    
   3.37500000       8.75000060E-02  0.230901450    
   3.62500000       8.75000060E-02  0.248250648    
   3.87500000       8.75000060E-02  0.265599877    
   4.12500000       8.75000060E-02  0.282949209    
   4.37500000       8.75000060E-02  0.300298423    
   4.62500000       8.75000060E-02  0.317647696    
   4.87500000       8.75000060E-02  0.334996969    
   5.12500000       8.75000060E-02  0.352346182    
   5.37500000       8.75000060E-02  0.369695425    
   5.62500000       8.75000060E-02  0.387044638    
   5.87500000       8.75000060E-02  0.404393911    
   6.12500000       8.75000060E-02  0.421743184    
   6.37500000       8.75000060E-02  0.439092278    
   6.62500000       8.75000060E-02  0.456441641    
   6.87500000       8.75000060E-02  0.473790914    
   7.12500000       8.75000060E-02  0.491140097    
   7.37500000       8.75000060E-02  0.508489370    
   7.62500000       8.75000060E-02  0.525838554    
   7.87500000       8.75000060E-02  0.543187857    
   8.12500000       8.75000060E-02  0.560537100    
   8.37500000       8.75000060E-02  0.577886224    
   8.62500000       8.75000060E-02  0.595236182    
   8.87500000       8.75000060E-02  0.612574399    
   9.12500000       8.75000060E-02  0.630067289    
   9.37500000       8.75000060E-02  0.645829022    
   9.62500000       8.75000060E-02  0.677964091    
   9.87500000       8.75000060E-02  0.584650517    
   10.0000000       8.75000060E-02   1.00000000    
 
   0.00000000      0.112499997       0.00000000    
  0.125000000      0.112499997       5.05147083E-03
  0.375000000      0.112499997       1.93241555E-02
  0.625000000      0.112499997       3.44546512E-02
  0.875000000      0.112499997       4.97478098E-02
   1.12500000      0.112499997       6.50682747E-02
   1.37500000      0.112499997       8.03927556E-02
   1.62500000      0.112499997       9.57177728E-02
   1.87500000      0.112499997      0.111042865    
   2.12500000      0.112499997      0.126367941    
   2.37500000      0.112499997      0.141693056    
   2.62500000      0.112499997      0.157018095    
   2.87500000      0.112499997      0.172343180    
   3.12500000      0.112499997      0.187668264    
   3.37500000      0.112499997      0.202993363    
   3.62500000      0.112499997      0.218318433    
   3.87500000      0.112499997      0.233643517    
   4.12500000      0.112499997      0.248968646    
   4.37500000      0.112499997      0.264293760    
   4.62500000      0.112499997      0.279618829    
   4.87500000      0.112499997      0.294943959    
   5.12500000      0.112499997      0.310268998    
   5.37500000      0.112499997      0.325594127    
   5.62500000      0.112499997      0.340919137    
   5.87500000      0.112499997      0.356244296    
   6.12500000      0.112499997      0.371569395    
   6.37500000      0.112499997      0.386894315    
   6.62500000      0.112499997      0.402219504    
   6.87500000      0.112499997      0.417544633    
   7.12500000      0.112499997      0.432869673    
   7.37500000      0.112499997      0.448194802    
   7.62500000      0.112499997      0.463519871    
   7.87500000      0.112499997      0.478844970    
   8.12500000      0.112499997      0.494169980    
   8.37500000      0.112499997      0.509494901    
   8.62500000      0.112499997      0.524821341    
   8.87500000      0.112499997      0.540128708    
   9.12500000      0.112499997      0.555675566    
   9.37500000      0.112499997      0.568625927    
   9.62500000      0.112499997      0.605314255    
   9.87500000      0.112499997      0.465225637    
   10.0000000      0.112499997       1.00000000    
 
   0.00000000      0.137500003       0.00000000    
  0.125000000      0.137500003       3.91095039E-03
  0.375000000      0.137500003       1.61166508E-02
  0.625000000      0.137500003       2.92992536E-02
  0.875000000      0.137500003       4.26743217E-02
   1.12500000      0.137500003       5.60824610E-02
   1.37500000      0.137500003       6.94955438E-02
   1.62500000      0.137500003       8.29093158E-02
   1.87500000      0.137500003       9.63231549E-02
   2.12500000      0.137500003      0.109736979    
   2.37500000      0.137500003      0.123150855    
   2.62500000      0.137500003      0.136564642    
   2.87500000      0.137500003      0.149978474    
   3.12500000      0.137500003      0.163392320    
   3.37500000      0.137500003      0.176806167    
   3.62500000      0.137500003      0.190219998    
   3.87500000      0.137500003      0.203633860    
   4.12500000      0.137500003      0.217047706    
   4.37500000      0.137500003      0.230461568    
   4.62500000      0.137500003      0.243875414    
   4.87500000      0.137500003      0.257289320    
   5.12500000      0.137500003      0.270703048    
   5.37500000      0.137500003      0.284116924    
   5.62500000      0.137500003      0.297530740    
   5.87500000      0.137500003      0.310944647    
   6.12500000      0.137500003      0.324358433    
   6.37500000      0.137500003      0.337772191    
   6.62500000      0.137500003      0.351186067    
   6.87500000      0.137500003      0.364599973    
   7.12500000      0.137500003      0.378013790    
   7.37500000      0.137500003      0.391427636    
   7.62500000      0.137500003      0.404841512    
   7.87500000      0.137500003      0.418255359    
   8.12500000      0.137500003      0.431669086    
   8.37500000      0.137500003      0.445082754    
   8.62500000      0.137500003      0.458498627    
   8.87500000      0.137500003      0.471885532    
   9.12500000      0.137500003      0.485626489    
   9.37500000      0.137500003      0.495647222    
   9.62500000      0.137500003      0.538516819    
   9.87500000      0.137500003      0.344731122    
   10.0000000      0.137500003       1.00000000    
 
   0.00000000      0.162499994       0.00000000    
  0.125000000      0.162499994       2.97008757E-03
  0.375000000      0.162499994       1.32847885E-02
  0.625000000      0.162499994       2.46553347E-02
  0.875000000      0.162499994       3.62424627E-02
   1.12500000      0.162499994       4.78677154E-02
   1.37500000      0.162499994       5.94987608E-02
   1.62500000      0.162499994       7.11305961E-02
   1.87500000      0.162499994       8.27625096E-02
   2.12500000      0.162499994       9.43944380E-02
   2.37500000      0.162499994      0.106026389    
   2.62500000      0.162499994      0.117658280    
   2.87500000      0.162499994      0.129290193    
   3.12500000      0.162499994      0.140922129    
   3.37500000      0.162499994      0.152554065    
   3.62500000      0.162499994      0.164186016    
   3.87500000      0.162499994      0.175817952    
   4.12500000      0.162499994      0.187449872    
   4.37500000      0.162499994      0.199081808    
   4.62500000      0.162499994      0.210713744    
   4.87500000      0.162499994      0.222345710    
   5.12500000      0.162499994      0.233977586    
   5.37500000      0.162499994      0.245609522    
   5.62500000      0.162499994      0.257241458    
   5.87500000      0.162499994      0.268873394    
   6.12500000      0.162499994      0.280505300    
   6.37500000      0.162499994      0.292137176    
   6.62500000      0.162499994      0.303769112    
   6.87500000      0.162499994      0.315401107    
   7.12500000      0.162499994      0.327033013    
   7.37500000      0.162499994      0.338664949    
   7.62500000      0.162499994      0.350296885    
   7.87500000      0.162499994      0.361928850    
   8.12500000      0.162499994      0.373560727    
   8.37500000      0.162499994      0.385192394    
   8.62500000      0.162499994      0.396827370    
   8.87500000      0.162499994      0.408419728    
   9.12500000      0.162499994      0.420516878    
   9.37500000      0.162499994      0.427472621    
   9.62500000      0.162499994      0.478285968    
   9.87500000      0.162499994      0.224290445    
   10.0000000      0.162499994       1.00000000    
 
   0.00000000      0.187500000       0.00000000    
  0.125000000      0.187500000       2.21192301E-03
  0.375000000      0.187500000       1.08265309E-02
  0.625000000      0.187500000       2.05347836E-02
  0.875000000      0.187500000       3.04766670E-02
   1.12500000      0.187500000       4.04606536E-02
   1.37500000      0.187500000       5.04511259E-02
   1.62500000      0.187500000       6.04424775E-02
   1.87500000      0.187500000       7.04339147E-02
   2.12500000      0.187500000       8.04253742E-02
   2.37500000      0.187500000       9.04168561E-02
   2.62500000      0.187500000      0.100408286    
   2.87500000      0.187500000      0.110399731    
   3.12500000      0.187500000      0.120391205    
   3.37500000      0.187500000      0.130382642    
   3.62500000      0.187500000      0.140374124    
   3.87500000      0.187500000      0.150365606    
   4.12500000      0.187500000      0.160357043    
   4.37500000      0.187500000      0.170348510    
   4.62500000      0.187500000      0.180339947    
   4.87500000      0.187500000      0.190331429    
   5.12500000      0.187500000      0.200322866    
   5.37500000      0.187500000      0.210314348    
   5.62500000      0.187500000      0.220305815    
   5.87500000      0.187500000      0.230297253    
   6.12500000      0.187500000      0.240288690    
   6.37500000      0.187500000      0.250280112    
   6.62500000      0.187500000      0.260271579    
   6.87500000      0.187500000      0.270263076    
   7.12500000      0.187500000      0.280254513    
   7.37500000      0.187500000      0.290246010    
   7.62500000      0.187500000      0.300237477    
   7.87500000      0.187500000      0.310228974    
   8.12500000      0.187500000      0.320220381    
   8.37500000      0.187500000      0.330211490    
   8.62500000      0.187500000      0.340207338    
   8.87500000      0.187500000      0.350142747    
   9.12500000      0.187500000      0.360774815    
   9.37500000      0.187500000      0.364521027    
   9.62500000      0.187500000      0.425064772    
   9.87500000      0.187500000      0.105247751    
   10.0000000      0.187500000       1.00000000    
 
   0.00000000      0.212500006       0.00000000    
  0.125000000      0.212500006       1.61463243E-03
  0.375000000      0.212500006       8.72700941E-03
  0.625000000      0.212500006       1.69317815E-02
  0.875000000      0.212500006       2.53792312E-02
   1.12500000      0.212500006       3.38713303E-02
   1.37500000      0.212500006       4.23703715E-02
   1.62500000      0.212500006       5.08703478E-02
   1.87500000      0.212500006       5.93704060E-02
   2.12500000      0.212500006       6.78704903E-02
   2.37500000      0.212500006       7.63705820E-02
   2.62500000      0.212500006       8.48706514E-02
   2.87500000      0.212500006       9.33707282E-02
   3.12500000      0.212500006      0.101870812    
   3.37500000      0.212500006      0.110370889    
   3.62500000      0.212500006      0.118871003    
   3.87500000      0.212500006      0.127371088    
   4.12500000      0.212500006      0.135871157    
   4.37500000      0.212500006      0.144371241    
   4.62500000      0.212500006      0.152871311    
   4.87500000      0.212500006      0.161371410    
   5.12500000      0.212500006      0.169871494    
   5.37500000      0.212500006      0.178371593    
   5.62500000      0.212500006      0.186871678    
   5.87500000      0.212500006      0.195371747    
   6.12500000      0.212500006      0.203871801    
   6.37500000      0.212500006      0.212371871    
   6.62500000      0.212500006      0.220871940    
   6.87500000      0.212500006      0.229372069    
   7.12500000      0.212500006      0.237872124    
   7.37500000      0.212500006      0.246372238    
   7.62500000      0.212500006      0.254872322    
   7.87500000      0.212500006      0.263372451    
   8.12500000      0.212500006      0.271872550    
   8.37500000      0.212500006      0.280372143    
   8.62500000      0.212500006      0.288878322    
   8.87500000      0.212500006      0.297301531    
   9.12500000      0.212500006      0.306657493    
   9.37500000      0.212500006      0.307053000    
   9.62500000      0.212500006      0.379018992    
   9.87500000      0.212500006      -1.09418901E-02
   10.0000000      0.212500006       1.00000000    
 
   0.00000000      0.237500012       0.00000000    
  0.125000000      0.237500012       1.15448283E-03
  0.375000000      0.237500012       6.96222531E-03
  0.625000000      0.237500012       1.38265565E-02
  0.875000000      0.237500012       2.09341291E-02
   1.12500000      0.237500012       2.80871633E-02
   1.37500000      0.237500012       3.52472588E-02
   1.62500000      0.237500012       4.24082950E-02
   1.87500000      0.237500012       4.95694056E-02
   2.12500000      0.237500012       5.67305312E-02
   2.37500000      0.237500012       6.38916790E-02
   2.62500000      0.237500012       7.10527897E-02
   2.87500000      0.237500012       7.82139301E-02
   3.12500000      0.237500012       8.53750557E-02
   3.37500000      0.237500012       9.25361887E-02
   3.62500000      0.237500012       9.96973291E-02
   3.87500000      0.237500012      0.106858462    
   4.12500000      0.237500012      0.114019595    
   4.37500000      0.237500012      0.121180713    
   4.62500000      0.237500012      0.128341854    
   4.87500000      0.237500012      0.135502994    
   5.12500000      0.237500012      0.142664135    
   5.37500000      0.237500012      0.149825275    
   5.62500000      0.237500012      0.156986386    
   5.87500000      0.237500012      0.164147541    
   6.12500000      0.237500012      0.171308622    
   6.37500000      0.237500012      0.178469762    
   6.62500000      0.237500012      0.185630873    
   6.87500000      0.237500012      0.192792043    
   7.12500000      0.237500012      0.199953154    
   7.37500000      0.237500012      0.207114309    
   7.62500000      0.237500012      0.214275435    
   7.87500000      0.237500012      0.221436575    
   8.12500000      0.237500012      0.228597775    
   8.37500000      0.237500012      0.235758275    
   8.62500000      0.237500012      0.242927656    
   8.87500000      0.237500012      0.249986485    
   9.12500000      0.237500012      0.258258820    
   9.37500000      0.237500012      0.255181313    
   9.62500000      0.237500012      0.340047985    
   9.87500000      0.237500012     -0.122808598    
   10.0000000      0.237500012       1.00000000    
 
   0.00000000      0.262499988       0.00000000    
  0.125000000      0.262499988       8.07998818E-04
  0.375000000      0.262499988       5.50245587E-03
  0.625000000      0.262499988       1.11891432E-02
  0.875000000      0.262499988       1.71110928E-02
   1.12500000      0.262499988       2.30773035E-02
   1.37500000      0.262499988       2.90502869E-02
   1.62500000      0.262499988       3.50241326E-02
   1.87500000      0.262499988       4.09980379E-02
   2.12500000      0.262499988       4.69719470E-02
   2.37500000      0.262499988       5.29458821E-02
   2.62500000      0.262499988       5.89197986E-02
   2.87500000      0.262499988       6.48937151E-02
   3.12500000      0.262499988       7.08676279E-02
   3.37500000      0.262499988       7.68415555E-02
   3.62500000      0.262499988       8.28154758E-02
   3.87500000      0.262499988       8.87893885E-02
   4.12500000      0.262499988       9.47633162E-02
   4.37500000      0.262499988      0.100737222    
   4.62500000      0.262499988      0.106711142    
   4.87500000      0.262499988      0.112685062    
   5.12500000      0.262499988      0.118658990    
   5.37500000      0.262499988      0.124632925    
   5.62500000      0.262499988      0.130606860    
   5.87500000      0.262499988      0.136580780    
   6.12500000      0.262499988      0.142554656    
   6.37500000      0.262499988      0.148528576    
   6.62500000      0.262499988      0.154502481    
   6.87500000      0.262499988      0.160476416    
   7.12500000      0.262499988      0.166450337    
   7.37500000      0.262499988      0.172424272    
   7.62500000      0.262499988      0.178398207    
   7.87500000      0.262499988      0.184372097    
   8.12500000      0.262499988      0.190346107    
   8.37500000      0.262499988      0.196319208    
   8.62500000      0.262499988      0.202303961    
   8.87500000      0.262499988      0.208145723    
   9.12500000      0.262499988      0.215523317    
   9.37500000      0.262499988      0.208887026    
   9.62500000      0.262499988      0.307809383    
   9.87500000      0.262499988     -0.228947029    
   10.0000000      0.262499988       1.00000000    
 
   0.00000000      0.287500024       0.00000000    
  0.125000000      0.287500024       5.53426915E-04
  0.375000000      0.287500024       4.31525381E-03
  0.625000000      0.287500024       8.98298714E-03
  0.875000000      0.287500024       1.38696879E-02
   1.12500000      0.287500024       1.87972095E-02
   1.37500000      0.287500024       2.37307195E-02
   1.62500000      0.287500024       2.86649037E-02
   1.87500000      0.287500024       3.35991234E-02
   2.12500000      0.287500024       3.85333374E-02
   2.37500000      0.287500024       4.34675738E-02
   2.62500000      0.287500024       4.84017879E-02
   2.87500000      0.287500024       5.33360131E-02
   3.12500000      0.287500024       5.82702309E-02
   3.37500000      0.287500024       6.32044598E-02
   3.62500000      0.287500024       6.81386814E-02
   3.87500000      0.287500024       7.30728954E-02
   4.12500000      0.287500024       7.80071169E-02
   4.37500000      0.287500024       8.29413384E-02
   4.62500000      0.287500024       8.78755599E-02
   4.87500000      0.287500024       9.28097814E-02
   5.12500000      0.287500024       9.77440104E-02
   5.37500000      0.287500024      0.102678247    
   5.62500000      0.287500024      0.107612461    
   5.87500000      0.287500024      0.112546697    
   6.12500000      0.287500024      0.117480889    
   6.37500000      0.287500024      0.122415125    
   6.62500000      0.287500024      0.127349332    
   6.87500000      0.287500024      0.132283553    
   7.12500000      0.287500024      0.137217790    
   7.37500000      0.287500024      0.142152011    
   7.62500000      0.287500024      0.147086233    
   7.87500000      0.287500024      0.152020454    
   8.12500000      0.287500024      0.156954795    
   8.37500000      0.287500024      0.161887944    
   8.62500000      0.287500024      0.166835994    
   8.87500000      0.287500024      0.171604276    
   9.12500000      0.287500024      0.178265631    
   9.37500000      0.287500024      0.168039456    
   9.62500000      0.287500024      0.281755954    
   9.87500000      0.287500024     -0.328077763    
   10.0000000      0.287500024       1.00000000    
 
   0.00000000      0.312500000       0.00000000    
  0.125000000      0.312500000       3.71638685E-04
  0.375000000      0.312500000       3.36800260E-03
  0.625000000      0.312500000       7.16828462E-03
  0.875000000      0.312500000       1.11632729E-02
   1.12500000      0.312500000       1.51931895E-02
   1.37500000      0.312500000       1.92277078E-02
   1.62500000      0.312500000       2.32626051E-02
   1.87500000      0.312500000       2.72974800E-02
   2.12500000      0.312500000       3.13323475E-02
   2.37500000      0.312500000       3.53672169E-02
   2.62500000      0.312500000       3.94020788E-02
   2.87500000      0.312500000       4.34369482E-02
   3.12500000      0.312500000       4.74718176E-02
   3.37500000      0.312500000       5.15066870E-02
   3.62500000      0.312500000       5.55415563E-02
   3.87500000      0.312500000       5.95764220E-02
   4.12500000      0.312500000       6.36112839E-02
   4.37500000      0.312500000       6.76461458E-02
   4.62500000      0.312500000       7.16810077E-02
   4.87500000      0.312500000       7.57158771E-02
   5.12500000      0.312500000       7.97507465E-02
   5.37500000      0.312500000       8.37856382E-02
   5.62500000      0.312500000       8.78204852E-02
   5.87500000      0.312500000       9.18553695E-02
   6.12500000      0.312500000       9.58902016E-02
   6.37500000      0.312500000       9.99251008E-02
   6.62500000      0.312500000      0.103959955    
   6.87500000      0.312500000      0.107994817    
   7.12500000      0.312500000      0.112029694    
   7.37500000      0.312500000      0.116064563    
   7.62500000      0.312500000      0.120099410    
   7.87500000      0.312500000      0.124134295    
   8.12500000      0.312500000      0.128169268    
   8.37500000      0.312500000      0.132202819    
   8.62500000      0.312500000      0.136254832    
   8.87500000      0.312500000      0.140086949    
   9.12500000      0.312500000      0.146193773    
   9.37500000      0.312500000      0.132418215    
   9.62500000      0.312500000      0.261180282    
   9.87500000      0.312500000     -0.419090003    
   10.0000000      0.312500000       1.00000000    
 
   0.00000000      0.337500006       0.00000000    
  0.125000000      0.337500006       2.46604264E-04
  0.375000000      0.337500006       2.63001118E-03
  0.625000000      0.337500006       5.70497196E-03
  0.875000000      0.337500006       8.94266460E-03
   1.12500000      0.337500006       1.22067099E-02
   1.37500000      0.337500006       1.54732848E-02
   1.62500000      0.337500006       1.87397953E-02
   1.87500000      0.337500006       2.20062025E-02
   2.12500000      0.337500006       2.52725910E-02
   2.37500000      0.337500006       2.85389796E-02
   2.62500000      0.337500006       3.18053551E-02
   2.87500000      0.337500006       3.50717381E-02
   3.12500000      0.337500006       3.83381248E-02
   3.37500000      0.337500006       4.16045003E-02
   3.62500000      0.337500006       4.48708981E-02
   3.87500000      0.337500006       4.81372699E-02
   4.12500000      0.337500006       5.14036566E-02
   4.37500000      0.337500006       5.46700247E-02
   4.62500000      0.337500006       5.79364151E-02
   4.87500000      0.337500006       6.12027943E-02
   5.12500000      0.337500006       6.44691810E-02
   5.37500000      0.337500006       6.77355751E-02
   5.62500000      0.337500006       7.10019544E-02
   5.87500000      0.337500006       7.42683411E-02
   6.12500000      0.337500006       7.75346905E-02
   6.37500000      0.337500006       8.08011144E-02
   6.62500000      0.337500006       8.40674862E-02
   6.87500000      0.337500006       8.73338655E-02
   7.12500000      0.337500006       9.06002447E-02
   7.37500000      0.337500006       9.38666463E-02
   7.62500000      0.337500006       9.71330032E-02
   7.87500000      0.337500006      0.100399405    
   8.12500000      0.337500006      0.103665888    
   8.37500000      0.337500006      0.106930703    
   8.62500000      0.337500006      0.110217758    
   8.87500000      0.337500006      0.113242917    
   9.12500000      0.337500006      0.118934639    
   9.37500000      0.337500006      0.101735480    
   9.62500000      0.337500006      0.245264634    
   9.87500000      0.337500006     -0.501066327    
   10.0000000      0.337500006       1.00000000    
 
   0.00000000      0.362500012       0.00000000    
  0.125000000      0.362500012       1.65577192E-04
  0.375000000      0.362500012       2.07419251E-03
  0.625000000      0.362500012       4.55531990E-03
  0.875000000      0.362500012       7.15945149E-03
   1.12500000      0.362500012       9.77838878E-03
   1.37500000      0.362500012       1.23969903E-02
   1.62500000      0.362500012       1.50149185E-02
   1.87500000      0.362500012       1.76326372E-02
   2.12500000      0.362500012       2.02503130E-02
   2.37500000      0.362500012       2.28679851E-02
   2.62500000      0.362500012       2.54856460E-02
   2.87500000      0.362500012       2.81033199E-02
   3.12500000      0.362500012       3.07209902E-02
   3.37500000      0.362500012       3.33386548E-02
   3.62500000      0.362500012       3.59563306E-02
   3.87500000      0.362500012       3.85739952E-02
   4.12500000      0.362500012       4.11916636E-02
   4.37500000      0.362500012       4.38093245E-02
   4.62500000      0.362500012       4.64269929E-02
   4.87500000      0.362500012       4.90446612E-02
   5.12500000      0.362500012       5.16623333E-02
   5.37500000      0.362500012       5.42800054E-02
   5.62500000      0.362500012       5.68976775E-02
   5.87500000      0.362500012       5.95153421E-02
   6.12500000      0.362500012       6.21329919E-02
   6.37500000      0.362500012       6.47506863E-02
   6.62500000      0.362500012       6.73683509E-02
   6.87500000      0.362500012       6.99860156E-02
   7.12500000      0.362500012       7.26036876E-02
   7.37500000      0.362500012       7.52213523E-02
   7.62500000      0.362500012       7.78390169E-02
   7.87500000      0.362500012       8.04566965E-02
   8.12500000      0.362500012       8.30744803E-02
   8.37500000      0.362500012       8.56902897E-02
   8.62500000      0.362500012       8.83322209E-02
   8.87500000      0.362500012       9.06702504E-02
   9.12500000      0.362500012       9.60601419E-02
   9.37500000      0.362500012       7.56570846E-02
   9.62500000      0.362500012      0.233130693    
   9.87500000      0.362500012     -0.573291421    
   10.0000000      0.362500012       1.00000000    
 
   0.00000000      0.387499988       0.00000000    
  0.125000000      0.387499988       1.19112701E-04
  0.375000000      0.387499988       1.67839718E-03
  0.625000000      0.387499988       3.68614728E-03
  0.875000000      0.387499988       5.76887233E-03
   1.12500000      0.387499988       7.85151497E-03
   1.37500000      0.387499988       9.93005652E-03
   1.62500000      0.387499988       1.20071229E-02
   1.87500000      0.387499988       1.40838353E-02
   2.12500000      0.387499988       1.61604825E-02
   2.37500000      0.387499988       1.82371195E-02
   2.62500000      0.387499988       2.03137510E-02
   2.87500000      0.387499988       2.23903880E-02
   3.12500000      0.387499988       2.44670212E-02
   3.37500000      0.387499988       2.65436526E-02
   3.62500000      0.387499988       2.86202934E-02
   3.87500000      0.387499988       3.06969211E-02
   4.12500000      0.387499988       3.27735581E-02
   4.37500000      0.387499988       3.48501913E-02
   4.62500000      0.387499988       3.69268246E-02
   4.87500000      0.387499988       3.90034579E-02
   5.12500000      0.387499988       4.10800911E-02
   5.37500000      0.387499988       4.31567319E-02
   5.62500000      0.387499988       4.52333651E-02
   5.87500000      0.387499988       4.73099947E-02
   6.12500000      0.387499988       4.93866242E-02
   6.37500000      0.387499988       5.14632724E-02
   6.62500000      0.387499988       5.35398982E-02
   6.87500000      0.387499988       5.56165352E-02
   7.12500000      0.387499988       5.76931797E-02
   7.37500000      0.387499988       5.97698055E-02
   7.62500000      0.387499988       6.18464425E-02
   7.87500000      0.387499988       6.39230907E-02
   8.12500000      0.387499988       6.59998581E-02
   8.37500000      0.387499988       6.80743456E-02
   8.62500000      0.387499988       7.01786876E-02
   8.87500000      0.387499988       7.19392821E-02
   9.12500000      0.387499988       7.71120712E-02
   9.37500000      0.387499988       5.38215265E-02
   9.62500000      0.387499988      0.223887473    
   9.87500000      0.387499988     -0.635248721    
   10.0000000      0.387499988       1.00000000    
 
   0.00000000      0.412500024       0.00000000    
  0.125000000      0.412500024       1.01034231E-04
  0.375000000      0.412500024       1.42650306E-03
  0.625000000      0.412500024       3.07067786E-03
  0.875000000      0.412500024       4.73229447E-03
   1.12500000      0.412500024       6.37510885E-03
   1.37500000      0.412500024       8.00903421E-03
   1.62500000      0.412500024       9.64046922E-03
   1.87500000      0.412500024       1.12713659E-02
   2.12500000      0.412500024       1.29021686E-02
   2.37500000      0.412500024       1.45329582E-02
   2.62500000      0.412500024       1.61637422E-02
   2.87500000      0.412500024       1.77945271E-02
   3.12500000      0.412500024       1.94253139E-02
   3.37500000      0.412500024       2.10560951E-02
   3.62500000      0.412500024       2.26868857E-02
   3.87500000      0.412500024       2.43176669E-02
   4.12500000      0.412500024       2.59484556E-02
   4.37500000      0.412500024       2.75792368E-02
   4.62500000      0.412500024       2.92100254E-02
   4.87500000      0.412500024       3.08408085E-02
   5.12500000      0.412500024       3.24715897E-02
   5.37500000      0.412500024       3.41023840E-02
   5.62500000      0.412500024       3.57331708E-02
   5.87500000      0.412500024       3.73639464E-02
   6.12500000      0.412500024       3.89947332E-02
   6.37500000      0.412500024       4.06255238E-02
   6.62500000      0.412500024       4.22563143E-02
   6.87500000      0.412500024       4.38870899E-02
   7.12500000      0.412500024       4.55178879E-02
   7.37500000      0.412500024       4.71486747E-02
   7.62500000      0.412500024       4.87794466E-02
   7.87500000      0.412500024       5.04102409E-02
   8.12500000      0.412500024       5.20411804E-02
   8.37500000      0.412500024       5.36695719E-02
   8.62500000      0.412500024       5.53311594E-02
   8.87500000      0.412500024       5.66135608E-02
   9.12500000      0.412500024       6.16248921E-02
   9.37500000      0.412500024       3.58562022E-02
   9.62500000      0.412500024      0.216674343    
   9.87500000      0.412500024     -0.686605811    
   10.0000000      0.412500024       1.00000000    
 
   0.00000000      0.437500000       0.00000000    
  0.125000000      0.437500000       1.08443506E-04
  0.375000000      0.437500000       1.30934967E-03
  0.625000000      0.437500000       2.69011501E-03
  0.875000000      0.437500000       4.01928602E-03
   1.12500000      0.437500000       5.30649209E-03
   1.37500000      0.437500000       6.57886546E-03
   1.62500000      0.437500000       7.84749817E-03
   1.87500000      0.437500000       9.11537185E-03
   2.12500000      0.437500000       1.03831161E-02
   2.37500000      0.437500000       1.16508426E-02
   2.62500000      0.437500000       1.29185589E-02
   2.87500000      0.437500000       1.41862808E-02
   3.12500000      0.437500000       1.54539989E-02
   3.37500000      0.437500000       1.67217217E-02
   3.62500000      0.437500000       1.79894455E-02
   3.87500000      0.437500000       1.92571599E-02
   4.12500000      0.437500000       2.05248818E-02
   4.37500000      0.437500000       2.17925999E-02
   4.62500000      0.437500000       2.30603218E-02
   4.87500000      0.437500000       2.43280437E-02
   5.12500000      0.437500000       2.55957600E-02
   5.37500000      0.437500000       2.68634856E-02
   5.62500000      0.437500000       2.81312056E-02
   5.87500000      0.437500000       2.93989200E-02
   6.12500000      0.437500000       3.06666438E-02
   6.37500000      0.437500000       3.19343694E-02
   6.62500000      0.437500000       3.32020931E-02
   6.87500000      0.437500000       3.44697982E-02
   7.12500000      0.437500000       3.57375368E-02
   7.37500000      0.437500000       3.70052569E-02
   7.62500000      0.437500000       3.82729657E-02
   7.87500000      0.437500000       3.95406857E-02
   8.12500000      0.437500000       4.08085845E-02
   8.37500000      0.437500000       4.20736969E-02
   8.62500000      0.437500000       4.33747582E-02
   8.87500000      0.437500000       4.42677736E-02
   9.12500000      0.437500000       4.91454303E-02
   9.37500000      0.437500000       2.13904493E-02
   9.62500000      0.437500000      0.210697487    
   9.87500000      0.437500000     -0.727195561    
   10.0000000      0.437500000       1.00000000    
 
   0.00000000      0.462500006       0.00000000    
  0.125000000      0.462500006       1.41861412E-04
  0.375000000      0.462500006       1.32562919E-03
  0.625000000      0.462500006       2.53498461E-03
  0.875000000      0.462500006       3.60935018E-03
   1.12500000      0.462500006       4.61340696E-03
   1.37500000      0.462500006       5.59540465E-03
   1.62500000      0.462500006       6.57216460E-03
   1.87500000      0.462500006       7.54790101E-03
   2.12500000      0.462500006       8.52346607E-03
   2.37500000      0.462500006       9.49900877E-03
   2.62500000      0.462500006       1.04745403E-02
   2.87500000      0.462500006       1.14500774E-02
   3.12500000      0.462500006       1.24256117E-02
   3.37500000      0.462500006       1.34011488E-02
   3.62500000      0.462500006       1.43766869E-02
   3.87500000      0.462500006       1.53522184E-02
   4.12500000      0.462500006       1.63277555E-02
   4.37500000      0.462500006       1.73032898E-02
   4.62500000      0.462500006       1.82788242E-02
   4.87500000      0.462500006       1.92543603E-02
   5.12500000      0.462500006       2.02298947E-02
   5.37500000      0.462500006       2.12054346E-02
   5.62500000      0.462500006       2.21809689E-02
   5.87500000      0.462500006       2.31565032E-02
   6.12500000      0.462500006       2.41320413E-02
   6.37500000      0.462500006       2.51075812E-02
   6.62500000      0.462500006       2.60831174E-02
   6.87500000      0.462500006       2.70586405E-02
   7.12500000      0.462500006       2.80341897E-02
   7.37500000      0.462500006       2.90097296E-02
   7.62500000      0.462500006       2.99852546E-02
   7.87500000      0.462500006       3.09607834E-02
   8.12500000      0.462500006       3.19365077E-02
   8.37500000      0.462500006       3.29092927E-02
   8.62500000      0.462500006       3.39199752E-02
   8.87500000      0.462500006       3.45021635E-02
   9.12500000      0.462500006       3.92490961E-02
   9.37500000      0.462500006       1.00656748E-02
   9.62500000      0.462500006      0.205259249    
   9.87500000      0.462500006     -0.756992936    
   10.0000000      0.462500006       1.00000000    
 
   0.00000000      0.487500012       0.00000000    
  0.125000000      0.487500012       2.05575139E-04
  0.375000000      0.487500012       1.48281257E-03
  0.625000000      0.487500012       2.60632299E-03
  0.875000000      0.487500012       3.49336071E-03
   1.12500000      0.487500012       4.27574199E-03
   1.37500000      0.487500012       5.02743945E-03
   1.62500000      0.487500012       5.77214733E-03
   1.87500000      0.487500012       6.51552808E-03
   2.12500000      0.487500012       7.25869136E-03
   2.37500000      0.487500012       8.00182577E-03
   2.62500000      0.487500012       8.74495134E-03
   2.87500000      0.487500012       9.48808063E-03
   3.12500000      0.487500012       1.02312053E-02
   3.37500000      0.487500012       1.09743327E-02
   3.62500000      0.487500012       1.17174629E-02
   3.87500000      0.487500012       1.24605894E-02
   4.12500000      0.487500012       1.32037150E-02
   4.37500000      0.487500012       1.39468452E-02
   4.62500000      0.487500012       1.46899708E-02
   4.87500000      0.487500012       1.54330973E-02
   5.12500000      0.487500012       1.61762238E-02
   5.37500000      0.487500012       1.69193540E-02
   5.62500000      0.487500012       1.76624767E-02
   5.87500000      0.487500012       1.84056051E-02
   6.12500000      0.487500012       1.91487391E-02
   6.37500000      0.487500012       1.98918674E-02
   6.62500000      0.487500012       2.06349939E-02
   6.87500000      0.487500012       2.13781092E-02
   7.12500000      0.487500012       2.21212469E-02
   7.37500000      0.487500012       2.28643790E-02
   7.62500000      0.487500012       2.36074980E-02
   7.87500000      0.487500012       2.43506171E-02
   8.12500000      0.487500012       2.50939410E-02
   8.37500000      0.487500012       2.58342382E-02
   8.62500000      0.487500012       2.66134627E-02
   8.87500000      0.487500012       2.69534998E-02
   9.12500000      0.487500012       3.15521844E-02
   9.37500000      0.487500012       1.54264469E-03
   9.62500000      0.487500012      0.199779928    
   9.87500000      0.487500012     -0.776091874    
   10.0000000      0.487500012       1.00000000    
 
   0.00000000      0.512500048       0.00000000    
  0.125000000      0.512500048       3.08261078E-04
  0.375000000      0.512500048       1.79817865E-03
  0.625000000      0.512500048       2.91675655E-03
  0.875000000      0.512500048       3.67476000E-03
   1.12500000      0.512500048       4.28690575E-03
   1.37500000      0.512500048       4.85827075E-03
   1.62500000      0.512500048       5.42064151E-03
   1.87500000      0.512500048       5.98134939E-03
   2.12500000      0.512500048       6.54178811E-03
   2.37500000      0.512500048       7.10219191E-03
   2.62500000      0.512500048       7.66258640E-03
   2.87500000      0.512500048       8.22298508E-03
   3.12500000      0.512500048       8.78337864E-03
   3.37500000      0.512500048       9.34377499E-03
   3.62500000      0.512500048       9.90417320E-03
   3.87500000      0.512500048       1.04645686E-02
   4.12500000      0.512500048       1.10249640E-02
   4.37500000      0.512500048       1.15853623E-02
   4.62500000      0.512500048       1.21457549E-02
   4.87500000      0.512500048       1.27061512E-02
   5.12500000      0.512500048       1.32665467E-02
   5.37500000      0.512500048       1.38269458E-02
   5.62500000      0.512500048       1.43873375E-02
   5.87500000      0.512500048       1.49477320E-02
   6.12500000      0.512500048       1.55081348E-02
   6.37500000      0.512500048       1.60685331E-02
   6.62500000      0.512500048       1.66289266E-02
   6.87500000      0.512500048       1.71893146E-02
   7.12500000      0.512500048       1.77497193E-02
   7.37500000      0.512500048       1.83101166E-02
   7.62500000      0.512500048       1.88705083E-02
   7.87500000      0.512500048       1.94308944E-02
   8.12500000      0.512500048       1.99914891E-02
   8.37500000      0.512500048       2.05490552E-02
   8.62500000      0.512500048       2.11455673E-02
   8.87500000      0.512500048       2.13026851E-02
   9.12500000      0.512500048       2.57205274E-02
   9.37500000      0.512500048      -4.49348520E-03
   9.62500000      0.512500048      0.193812713    
   9.87500000      0.512500048     -0.784684956    
   10.0000000      0.512500048       1.00000000    
 
   0.00000000      0.537500024       0.00000000    
  0.125000000      0.537500024       4.63947625E-04
  0.375000000      0.537500024       2.29998445E-03
  0.625000000      0.537500024       3.49149923E-03
  0.875000000      0.537500024       4.17055283E-03
   1.12500000      0.537500024       4.65491787E-03
   1.37500000      0.537500024       5.08690625E-03
   1.62500000      0.537500024       5.50766941E-03
   1.87500000      0.537500024       5.92640415E-03
   2.12500000      0.537500024       6.34481804E-03
   2.37500000      0.537500024       6.76318910E-03
   2.62500000      0.537500024       7.18155177E-03
   2.87500000      0.537500024       7.59991677E-03
   3.12500000      0.537500024       8.01827852E-03
   3.37500000      0.537500024       8.43664259E-03
   3.62500000      0.537500024       8.85500573E-03
   3.87500000      0.537500024       9.27337073E-03
   4.12500000      0.537500024       9.69173294E-03
   4.37500000      0.537500024       1.01100970E-02
   4.62500000      0.537500024       1.05284583E-02
   4.87500000      0.537500024       1.09468214E-02
   5.12500000      0.537500024       1.13651855E-02
   5.37500000      0.537500024       1.17835496E-02
   5.62500000      0.537500024       1.22019108E-02
   5.87500000      0.537500024       1.26202730E-02
   6.12500000      0.537500024       1.30386390E-02
   6.37500000      0.537500024       1.34570058E-02
   6.62500000      0.537500024       1.38753671E-02
   6.87500000      0.537500024       1.42937228E-02
   7.12500000      0.537500024       1.47120925E-02
   7.37500000      0.537500024       1.51304593E-02
   7.62500000      0.537500024       1.55488169E-02
   7.87500000      0.537500024       1.59671716E-02
   8.12500000      0.537500024       1.63857285E-02
   8.37500000      0.537500024       1.68013386E-02
   8.62500000      0.537500024       1.72549020E-02
   8.87500000      0.537500024       1.72793735E-02
   9.12500000      0.537500024       2.14746781E-02
   9.37500000      0.537500024      -8.32989812E-03
   9.62500000      0.537500024      0.187051743    
   9.87500000      0.537500024     -0.783047318    
   10.0000000      0.537500024       1.00000000    
 
   0.00000000      0.562500000       0.00000000    
  0.125000000      0.562500000       6.93376525E-04
  0.375000000      0.562500000       3.02877557E-03
  0.625000000      0.562500000       4.36927937E-03
  0.875000000      0.562500000       5.01212338E-03
   1.12500000      0.562500000       5.40322717E-03
   1.37500000      0.562500000       5.72892372E-03
   1.62500000      0.562500000       6.04097825E-03
   1.87500000      0.562500000       6.35062205E-03
   2.12500000      0.562500000       6.65989285E-03
   2.37500000      0.562500000       6.96911430E-03
   2.62500000      0.562500000       7.27832643E-03
   2.87500000      0.562500000       7.58754089E-03
   3.12500000      0.562500000       7.89675117E-03
   3.37500000      0.562500000       8.20596423E-03
   3.62500000      0.562500000       8.51517636E-03
   3.87500000      0.562500000       8.82439129E-03
   4.12500000      0.562500000       9.13360249E-03
   4.37500000      0.562500000       9.44281369E-03
   4.62500000      0.562500000       9.75202676E-03
   4.87500000      0.562500000       1.00612361E-02
   5.12500000      0.562500000       1.03704510E-02
   5.37500000      0.562500000       1.06796641E-02
   5.62500000      0.562500000       1.09888753E-02
   5.87500000      0.562500000       1.12980856E-02
   6.12500000      0.562500000       1.16073014E-02
   6.37500000      0.562500000       1.19165163E-02
   6.62500000      0.562500000       1.22257257E-02
   6.87500000      0.562500000       1.25349341E-02
   7.12500000      0.562500000       1.28441500E-02
   7.37500000      0.562500000       1.31533658E-02
   7.62500000      0.562500000       1.34625742E-02
   7.87500000      0.562500000       1.37717770E-02
   8.12500000      0.562500000       1.40811717E-02
   8.37500000      0.562500000       1.43877799E-02
   8.62500000      0.562500000       1.47304153E-02
   8.87500000      0.562500000       1.46640595E-02
   9.12500000      0.562500000       1.85920391E-02
   9.37500000      0.562500000      -1.02240043E-02
   9.62500000      0.562500000      0.179334611    
   9.87500000      0.562500000     -0.771524847    
   10.0000000      0.562500000       1.00000000    
 
   0.00000000      0.587499976       0.00000000    
  0.125000000      0.587499976       1.02581317E-03
  0.375000000      0.587499976       4.03879629E-03
  0.625000000      0.587499976       5.60314488E-03
  0.875000000      0.587499976       6.24585245E-03
   1.12500000      0.587499976       6.57129195E-03
   1.37500000      0.587499976       6.81702700E-03
   1.62500000      0.587499976       7.04658031E-03
   1.87500000      0.587499976       7.27333874E-03
   2.12500000      0.587499976       7.49967434E-03
   2.37500000      0.587499976       7.72595312E-03
   2.62500000      0.587499976       7.95222353E-03
   2.87500000      0.587499976       8.17849487E-03
   3.12500000      0.587499976       8.40476248E-03
   3.37500000      0.587499976       8.63103289E-03
   3.62500000      0.587499976       8.85730144E-03
   3.87500000      0.587499976       9.08357557E-03
   4.12500000      0.587499976       9.30984318E-03
   4.37500000      0.587499976       9.53611173E-03
   4.62500000      0.587499976       9.76238213E-03
   4.87500000      0.587499976       9.98864882E-03
   5.12500000      0.587499976       1.02149211E-02
   5.37500000      0.587499976       1.04411906E-02
   5.62500000      0.587499976       1.06674591E-02
   5.87500000      0.587499976       1.08937286E-02
   6.12500000      0.587499976       1.11200009E-02
   6.37500000      0.587499976       1.13462722E-02
   6.62500000      0.587499976       1.15725398E-02
   6.87500000      0.587499976       1.17988046E-02
   7.12500000      0.587499976       1.20250778E-02
   7.37500000      0.587499976       1.22513510E-02
   7.62500000      0.587499976       1.24776177E-02
   7.87500000      0.587499976       1.27038760E-02
   8.12500000      0.587499976       1.29303159E-02
   8.37500000      0.587499976       1.31541910E-02
   8.62500000      0.587499976       1.34113664E-02
   8.87500000      0.587499976       1.32881384E-02
   9.12500000      0.587499976       1.69064850E-02
   9.37500000      0.587499976      -1.04020201E-02
   9.62500000      0.587499976      0.170639664    
   9.87500000      0.587499976     -0.750527442    
   10.0000000      0.587499976       1.00000000    
 
   0.00000000      0.612500012       0.00000000    
  0.125000000      0.612500012       1.50133914E-03
  0.375000000      0.612500012       5.39941620E-03
  0.625000000      0.612500012       7.26110535E-03
  0.875000000      0.612500012       7.93352071E-03
   1.12500000      0.612500012       8.21489189E-03
   1.37500000      0.612500012       8.40129424E-03
   1.62500000      0.612500012       8.56893882E-03
   1.87500000      0.612500012       8.73341970E-03
   2.12500000      0.612500012       8.89743306E-03
   2.37500000      0.612500012       9.06138215E-03
   2.62500000      0.612500012       9.22532193E-03
   2.87500000      0.612500012       9.38926544E-03
   3.12500000      0.612500012       9.55320429E-03
   3.37500000      0.612500012       9.71714593E-03
   3.62500000      0.612500012       9.88108478E-03
   3.87500000      0.612500012       1.00450292E-02
   4.12500000      0.612500012       1.02089681E-02
   4.37500000      0.612500012       1.03729069E-02
   4.62500000      0.612500012       1.05368486E-02
   4.87500000      0.612500012       1.07007846E-02
   5.12500000      0.612500012       1.08647263E-02
   5.37500000      0.612500012       1.10286688E-02
   5.62500000      0.612500012       1.11926077E-02
   5.87500000      0.612500012       1.13565475E-02
   6.12500000      0.612500012       1.15204891E-02
   6.37500000      0.612500012       1.16844326E-02
   6.62500000      0.612500012       1.18483705E-02
   6.87500000      0.612500012       1.20123085E-02
   7.12500000      0.612500012       1.21762501E-02
   7.37500000      0.612500012       1.23401945E-02
   7.62500000      0.612500012       1.25041325E-02
   7.87500000      0.612500012       1.26680620E-02
   8.12500000      0.612500012       1.28321536E-02
   8.37500000      0.612500012       1.29939541E-02
   8.62500000      0.612500012       1.31857228E-02
   8.87500000      0.612500012       1.30323237E-02
   9.12500000      0.612500012       1.63059477E-02
   9.37500000      0.612500012      -9.05777421E-03
   9.62500000      0.612500012      0.161078632    
   9.87500000      0.612500012     -0.720528245    
   10.0000000      0.612500012       1.00000000    
 
   0.00000000      0.637500048       0.00000000    
  0.125000000      0.637500048       2.17363541E-03
  0.375000000      0.637500048       7.19643850E-03
  0.625000000      0.637500048       9.42649134E-03
  0.875000000      0.637500048       1.01524228E-02
   1.12500000      0.637500048       1.04061458E-02
   1.37500000      0.637500048       1.05491066E-02
   1.62500000      0.637500048       1.06708026E-02
   1.87500000      0.637500048       1.07890023E-02
   2.12500000      0.637500048       1.09066926E-02
   2.37500000      0.637500048       1.10243196E-02
   2.62500000      0.637500048       1.11419326E-02
   2.87500000      0.637500048       1.12595530E-02
   3.12500000      0.637500048       1.13771651E-02
   3.37500000      0.637500048       1.14947800E-02
   3.62500000      0.637500048       1.16123930E-02
   3.87500000      0.637500048       1.17300134E-02
   4.12500000      0.637500048       1.18476246E-02
   4.37500000      0.637500048       1.19652385E-02
   4.62500000      0.637500048       1.20828561E-02
   4.87500000      0.637500048       1.22004673E-02
   5.12500000      0.637500048       1.23180831E-02
   5.37500000      0.637500048       1.24356980E-02
   5.62500000      0.637500048       1.25533119E-02
   5.87500000      0.637500048       1.26709267E-02
   6.12500000      0.637500048       1.27885416E-02
   6.37500000      0.637500048       1.29061593E-02
   6.62500000      0.637500048       1.30237732E-02
   6.87500000      0.637500048       1.31413862E-02
   7.12500000      0.637500048       1.32590029E-02
   7.37500000      0.637500048       1.33766197E-02
   7.62500000      0.637500048       1.34942317E-02
   7.87500000      0.637500048       1.36118401E-02
   8.12500000      0.637500048       1.37295825E-02
   8.37500000      0.637500048       1.38453394E-02
   8.62500000      0.637500048       1.39873456E-02
   8.87500000      0.637500048       1.38239264E-02
   9.12500000      0.637500048       1.67284738E-02
   9.37500000      0.637500048      -6.35154219E-03
   9.62500000      0.637500048      0.150885448    
   9.87500000      0.637500048     -0.682066858    
   10.0000000      0.637500048       1.00000000    
 
   0.00000000      0.662500024       0.00000000    
  0.125000000      0.662500024       3.11322627E-03
  0.375000000      0.662500024       9.53310262E-03
  0.625000000      0.662500024       1.21979397E-02
  0.875000000      0.662500024       1.29951341E-02
   1.12500000      0.662500024       1.32331774E-02
   1.37500000      0.662500024       1.33447070E-02
   1.62500000      0.662500024       1.34326592E-02
   1.87500000      0.662500024       1.35168340E-02
   2.12500000      0.662500024       1.36004696E-02
   2.37500000      0.662500024       1.36840399E-02
   2.62500000      0.662500024       1.37675945E-02
   2.87500000      0.662500024       1.38511593E-02
   3.12500000      0.662500024       1.39347129E-02
   3.37500000      0.662500024       1.40182693E-02
   3.62500000      0.662500024       1.41018247E-02
   3.87500000      0.662500024       1.41853876E-02
   4.12500000      0.662500024       1.42689412E-02
   4.37500000      0.662500024       1.43524967E-02
   4.62500000      0.662500024       1.44360568E-02
   4.87500000      0.662500024       1.45196104E-02
   5.12500000      0.662500024       1.46031696E-02
   5.37500000      0.662500024       1.46867251E-02
   5.62500000      0.662500024       1.47702824E-02
   5.87500000      0.662500024       1.48538398E-02
   6.12500000      0.662500024       1.49373934E-02
   6.37500000      0.662500024       1.50209563E-02
   6.62500000      0.662500024       1.51045136E-02
   6.87500000      0.662500024       1.51880691E-02
   7.12500000      0.662500024       1.52716283E-02
   7.37500000      0.662500024       1.53551875E-02
   7.62500000      0.662500024       1.54387411E-02
   7.87500000      0.662500024       1.55222947E-02
   8.12500000      0.662500024       1.56059582E-02
   8.37500000      0.662500024       1.56879481E-02
   8.62500000      0.662500024       1.57923028E-02
   8.87500000      0.662500024       1.56332348E-02
   9.12500000      0.662500024       1.81572344E-02
   9.37500000      0.662500024      -2.40875827E-03
   9.62500000      0.662500024      0.140401140    
   9.87500000      0.662500024     -0.635756791    
   10.0000000      0.662500024       1.00000000    
 
   0.00000000      0.687500000       0.00000000    
  0.125000000      0.687500000       4.41108784E-03
  0.375000000      0.687500000       1.25305746E-02
  0.625000000      0.687500000       1.56888682E-02
  0.875000000      0.687500000       1.65688377E-02
   1.12500000      0.687500000       1.67993587E-02
   1.37500000      0.687500000       1.68883409E-02
   1.62500000      0.687500000       1.69517528E-02
   1.87500000      0.687500000       1.70111787E-02
   2.12500000      0.687500000       1.70700420E-02
   2.37500000      0.687500000       1.71288457E-02
   2.62500000      0.687500000       1.71876270E-02
   2.87500000      0.687500000       1.72464252E-02
   3.12500000      0.687500000       1.73052065E-02
   3.37500000      0.687500000       1.73639935E-02
   3.62500000      0.687500000       1.74227804E-02
   3.87500000      0.687500000       1.74815729E-02
   4.12500000      0.687500000       1.75403561E-02
   4.37500000      0.687500000       1.75991394E-02
   4.62500000      0.687500000       1.76579300E-02
   4.87500000      0.687500000       1.77167132E-02
   5.12500000      0.687500000       1.77755058E-02
   5.37500000      0.687500000       1.78342890E-02
   5.62500000      0.687500000       1.78930722E-02
   5.87500000      0.687500000       1.79518647E-02
   6.12500000      0.687500000       1.80106498E-02
   6.37500000      0.687500000       1.80694405E-02
   6.62500000      0.687500000       1.81282293E-02
   6.87500000      0.687500000       1.81870144E-02
   7.12500000      0.687500000       1.82458032E-02
   7.37500000      0.687500000       1.83045901E-02
   7.62500000      0.687500000       1.83633771E-02
   7.87500000      0.687500000       1.84221603E-02
   8.12500000      0.687500000       1.84810329E-02
   8.37500000      0.687500000       1.85385384E-02
   8.62500000      0.687500000       1.86145678E-02
   8.87500000      0.687500000       1.84692722E-02
   9.12500000      0.687500000       2.06148345E-02
   9.37500000      0.687500000       2.68128212E-03
   9.62500000      0.687500000      0.130054995    
   9.87500000      0.687500000     -0.582295179    
   10.0000000      0.687500000       1.00000000    
 
   0.00000000      0.712499976       0.00000000    
  0.125000000      0.712499976       6.18243963E-03
  0.375000000      0.712499976       1.63276568E-02
  0.625000000      0.712499976       2.00263225E-02
  0.875000000      0.712499976       2.09941436E-02
   1.12500000      0.712499976       2.12220680E-02
   1.37500000      0.712499976       2.12949123E-02
   1.62500000      0.712499976       2.13406309E-02
   1.87500000      0.712499976       2.13822313E-02
   2.12500000      0.712499976       2.14232709E-02
   2.37500000      0.712499976       2.14642510E-02
   2.62500000      0.712499976       2.15052087E-02
   2.87500000      0.712499976       2.15461832E-02
   3.12500000      0.712499976       2.15871390E-02
   3.37500000      0.712499976       2.16281042E-02
   3.62500000      0.712499976       2.16690656E-02
   3.87500000      0.712499976       2.17100382E-02
   4.12500000      0.712499976       2.17509922E-02
   4.37500000      0.712499976       2.17919499E-02
   4.62500000      0.712499976       2.18329169E-02
   4.87500000      0.712499976       2.18738802E-02
   5.12500000      0.712499976       2.19148453E-02
   5.37500000      0.712499976       2.19558030E-02
   5.62500000      0.712499976       2.19967645E-02
   5.87500000      0.712499976       2.20377315E-02
   6.12500000      0.712499976       2.20786966E-02
   6.37500000      0.712499976       2.21196637E-02
   6.62500000      0.712499976       2.21606251E-02
   6.87500000      0.712499976       2.22015828E-02
   7.12500000      0.712499976       2.22425554E-02
   7.37500000      0.712499976       2.22835131E-02
   7.62500000      0.712499976       2.23244745E-02
   7.87500000      0.712499976       2.23654397E-02
   8.12500000      0.712499976       2.24064644E-02
   8.37500000      0.712499976       2.24464126E-02
   8.62500000      0.712499976       2.25012694E-02
   8.87500000      0.712499976       2.23750863E-02
   9.12500000      0.712499976       2.41572540E-02
   9.37500000      0.712499976       8.86651222E-03
   9.62500000      0.712499976      0.120342694    
   9.87500000      0.712499976     -0.522473752    
   10.0000000      0.712499976       1.00000000    
 
   0.00000000      0.737500012       0.00000000    
  0.125000000      0.737500012       8.57045501E-03
  0.375000000      0.737500012       2.10794695E-02
  0.625000000      0.737500012       2.53491160E-02
  0.875000000      0.737500012       2.64033191E-02
   1.12500000      0.737500012       2.66308989E-02
   1.37500000      0.737500012       2.66920868E-02
   1.62500000      0.737500012       2.67251302E-02
   1.87500000      0.737500012       2.67540272E-02
   2.12500000      0.737500012       2.67823711E-02
   2.37500000      0.737500012       2.68106572E-02
   2.62500000      0.737500012       2.68389285E-02
   2.87500000      0.737500012       2.68672146E-02
   3.12500000      0.737500012       2.68954765E-02
   3.37500000      0.737500012       2.69237515E-02
   3.62500000      0.737500012       2.69520190E-02
   3.87500000      0.737500012       2.69802995E-02
   4.12500000      0.737500012       2.70085633E-02
   4.37500000      0.737500012       2.70368308E-02
   4.62500000      0.737500012       2.70651057E-02
   4.87500000      0.737500012       2.70933788E-02
   5.12500000      0.737500012       2.71216538E-02
   5.37500000      0.737500012       2.71499194E-02
   5.62500000      0.737500012       2.71781906E-02
   5.87500000      0.737500012       2.72064619E-02
   6.12500000      0.737500012       2.72347406E-02
   6.37500000      0.737500012       2.72630118E-02
   6.62500000      0.737500012       2.72912830E-02
   6.87500000      0.737500012       2.73195487E-02
   7.12500000      0.737500012       2.73478329E-02
   7.37500000      0.737500012       2.73760967E-02
   7.62500000      0.737500012       2.74043679E-02
   7.87500000      0.737500012       2.74326410E-02
   8.12500000      0.737500012       2.74609588E-02
   8.37500000      0.737500012       2.74884515E-02
   8.62500000      0.737500012       2.75275968E-02
   8.87500000      0.737500012       2.74226777E-02
   9.12500000      0.737500012       2.88676359E-02
   9.37500000      0.737500012       1.61326006E-02
   9.62500000      0.737500012      0.111800790    
   9.87500000      0.737500012     -0.457191169    
   10.0000000      0.737500012       1.00000000    
 
   0.00000000      0.762500048       0.00000000    
  0.125000000      0.762500048       1.17494650E-02
  0.375000000      0.762500048       2.69548744E-02
  0.625000000      0.762500048       3.18052024E-02
  0.875000000      0.762500048       3.29379365E-02
   1.12500000      0.762500048       3.31652761E-02
   1.37500000      0.762500048       3.32178362E-02
   1.62500000      0.762500048       3.32418419E-02
   1.87500000      0.762500048       3.32617722E-02
   2.12500000      0.762500048       3.32811661E-02
   2.37500000      0.762500048       3.33005078E-02
   2.62500000      0.762500048       3.33198309E-02
   2.87500000      0.762500048       3.33391801E-02
   3.12500000      0.762500048       3.33584994E-02
   3.37500000      0.762500048       3.33778337E-02
   3.62500000      0.762500048       3.33971605E-02
   3.87500000      0.762500048       3.34164910E-02
   4.12500000      0.762500048       3.34358141E-02
   4.37500000      0.762500048       3.34551446E-02
   4.62500000      0.762500048       3.34744789E-02
   4.87500000      0.762500048       3.34938094E-02
   5.12500000      0.762500048       3.35131362E-02
   5.37500000      0.762500048       3.35324593E-02
   5.62500000      0.762500048       3.35517861E-02
   5.87500000      0.762500048       3.35711129E-02
   6.12500000      0.762500048       3.35904546E-02
   6.37500000      0.762500048       3.36097814E-02
   6.62500000      0.762500048       3.36291157E-02
   6.87500000      0.762500048       3.36484313E-02
   7.12500000      0.762500048       3.36677767E-02
   7.37500000      0.762500048       3.36870961E-02
   7.62500000      0.762500048       3.37064229E-02
   7.87500000      0.762500048       3.37257609E-02
   8.12500000      0.762500048       3.37451138E-02
   8.37500000      0.762500048       3.37638706E-02
   8.62500000      0.762500048       3.37914526E-02
   8.87500000      0.762500048       3.37076113E-02
   9.12500000      0.762500048       3.48500907E-02
   9.37500000      0.762500048       2.45024357E-02
   9.62500000      0.762500048      0.104978718    
   9.87500000      0.762500048     -0.387464821    
   10.0000000      0.762500048       1.00000000    
 
   0.00000000      0.787500024       0.00000000    
  0.125000000      0.787500024       1.59270950E-02
  0.375000000      0.787500024       3.41324508E-02
  0.625000000      0.787500024       3.95483039E-02
  0.875000000      0.787500024       4.07458805E-02
   1.12500000      0.787500024       4.09715027E-02
   1.37500000      0.787500024       4.10173982E-02
   1.62500000      0.787500024       4.10349704E-02
   1.87500000      0.787500024       4.10486236E-02
   2.12500000      0.787500024       4.10617776E-02
   2.37500000      0.787500024       4.10748832E-02
   2.62500000      0.787500024       4.10879664E-02
   2.87500000      0.787500024       4.11010757E-02
   3.12500000      0.787500024       4.11141627E-02
   3.37500000      0.787500024       4.11272570E-02
   3.62500000      0.787500024       4.11403552E-02
   3.87500000      0.787500024       4.11534458E-02
   4.12500000      0.787500024       4.11665328E-02
   4.37500000      0.787500024       4.11796235E-02
   4.62500000      0.787500024       4.11927216E-02
   4.87500000      0.787500024       4.12058160E-02
   5.12500000      0.787500024       4.12189104E-02
   5.37500000      0.787500024       4.12319973E-02
   5.62500000      0.787500024       4.12450843E-02
   5.87500000      0.787500024       4.12581787E-02
   6.12500000      0.787500024       4.12712842E-02
   6.37500000      0.787500024       4.12843749E-02
   6.62500000      0.787500024       4.12974730E-02
   6.87500000      0.787500024       4.13105562E-02
   7.12500000      0.787500024       4.13236655E-02
   7.37500000      0.787500024       4.13367450E-02
   7.62500000      0.787500024       4.13498357E-02
   7.87500000      0.787500024       4.13629338E-02
   8.12500000      0.787500024       4.13760468E-02
   8.37500000      0.787500024       4.13887314E-02
   8.62500000      0.787500024       4.14079018E-02
   8.87500000      0.787500024       4.13433723E-02
   9.12500000      0.787500024       4.22236249E-02
   9.37500000      0.787500024       3.40341069E-02
   9.62500000      0.787500024      0.100408800    
   9.87500000      0.787500024     -0.314440668    
   10.0000000      0.787500024       1.00000000    
 
   0.00000000      0.812500000       0.00000000    
  0.125000000      0.812500000       2.13445909E-02
  0.375000000      0.812500000       4.27949429E-02
  0.625000000      0.812500000       4.87338454E-02
  0.875000000      0.812500000       4.99778092E-02
   1.12500000      0.812500000       5.01992330E-02
   1.37500000      0.812500000       5.02396934E-02
   1.62500000      0.812500000       5.02526686E-02
   1.87500000      0.812500000       5.02619669E-02
   2.12500000      0.812500000       5.02708144E-02
   2.37500000      0.812500000       5.02796210E-02
   2.62500000      0.812500000       5.02883941E-02
   2.87500000      0.812500000       5.02971970E-02
   3.12500000      0.812500000       5.03059849E-02
   3.37500000      0.812500000       5.03147729E-02
   3.62500000      0.812500000       5.03235757E-02
   3.87500000      0.812500000       5.03323562E-02
   4.12500000      0.812500000       5.03411368E-02
   4.37500000      0.812500000       5.03499247E-02
   4.62500000      0.812500000       5.03587201E-02
   4.87500000      0.812500000       5.03675044E-02
   5.12500000      0.812500000       5.03762923E-02
   5.37500000      0.812500000       5.03850877E-02
   5.62500000      0.812500000       5.03938682E-02
   5.87500000      0.812500000       5.04026636E-02
   6.12500000      0.812500000       5.04114591E-02
   6.37500000      0.812500000       5.04202507E-02
   6.62500000      0.812500000       5.04290387E-02
   6.87500000      0.812500000       5.04378267E-02
   7.12500000      0.812500000       5.04466295E-02
   7.37500000      0.812500000       5.04554063E-02
   7.62500000      0.812500000       5.04641905E-02
   7.87500000      0.812500000       5.04729822E-02
   8.12500000      0.812500000       5.04817814E-02
   8.37500000      0.812500000       5.04902899E-02
   8.62500000      0.812500000       5.05034216E-02
   8.87500000      0.812500000       5.04555553E-02
   9.12500000      0.812500000       5.11162691E-02
   9.37500000      0.812500000       4.48170304E-02
   9.62500000      0.812500000       9.85753685E-02
   9.87500000      0.812500000     -0.239402607    
   10.0000000      0.812500000       1.00000000    
 
   0.00000000      0.837499976       0.00000000    
  0.125000000      0.837499976       2.82744691E-02
  0.375000000      0.837499976       5.31222671E-02
  0.625000000      0.837499976       5.95144071E-02
  0.875000000      0.837499976       6.07831664E-02
   1.12500000      0.837499976       6.09974749E-02
   1.37500000      0.837499976       6.10332638E-02
   1.62500000      0.837499976       6.10429421E-02
   1.87500000      0.837499976       6.10492416E-02
   2.12500000      0.837499976       6.10551424E-02
   2.37500000      0.837499976       6.10610172E-02
   2.62500000      0.837499976       6.10668436E-02
   2.87500000      0.837499976       6.10727109E-02
   3.12500000      0.837499976       6.10785671E-02
   3.37500000      0.837499976       6.10844046E-02
   3.62500000      0.837499976       6.10902719E-02
   3.87500000      0.837499976       6.10961206E-02
   4.12500000      0.837499976       6.11019582E-02
   4.37500000      0.837499976       6.11078143E-02
   4.62500000      0.837499976       6.11136667E-02
   4.87500000      0.837499976       6.11195080E-02
   5.12500000      0.837499976       6.11253604E-02
   5.37500000      0.837499976       6.11312166E-02
   5.62500000      0.837499976       6.11370541E-02
   5.87500000      0.837499976       6.11429140E-02
   6.12500000      0.837499976       6.11487702E-02
   6.37500000      0.837499976       6.11546300E-02
   6.62500000      0.837499976       6.11604825E-02
   6.87500000      0.837499976       6.11663312E-02
   7.12500000      0.837499976       6.11721836E-02
   7.37500000      0.837499976       6.11780323E-02
   7.62500000      0.837499976       6.11838661E-02
   7.87500000      0.837499976       6.11897260E-02
   8.12500000      0.837499976       6.11955859E-02
   8.37500000      0.837499976       6.12012446E-02
   8.62500000      0.837499976       6.12100959E-02
   8.87500000      0.837499976       6.11758903E-02
   9.12500000      0.837499976       6.16593622E-02
   9.37500000      0.837499976       5.69658838E-02
   9.62500000      0.837499976       9.98850316E-02
   9.87500000      0.837499976     -0.163779497    
   10.0000000      0.837499976       1.00000000    
 
   0.00000000      0.862500012       0.00000000    
  0.125000000      0.862500012       3.70144099E-02
  0.375000000      0.862500012       6.52832761E-02
  0.625000000      0.862500012       7.20348507E-02
  0.875000000      0.862500012       7.33058676E-02
   1.12500000      0.862500012       7.35102668E-02
   1.37500000      0.862500012       7.35419020E-02
   1.62500000      0.862500012       7.35491887E-02
   1.87500000      0.862500012       7.35534579E-02
   2.12500000      0.862500012       7.35573545E-02
   2.37500000      0.862500012       7.35612437E-02
   2.62500000      0.862500012       7.35650957E-02
   2.87500000      0.862500012       7.35689774E-02
   3.12500000      0.862500012       7.35728517E-02
   3.37500000      0.862500012       7.35767037E-02
   3.62500000      0.862500012       7.35805929E-02
   3.87500000      0.862500012       7.35844523E-02
   4.12500000      0.862500012       7.35883042E-02
   4.37500000      0.862500012       7.35921785E-02
   4.62500000      0.862500012       7.35960454E-02
   4.87500000      0.862500012       7.35999122E-02
   5.12500000      0.862500012       7.36037716E-02
   5.37500000      0.862500012       7.36076459E-02
   5.62500000      0.862500012       7.36115053E-02
   5.87500000      0.862500012       7.36153871E-02
   6.12500000      0.862500012       7.36192539E-02
   6.37500000      0.862500012       7.36231357E-02
   6.62500000      0.862500012       7.36270025E-02
   6.87500000      0.862500012       7.36308619E-02
   7.12500000      0.862500012       7.36347288E-02
   7.37500000      0.862500012       7.36385956E-02
   7.62500000      0.862500012       7.36424401E-02
   7.87500000      0.862500012       7.36463219E-02
   8.12500000      0.862500012       7.36501887E-02
   8.37500000      0.862500012       7.36539438E-02
   8.62500000      0.862500012       7.36598149E-02
   8.87500000      0.862500012       7.36363009E-02
   9.12500000      0.862500012       7.39821568E-02
   9.37500000      0.862500012       7.06124529E-02
   9.62500000      0.862500012      0.104639962    
   9.87500000      0.862500012      -8.91521052E-02
   10.0000000      0.862500012       1.00000000    
 
   0.00000000      0.887500048       0.00000000    
  0.125000000      0.887500048       4.78762500E-02
  0.375000000      0.887500048       7.94267356E-02
  0.625000000      0.887500048       8.64274129E-02
  0.875000000      0.887500048       8.76798257E-02
   1.12500000      0.887500048       8.78721699E-02
   1.37500000      0.887500048       8.79000574E-02
   1.62500000      0.887500048       8.79056156E-02
   1.87500000      0.887500048       8.79085138E-02
   2.12500000      0.887500048       8.79110768E-02
   2.37500000      0.887500048       8.79136473E-02
   2.62500000      0.887500048       8.79161879E-02
   2.87500000      0.887500048       8.79187435E-02
   3.12500000      0.887500048       8.79212916E-02
   3.37500000      0.887500048       8.79238397E-02
   3.62500000      0.887500048       8.79263952E-02
   3.87500000      0.887500048       8.79289359E-02
   4.12500000      0.887500048       8.79314616E-02
   4.37500000      0.887500048       8.79340172E-02
   4.62500000      0.887500048       8.79365653E-02
   4.87500000      0.887500048       8.79391134E-02
   5.12500000      0.887500048       8.79416466E-02
   5.37500000      0.887500048       8.79442096E-02
   5.62500000      0.887500048       8.79467353E-02
   5.87500000      0.887500048       8.79493058E-02
   6.12500000      0.887500048       8.79518539E-02
   6.37500000      0.887500048       8.79544169E-02
   6.62500000      0.887500048       8.79569501E-02
   6.87500000      0.887500048       8.79594982E-02
   7.12500000      0.887500048       8.79620537E-02
   7.37500000      0.887500048       8.79645944E-02
   7.62500000      0.887500048       8.79671127E-02
   7.87500000      0.887500048       8.79696682E-02
   8.12500000      0.887500048       8.79722238E-02
   8.37500000      0.887500048       8.79747048E-02
   8.62500000      0.887500048       8.79785344E-02
   8.87500000      0.887500048       8.79630297E-02
   9.12500000      0.887500048       8.82066414E-02
   9.37500000      0.887500048       8.58954936E-02
   9.62500000      0.887500048      0.113017619    
   9.87500000      0.887500048      -1.72613319E-02
   10.0000000      0.887500048       1.00000000    
 
   0.00000000      0.912500024       0.00000000    
  0.125000000      0.912500024       6.11688048E-02
  0.375000000      0.912500024       9.56722051E-02
  0.625000000      0.912500024      0.102807075    
  0.875000000      0.912500024      0.104024552    
   1.12500000      0.912500024      0.104203820    
   1.37500000      0.912500024      0.104228377    
   1.62500000      0.912500024      0.104232691    
   1.87500000      0.912500024      0.104234688    
   2.12500000      0.912500024      0.104236364    
   2.37500000      0.912500024      0.104238078    
   2.62500000      0.912500024      0.104239762    
   2.87500000      0.912500024      0.104241453    
   3.12500000      0.912500024      0.104243144    
   3.37500000      0.912500024      0.104244821    
   3.62500000      0.912500024      0.104246527    
   3.87500000      0.912500024      0.104248203    
   4.12500000      0.912500024      0.104249872    
   4.37500000      0.912500024      0.104251541    
   4.62500000      0.912500024      0.104253240    
   4.87500000      0.912500024      0.104254931    
   5.12500000      0.912500024      0.104256600    
   5.37500000      0.912500024      0.104258291    
   5.62500000      0.912500024      0.104259968    
   5.87500000      0.912500024      0.104261667    
   6.12500000      0.912500024      0.104263358    
   6.37500000      0.912500024      0.104265049    
   6.62500000      0.912500024      0.104266725    
   6.87500000      0.912500024      0.104268394    
   7.12500000      0.912500024      0.104270108    
   7.37500000      0.912500024      0.104271784    
   7.62500000      0.912500024      0.104273438    
   7.87500000      0.912500024      0.104275130    
   8.12500000      0.912500024      0.104276814    
   8.37500000      0.912500024      0.104278475    
   8.62500000      0.912500024      0.104280964    
   8.87500000      0.912500024      0.104271181    
   9.12500000      0.912500024      0.104442693    
   9.37500000      0.912500024      0.102949418    
   9.62500000      0.912500024      0.125060216    
   9.87500000      0.912500024       4.99793999E-02
   10.0000000      0.912500024       1.00000000    
 
   0.00000000      0.937500000       0.00000000    
  0.125000000      0.937500000       7.71733001E-02
  0.375000000      0.937500000      0.114101462    
  0.625000000      0.937500000      0.121267371    
  0.875000000      0.937500000      0.122441046    
   1.12500000      0.937500000      0.122607633    
   1.37500000      0.937500000      0.122629412    
   1.62500000      0.937500000      0.122632861    
   1.87500000      0.937500000      0.122634277    
   2.12500000      0.937500000      0.122635387    
   2.37500000      0.937500000      0.122636572    
   2.62500000      0.937500000      0.122637697    
   2.87500000      0.937500000      0.122638851    
   3.12500000      0.937500000      0.122640006    
   3.37500000      0.937500000      0.122641131    
   3.62500000      0.937500000      0.122642316    
   3.87500000      0.937500000      0.122643426    
   4.12500000      0.937500000      0.122644566    
   4.37500000      0.937500000      0.122645676    
   4.62500000      0.937500000      0.122646831    
   4.87500000      0.937500000      0.122647986    
   5.12500000      0.937500000      0.122649111    
   5.37500000      0.937500000      0.122650251    
   5.62500000      0.937500000      0.122651391    
   5.87500000      0.937500000      0.122652531    
   6.12500000      0.937500000      0.122653686    
   6.37500000      0.937500000      0.122654840    
   6.62500000      0.937500000      0.122655958    
   6.87500000      0.937500000      0.122657083    
   7.12500000      0.937500000      0.122658260    
   7.37500000      0.937500000      0.122659393    
   7.62500000      0.937500000      0.122660503    
   7.87500000      0.937500000      0.122661643    
   8.12500000      0.937500000      0.122662798    
   8.37500000      0.937500000      0.122663952    
   8.62500000      0.937500000      0.122665562    
   8.87500000      0.937500000      0.122659698    
   9.12500000      0.937500000      0.122783720    
   9.37500000      0.937500000      0.121892430    
   9.62500000      0.937500000      0.140678391    
   9.87500000      0.937500000      0.110463813    
   10.0000000      0.937500000       1.00000000    
 
   0.00000000      0.962499976       0.00000000    
  0.125000000      0.962499976       9.61104184E-02
  0.375000000      0.962499976      0.134751454    
  0.625000000      0.962499976      0.141876981    
  0.875000000      0.962499976      0.143008113    
   1.12500000      0.962499976      0.143164173    
   1.37500000      0.962499976      0.143183887    
   1.62500000      0.962499976      0.143186748    
   1.87500000      0.962499976      0.143187821    
   2.12500000      0.962499976      0.143188626    
   2.37500000      0.962499976      0.143189475    
   2.62500000      0.962499976      0.143190295    
   2.87500000      0.962499976      0.143191129    
   3.12500000      0.962499976      0.143191963    
   3.37500000      0.962499976      0.143192783    
   3.62500000      0.962499976      0.143193632    
   3.87500000      0.962499976      0.143194437    
   4.12500000      0.962499976      0.143195242    
   4.37500000      0.962499976      0.143196061    
   4.62500000      0.962499976      0.143196881    
   4.87500000      0.962499976      0.143197715    
   5.12500000      0.962499976      0.143198535    
   5.37500000      0.962499976      0.143199340    
   5.62500000      0.962499976      0.143200174    
   5.87500000      0.962499976      0.143201008    
   6.12500000      0.962499976      0.143201843    
   6.37500000      0.962499976      0.143202677    
   6.62500000      0.962499976      0.143203452    
   6.87500000      0.962499976      0.143204272    
   7.12500000      0.962499976      0.143205151    
   7.37500000      0.962499976      0.143205956    
   7.62500000      0.962499976      0.143206745    
   7.87500000      0.962499976      0.143207565    
   8.12500000      0.962499976      0.143208385    
   8.37500000      0.962499976      0.143209264    
   8.62500000      0.962499976      0.143210381    
   8.87500000      0.962499976      0.143206939    
   9.12500000      0.962499976      0.143302932    
   9.37500000      0.962499976      0.142815456    
   9.62500000      0.962499976      0.159674242    
   9.87500000      0.962499976      0.161858544    
   10.0000000      0.962499976       1.00000000    
 
   0.00000000      0.987500012       0.00000000    
  0.125000000      0.987500012      0.118097953    
  0.375000000      0.987500012      0.157609493    
  0.625000000      0.987500012      0.164676905    
  0.875000000      0.987500012      0.165779367    
   1.12500000      0.987500012      0.165929034    
   1.37500000      0.987500012      0.165947556    
   1.62500000      0.987500012      0.165950134    
   1.87500000      0.987500012      0.165951058    
   2.12500000      0.987500012      0.165951714    
   2.37500000      0.987500012      0.165952414    
   2.62500000      0.987500012      0.165953100    
   2.87500000      0.987500012      0.165953755    
   3.12500000      0.987500012      0.165954441    
   3.37500000      0.987500012      0.165955156    
   3.62500000      0.987500012      0.165955842    
   3.87500000      0.987500012      0.165956512    
   4.12500000      0.987500012      0.165957168    
   4.37500000      0.987500012      0.165957823    
   4.62500000      0.987500012      0.165958509    
   4.87500000      0.987500012      0.165959194    
   5.12500000      0.987500012      0.165959880    
   5.37500000      0.987500012      0.165960535    
   5.62500000      0.987500012      0.165961206    
   5.87500000      0.987500012      0.165961921    
   6.12500000      0.987500012      0.165962607    
   6.37500000      0.987500012      0.165963292    
   6.62500000      0.987500012      0.165963933    
   6.87500000      0.987500012      0.165964589    
   7.12500000      0.987500012      0.165965334    
   7.37500000      0.987500012      0.165965974    
   7.62500000      0.987500012      0.165966630    
   7.87500000      0.987500012      0.165967315    
   8.12500000      0.987500012      0.165967986    
   8.37500000      0.987500012      0.165968716    
   8.62500000      0.987500012      0.165969625    
   8.87500000      0.987500012      0.165967345    
   9.12500000      0.987500012      0.166050524    
   9.37500000      0.987500012      0.165772751    
   9.62500000      0.987500012      0.181789920    
   9.87500000      0.987500012      0.201547712    
   10.0000000      0.987500012       1.00000000    
 
   0.00000000       1.00000000       0.00000000    
  0.125000000       1.00000000      0.118097953    
  0.375000000       1.00000000      0.157609493    
  0.625000000       1.00000000      0.164676905    
  0.875000000       1.00000000      0.165779367    
   1.12500000       1.00000000      0.165929034    
   1.37500000       1.00000000      0.165947556    
   1.62500000       1.00000000      0.165950134    
   1.87500000       1.00000000      0.165951058    
   2.12500000       1.00000000      0.165951714    
   2.37500000       1.00000000      0.165952414    
   2.62500000       1.00000000      0.165953100    
   2.87500000       1.00000000      0.165953755    
   3.12500000       1.00000000      0.165954441    
   3.37500000       1.00000000      0.165955156    
   3.62500000       1.00000000      0.165955842    
   3.87500000       1.00000000      0.165956512    
   4.12500000       1.00000000      0.165957168    
   4.37500000       1.00000000      0.165957823    
   4.62500000       1.00000000      0.165958509    
   4.87500000       1.00000000      0.165959194    
   5.12500000       1.00000000      0.165959880    
   5.37500000       1.00000000      0.165960535    
   5.62500000       1.00000000      0.165961206    
   5.87500000       1.00000000      0.165961921    
   6.12500000       1.00000000      0.165962607    
   6.37500000       1.00000000      0.165963292    
   6.62500000       1.00000000      0.165963933    
   6.87500000       1.00000000      0.165964589    
   7.12500000       1.00000000      0.165965334    
   7.37500000       1.00000000      0.165965974    
   7.62500000       1.00000000      0.165966630    
   7.87500000       1.00000000      0.165967315    
   8.12500000       1.00000000      0.165967986    
   8.37500000       1.00000000      0.165968716    
   8.62500000       1.00000000      0.165969625    
   8.87500000       1.00000000      0.165967345    
   9.12500000       1.00000000      0.166050524    
   9.37500000       1.00000000      0.165772751    
   9.62500000       1.00000000      0.181789920    
   9.87500000       1.00000000      0.201547712    
   10.0000000       1.00000000       1.00000000    
 
