   0.00000000       0.00000000       0.00000000    
  0.125000000       0.00000000       1.25000002E-02
  0.375000000       0.00000000       3.75000015E-02
  0.625000000       0.00000000       6.25000000E-02
  0.875000000       0.00000000       8.74999985E-02
   1.12500000       0.00000000      0.112499997    
   1.37500000       0.00000000      0.137500003    
   1.62500000       0.00000000      0.162499994    
   1.87500000       0.00000000      0.187500000    
   2.12500000       0.00000000      0.212500006    
   2.37500000       0.00000000      0.237499997    
   2.62500000       0.00000000      0.262499988    
   2.87500000       0.00000000      0.287499994    
   3.12500000       0.00000000      0.312500000    
   3.37500000       0.00000000      0.337500006    
   3.62500000       0.00000000      0.362500012    
   3.87500000       0.00000000      0.387499988    
   4.12500000       0.00000000      0.412499994    
   4.37500000       0.00000000      0.437500000    
   4.62500000       0.00000000      0.462500006    
   4.87500000       0.00000000      0.487500012    
   5.12500000       0.00000000      0.512499988    
   5.37500000       0.00000000      0.537500024    
   5.62500000       0.00000000      0.562500000    
   5.87500000       0.00000000      0.587499976    
   6.12500000       0.00000000      0.612500012    
   6.37500000       0.00000000      0.637499988    
   6.62500000       0.00000000      0.662500024    
   6.87500000       0.00000000      0.687500000    
   7.12500000       0.00000000      0.712499976    
   7.37500000       0.00000000      0.737500012    
   7.62500000       0.00000000      0.762499988    
   7.87500000       0.00000000      0.787500024    
   8.12500000       0.00000000      0.812500000    
   8.37500000       0.00000000      0.837499976    
   8.62500000       0.00000000      0.862500012    
   8.87500000       0.00000000      0.887499988    
   9.12500000       0.00000000      0.912500024    
   9.37500000       0.00000000      0.937500000    
   9.62500000       0.00000000      0.962499976    
   9.87500000       0.00000000      0.987500012    
   10.0000000       0.00000000       1.00000000    
 
   0.00000000       1.25000002E-02   0.00000000    
  0.125000000       1.25000002E-02   1.15464721E-02
  0.375000000       1.25000002E-02   3.54571752E-02
  0.625000000       1.25000002E-02   5.96457906E-02
  0.875000000       1.25000002E-02   8.39608610E-02
   1.12500000       1.25000002E-02  0.108323023    
   1.37500000       1.25000002E-02  0.132693827    
   1.62500000       1.25000002E-02  0.157060534    
   1.87500000       1.25000002E-02  0.181421891    
   2.12500000       1.25000002E-02  0.205779895    
   2.37500000       1.25000002E-02  0.230136260    
   2.62500000       1.25000002E-02  0.254491866    
   2.87500000       1.25000002E-02  0.278847277    
   3.12500000       1.25000002E-02  0.303202629    
   3.37500000       1.25000002E-02  0.327557921    
   3.62500000       1.25000002E-02  0.351913244    
   3.87500000       1.25000002E-02  0.376268566    
   4.12500000       1.25000002E-02  0.400623858    
   4.37500000       1.25000002E-02  0.424979180    
   4.62500000       1.25000002E-02  0.449334443    
   4.87500000       1.25000002E-02  0.473689824    
   5.12500000       1.25000002E-02  0.498044997    
   5.37500000       1.25000002E-02  0.522400379    
   5.62500000       1.25000002E-02  0.546755672    
   5.87500000       1.25000002E-02  0.571110904    
   6.12500000       1.25000002E-02  0.595466316    
   6.37500000       1.25000002E-02  0.619821548    
   6.62500000       1.25000002E-02  0.644176841    
   6.87500000       1.25000002E-02  0.668532193    
   7.12500000       1.25000002E-02  0.692887366    
   7.37500000       1.25000002E-02  0.717242777    
   7.62500000       1.25000002E-02  0.741598070    
   7.87500000       1.25000002E-02  0.765953302    
   8.12500000       1.25000002E-02  0.790309310    
   8.37500000       1.25000002E-02  0.814659715    
   8.62500000       1.25000002E-02  0.839041889    
   8.87500000       1.25000002E-02  0.863265634    
   9.12500000       1.25000002E-02  0.888192892    
   9.37500000       1.25000002E-02  0.910355985    
   9.62500000       1.25000002E-02  0.942152858    
   9.87500000       1.25000002E-02  0.943757832    
   10.0000000       1.25000002E-02   1.00000000    
 
   0.00000000       3.75000015E-02   0.00000000    
  0.125000000       3.75000015E-02   9.68920626E-03
  0.375000000       3.75000015E-02   3.14280801E-02
  0.625000000       3.75000015E-02   5.39970435E-02
  0.875000000       3.75000015E-02   7.69457668E-02
   1.12500000       3.75000015E-02  0.100036040    
   1.37500000       3.75000015E-02  0.123152137    
   1.62500000       3.75000015E-02  0.146255568    
   1.87500000       3.75000015E-02  0.169342756    
   2.12500000       3.75000015E-02  0.192419589    
   2.37500000       3.75000015E-02  0.215491384    
   2.62500000       3.75000015E-02  0.238561094    
   2.87500000       3.75000015E-02  0.261629999    
   3.12500000       3.75000015E-02  0.284698725    
   3.37500000       3.75000015E-02  0.307767361    
   3.62500000       3.75000015E-02  0.330836028    
   3.87500000       3.75000015E-02  0.353904605    
   4.12500000       3.75000015E-02  0.376973271    
   4.37500000       3.75000015E-02  0.400041848    
   4.62500000       3.75000015E-02  0.423110425    
   4.87500000       3.75000015E-02  0.446179062    
   5.12500000       3.75000015E-02  0.469247639    
   5.37500000       3.75000015E-02  0.492316246    
   5.62500000       3.75000015E-02  0.515384972    
   5.87500000       3.75000015E-02  0.538453460    
   6.12500000       3.75000015E-02  0.561522186    
   6.37500000       3.75000015E-02  0.584590733    
   6.62500000       3.75000015E-02  0.607659400    
   6.87500000       3.75000015E-02  0.630727947    
   7.12500000       3.75000015E-02  0.653796494    
   7.37500000       3.75000015E-02  0.676865101    
   7.62500000       3.75000015E-02  0.699933767    
   7.87500000       3.75000015E-02  0.723002017    
   8.12500000       3.75000015E-02  0.746073186    
   8.37500000       3.75000015E-02  0.769126534    
   8.62500000       3.75000015E-02  0.792278171    
   8.87500000       3.75000015E-02  0.814941347    
   9.12500000       3.75000015E-02  0.839765906    
   9.37500000       3.75000015E-02  0.856126308    
   9.62500000       3.75000015E-02  0.901906729    
   9.87500000       3.75000015E-02  0.855451703    
   10.0000000       3.75000015E-02   1.00000000    
 
   0.00000000       6.25000000E-02   0.00000000    
  0.125000000       6.25000000E-02   7.95659050E-03
  0.375000000       6.25000000E-02   2.75504850E-02
  0.625000000       6.25000000E-02   4.85119373E-02
  0.875000000       6.25000000E-02   7.01060072E-02
   1.12500000       6.25000000E-02   9.19361636E-02
   1.37500000       6.25000000E-02  0.113808565    
   1.62500000       6.25000000E-02  0.135658666    
   1.87500000       6.25000000E-02  0.157480747    
   2.12500000       6.25000000E-02  0.179284945    
   2.37500000       6.25000000E-02  0.201080427    
   2.62500000       6.25000000E-02  0.222872362    
   2.87500000       6.25000000E-02  0.244662911    
   3.12500000       6.25000000E-02  0.266453117    
   3.37500000       6.25000000E-02  0.288243175    
   3.62500000       6.25000000E-02  0.310033172    
   3.87500000       6.25000000E-02  0.331823170    
   4.12500000       6.25000000E-02  0.353613257    
   4.37500000       6.25000000E-02  0.375403225    
   4.62500000       6.25000000E-02  0.397193223    
   4.87500000       6.25000000E-02  0.418983251    
   5.12500000       6.25000000E-02  0.440773249    
   5.37500000       6.25000000E-02  0.462563217    
   5.62500000       6.25000000E-02  0.484353274    
   5.87500000       6.25000000E-02  0.506143153    
   6.12500000       6.25000000E-02  0.527933240    
   6.37500000       6.25000000E-02  0.549723268    
   6.62500000       6.25000000E-02  0.571513355    
   6.87500000       6.25000000E-02  0.593303323    
   7.12500000       6.25000000E-02  0.615093231    
   7.37500000       6.25000000E-02  0.636883199    
   7.62500000       6.25000000E-02  0.658673286    
   7.87500000       6.25000000E-02  0.680462718    
   8.12500000       6.25000000E-02  0.702257156    
   8.37500000       6.25000000E-02  0.724020183    
   8.62500000       6.25000000E-02  0.745956540    
   8.87500000       6.25000000E-02  0.767037868    
   9.12500000       6.25000000E-02  0.791875780    
   9.37500000       6.25000000E-02  0.802089632    
   9.62500000       6.25000000E-02  0.862893105    
   9.87500000       6.25000000E-02  0.765105963    
   10.0000000       6.25000000E-02   1.00000000    
 
   0.00000000       8.75000060E-02   0.00000000    
  0.125000000       8.75000060E-02   6.39496325E-03
  0.375000000       8.75000060E-02   2.38965880E-02
  0.625000000       8.75000060E-02   4.32749614E-02
  0.875000000       8.75000060E-02   6.35357425E-02
   1.12500000       8.75000060E-02   8.41259956E-02
   1.37500000       8.75000060E-02  0.104773059    
   1.62500000       8.75000060E-02  0.125386223    
   1.87500000       8.75000060E-02  0.145958126    
   2.12500000       8.75000060E-02  0.166503757    
   2.37500000       8.75000060E-02  0.187036589    
   2.62500000       8.75000060E-02  0.207564160    
   2.87500000       8.75000060E-02  0.228089765    
   3.12500000       8.75000060E-02  0.248614803    
   3.37500000       8.75000060E-02  0.269139618    
   3.62500000       8.75000060E-02  0.289664388    
   3.87500000       8.75000060E-02  0.310189158    
   4.12500000       8.75000060E-02  0.330713987    
   4.37500000       8.75000060E-02  0.351238728    
   4.62500000       8.75000060E-02  0.371763438    
   4.87500000       8.75000060E-02  0.392288238    
   5.12500000       8.75000060E-02  0.412812978    
   5.37500000       8.75000060E-02  0.433337659    
   5.62500000       8.75000060E-02  0.453862548    
   5.87500000       8.75000060E-02  0.474387139    
   6.12500000       8.75000060E-02  0.494912028    
   6.37500000       8.75000060E-02  0.515436769    
   6.62500000       8.75000060E-02  0.535961568    
   6.87500000       8.75000060E-02  0.556486309    
   7.12500000       8.75000060E-02  0.577011049    
   7.37500000       8.75000060E-02  0.597535729    
   7.62500000       8.75000060E-02  0.618060589    
   7.87500000       8.75000060E-02  0.638584435    
   8.12500000       8.75000060E-02  0.659115970    
   8.37500000       8.75000060E-02  0.679599822    
   8.62500000       8.75000060E-02  0.700344563    
   8.87500000       8.75000060E-02  0.719813466    
   9.12500000       8.75000060E-02  0.744839847    
   9.37500000       8.75000060E-02  0.748397768    
   9.62500000       8.75000060E-02  0.825762510    
   9.87500000       8.75000060E-02  0.672004580    
   10.0000000       8.75000060E-02   1.00000000    
 
   0.00000000      0.112499997       0.00000000    
  0.125000000      0.112499997       5.02772396E-03
  0.375000000      0.112499997       2.05179323E-02
  0.625000000      0.112499997       3.83525565E-02
  0.875000000      0.112499997       5.73123433E-02
   1.12500000      0.112499997       7.66917467E-02
   1.37500000      0.112499997       9.61391404E-02
   1.62500000      0.112499997      0.115538016    
   1.87500000      0.112499997      0.134880304    
   2.12500000      0.112499997      0.154186785    
   2.37500000      0.112499997      0.173475802    
   2.62500000      0.112499997      0.192757636    
   2.87500000      0.112499997      0.212036803    
   3.12500000      0.112499997      0.231315121    
   3.37500000      0.112499997      0.250593185    
   3.62500000      0.112499997      0.269871175    
   3.87500000      0.112499997      0.289149165    
   4.12500000      0.112499997      0.308427244    
   4.37500000      0.112499997      0.327705175    
   4.62500000      0.112499997      0.346983105    
   4.87500000      0.112499997      0.366261065    
   5.12500000      0.112499997      0.385539025    
   5.37500000      0.112499997      0.404816955    
   5.62500000      0.112499997      0.424095064    
   5.87500000      0.112499997      0.443372875    
   6.12500000      0.112499997      0.462650955    
   6.37500000      0.112499997      0.481928945    
   6.62500000      0.112499997      0.501206875    
   6.87500000      0.112499997      0.520484924    
   7.12500000      0.112499997      0.539762855    
   7.37500000      0.112499997      0.559040785    
   7.62500000      0.112499997      0.578318775    
   7.87500000      0.112499997      0.597595513    
   8.12500000      0.112499997      0.616883218    
   8.37500000      0.112499997      0.636103392    
   8.62500000      0.112499997      0.655688405    
   8.87500000      0.112499997      0.673507690    
   9.12500000      0.112499997      0.698943615    
   9.37500000      0.112499997      0.695215225    
   9.62500000      0.112499997      0.791038573    
   9.87500000      0.112499997      0.575862646    
   10.0000000      0.112499997       1.00000000    
 
   0.00000000      0.137500003       0.00000000    
  0.125000000      0.137500003       3.86074279E-03
  0.375000000      0.137500003       1.74478497E-02
  0.625000000      0.137500003       3.37947868E-02
  0.875000000      0.137500003       5.14978617E-02
   1.12500000      0.137500003       6.97045848E-02
   1.37500000      0.137500003       8.79851580E-02
   1.62500000      0.137500003      0.106198445    
   1.87500000      0.137500003      0.124337107    
   2.12500000      0.137500003      0.142428920    
   2.37500000      0.137500003      0.160497919    
   2.62500000      0.137500003      0.178557485    
   2.87500000      0.137500003      0.196613580    
   3.12500000      0.137500003      0.214668572    
   3.37500000      0.137500003      0.232723206    
   3.62500000      0.137500003      0.250777751    
   3.87500000      0.137500003      0.268832326    
   4.12500000      0.137500003      0.286886930    
   4.37500000      0.137500003      0.304941416    
   4.62500000      0.137500003      0.322995901    
   4.87500000      0.137500003      0.341050416    
   5.12500000      0.137500003      0.359104931    
   5.37500000      0.137500003      0.377159446    
   5.62500000      0.137500003      0.395214021    
   5.87500000      0.137500003      0.413268417    
   6.12500000      0.137500003      0.431323081    
   6.37500000      0.137500003      0.449377626    
   6.62500000      0.137500003      0.467432022    
   6.87500000      0.137500003      0.485486656    
   7.12500000      0.137500003      0.503541112    
   7.37500000      0.137500003      0.521595538    
   7.62500000      0.137500003      0.539650321    
   7.87500000      0.137500003      0.557702959    
   8.12500000      0.137500003      0.575770795    
   8.37500000      0.137500003      0.593747258    
   8.62500000      0.137500003      0.612211704    
   8.87500000      0.137500003      0.628340304    
   9.12500000      0.137500003      0.654440165    
   9.37500000      0.137500003      0.642717779    
   9.62500000      0.137500003      0.759117067    
   9.87500000      0.137500003      0.476767212    
   10.0000000      0.137500003       1.00000000    
 
   0.00000000      0.162499994       0.00000000    
  0.125000000      0.162499994       2.88726529E-03
  0.375000000      0.162499994       1.47041203E-02
  0.625000000      0.162499994       2.96372287E-02
  0.875000000      0.162499994       4.61406074E-02
   1.12500000      0.162499994       6.32220730E-02
   1.37500000      0.162499994       8.03757086E-02
   1.62500000      0.162499994       9.74377841E-02
   1.87500000      0.162499994      0.114403859    
   2.12500000      0.162499994      0.131310284    
   2.37500000      0.162499994      0.148187682    
   2.62500000      0.162499994      0.165053099    
   2.87500000      0.162499994      0.181914106    
   3.12500000      0.162499994      0.198773697    
   3.37500000      0.162499994      0.215632826    
   3.62500000      0.162499994      0.232491851    
   3.87500000      0.162499994      0.249350861    
   4.12500000      0.162499994      0.266209930    
   4.37500000      0.162499994      0.283068895    
   4.62500000      0.162499994      0.299927831    
   4.87500000      0.162499994      0.316786826    
   5.12500000      0.162499994      0.333645821    
   5.37500000      0.162499994      0.350504726    
   5.62500000      0.162499994      0.367363811    
   5.87500000      0.162499994      0.384222716    
   6.12500000      0.162499994      0.401081860    
   6.37500000      0.162499994      0.417940766    
   6.62500000      0.162499994      0.434799701    
   6.87500000      0.162499994      0.451658815    
   7.12500000      0.162499994      0.468517691    
   7.37500000      0.162499994      0.485376656    
   7.62500000      0.162499994      0.502236009    
   7.87500000      0.162499994      0.519092262    
   8.12500000      0.162499994      0.535969019    
   8.37500000      0.162499994      0.552725852    
   8.62500000      0.162499994      0.570114911    
   8.87500000      0.162499994      0.584511161    
   9.12500000      0.162499994      0.611548781    
   9.37500000      0.162499994      0.591092944    
   9.62500000      0.162499994      0.730262816    
   9.87500000      0.162499994      0.375122368    
   10.0000000      0.162499994       1.00000000    
 
   0.00000000      0.187500000       0.00000000    
  0.125000000      0.187500000       2.09213258E-03
  0.375000000      0.187500000       1.22918515E-02
  0.625000000      0.187500000       2.59030908E-02
  0.875000000      0.187500000       4.12770063E-02
   1.12500000      0.187500000       5.72899058E-02
   1.37500000      0.187500000       7.33631700E-02
   1.62500000      0.187500000       8.93137679E-02
   1.87500000      0.187500000      0.105142951    
   2.12500000      0.187500000      0.120897651    
   2.37500000      0.187500000      0.136616215    
   2.62500000      0.187500000      0.152319863    
   2.87500000      0.187500000      0.168017998    
   3.12500000      0.187500000      0.183714360    
   3.37500000      0.187500000      0.199410170    
   3.62500000      0.187500000      0.215105847    
   3.87500000      0.187500000      0.230801493    
   4.12500000      0.187500000      0.246497154    
   4.37500000      0.187500000      0.262192756    
   4.62500000      0.187500000      0.277888387    
   4.87500000      0.187500000      0.293584019    
   5.12500000      0.187500000      0.309279621    
   5.37500000      0.187500000      0.324975193    
   5.62500000      0.187500000      0.340670824    
   5.87500000      0.187500000      0.356366426    
   6.12500000      0.187500000      0.372062147    
   6.37500000      0.187500000      0.387757689    
   6.62500000      0.187500000      0.403453320    
   6.87500000      0.187500000      0.419149041    
   7.12500000      0.187500000      0.434844583    
   7.37500000      0.187500000      0.450540125    
   7.62500000      0.187500000      0.466236293    
   7.87500000      0.187500000      0.481928229    
   8.12500000      0.187500000      0.497646809    
   8.37500000      0.187500000      0.513212144    
   8.62500000      0.187500000      0.529575944    
   8.87500000      0.187500000      0.542201340    
   9.12500000      0.187500000      0.570454836    
   9.37500000      0.187500000      0.540542483    
   9.62500000      0.187500000      0.704607427    
   9.87500000      0.187500000      0.271598816    
   10.0000000      0.187500000       1.00000000    
 
   0.00000000      0.212500006       0.00000000    
  0.125000000      0.212500006       1.45524275E-03
  0.375000000      0.212500006       1.02063529E-02
  0.625000000      0.212500006       2.26054527E-02
  0.875000000      0.212500006       3.69334258E-02
   1.12500000      0.212500006       5.19434996E-02
   1.37500000      0.212500006       6.69892356E-02
   1.62500000      0.212500006       8.18729252E-02
   1.87500000      0.212500006       9.66051742E-02
   2.12500000      0.212500006      0.111245781    
   2.37500000      0.212500006      0.125842154    
   2.62500000      0.212500006      0.140420258    
   2.87500000      0.212500006      0.154991642    
   3.12500000      0.212500006      0.169560850    
   3.37500000      0.212500006      0.184129357    
   3.62500000      0.212500006      0.198697701    
   3.87500000      0.212500006      0.213266045    
   4.12500000      0.212500006      0.227834374    
   4.37500000      0.212500006      0.242402613    
   4.62500000      0.212500006      0.256970912    
   4.87500000      0.212500006      0.271539211    
   5.12500000      0.212500006      0.286107481    
   5.37500000      0.212500006      0.300675720    
   5.62500000      0.212500006      0.315244019    
   5.87500000      0.212500006      0.329812318    
   6.12500000      0.212500006      0.344380677    
   6.37500000      0.212500006      0.358948886    
   6.62500000      0.212500006      0.373517156    
   6.87500000      0.212500006      0.388085544    
   7.12500000      0.212500006      0.402653784    
   7.37500000      0.212500006      0.417221934    
   7.62500000      0.212500006      0.431791008    
   7.87500000      0.212500006      0.446354628    
   8.12500000      0.212500006      0.460951716    
   8.37500000      0.212500006      0.475357741    
   8.62500000      0.212500006      0.490749627    
   8.87500000      0.212500006      0.501572609    
   9.12500000      0.212500006      0.531308413    
   9.37500000      0.212500006      0.491282731    
   9.62500000      0.212500006      0.682149589    
   9.87500000      0.212500006      0.167084306    
   10.0000000      0.212500006       1.00000000    
 
   0.00000000      0.237500012       0.00000000    
  0.125000000      0.237500012       9.54262679E-04
  0.375000000      0.237500012       8.43598973E-03
  0.625000000      0.237500012       1.97496060E-02
  0.875000000      0.237500012       3.31282131E-02
   1.12500000      0.237500012       4.72097844E-02
   1.37500000      0.237500012       6.12865761E-02
   1.62500000      0.237500012       7.51521960E-02
   1.87500000      0.237500012       8.88311192E-02
   2.12500000      0.237500012      0.102398813    
   2.37500000      0.237500012      0.115913071    
   2.62500000      0.237500012      0.129405320    
   2.87500000      0.237500012      0.142889515    
   3.12500000      0.237500012      0.156371042    
   3.37500000      0.237500012      0.169851750    
   3.62500000      0.237500012      0.183332264    
   3.87500000      0.237500012      0.196812749    
   4.12500000      0.237500012      0.210293218    
   4.37500000      0.237500012      0.223773643    
   4.62500000      0.237500012      0.237254038    
   4.87500000      0.237500012      0.250734478    
   5.12500000      0.237500012      0.264214903    
   5.37500000      0.237500012      0.277695298    
   5.62500000      0.237500012      0.291175753    
   5.87500000      0.237500012      0.304656178    
   6.12500000      0.237500012      0.318136662    
   6.37500000      0.237500012      0.331617057    
   6.62500000      0.237500012      0.345097423    
   6.87500000      0.237500012      0.358577967    
   7.12500000      0.237500012      0.372058332    
   7.37500000      0.237500012      0.385538608    
   7.62500000      0.237500012      0.399020016    
   7.87500000      0.237500012      0.412494630    
   8.12500000      0.237500012      0.426010549    
   8.37500000      0.237500012      0.439293027    
   8.62500000      0.237500012      0.453768343    
   8.87500000      0.237500012      0.462768346    
   9.12500000      0.237500012      0.494224578    
   9.37500000      0.237500012      0.443545491    
   9.62500000      0.237500012      0.662760913    
   9.87500000      0.237500012       6.26363456E-02
   10.0000000      0.237500012       1.00000000    
 
   0.00000000      0.262499988       0.00000000    
  0.125000000      0.262499988       5.66660776E-04
  0.375000000      0.262499988       6.96489774E-03
  0.625000000      0.262499988       1.73354447E-02
  0.875000000      0.262499988       2.98737232E-02
   1.12500000      0.262499988       4.31090370E-02
   1.37500000      0.262499988       5.62804155E-02
   1.62500000      0.262499988       6.91804215E-02
   1.87500000      0.262499988       8.18527937E-02
   2.12500000      0.262499988       9.43917260E-02
   2.37500000      0.262499988      0.106866971    
   2.62500000      0.262499988      0.119316041    
   2.87500000      0.262499988      0.131755590    
   3.12500000      0.262499988      0.144191936    
   3.37500000      0.262499988      0.156627327    
   3.62500000      0.262499988      0.169062451    
   3.87500000      0.262499988      0.181497574    
   4.12500000      0.262499988      0.193932652    
   4.37500000      0.262499988      0.206367701    
   4.62500000      0.262499988      0.218802705    
   4.87500000      0.262499988      0.231237814    
   5.12500000      0.262499988      0.243672848    
   5.37500000      0.262499988      0.256107837    
   5.62500000      0.262499988      0.268542975    
   5.87500000      0.262499988      0.280977964    
   6.12500000      0.262499988      0.293413073    
   6.37500000      0.262499988      0.305848062    
   6.62500000      0.262499988      0.318283051    
   6.87500000      0.262499988      0.330718219    
   7.12500000      0.262499988      0.343153208    
   7.37500000      0.262499988      0.355588108    
   7.62500000      0.262499988      0.368024260    
   7.87500000      0.262499988      0.380452275    
   8.12500000      0.262499988      0.392930180    
   8.37500000      0.262499988      0.405128509    
   8.62500000      0.262499988      0.418742657    
   8.87500000      0.262499988      0.425914884    
   9.12500000      0.262499988      0.459283948    
   9.37500000      0.262499988      0.397577196    
   9.62500000      0.262499988      0.646195769    
   9.87500000      0.262499988      -4.05640081E-02
   10.0000000      0.262499988       1.00000000    
 
   0.00000000      0.287500024       0.00000000    
  0.125000000      0.287500024       2.71151046E-04
  0.375000000      0.287500024       5.77547960E-03
  0.625000000      0.287500024       1.53598310E-02
  0.875000000      0.287500024       2.71783434E-02
   1.12500000      0.287500024       3.96565907E-02
   1.37500000      0.287500024       5.19901812E-02
   1.62500000      0.287500024       6.39799088E-02
   1.87500000      0.287500024       7.56949931E-02
   2.12500000      0.287500024       8.72517750E-02
   2.37500000      0.287500024       9.87335891E-02
   2.62500000      0.287500024      0.110184684    
   2.87500000      0.287500024      0.121624619    
   3.12500000      0.287500024      0.133060828    
   3.37500000      0.287500024      0.144495919    
   3.62500000      0.287500024      0.155930698    
   3.87500000      0.287500024      0.167365432    
   4.12500000      0.287500024      0.178800136    
   4.37500000      0.287500024      0.190234825    
   4.62500000      0.287500024      0.201669455    
   4.87500000      0.287500024      0.213104174    
   5.12500000      0.287500024      0.224538893    
   5.37500000      0.287500024      0.235973522    
   5.62500000      0.287500024      0.247408226    
   5.87500000      0.287500024      0.258842856    
   6.12500000      0.287500024      0.270277590    
   6.37500000      0.287500024      0.281712234    
   6.62500000      0.287500024      0.293146849    
   6.87500000      0.287500024      0.304581612    
   7.12500000      0.287500024      0.316016257    
   7.37500000      0.287500024      0.327450782    
   7.62500000      0.287500024      0.338886797    
   7.87500000      0.287500024      0.350313008    
   8.12500000      0.287500024      0.361798435    
   8.37500000      0.287500024      0.372955263    
   8.62500000      0.287500024      0.385762215    
   8.87500000      0.287500024      0.391121715    
   9.12500000      0.287500024      0.426534802    
   9.37500000      0.287500024      0.353636116    
   9.62500000      0.287500024      0.632106662    
   9.87500000      0.287500024     -0.141256645    
   10.0000000      0.287500024       1.00000000    
 
   0.00000000      0.312500000       0.00000000    
  0.125000000      0.312500000       4.86726713E-05
  0.375000000      0.312500000       4.85070236E-03
  0.625000000      0.312500000       1.38188805E-02
  0.875000000      0.312500000       2.50484683E-02
   1.12500000      0.312500000       3.68645824E-02
   1.37500000      0.312500000       4.84310538E-02
   1.62500000      0.312500000       5.95678575E-02
   1.87500000      0.312500000       7.03767762E-02
   2.12500000      0.312500000       8.09999406E-02
   2.37500000      0.312500000       9.15358588E-02
   2.62500000      0.312500000      0.102036215    
   2.87500000      0.312500000      0.112523638    
   3.12500000      0.312500000      0.123006791    
   3.37500000      0.312500000      0.133488610    
   3.62500000      0.312500000      0.143970147    
   3.87500000      0.312500000      0.154451564    
   4.12500000      0.312500000      0.164932951    
   4.37500000      0.312500000      0.175414339    
   4.62500000      0.312500000      0.185895666    
   4.87500000      0.312500000      0.196377069    
   5.12500000      0.312500000      0.206858486    
   5.37500000      0.312500000      0.217339814    
   5.62500000      0.312500000      0.227821216    
   5.87500000      0.312500000      0.238302544    
   6.12500000      0.312500000      0.248783946    
   6.37500000      0.312500000      0.259265274    
   6.62500000      0.312500000      0.269746602    
   6.87500000      0.312500000      0.280228049    
   7.12500000      0.312500000      0.290709406    
   7.37500000      0.312500000      0.301190585    
   7.62500000      0.312500000      0.311673492    
   7.87500000      0.312500000      0.322144955    
   8.12500000      0.312500000      0.332685262    
   8.37500000      0.312500000      0.342846602    
   8.62500000      0.312500000      0.354896963    
   8.87500000      0.312500000      0.358482242    
   9.12500000      0.312500000      0.395995468    
   9.37500000      0.312500000      0.311987966    
   9.62500000      0.312500000      0.620062947    
   9.87500000      0.312500000     -0.238144651    
   10.0000000      0.312500000       1.00000000    
 
   0.00000000      0.337500006       0.00000000    
  0.125000000      0.337500006      -1.16976487E-04
  0.375000000      0.337500006       4.17613378E-03
  0.625000000      0.337500006       1.27101215E-02
  0.875000000      0.337500006       2.34903712E-02
   1.12500000      0.337500006       3.47434990E-02
   1.37500000      0.337500006       4.56153750E-02
   1.62500000      0.337500006       5.59577756E-02
   1.87500000      0.337500006       6.59128055E-02
   2.12500000      0.337500006       7.56522045E-02
   2.37500000      0.337500006       8.52912590E-02
   2.62500000      0.337500006       9.48896110E-02
   2.87500000      0.337500006      0.104473203    
   3.12500000      0.337500006      0.114051938    
   3.37500000      0.337500006      0.123629168    
   3.62500000      0.337500006      0.133206055    
   3.87500000      0.337500006      0.142782792    
   4.12500000      0.337500006      0.152359501    
   4.37500000      0.337500006      0.161936209    
   4.62500000      0.337500006      0.171512872    
   4.87500000      0.337500006      0.181089625    
   5.12500000      0.337500006      0.190666348    
   5.37500000      0.337500006      0.200243026    
   5.62500000      0.337500006      0.209819779    
   5.87500000      0.337500006      0.219396442    
   6.12500000      0.337500006      0.228973165    
   6.37500000      0.337500006      0.238549858    
   6.62500000      0.337500006      0.248126507    
   6.87500000      0.337500006      0.257703245    
   7.12500000      0.337500006      0.267279923    
   7.37500000      0.337500006      0.276856422    
   7.62500000      0.337500006      0.286434859    
   7.87500000      0.337500006      0.296000272    
   8.12500000      0.337500006      0.305644095    
   8.37500000      0.337500006      0.314858764    
   8.62500000      0.337500006      0.326198697    
   8.87500000      0.337500006      0.328074545    
   9.12500000      0.337500006      0.367658138    
   9.37500000      0.337500006      0.272899717    
   9.62500000      0.337500006      0.609573901    
   9.87500000      0.337500006     -0.329933763    
   10.0000000      0.337500006       1.00000000    
 
   0.00000000      0.362500012       0.00000000    
  0.125000000      0.362500012      -2.38731373E-04
  0.375000000      0.362500012       3.74176772E-03
  0.625000000      0.362500012       1.20344730E-02
  0.875000000      0.362500012       2.25118846E-02
   1.12500000      0.362500012       3.33036892E-02
   1.37500000      0.362500012       4.35540117E-02
   1.62500000      0.362500012       5.31607345E-02
   1.87500000      0.362500012       6.23146407E-02
   2.12500000      0.362500012       7.12209046E-02
   2.37500000      0.362500012       8.00130516E-02
   2.62500000      0.362500012       8.87591839E-02
   2.87500000      0.362500012       9.74887088E-02
   3.12500000      0.362500012      0.106212758    
   3.37500000      0.362500012      0.114935145    
   3.62500000      0.362500012      0.123657092    
   3.87500000      0.362500012      0.132378921    
   4.12500000      0.362500012      0.141100705    
   4.37500000      0.362500012      0.149822488    
   4.62500000      0.362500012      0.158544198    
   4.87500000      0.362500012      0.167266026    
   5.12500000      0.362500012      0.175987825    
   5.37500000      0.362500012      0.184709564    
   5.62500000      0.362500012      0.193431377    
   5.87500000      0.362500012      0.202153146    
   6.12500000      0.362500012      0.210874945    
   6.37500000      0.362500012      0.219596699    
   6.62500000      0.362500012      0.228318423    
   6.87500000      0.362500012      0.237040251    
   7.12500000      0.362500012      0.245761991    
   7.37500000      0.362500012      0.254483521    
   7.62500000      0.362500012      0.263207227    
   7.87500000      0.362500012      0.271916360    
   8.12500000      0.362500012      0.280713052    
   8.37500000      0.362500012      0.289032638    
   8.62500000      0.362500012      0.299702585    
   8.87500000      0.362500012      0.299961656    
   9.12500000      0.362500012      0.341493517    
   9.37500000      0.362500012      0.236631647    
   9.62500000      0.362500012      0.600113690    
   9.87500000      0.362500012     -0.415368646    
   10.0000000      0.362500012       1.00000000    
 
   0.00000000      0.387499988       0.00000000    
  0.125000000      0.387499988      -3.25964444E-04
  0.375000000      0.387499988       3.54365213E-03
  0.625000000      0.387499988       1.17980288E-02
  0.875000000      0.387499988       2.21239347E-02
   1.12500000      0.387499988       3.25566083E-02
   1.37500000      0.387499988       4.22575139E-02
   1.62500000      0.387499988       5.11865467E-02
   1.87500000      0.387499988       5.95918633E-02
   2.12500000      0.387499988       6.77158535E-02
   2.37500000      0.387499988       7.57115334E-02
   2.62500000      0.387499988       8.36558044E-02
   2.87500000      0.387499988       9.15816128E-02
   3.12500000      0.387499988       9.95013490E-02
   3.37500000      0.387499988      0.107419245    
   3.62500000      0.387499988      0.115336671    
   3.87500000      0.387499988      0.123253942    
   4.12500000      0.387499988      0.131171167    
   4.37500000      0.387499988      0.139088422    
   4.62500000      0.387499988      0.147005573    
   4.87500000      0.387499988      0.154922828    
   5.12500000      0.387499988      0.162840083    
   5.37500000      0.387499988      0.170757264    
   5.62500000      0.387499988      0.178674519    
   5.87500000      0.387499988      0.186591744    
   6.12500000      0.387499988      0.194508970    
   6.37500000      0.387499988      0.202426210    
   6.62500000      0.387499988      0.210343376    
   6.87500000      0.387499988      0.218260631    
   7.12500000      0.387499988      0.226177871    
   7.37500000      0.387499988      0.234094799    
   7.62500000      0.387499988      0.242014125    
   7.87500000      0.387499988      0.249917433    
   8.12500000      0.387499988      0.257916808    
   8.37500000      0.387499988      0.265395075    
   8.62500000      0.387499988      0.275428921    
   8.87500000      0.387499988      0.274192065    
   9.12500000      0.387499988      0.317455977    
   9.37500000      0.387499988      0.203428507    
   9.62500000      0.387499988      0.591146946    
   9.87500000      0.387499988     -0.493265480    
   10.0000000      0.387499988       1.00000000    
 
   0.00000000      0.412500024       0.00000000    
  0.125000000      0.412500024      -3.84203769E-04
  0.375000000      0.412500024       3.58534534E-03
  0.625000000      0.412500024       1.20135956E-02
  0.875000000      0.412500024       2.23417729E-02
   1.12500000      0.412500024       3.25158834E-02
   1.37500000      0.412500024       4.17371355E-02
   1.62500000      0.412500024       5.00447452E-02
   1.87500000      0.412500024       5.77531606E-02
   2.12500000      0.412500024       6.51454180E-02
   2.37500000      0.412500024       7.23950490E-02
   2.62500000      0.412500024       7.95879513E-02
   2.87500000      0.412500024       8.67605731E-02
   3.12500000      0.412500024       9.39265788E-02
   3.37500000      0.412500024      0.101090543    
   3.62500000      0.412500024      0.108253993    
   3.87500000      0.412500024      0.115417279    
   4.12500000      0.412500024      0.122580551    
   4.37500000      0.412500024      0.129743800    
   4.62500000      0.412500024      0.136906981    
   4.87500000      0.412500024      0.144070268    
   5.12500000      0.412500024      0.151233524    
   5.37500000      0.412500024      0.158396736    
   5.62500000      0.412500024      0.165560007    
   5.87500000      0.412500024      0.172723249    
   6.12500000      0.412500024      0.179886490    
   6.37500000      0.412500024      0.187049732    
   6.62500000      0.412500024      0.194212958    
   6.87500000      0.412500024      0.201376215    
   7.12500000      0.412500024      0.208539456    
   7.37500000      0.412500024      0.215702400    
   7.62500000      0.412500024      0.222867966    
   7.87500000      0.412500024      0.230016142    
   8.12500000      0.412500024      0.237267807    
   8.37500000      0.412500024      0.243960306    
   8.62500000      0.412500024      0.253385365    
   8.87500000      0.412500024      0.250800103    
   9.12500000      0.412500024      0.295489222    
   9.37500000      0.412500024      0.173510551    
   9.62500000      0.412500024      0.582155108    
   9.87500000      0.412500024     -0.562540948    
   10.0000000      0.412500024       1.00000000    
 
   0.00000000      0.437500000       0.00000000    
  0.125000000      0.437500000      -4.14772832E-04
  0.375000000      0.437500000       3.87924444E-03
  0.625000000      0.437500000       1.27019556E-02
  0.875000000      0.437500000       2.31859554E-02
   1.12500000      0.437500000       3.31981331E-02
   1.37500000      0.437500000       4.20056097E-02
   1.62500000      0.437500000       4.97454554E-02
   1.87500000      0.437500000       5.68072051E-02
   2.12500000      0.437500000       6.35174960E-02
   2.37500000      0.437500000       7.00710565E-02
   2.62500000      0.437500000       7.65627623E-02
   2.87500000      0.437500000       8.30324814E-02
   3.12500000      0.437500000       8.94950852E-02
   3.37500000      0.437500000       9.59554687E-02
   3.62500000      0.437500000      0.102415301    
   3.87500000      0.437500000      0.108874962    
   4.12500000      0.437500000      0.115334585    
   4.37500000      0.437500000      0.121794224    
   4.62500000      0.437500000      0.128253773    
   4.87500000      0.437500000      0.134713411    
   5.12500000      0.437500000      0.141173050    
   5.37500000      0.437500000      0.147632644    
   5.62500000      0.437500000      0.154092267    
   5.87500000      0.437500000      0.160551891    
   6.12500000      0.437500000      0.167011485    
   6.37500000      0.437500000      0.173471093    
   6.62500000      0.437500000      0.179930702    
   6.87500000      0.437500000      0.186390325    
   7.12500000      0.437500000      0.192849949    
   7.37500000      0.437500000      0.199309230    
   7.62500000      0.437500000      0.205771342    
   7.87500000      0.437500000      0.212214977    
   8.12500000      0.437500000      0.218768030    
   8.37500000      0.437500000      0.224731520    
   8.62500000      0.437500000      0.233568683    
   8.87500000      0.437500000      0.229806215    
   9.12500000      0.437500000      0.275531769    
   9.37500000      0.437500000      0.147064134    
   9.62500000      0.437500000      0.572661161    
   9.87500000      0.437500000     -0.622237384    
   10.0000000      0.437500000       1.00000000    
 
   0.00000000      0.462500006       0.00000000    
  0.125000000      0.462500006      -4.14275477E-04
  0.375000000      0.462500006       4.44779545E-03
  0.625000000      0.462500006       1.38928229E-02
  0.875000000      0.462500006       2.46829856E-02
   1.12500000      0.462500006       3.46235335E-02
   1.37500000      0.462500006       4.30777855E-02
   1.62500000      0.462500006       5.03001027E-02
   1.87500000      0.462500006       5.67633994E-02
   2.12500000      0.462500006       6.28402755E-02
   2.37500000      0.462500006       6.87469020E-02
   2.62500000      0.462500006       7.45869130E-02
   2.87500000      0.462500006       8.04033950E-02
   3.12500000      0.462500006       8.62122923E-02
   3.37500000      0.462500006       9.20188352E-02
   3.62500000      0.462500006       9.78247821E-02
   3.87500000      0.462500006      0.103630550    
   4.12500000      0.462500006      0.109436303    
   4.37500000      0.462500006      0.115242042    
   4.62500000      0.462500006      0.121047735    
   4.87500000      0.462500006      0.126853466    
   5.12500000      0.462500006      0.132659242    
   5.37500000      0.462500006      0.138464943    
   5.62500000      0.462500006      0.144270673    
   5.87500000      0.462500006      0.150076404    
   6.12500000      0.462500006      0.155882135    
   6.37500000      0.462500006      0.161687821    
   6.62500000      0.462500006      0.167493567    
   6.87500000      0.462500006      0.173299283    
   7.12500000      0.462500006      0.179105058    
   7.37500000      0.462500006      0.184910446    
   7.62500000      0.462500006      0.190718785    
   7.87500000      0.462500006      0.196507871    
   8.12500000      0.462500006      0.202410549    
   8.37500000      0.462500006      0.207702428    
   8.62500000      0.462500006      0.215966761    
   8.87500000      0.462500006      0.211217433    
   9.12500000      0.462500006      0.257522851    
   9.37500000      0.462500006      0.124233559    
   9.62500000      0.462500006      0.562252343    
   9.87500000      0.462500006     -0.671543658    
   10.0000000      0.462500006       1.00000000    
 
   0.00000000      0.487500012       0.00000000    
  0.125000000      0.487500012      -3.73860181E-04
  0.375000000      0.487500012       5.32459747E-03
  0.625000000      0.487500012       1.56254750E-02
  0.875000000      0.487500012       2.68656388E-02
   1.12500000      0.487500012       3.68161015E-02
   1.37500000      0.487500012       4.49710041E-02
   1.62500000      0.487500012       5.17218783E-02
   1.87500000      0.487500012       5.76324686E-02
   2.12500000      0.487500012       6.31229207E-02
   2.37500000      0.487500012       6.84305727E-02
   2.62500000      0.487500012       7.36673549E-02
   2.87500000      0.487500012       7.88792670E-02
   3.12500000      0.487500012       8.40832070E-02
   3.37500000      0.487500012       8.92846808E-02
   3.62500000      0.487500012       9.44855437E-02
   3.87500000      0.487500012       9.96862203E-02
   4.12500000      0.487500012      0.104886889    
   4.37500000      0.487500012      0.110087506    
   4.62500000      0.487500012      0.115288123    
   4.87500000      0.487500012      0.120488763    
   5.12500000      0.487500012      0.125689432    
   5.37500000      0.487500012      0.130890042    
   5.62500000      0.487500012      0.136090651    
   5.87500000      0.487500012      0.141291305    
   6.12500000      0.487500012      0.146491930    
   6.37500000      0.487500012      0.151692539    
   6.62500000      0.487500012      0.156893179    
   6.87500000      0.487500012      0.162093803    
   7.12500000      0.487500012      0.167294502    
   7.37500000      0.487500012      0.172494754    
   7.62500000      0.487500012      0.177698076    
   7.87500000      0.487500012      0.182881743    
   8.12500000      0.487500012      0.188181132    
   8.37500000      0.487500012      0.192858636    
   8.62500000      0.487500012      0.200560614    
   8.87500000      0.487500012      0.195027903    
   9.12500000      0.487500012      0.241406858    
   9.37500000      0.487500012      0.105114155    
   9.62500000      0.487500012      0.550600350    
   9.87500000      0.487500012     -0.709812403    
   10.0000000      0.487500012       1.00000000    
 
   0.00000000      0.512500048       0.00000000    
  0.125000000      0.512500048      -2.78208172E-04
  0.375000000      0.512500048       6.55537704E-03
  0.625000000      0.512500048       1.79489907E-02
  0.875000000      0.512500048       2.97728963E-02
   1.12500000      0.512500048       3.98037285E-02
   1.37500000      0.512500048       4.77053262E-02
   1.62500000      0.512500048       5.40261194E-02
   1.87500000      0.512500048       5.94269484E-02
   2.12500000      0.512500048       6.43760934E-02
   2.37500000      0.512500048       6.91312551E-02
   2.62500000      0.512500048       7.38119259E-02
   2.87500000      0.512500048       7.84666538E-02
   3.12500000      0.512500048       8.31131116E-02
   3.37500000      0.512500048       8.77570510E-02
   3.62500000      0.512500048       9.24003497E-02
   3.87500000      0.512500048       9.70434546E-02
   4.12500000      0.512500048      0.101686545    
   4.37500000      0.512500048      0.106329590    
   4.62500000      0.512500048      0.110972635    
   4.87500000      0.512500048      0.115615711    
   5.12500000      0.512500048      0.120258778    
   5.37500000      0.512500048      0.124901831    
   5.62500000      0.512500048      0.129544854    
   5.87500000      0.512500048      0.134187952    
   6.12500000      0.512500048      0.138831005    
   6.37500000      0.512500048      0.143474057    
   6.62500000      0.512500048      0.148117110    
   6.87500000      0.512500048      0.152760178    
   7.12500000      0.512500048      0.157403275    
   7.37500000      0.512500048      0.162045956    
   7.62500000      0.512500048      0.166691720    
   7.87500000      0.512500048      0.171317801    
   8.12500000      0.512500048      0.176059663    
   8.37500000      0.512500048      0.180179223    
   8.62500000      0.512500048      0.187326074    
   8.87500000      0.512500048      0.181219921    
   9.12500000      0.512500048      0.227137730    
   9.37500000      0.512500048       8.97473693E-02
   9.62500000      0.512500048      0.537477612    
   9.87500000      0.512500048     -0.736573398    
   10.0000000      0.512500048       1.00000000    
 
   0.00000000      0.537500024       0.00000000    
  0.125000000      0.537500024      -1.04206752E-04
  0.375000000      0.537500024       8.19878839E-03
  0.625000000      0.537500024       2.09220946E-02
  0.875000000      0.537500024       3.34495530E-02
   1.12500000      0.537500024       4.36179303E-02
   1.37500000      0.537500024       5.13035022E-02
   1.62500000      0.537500024       5.72304875E-02
   1.87500000      0.537500024       6.21614829E-02
   2.12500000      0.537500024       6.66123480E-02
   2.37500000      0.537500024       7.08597675E-02
   2.62500000      0.537500024       7.50298575E-02
   2.87500000      0.537500024       7.91732445E-02
   3.12500000      0.537500024       8.33081529E-02
   3.37500000      0.537500024       8.74405354E-02
   3.62500000      0.537500024       9.15722549E-02
   3.87500000      0.537500024       9.57037807E-02
   4.12500000      0.537500024       9.98352841E-02
   4.37500000      0.537500024      0.103966743    
   4.62500000      0.537500024      0.108098209    
   4.87500000      0.537500024      0.112229705    
   5.12500000      0.537500024      0.116361201    
   5.37500000      0.537500024      0.120492652    
   5.62500000      0.537500024      0.124624103    
   5.87500000      0.537500024      0.128755614    
   6.12500000      0.537500024      0.132887080    
   6.37500000      0.537500024      0.137018546    
   6.62500000      0.537500024      0.141150013    
   6.87500000      0.537500024      0.145281494    
   7.12500000      0.537500024      0.149413005    
   7.37500000      0.537500024      0.153544113    
   7.62500000      0.537500024      0.157678232    
   7.87500000      0.537500024      0.161793053    
   8.12500000      0.537500024      0.166021571    
   8.37500000      0.537500024      0.169638187    
   8.62500000      0.537500024      0.176235512    
   8.87500000      0.537500024      0.169764832    
   9.12500000      0.537500024      0.214681715    
   9.37500000      0.537500024       7.81181604E-02
   9.62500000      0.537500024      0.522769153    
   9.87500000      0.537500024     -0.751544774    
   10.0000000      0.537500024       1.00000000    
 
   0.00000000      0.562500000       0.00000000    
  0.125000000      0.562500000       1.80713774E-04
  0.375000000      0.562500000       1.03269685E-02
  0.625000000      0.562500000       2.46125385E-02
  0.875000000      0.562500000       3.79454270E-02
   1.12500000      0.562500000       4.82933819E-02
   1.37500000      0.562500000       5.57908379E-02
   1.62500000      0.562500000       6.13550283E-02
   1.87500000      0.562500000       6.58529624E-02
   2.12500000      0.562500000       6.98463395E-02
   2.37500000      0.562500000       7.36288652E-02
   2.62500000      0.562500000       7.73321167E-02
   2.87500000      0.562500000       8.10082331E-02
   3.12500000      0.562500000       8.46757889E-02
   3.37500000      0.562500000       8.83408189E-02
   3.62500000      0.562500000       9.20051634E-02
   3.87500000      0.562500000       9.56693515E-02
   4.12500000      0.562500000       9.93334949E-02
   4.37500000      0.562500000      0.102997608    
   4.62500000      0.562500000      0.106661715    
   4.87500000      0.562500000      0.110325865    
   5.12500000      0.562500000      0.113989994    
   5.37500000      0.562500000      0.117654093    
   5.62500000      0.562500000      0.121318206    
   5.87500000      0.562500000      0.124982357    
   6.12500000      0.562500000      0.128646463    
   6.37500000      0.562500000      0.132310584    
   6.62500000      0.562500000      0.135974675    
   6.87500000      0.562500000      0.139638826    
   7.12500000      0.562500000      0.143302977    
   7.37500000      0.562500000      0.146966755    
   7.62500000      0.562500000      0.150633395    
   7.87500000      0.562500000      0.154281497    
   8.12500000      0.562500000      0.158039242    
   8.37500000      0.562500000      0.161205620    
   8.62500000      0.562500000      0.167259052    
   8.87500000      0.562500000      0.160624474    
   9.12500000      0.562500000      0.204019234    
   9.37500000      0.562500000       7.01550394E-02
   9.62500000      0.562500000      0.506480575    
   9.87500000      0.562500000     -0.754639924    
   10.0000000      0.562500000       1.00000000    
 
   0.00000000      0.587499976       0.00000000    
  0.125000000      0.587499976       6.20578357E-04
  0.375000000      0.587499976       1.30257513E-02
  0.625000000      0.587499976       2.90959813E-02
  0.875000000      0.587499976       4.33142744E-02
   1.12500000      0.587499976       5.38672395E-02
   1.37500000      0.587499976       6.11948781E-02
   1.62500000      0.587499976       6.64220899E-02
   1.87500000      0.587499976       7.05206171E-02
   2.12500000      0.587499976       7.40949810E-02
   2.37500000      0.587499976       7.74534121E-02
   2.62500000      0.587499976       8.07316080E-02
   2.87500000      0.587499976       8.39825571E-02
   3.12500000      0.587499976       8.72249976E-02
   3.37500000      0.587499976       9.04649571E-02
   3.62500000      0.587499976       9.37042311E-02
   3.87500000      0.587499976       9.69433486E-02
   4.12500000      0.587499976      0.100182422    
   4.37500000      0.587499976      0.103421479    
   4.62500000      0.587499976      0.106660500    
   4.87500000      0.587499976      0.109899618    
   5.12500000      0.587499976      0.113138668    
   5.37500000      0.587499976      0.116377704    
   5.62500000      0.587499976      0.119616769    
   5.87500000      0.587499976      0.122855835    
   6.12500000      0.587499976      0.126094878    
   6.37500000      0.587499976      0.129333928    
   6.62500000      0.587499976      0.132572979    
   6.87500000      0.587499976      0.135812044    
   7.12500000      0.587499976      0.139051139    
   7.37500000      0.587499976      0.142289877    
   7.62500000      0.587499976      0.145531312    
   7.87500000      0.587499976      0.148755223    
   8.12500000      0.587499976      0.152082965    
   8.37500000      0.587499976      0.154849038    
   8.62500000      0.587499976      0.160365880    
   8.87500000      0.587499976      0.153752849    
   9.12500000      0.587499976      0.195145369    
   9.37500000      0.587499976       6.57328963E-02
   9.62500000      0.587499976      0.488739878    
   9.87500000      0.587499976     -0.745971084    
   10.0000000      0.587499976       1.00000000    
 
   0.00000000      0.612500012       0.00000000    
  0.125000000      0.612500012       1.27316883E-03
  0.375000000      0.612500012       1.63943898E-02
  0.625000000      0.612500012       3.44543979E-02
  0.875000000      0.612500012       4.96123657E-02
   1.12500000      0.612500012       6.03783019E-02
   1.37500000      0.612500012       6.75449818E-02
   1.62500000      0.612500012       7.24560991E-02
   1.87500000      0.612500012       7.61858746E-02
   2.12500000      0.612500012       7.93773979E-02
   2.37500000      0.612500012       8.23504180E-02
   2.62500000      0.612500012       8.52432400E-02
   2.87500000      0.612500012       8.81090760E-02
   3.12500000      0.612500012       9.09665525E-02
   3.37500000      0.612500012       9.38216448E-02
   3.62500000      0.612500012       9.66760516E-02
   3.87500000      0.612500012       9.95303094E-02
   4.12500000      0.612500012      0.102384515    
   4.37500000      0.612500012      0.105238743    
   4.62500000      0.612500012      0.108092904    
   4.87500000      0.612500012      0.110947154    
   5.12500000      0.612500012      0.113801360    
   5.37500000      0.612500012      0.116655543    
   5.62500000      0.612500012      0.119509749    
   5.87500000      0.612500012      0.122363962    
   6.12500000      0.612500012      0.125218153    
   6.37500000      0.612500012      0.128072351    
   6.62500000      0.612500012      0.130926535    
   6.87500000      0.612500012      0.133780733    
   7.12500000      0.612500012      0.136634976    
   7.37500000      0.612500012      0.139488891    
   7.62500000      0.612500012      0.142345294    
   7.87500000      0.612500012      0.145185471    
   8.12500000      0.612500012      0.148122162    
   8.37500000      0.612500012      0.150534645    
   8.62500000      0.612500012      0.155525073    
   8.87500000      0.612500012      0.149097919    
   9.12500000      0.612500012      0.188069135    
   9.37500000      0.612500012       6.46784753E-02
   9.62500000      0.612500012      0.469795525    
   9.87500000      0.612500012     -0.725852013    
   10.0000000      0.612500012       1.00000000    
 
   0.00000000      0.637500048       0.00000000    
  0.125000000      0.637500048       2.21255538E-03
  0.375000000      0.637500048       2.05446724E-02
  0.625000000      0.637500048       4.07739282E-02
  0.875000000      0.637500048       5.68968616E-02
   1.12500000      0.637500048       6.78660497E-02
   1.37500000      0.637500048       7.48718008E-02
   1.62500000      0.637500048       7.94832781E-02
   1.87500000      0.637500048       8.28722343E-02
   2.12500000      0.637500048       8.57148170E-02
   2.37500000      0.637500048       8.83389637E-02
   2.62500000      0.637500048       9.08839479E-02
   2.87500000      0.637500048       9.34025496E-02
   3.12500000      0.637500048       9.59130675E-02
   3.37500000      0.637500048       9.84213054E-02
   3.62500000      0.637500048      0.100928873    
   3.87500000      0.637500048      0.103436306    
   4.12500000      0.637500048      0.105943687    
   4.37500000      0.637500048      0.108451091    
   4.62500000      0.637500048      0.110958442    
   4.87500000      0.637500048      0.113465860    
   5.12500000      0.637500048      0.115973242    
   5.37500000      0.637500048      0.118480608    
   5.62500000      0.637500048      0.120987974    
   5.87500000      0.637500048      0.123495385    
   6.12500000      0.637500048      0.126002759    
   6.37500000      0.637500048      0.128510132    
   6.62500000      0.637500048      0.131017491    
   6.87500000      0.637500048      0.133524850    
   7.12500000      0.637500048      0.136032313    
   7.37500000      0.637500048      0.138539404    
   7.62500000      0.637500048      0.141048789    
   7.87500000      0.637500048      0.143543407    
   8.12500000      0.637500048      0.146126151    
   8.37500000      0.637500048      0.148228094    
   8.62500000      0.637500048      0.152706355    
   8.87500000      0.637500048      0.146603659    
   9.12500000      0.637500048      0.182811737    
   9.37500000      0.637500048       6.67783245E-02
   9.62500000      0.637500048      0.450008065    
   9.87500000      0.637500048     -0.694795549    
   10.0000000      0.637500048       1.00000000    
 
   0.00000000      0.662500024       0.00000000    
  0.125000000      0.662500024       3.53173609E-03
  0.375000000      0.662500024       2.55992394E-02
  0.625000000      0.662500024       4.81422581E-02
  0.875000000      0.662500024       6.52240217E-02
   1.12500000      0.662500024       7.63696730E-02
   1.37500000      0.662500024       8.32067430E-02
   1.62500000      0.662500024       8.75313133E-02
   1.87500000      0.662500024       9.06049982E-02
   2.12500000      0.662500024       9.31303799E-02
   2.37500000      0.662500024       9.54400226E-02
   2.62500000      0.662500024       9.76725221E-02
   2.87500000      0.662500024       9.98795629E-02
   3.12500000      0.662500024      0.102078877    
   3.37500000      0.662500024      0.104276054    
   3.62500000      0.662500024      0.106472589    
   3.87500000      0.662500024      0.108668976    
   4.12500000      0.662500024      0.110865355    
   4.37500000      0.662500024      0.113061756    
   4.62500000      0.662500024      0.115258075    
   4.87500000      0.662500024      0.117454469    
   5.12500000      0.662500024      0.119650833    
   5.37500000      0.662500024      0.121847197    
   5.62500000      0.662500024      0.124043539    
   5.87500000      0.662500024      0.126239926    
   6.12500000      0.662500024      0.128436282    
   6.37500000      0.662500024      0.130632639    
   6.62500000      0.662500024      0.132828981    
   6.87500000      0.662500024      0.135025322    
   7.12500000      0.662500024      0.137221768    
   7.37500000      0.662500024      0.139417872    
   7.62500000      0.662500024      0.141616002    
   7.87500000      0.662500024      0.143801019    
   8.12500000      0.662500024      0.146064922    
   8.37500000      0.662500024      0.147895634    
   8.62500000      0.662500024      0.151880607    
   8.87500000      0.662500024      0.146212131    
   9.12500000      0.662500024      0.179403886    
   9.37500000      0.662500024       7.17886984E-02
   9.62500000      0.662500024      0.429837108    
   9.87500000      0.662500024     -0.653511047    
   10.0000000      0.662500024       1.00000000    
 
   0.00000000      0.687500000       0.00000000    
  0.125000000      0.687500000       5.34519600E-03
  0.375000000      0.687500000       3.16890068E-02
  0.625000000      0.687500000       5.66456132E-02
  0.875000000      0.687500000       7.46472776E-02
   1.12500000      0.687500000       8.59270394E-02
   1.37500000      0.687500000       9.25814062E-02
   1.62500000      0.687500000       9.66289714E-02
   1.87500000      0.687500000       9.94108468E-02
   2.12500000      0.687500000      0.101648815    
   2.37500000      0.687500000      0.103676230    
   2.62500000      0.687500000      0.105629385    
   2.87500000      0.687500000      0.107558317    
   3.12500000      0.687500000      0.109479956    
   3.37500000      0.687500000      0.111399606    
   3.62500000      0.687500000      0.113318674    
   3.87500000      0.687500000      0.115237594    
   4.12500000      0.687500000      0.117156520    
   4.37500000      0.687500000      0.119075440    
   4.62500000      0.687500000      0.120994315    
   4.87500000      0.687500000      0.122913241    
   5.12500000      0.687500000      0.124832161    
   5.37500000      0.687500000      0.126751065    
   5.62500000      0.687500000      0.128669932    
   5.87500000      0.687500000      0.130588844    
   6.12500000      0.687500000      0.132507756    
   6.37500000      0.687500000      0.134426653    
   6.62500000      0.687500000      0.136345536    
   6.87500000      0.687500000      0.138264433    
   7.12500000      0.687500000      0.140183389    
   7.37500000      0.687500000      0.142102093    
   7.62500000      0.687500000      0.144022509    
   7.87500000      0.687500000      0.145931497    
   8.12500000      0.687500000      0.147909820    
   8.37500000      0.687500000      0.149504721    
   8.62500000      0.687500000      0.153020173    
   8.87500000      0.687500000      0.147865519    
   9.12500000      0.687500000      0.177882671    
   9.37500000      0.687500000       7.94469565E-02
   9.62500000      0.687500000      0.409823596    
   9.87500000      0.687500000     -0.602897525    
   10.0000000      0.687500000       1.00000000    
 
   0.00000000      0.712499976       0.00000000    
  0.125000000      0.712499976       7.79111357E-03
  0.375000000      0.712499976       3.89495008E-02
  0.625000000      0.712499976       6.63653314E-02
  0.875000000      0.712499976       8.52154419E-02
   1.12500000      0.712499976       9.65738147E-02
   1.37500000      0.712499976      0.103027001    
   1.62500000      0.712499976      0.106805585    
   1.87500000      0.712499976      0.109317556    
   2.12500000      0.712499976      0.111296065    
   2.37500000      0.712499976      0.113071494    
   2.62500000      0.712499976      0.114776306    
   2.87500000      0.712499976      0.116458371    
   3.12500000      0.712499976      0.118133649    
   3.37500000      0.712499976      0.119807094    
   3.62500000      0.712499976      0.121480025    
   3.87500000      0.712499976      0.123152800    
   4.12500000      0.712499976      0.124825597    
   4.37500000      0.712499976      0.126498386    
   4.62500000      0.712499976      0.128171161    
   4.87500000      0.712499976      0.129843935    
   5.12500000      0.712499976      0.131516725    
   5.37500000      0.712499976      0.133189470    
   5.62500000      0.712499976      0.134862244    
   5.87500000      0.712499976      0.136535019    
   6.12500000      0.712499976      0.138207793    
   6.37500000      0.712499976      0.139880568    
   6.62500000      0.712499976      0.141553298    
   6.87500000      0.712499976      0.143226072    
   7.12500000      0.712499976      0.144898906    
   7.37500000      0.712499976      0.146571517    
   7.62500000      0.712499976      0.148245573    
   7.87500000      0.712499976      0.149909839    
   8.12500000      0.712499976      0.151633933    
   8.37500000      0.712499976      0.153024614    
   8.62500000      0.712499976      0.156099066    
   8.87500000      0.712499976      0.151507914    
   9.12500000      0.712499976      0.178287968    
   9.37500000      0.712499976       8.94835144E-02
   9.62500000      0.712499976      0.390567422    
   9.87500000      0.712499976     -0.544033885    
   10.0000000      0.712499976       1.00000000    
 
   0.00000000      0.737500012       0.00000000    
  0.125000000      0.737500012       1.10328887E-02
  0.375000000      0.737500012       4.75161001E-02
  0.625000000      0.737500012       7.73743093E-02
  0.875000000      0.737500012       9.69709605E-02
   1.12500000      0.737500012      0.108342618    
   1.37500000      0.737500012      0.114573874    
   1.62500000      0.737500012      0.118090682    
   1.87500000      0.737500012      0.120353527    
   2.12500000      0.737500012      0.122098885    
   2.37500000      0.737500012      0.123650581    
   2.62500000      0.737500012      0.125135988    
   2.87500000      0.737500012      0.126600295    
   3.12500000      0.737500012      0.128058329    
   3.37500000      0.737500012      0.129514739    
   3.62500000      0.737500012      0.130970687    
   3.87500000      0.737500012      0.132426500    
   4.12500000      0.737500012      0.133882314    
   4.37500000      0.737500012      0.135338113    
   4.62500000      0.737500012      0.136793941    
   4.87500000      0.737500012      0.138249710    
   5.12500000      0.737500012      0.139705554    
   5.37500000      0.737500012      0.141161337    
   5.62500000      0.737500012      0.142617136    
   5.87500000      0.737500012      0.144072935    
   6.12500000      0.737500012      0.145528764    
   6.37500000      0.737500012      0.146984547    
   6.62500000      0.737500012      0.148440272    
   6.87500000      0.737500012      0.149896100    
   7.12500000      0.737500012      0.151351959    
   7.37500000      0.737500012      0.152807608    
   7.62500000      0.737500012      0.154264465    
   7.87500000      0.737500012      0.155713156    
   8.12500000      0.737500012      0.157212451    
   8.37500000      0.737500012      0.158426911    
   8.62500000      0.737500012      0.161093116    
   8.87500000      0.737500012      0.157087088    
   9.12500000      0.737500012      0.180659205    
   9.37500000      0.737500012      0.101633877    
   9.62500000      0.737500012      0.372701973    
   9.87500000      0.737500012     -0.478168100    
   10.0000000      0.737500012       1.00000000    
 
   0.00000000      0.762500048       0.00000000    
  0.125000000      0.762500048       1.52595211E-02
  0.375000000      0.762500048       5.75181544E-02
  0.625000000      0.762500048       8.97334963E-02
  0.875000000      0.762500048      0.109948494    
   1.12500000      0.762500048      0.121262364    
   1.37500000      0.762500048      0.127250955    
   1.62500000      0.762500048      0.130513445    
   1.87500000      0.762500048      0.132547244    
   2.12500000      0.762500048      0.134084299    
   2.37500000      0.762500048      0.135438770    
   2.62500000      0.762500048      0.136731654    
   2.87500000      0.762500048      0.138005242    
   3.12500000      0.762500048      0.139273122    
   3.37500000      0.762500048      0.140539557    
   3.62500000      0.762500048      0.141805559    
   3.87500000      0.762500048      0.143071473    
   4.12500000      0.762500048      0.144337401    
   4.37500000      0.762500048      0.145603284    
   4.62500000      0.762500048      0.146869197    
   4.87500000      0.762500048      0.148135066    
   5.12500000      0.762500048      0.149401024    
   5.37500000      0.762500048      0.150666893    
   5.62500000      0.762500048      0.151932806    
   5.87500000      0.762500048      0.153198689    
   6.12500000      0.762500048      0.154464617    
   6.37500000      0.762500048      0.155730501    
   6.62500000      0.762500048      0.156996340    
   6.87500000      0.762500048      0.158262253    
   7.12500000      0.762500048      0.159528196    
   7.37500000      0.762500048      0.160793975    
   7.62500000      0.762500048      0.162060723    
   7.87500000      0.762500048      0.163320750    
   8.12500000      0.762500048      0.164622843    
   8.37500000      0.762500048      0.165685892    
   8.62500000      0.762500048      0.167979971    
   8.87500000      0.762500048      0.164555743    
   9.12500000      0.762500048      0.185032248    
   9.37500000      0.762500048      0.115649424    
   9.62500000      0.762500048      0.356865734    
   9.87500000      0.762500048     -0.406703740    
   10.0000000      0.762500048       1.00000000    
 
   0.00000000      0.787500024       0.00000000    
  0.125000000      0.787500024       2.06843354E-02
  0.375000000      0.787500024       6.90721124E-02
  0.625000000      0.787500024      0.103488512    
  0.875000000      0.787500024      0.124173671    
   1.12500000      0.787500024      0.135357797    
   1.37500000      0.787500024      0.141085416    
   1.62500000      0.787500024      0.144102290    
   1.87500000      0.787500024      0.145926788    
   2.12500000      0.787500024      0.147279188    
   2.37500000      0.787500024      0.148461193    
   2.62500000      0.787500024      0.149586603    
   2.87500000      0.787500024      0.150694549    
   3.12500000      0.787500024      0.151797354    
   3.37500000      0.787500024      0.152898908    
   3.62500000      0.787500024      0.154000074    
   3.87500000      0.787500024      0.155101180    
   4.12500000      0.787500024      0.156202316    
   4.37500000      0.787500024      0.157303363    
   4.62500000      0.787500024      0.158404455    
   4.87500000      0.787500024      0.159505561    
   5.12500000      0.787500024      0.160606682    
   5.37500000      0.787500024      0.161707729    
   5.62500000      0.787500024      0.162808865    
   5.87500000      0.787500024      0.163909912    
   6.12500000      0.787500024      0.165011019    
   6.37500000      0.787500024      0.166112095    
   6.62500000      0.787500024      0.167213127    
   6.87500000      0.787500024      0.168314233    
   7.12500000      0.787500024      0.169415355    
   7.37500000      0.787500024      0.170516357    
   7.62500000      0.787500024      0.171618104    
   7.87500000      0.787500024      0.172714457    
   8.12500000      0.787500024      0.173845112    
   8.37500000      0.787500024      0.174778610    
   8.62500000      0.787500024      0.176739097    
   8.87500000      0.787500024      0.173872352    
   9.12500000      0.787500024      0.191437095    
   9.37500000      0.787500024      0.131306499    
   9.62500000      0.787500024      0.343673229    
   9.87500000      0.787500024     -0.331184208    
   10.0000000      0.787500024       1.00000000    
 
   0.00000000      0.812500000       0.00000000    
  0.125000000      0.812500000       2.75413599E-02
  0.375000000      0.812500000       8.22737962E-02
  0.625000000      0.812500000      0.118666776    
  0.875000000      0.812500000      0.139662415    
   1.12500000      0.812500000      0.150649101    
   1.37500000      0.812500000      0.156102255    
   1.62500000      0.812500000      0.158884361    
   1.87500000      0.812500000      0.160519436    
   2.12500000      0.812500000      0.161709741    
   2.37500000      0.812500000      0.162742421    
   2.62500000      0.812500000      0.163723648    
   2.87500000      0.812500000      0.164689213    
   3.12500000      0.812500000      0.165650234    
   3.37500000      0.812500000      0.166610152    
   3.62500000      0.812500000      0.167569757    
   3.87500000      0.812500000      0.168529302    
   4.12500000      0.812500000      0.169488862    
   4.37500000      0.812500000      0.170448363    
   4.62500000      0.812500000      0.171407893    
   4.87500000      0.812500000      0.172367409    
   5.12500000      0.812500000      0.173326954    
   5.37500000      0.812500000      0.174286455    
   5.62500000      0.812500000      0.175246030    
   5.87500000      0.812500000      0.176205516    
   6.12500000      0.812500000      0.177165076    
   6.37500000      0.812500000      0.178124577    
   6.62500000      0.812500000      0.179084048    
   6.87500000      0.812500000      0.180043578    
   7.12500000      0.812500000      0.181003138    
   7.37500000      0.812500000      0.181962609    
   7.62500000      0.812500000      0.182922632    
   7.87500000      0.812500000      0.183878437    
   8.12500000      0.812500000      0.184861660    
   8.37500000      0.812500000      0.185685053    
   8.62500000      0.812500000      0.187351897    
   8.87500000      0.812500000      0.185001716    
   9.12500000      0.812500000      0.199896306    
   9.37500000      0.812500000      0.148412794    
   9.62500000      0.812500000      0.333686471    
   9.87500000      0.812500000     -0.253277540    
   10.0000000      0.812500000       1.00000000    
 
   0.00000000      0.837499976       0.00000000    
  0.125000000      0.837499976       3.60787548E-02
  0.375000000      0.837499976       9.71902534E-02
  0.625000000      0.837499976      0.135275155    
  0.875000000      0.837499976      0.156420574    
   1.12500000      0.837499976      0.167151824    
   1.37500000      0.837499976      0.172324002    
   1.62500000      0.837499976      0.174885154    
   1.87500000      0.837499976      0.176350981    
   2.12500000      0.837499976      0.177400827    
   2.37500000      0.837499976      0.178305984    
   2.62500000      0.837499976      0.179164723    
   2.87500000      0.837499976      0.180009514    
   3.12500000      0.837499976      0.180850312    
   3.37500000      0.837499976      0.181690156    
   3.62500000      0.837499976      0.182529777    
   3.87500000      0.837499976      0.183369309    
   4.12500000      0.837499976      0.184208855    
   4.37500000      0.837499976      0.185048357    
   4.62500000      0.837499976      0.185887903    
   4.87500000      0.837499976      0.186727434    
   5.12500000      0.837499976      0.187566951    
   5.37500000      0.837499976      0.188406438    
   5.62500000      0.837499976      0.189246029    
   5.87500000      0.837499976      0.190085530    
   6.12500000      0.837499976      0.190925092    
   6.37500000      0.837499976      0.191764578    
   6.62500000      0.837499976      0.192604065    
   6.87500000      0.837499976      0.193443596    
   7.12500000      0.837499976      0.194283143    
   7.37500000      0.837499976      0.195122644    
   7.62500000      0.837499976      0.195962533    
   7.87500000      0.837499976      0.196799174    
   8.12500000      0.837499976      0.197657391    
   8.37500000      0.837499976      0.198388040    
   8.62500000      0.837499976      0.199801624    
   8.87500000      0.837499976      0.197915062    
   9.12500000      0.837499976      0.210424289    
   9.37500000      0.837499976      0.166810617    
   9.62500000      0.837499976      0.327389479    
   9.87500000      0.837499976     -0.174760103    
   10.0000000      0.837499976       1.00000000    
 
   0.00000000      0.862500012       0.00000000    
  0.125000000      0.862500012       4.65484448E-02
  0.375000000      0.862500012      0.113851823    
  0.625000000      0.862500012      0.153298721    
  0.875000000      0.862500012      0.174443886    
   1.12500000      0.862500012      0.184876725    
   1.37500000      0.862500012      0.189770326    
   1.62500000      0.862500012      0.192127943    
   1.87500000      0.862500012      0.193445325    
   2.12500000      0.862500012      0.194375619    
   2.37500000      0.862500012      0.195173770    
   2.62500000      0.862500012      0.195930257    
   2.87500000      0.862500012      0.196674377    
   3.12500000      0.862500012      0.197415024    
   3.37500000      0.862500012      0.198154867    
   3.62500000      0.862500012      0.198894531    
   3.87500000      0.862500012      0.199634135    
   4.12500000      0.862500012      0.200373724    
   4.37500000      0.862500012      0.201113254    
   4.62500000      0.862500012      0.201852873    
   4.87500000      0.862500012      0.202592447    
   5.12500000      0.862500012      0.203332037    
   5.37500000      0.862500012      0.204071581    
   5.62500000      0.862500012      0.204811215    
   5.87500000      0.862500012      0.205550760    
   6.12500000      0.862500012      0.206290364    
   6.37500000      0.862500012      0.207029909    
   6.62500000      0.862500012      0.207769468    
   6.87500000      0.862500012      0.208509058    
   7.12500000      0.862500012      0.209248617    
   7.37500000      0.862500012      0.209988177    
   7.62500000      0.862500012      0.210728049    
   7.87500000      0.862500012      0.211465389    
   8.12500000      0.862500012      0.212219521    
   8.37500000      0.862500012      0.212873161    
   8.62500000      0.862500012      0.214073375    
   8.87500000      0.862500012      0.212589741    
   9.12500000      0.862500012      0.223027617    
   9.37500000      0.862500012      0.186376467    
   9.62500000      0.862500012      0.325168043    
   9.87500000      0.862500012      -9.75028947E-02
   10.0000000      0.862500012       1.00000000    
 
   0.00000000      0.887500048       0.00000000    
  0.125000000      0.887500048       5.91912828E-02
  0.375000000      0.887500048      0.132244617    
  0.625000000      0.887500048      0.172700122    
  0.875000000      0.887500048      0.193718299    
   1.12500000      0.887500048      0.203829795    
   1.37500000      0.887500048      0.208457813    
   1.62500000      0.887500048      0.210633382    
   1.87500000      0.887500048      0.211823910    
   2.12500000      0.887500048      0.212654948    
   2.37500000      0.887500048      0.213365525    
   2.62500000      0.887500048      0.214038730    
   2.87500000      0.887500048      0.214700997    
   3.12500000      0.887500048      0.215360269    
   3.37500000      0.887500048      0.216018841    
   3.62500000      0.887500048      0.216677293    
   3.87500000      0.887500048      0.217335671    
   4.12500000      0.887500048      0.217994049    
   4.37500000      0.887500048      0.218652382    
   4.62500000      0.887500048      0.219310746    
   4.87500000      0.887500048      0.219969124    
   5.12500000      0.887500048      0.220627472    
   5.37500000      0.887500048      0.221285835    
   5.62500000      0.887500048      0.221944243    
   5.87500000      0.887500048      0.222602576    
   6.12500000      0.887500048      0.223260939    
   6.37500000      0.887500048      0.223919258    
   6.62500000      0.887500048      0.224577636    
   6.87500000      0.887500048      0.225235999    
   7.12500000      0.887500048      0.225894332    
   7.37500000      0.887500048      0.226552665    
   7.62500000      0.887500048      0.227211252    
   7.87500000      0.887500048      0.227867916    
   8.12500000      0.887500048      0.228537455    
   8.37500000      0.887500048      0.229128584    
   8.62500000      0.887500048      0.230154186    
   8.87500000      0.887500048      0.229008704    
   9.12500000      0.887500048      0.237706080    
   9.37500000      0.887500048      0.207017183    
   9.62500000      0.887500048      0.327297449    
   9.87500000      0.887500048      -2.34627016E-02
   10.0000000      0.887500048       1.00000000    
 
   0.00000000      0.912500024       0.00000000    
  0.125000000      0.912500024       7.42170140E-02
  0.375000000      0.912500024      0.152304485    
  0.625000000      0.912500024      0.193419963    
  0.875000000      0.912500024      0.214220539    
   1.12500000      0.912500024      0.224012151    
   1.37500000      0.912500024      0.228399575    
   1.62500000      0.912500024      0.230418950    
   1.87500000      0.912500024      0.231505185    
   2.12500000      0.912500024      0.232256904    
   2.37500000      0.912500024      0.232898384    
   2.62500000      0.912500024      0.233506233    
   2.87500000      0.912500024      0.234104395    
   3.12500000      0.912500024      0.234699890    
   3.37500000      0.912500024      0.235294819    
   3.62500000      0.912500024      0.235889643    
   3.87500000      0.912500024      0.236484453    
   4.12500000      0.912500024      0.237079233    
   4.37500000      0.912500024      0.237673923    
   4.62500000      0.912500024      0.238268703    
   4.87500000      0.912500024      0.238863483    
   5.12500000      0.912500024      0.239458203    
   5.37500000      0.912500024      0.240052983    
   5.62500000      0.912500024      0.240647793    
   5.87500000      0.912500024      0.241242513    
   6.12500000      0.912500024      0.241837263    
   6.37500000      0.912500024      0.242431924    
   6.62500000      0.912500024      0.243026704    
   6.87500000      0.912500024      0.243621483    
   7.12500000      0.912500024      0.244216204    
   7.37500000      0.912500024      0.244810954    
   7.62500000      0.912500024      0.245405853    
   7.87500000      0.912500024      0.245999351    
   8.12500000      0.912500024      0.246602669    
   8.37500000      0.912500024      0.247144803    
   8.62500000      0.912500024      0.248032987    
   8.87500000      0.912500024      0.247159451    
   9.12500000      0.912500024      0.254454792    
   9.37500000      0.912500024      0.228662401    
   9.62500000      0.912500024      0.333941251    
   9.87500000      0.912500024       4.53200638E-02
   10.0000000      0.912500024       1.00000000    
 
   0.00000000      0.937500000       0.00000000    
  0.125000000      0.937500000       9.17784125E-02
  0.375000000      0.937500000      0.173913136    
  0.625000000      0.937500000      0.215377837    
  0.875000000      0.937500000      0.235918373    
   1.12500000      0.937500000      0.245419860    
   1.37500000      0.937500000      0.249604642    
   1.62500000      0.937500000      0.251498640    
   1.87500000      0.937500000      0.252504230    
   2.12500000      0.937500000      0.253196210    
   2.37500000      0.937500000      0.253786415    
   2.62500000      0.937500000      0.254346013    
   2.87500000      0.937500000      0.254896849    
   3.12500000      0.937500000      0.255445331    
   3.37500000      0.937500000      0.255993366    
   3.62500000      0.937500000      0.256541282    
   3.87500000      0.937500000      0.257089168    
   4.12500000      0.937500000      0.257636994    
   4.37500000      0.937500000      0.258184850    
   4.62500000      0.937500000      0.258732706    
   4.87500000      0.937500000      0.259280533    
   5.12500000      0.937500000      0.259828389    
   5.37500000      0.937500000      0.260376275    
   5.62500000      0.937500000      0.260924190    
   5.87500000      0.937500000      0.261472017    
   6.12500000      0.937500000      0.262019813    
   6.37500000      0.937500000      0.262567580    
   6.62500000      0.937500000      0.263115525    
   6.87500000      0.937500000      0.263663352    
   7.12500000      0.937500000      0.264211237    
   7.37500000      0.937500000      0.264759034    
   7.62500000      0.937500000      0.265306979    
   7.87500000      0.937500000      0.265853852    
   8.12500000      0.937500000      0.266408384    
   8.37500000      0.937500000      0.266914397    
   8.62500000      0.937500000      0.267700762    
   8.87500000      0.937500000      0.267032981    
   9.12500000      0.937500000      0.273266941    
   9.37500000      0.937500000      0.251254171    
   9.62500000      0.937500000      0.345165133    
   9.87500000      0.937500000      0.106712349    
   10.0000000      0.937500000       1.00000000    
 
   0.00000000      0.962499976       0.00000000    
  0.125000000      0.962499976      0.111939378    
  0.375000000      0.962499976      0.196896687    
  0.625000000      0.962499976      0.238473877    
  0.875000000      0.962499976      0.258770734    
   1.12500000      0.962499976      0.268043458    
   1.37500000      0.962499976      0.272077620    
   1.62500000      0.962499976      0.273882151    
   1.87500000      0.962499976      0.274832189    
   2.12500000      0.962499976      0.275484055    
   2.37500000      0.962499976      0.276040226    
   2.62500000      0.962499976      0.276567936    
   2.87500000      0.962499976      0.277087629    
   3.12500000      0.962499976      0.277605116    
   3.37500000      0.962499976      0.278122276    
   3.62500000      0.962499976      0.278639287    
   3.87500000      0.962499976      0.279156297    
   4.12500000      0.962499976      0.279673278    
   4.37500000      0.962499976      0.280190259    
   4.62500000      0.962499976      0.280707181    
   4.87500000      0.962499976      0.281224161    
   5.12500000      0.962499976      0.281741083    
   5.37500000      0.962499976      0.282258123    
   5.62500000      0.962499976      0.282775134    
   5.87500000      0.962499976      0.283292115    
   6.12500000      0.962499976      0.283809036    
   6.37500000      0.962499976      0.284325927    
   6.62500000      0.962499976      0.284842968    
   6.87500000      0.962499976      0.285359889    
   7.12500000      0.962499976      0.285876930    
   7.37500000      0.962499976      0.286393851    
   7.62500000      0.962499976      0.286910862    
   7.87500000      0.962499976      0.287427068    
   8.12500000      0.962499976      0.287949443    
   8.37500000      0.962499976      0.288431674    
   8.62500000      0.962499976      0.289150476    
   8.87500000      0.962499976      0.288622469    
   9.12500000      0.962499976      0.294137239    
   9.37500000      0.962499976      0.274734169    
   9.62500000      0.962499976      0.360968649    
   9.87500000      0.962499976      0.158464164    
   10.0000000      0.962499976       1.00000000    
 
   0.00000000      0.987500012       0.00000000    
  0.125000000      0.987500012      0.134636790    
  0.375000000      0.987500012      0.221027315    
  0.625000000      0.987500012      0.262590051    
  0.875000000      0.987500012      0.282727510    
   1.12500000      0.987500012      0.291867346    
   1.37500000      0.987500012      0.295817912    
   1.62500000      0.987500012      0.297574550    
   1.87500000      0.987500012      0.298495710    
   2.12500000      0.987500012      0.299127281    
   2.37500000      0.987500012      0.299666464    
   2.62500000      0.987500012      0.300178319    
   2.87500000      0.987500012      0.300682515    
   3.12500000      0.987500012      0.301184624    
   3.37500000      0.987500012      0.301686525    
   3.62500000      0.987500012      0.302188158    
   3.87500000      0.987500012      0.302689880    
   4.12500000      0.987500012      0.303191513    
   4.37500000      0.987500012      0.303693175    
   4.62500000      0.987500012      0.304194838    
   4.87500000      0.987500012      0.304696441    
   5.12500000      0.987500012      0.305198103    
   5.37500000      0.987500012      0.305699736    
   5.62500000      0.987500012      0.306201488    
   5.87500000      0.987500012      0.306703120    
   6.12500000      0.987500012      0.307204694    
   6.37500000      0.987500012      0.307706296    
   6.62500000      0.987500012      0.308208019    
   6.87500000      0.987500012      0.308709592    
   7.12500000      0.987500012      0.309211314    
   7.37500000      0.987500012      0.309712946    
   7.62500000      0.987500012      0.310214579    
   7.87500000      0.987500012      0.310715586    
   8.12500000      0.987500012      0.311222017    
   8.37500000      0.987500012      0.311692566    
   8.62500000      0.987500012      0.312377304    
   8.87500000      0.987500012      0.311921656    
   9.12500000      0.987500012      0.317066580    
   9.37500000      0.987500012      0.299028277    
   9.62500000      0.987500012      0.381340355    
   9.87500000      0.987500012      0.198163331    
   10.0000000      0.987500012       1.00000000    
 
   0.00000000       1.00000000       0.00000000    
  0.125000000       1.00000000      0.134636790    
  0.375000000       1.00000000      0.221027315    
  0.625000000       1.00000000      0.262590051    
  0.875000000       1.00000000      0.282727510    
   1.12500000       1.00000000      0.291867346    
   1.37500000       1.00000000      0.295817912    
   1.62500000       1.00000000      0.297574550    
   1.87500000       1.00000000      0.298495710    
   2.12500000       1.00000000      0.299127281    
   2.37500000       1.00000000      0.299666464    
   2.62500000       1.00000000      0.300178319    
   2.87500000       1.00000000      0.300682515    
   3.12500000       1.00000000      0.301184624    
   3.37500000       1.00000000      0.301686525    
   3.62500000       1.00000000      0.302188158    
   3.87500000       1.00000000      0.302689880    
   4.12500000       1.00000000      0.303191513    
   4.37500000       1.00000000      0.303693175    
   4.62500000       1.00000000      0.304194838    
   4.87500000       1.00000000      0.304696441    
   5.12500000       1.00000000      0.305198103    
   5.37500000       1.00000000      0.305699736    
   5.62500000       1.00000000      0.306201488    
   5.87500000       1.00000000      0.306703120    
   6.12500000       1.00000000      0.307204694    
   6.37500000       1.00000000      0.307706296    
   6.62500000       1.00000000      0.308208019    
   6.87500000       1.00000000      0.308709592    
   7.12500000       1.00000000      0.309211314    
   7.37500000       1.00000000      0.309712946    
   7.62500000       1.00000000      0.310214579    
   7.87500000       1.00000000      0.310715586    
   8.12500000       1.00000000      0.311222017    
   8.37500000       1.00000000      0.311692566    
   8.62500000       1.00000000      0.312377304    
   8.87500000       1.00000000      0.311921656    
   9.12500000       1.00000000      0.317066580    
   9.37500000       1.00000000      0.299028277    
   9.62500000       1.00000000      0.381340355    
   9.87500000       1.00000000      0.198163331    
   10.0000000       1.00000000       1.00000000    
 
