  0.0000000E+00  0.0000000E+00  0.0000000E+00
  1.2500000E-02  0.0000000E+00  0.0000000E+00
  3.7500001E-02  0.0000000E+00  0.0000000E+00
  6.2500000E-02  0.0000000E+00  0.0000000E+00
  8.7500006E-02  0.0000000E+00  0.0000000E+00
  0.1125000      0.0000000E+00  0.0000000E+00
  0.1375000      0.0000000E+00  0.0000000E+00
  0.1625000      0.0000000E+00  0.0000000E+00
  0.1875000      0.0000000E+00  0.0000000E+00
  0.2125000      0.0000000E+00  0.0000000E+00
  0.2375000      0.0000000E+00  0.0000000E+00
  0.2625000      0.0000000E+00  0.0000000E+00
  0.2875000      0.0000000E+00  0.0000000E+00
  0.3125000      0.0000000E+00  0.0000000E+00
  0.3375000      0.0000000E+00  0.0000000E+00
  0.3625000      0.0000000E+00  0.0000000E+00
  0.3875000      0.0000000E+00  0.0000000E+00
  0.4125000      0.0000000E+00  0.0000000E+00
  0.4375000      0.0000000E+00  0.0000000E+00
  0.4625000      0.0000000E+00  0.0000000E+00
  0.4875000      0.0000000E+00  0.0000000E+00
  0.5125000      0.0000000E+00  0.0000000E+00
  0.5375000      0.0000000E+00  0.0000000E+00
  0.5625000      0.0000000E+00  0.0000000E+00
  0.5875000      0.0000000E+00  0.0000000E+00
  0.6125000      0.0000000E+00  0.0000000E+00
  0.6375000      0.0000000E+00  0.0000000E+00
  0.6625000      0.0000000E+00  0.0000000E+00
  0.6875000      0.0000000E+00  0.0000000E+00
  0.7125000      0.0000000E+00  0.0000000E+00
  0.7375000      0.0000000E+00  0.0000000E+00
  0.7625000      0.0000000E+00  0.0000000E+00
  0.7875000      0.0000000E+00  0.0000000E+00
  0.8125000      0.0000000E+00  0.0000000E+00
  0.8375000      0.0000000E+00  0.0000000E+00
  0.8625000      0.0000000E+00  0.0000000E+00
  0.8875000      0.0000000E+00  0.0000000E+00
  0.9125000      0.0000000E+00  0.0000000E+00
  0.9375000      0.0000000E+00  0.0000000E+00
  0.9625000      0.0000000E+00  0.0000000E+00
  0.9875000      0.0000000E+00  0.0000000E+00
   1.000000      0.0000000E+00  0.0000000E+00
 
  0.0000000E+00  1.2500000E-02  0.0000000E+00
  1.2500000E-02  1.2500000E-02  1.0644268E-04
  3.7500001E-02  1.2500000E-02  3.1924766E-04
  6.2500000E-02  1.2500000E-02  5.3053099E-04
  8.7500006E-02  1.2500000E-02  7.3893426E-04
  0.1125000      1.2500000E-02  9.4314048E-04
  0.1375000      1.2500000E-02  1.1418674E-03
  0.1625000      1.2500000E-02  1.3338698E-03
  0.1875000      1.2500000E-02  1.5179449E-03
  0.2125000      1.2500000E-02  1.6929392E-03
  0.2375000      1.2500000E-02  1.8577541E-03
  0.2625000      1.2500000E-02  2.0113536E-03
  0.2875000      1.2500000E-02  2.1527703E-03
  0.3125000      1.2500000E-02  2.2811107E-03
  0.3375000      1.2500000E-02  2.3955614E-03
  0.3625000      1.2500000E-02  2.4953943E-03
  0.3875000      1.2500000E-02  2.5799701E-03
  0.4125000      1.2500000E-02  2.6487436E-03
  0.4375000      1.2500000E-02  2.7012667E-03
  0.4625000      1.2500000E-02  2.7371917E-03
  0.4875000      1.2500000E-02  2.7562720E-03
  0.5125000      1.2500000E-02  2.7583656E-03
  0.5375000      1.2500000E-02  2.7434346E-03
  0.5625000      1.2500000E-02  2.7115475E-03
  0.5875000      1.2500000E-02  2.6628769E-03
  0.6125000      1.2500000E-02  2.5976992E-03
  0.6375000      1.2500000E-02  2.5163938E-03
  0.6625000      1.2500000E-02  2.4194394E-03
  0.6875000      1.2500000E-02  2.3074127E-03
  0.7125000      1.2500000E-02  2.1809838E-03
  0.7375000      1.2500000E-02  2.0409129E-03
  0.7625000      1.2500000E-02  1.8880448E-03
  0.7875000      1.2500000E-02  1.7233042E-03
  0.8125000      1.2500000E-02  1.5476904E-03
  0.8375000      1.2500000E-02  1.3622701E-03
  0.8625000      1.2500000E-02  1.1681716E-03
  0.8875000      1.2500000E-02  9.6657657E-04
  0.9125000      1.2500000E-02  7.5871212E-04
  0.9375000      1.2500000E-02  5.4584059E-04
  0.9625000      1.2500000E-02  3.2924450E-04
  0.9875000      1.2500000E-02  1.1008813E-04
   1.000000      1.2500000E-02  0.0000000E+00
 
  0.0000000E+00  3.7500001E-02  0.0000000E+00
  1.2500000E-02  3.7500001E-02  3.2062782E-04
  3.7500001E-02  3.7500001E-02  9.6141716E-04
  6.2500000E-02  3.7500001E-02  1.5975493E-03
  8.7500006E-02  3.7500001E-02  2.2249764E-03
  0.1125000      3.7500001E-02  2.8397480E-03
  0.1375000      3.7500001E-02  3.4380099E-03
  0.1625000      3.7500001E-02  4.0160147E-03
  0.1875000      3.7500001E-02  4.5701447E-03
  0.2125000      3.7500001E-02  5.0969273E-03
  0.2375000      3.7500001E-02  5.5930568E-03
  0.2625000      3.7500001E-02  6.0554156E-03
  0.2875000      3.7500001E-02  6.4810910E-03
  0.3125000      3.7500001E-02  6.8673952E-03
  0.3375000      3.7500001E-02  7.2118798E-03
  0.3625000      3.7500001E-02  7.5123534E-03
  0.3875000      3.7500001E-02  7.7668931E-03
  0.4125000      3.7500001E-02  7.9738591E-03
  0.4375000      3.7500001E-02  8.1319017E-03
  0.4625000      3.7500001E-02  8.2399780E-03
  0.4875000      3.7500001E-02  8.2973428E-03
  0.5125000      3.7500001E-02  8.3035724E-03
  0.5375000      3.7500001E-02  8.2585542E-03
  0.5625000      3.7500001E-02  8.1624929E-03
  0.5875000      3.7500001E-02  8.0159102E-03
  0.6125000      3.7500001E-02  7.8196395E-03
  0.6375000      3.7500001E-02  7.5748232E-03
  0.6625000      3.7500001E-02  7.2829043E-03
  0.6875000      3.7500001E-02  6.9456194E-03
  0.7125000      3.7500001E-02  6.5649855E-03
  0.7375000      3.7500001E-02  6.1432915E-03
  0.7625000      3.7500001E-02  5.6830822E-03
  0.7875000      3.7500001E-02  5.1871422E-03
  0.8125000      3.7500001E-02  4.6584802E-03
  0.8375000      3.7500001E-02  4.1003074E-03
  0.8625000      3.7500001E-02  3.5160214E-03
  0.8875000      3.7500001E-02  2.9091812E-03
  0.9125000      3.7500001E-02  2.2834833E-03
  0.9375000      3.7500001E-02  1.6427357E-03
  0.9625000      3.7500001E-02  9.9082501E-04
  0.9875000      3.7500001E-02  3.3128430E-04
   1.000000      3.7500001E-02  0.0000000E+00
 
  0.0000000E+00  6.2500000E-02  0.0000000E+00
  1.2500000E-02  6.2500000E-02  5.3815107E-04
  3.7500001E-02  6.2500000E-02  1.6134513E-03
  6.2500000E-02  6.2500000E-02  2.6808216E-03
  8.7500006E-02  6.2500000E-02  3.7335160E-03
  0.1125000      6.2500000E-02  4.7649299E-03
  0.1375000      6.2500000E-02  5.7686064E-03
  0.1625000      6.2500000E-02  6.7382669E-03
  0.1875000      6.2500000E-02  7.6678456E-03
  0.2125000      6.2500000E-02  8.5515203E-03
  0.2375000      6.2500000E-02  9.3837474E-03
  0.2625000      6.2500000E-02  1.0159301E-02
  0.2875000      6.2500000E-02  1.0873294E-02
  0.3125000      6.2500000E-02  1.1521221E-02
  0.3375000      6.2500000E-02  1.2098978E-02
  0.3625000      6.2500000E-02  1.2602890E-02
  0.3875000      6.2500000E-02  1.3029734E-02
  0.4125000      6.2500000E-02  1.3376761E-02
  0.4375000      6.2500000E-02  1.3641714E-02
  0.4625000      6.2500000E-02  1.3822838E-02
  0.4875000      6.2500000E-02  1.3918893E-02
  0.5125000      6.2500000E-02  1.3929166E-02
  0.5375000      6.2500000E-02  1.3853474E-02
  0.5625000      6.2500000E-02  1.3692160E-02
  0.5875000      6.2500000E-02  1.3446105E-02
  0.6125000      6.2500000E-02  1.3116708E-02
  0.6375000      6.2500000E-02  1.2705888E-02
  0.6625000      6.2500000E-02  1.2216067E-02
  0.6875000      6.2500000E-02  1.1650160E-02
  0.7125000      6.2500000E-02  1.1011555E-02
  0.7375000      6.2500000E-02  1.0304091E-02
  0.7625000      6.2500000E-02  9.5320409E-03
  0.7875000      6.2500000E-02  8.7000774E-03
  0.8125000      6.2500000E-02  7.8132479E-03
  0.8375000      6.2500000E-02  6.8769418E-03
  0.8625000      6.2500000E-02  5.8968617E-03
  0.8875000      6.2500000E-02  4.8789801E-03
  0.9125000      6.2500000E-02  3.8295041E-03
  0.9375000      6.2500000E-02  2.7548329E-03
  0.9625000      6.2500000E-02  1.6615128E-03
  0.9875000      6.2500000E-02  5.5550836E-04
   1.000000      6.2500000E-02  0.0000000E+00
 
  0.0000000E+00  8.7500006E-02  0.0000000E+00
  1.2500000E-02  8.7500006E-02  7.6097058E-04
  3.7500001E-02  8.7500006E-02  2.2812781E-03
  6.2500000E-02  8.7500006E-02  3.7902291E-03
  8.7500006E-02  8.7500006E-02  5.2783294E-03
  0.1125000      8.7500006E-02  6.7362660E-03
  0.1375000      8.7500006E-02  8.1549296E-03
  0.1625000      8.7500006E-02  9.5254546E-03
  0.1875000      8.7500006E-02  1.0839273E-02
  0.2125000      8.7500006E-02  1.2088162E-02
  0.2375000      8.7500006E-02  1.3264291E-02
  0.2625000      8.7500006E-02  1.4360275E-02
  0.2875000      8.7500006E-02  1.5369216E-02
  0.3125000      8.7500006E-02  1.6284749E-02
  0.3375000      8.7500006E-02  1.7101076E-02
  0.3625000      8.7500006E-02  1.7813010E-02
  0.3875000      8.7500006E-02  1.8416001E-02
  0.4125000      8.7500006E-02  1.8906165E-02
  0.4375000      8.7500006E-02  1.9280320E-02
  0.4625000      8.7500006E-02  1.9535989E-02
  0.4875000      8.7500006E-02  1.9671425E-02
  0.5125000      8.7500006E-02  1.9685626E-02
  0.5375000      8.7500006E-02  1.9578336E-02
  0.5625000      8.7500006E-02  1.9350052E-02
  0.5875000      8.7500006E-02  1.9002015E-02
  0.6125000      8.7500006E-02  1.8536212E-02
  0.6375000      8.7500006E-02  1.7955357E-02
  0.6625000      8.7500006E-02  1.7262880E-02
  0.6875000      8.7500006E-02  1.6462903E-02
  0.7125000      8.7500006E-02  1.5560220E-02
  0.7375000      8.7500006E-02  1.4560260E-02
  0.7625000      8.7500006E-02  1.3469062E-02
  0.7875000      8.7500006E-02  1.2293234E-02
  0.8125000      8.7500006E-02  1.1039915E-02
  0.8375000      8.7500006E-02  9.7167268E-03
  0.8625000      8.7500006E-02  8.3317291E-03
  0.8875000      8.7500006E-02  6.8933694E-03
  0.9125000      8.7500006E-02  5.4104263E-03
  0.9375000      8.7500006E-02  3.8919579E-03
  0.9625000      8.7500006E-02  2.3472395E-03
  0.9875000      8.7500006E-02  7.8474445E-04
   1.000000      8.7500006E-02  0.0000000E+00
 
  0.0000000E+00  0.1125000      0.0000000E+00
  1.2500000E-02  0.1125000      9.9105632E-04
  3.7500001E-02  0.1125000      2.9708205E-03
  6.2500000E-02  0.1125000      4.9356255E-03
  8.7500006E-02  0.1125000      6.8731452E-03
  0.1125000      0.1125000      8.7712789E-03
  0.1375000      0.1125000      1.0618182E-02
  0.1625000      0.1125000      1.2402326E-02
  0.1875000      0.1125000      1.4112565E-02
  0.2125000      0.1125000      1.5738202E-02
  0.2375000      0.1125000      1.7269053E-02
  0.2625000      0.1125000      1.8695509E-02
  0.2875000      0.1125000      2.0008598E-02
  0.3125000      0.1125000      2.1200040E-02
  0.3375000      0.1125000      2.2262296E-02
  0.3625000      0.1125000      2.3188623E-02
  0.3875000      0.1125000      2.3973100E-02
  0.4125000      0.1125000      2.4610689E-02
  0.4375000      0.1125000      2.5097245E-02
  0.4625000      0.1125000      2.5429556E-02
  0.4875000      0.1125000      2.5605356E-02
  0.5125000      0.1125000      2.5623351E-02
  0.5375000      0.1125000      2.5483215E-02
  0.5625000      0.1125000      2.5185600E-02
  0.5875000      0.1125000      2.4732132E-02
  0.6125000      0.1125000      2.4125403E-02
  0.6375000      0.1125000      2.3368957E-02
  0.6625000      0.1125000      2.2467259E-02
  0.6875000      0.1125000      2.1425685E-02
  0.7125000      0.1125000      2.0250481E-02
  0.7375000      0.1125000      1.8948719E-02
  0.7625000      0.1125000      1.7528266E-02
  0.7875000      0.1125000      1.5997728E-02
  0.8125000      0.1125000      1.4366404E-02
  0.8375000      0.1125000      1.2644217E-02
  0.8625000      0.1125000      1.0841664E-02
  0.8875000      0.1125000      8.9697475E-03
  0.9125000      0.1125000      7.0399037E-03
  0.9375000      0.1125000      5.0639343E-03
  0.9625000      0.1125000      3.0539313E-03
  0.9875000      0.1125000      1.0209745E-03
   1.000000      0.1125000      0.0000000E+00
 
  0.0000000E+00  0.1375000      0.0000000E+00
  1.2500000E-02  0.1375000      1.2304098E-03
  3.7500001E-02  0.1375000      3.6880774E-03
  6.2500000E-02  0.1375000      6.1269784E-03
  8.7500006E-02  0.1375000      8.5318414E-03
  0.1125000      0.1375000      1.0887670E-02
  0.1375000      0.1375000      1.3179781E-02
  0.1625000      0.1375000      1.5393878E-02
  0.1875000      0.1375000      1.7516144E-02
  0.2125000      0.1375000      1.9533310E-02
  0.2375000      0.1375000      2.1432750E-02
  0.2625000      0.1375000      2.3202550E-02
  0.2875000      0.1375000      2.4831584E-02
  0.3125000      0.1375000      2.6309589E-02
  0.3375000      0.1375000      2.7627215E-02
  0.3625000      0.1375000      2.8776109E-02
  0.3875000      0.1375000      2.9748939E-02
  0.4125000      0.1375000      3.0539455E-02
  0.4375000      0.1375000      3.1142529E-02
  0.4625000      0.1375000      3.1554189E-02
  0.4875000      0.1375000      3.1771637E-02
  0.5125000      0.1375000      3.1793274E-02
  0.5375000      0.1375000      3.1618707E-02
  0.5625000      0.1375000      3.1248765E-02
  0.5875000      0.1375000      3.0685462E-02
  0.6125000      0.1375000      2.9932039E-02
  0.6375000      0.1375000      2.8992895E-02
  0.6625000      0.1375000      2.7873587E-02
  0.6875000      0.1375000      2.6580790E-02
  0.7125000      0.1375000      2.5122263E-02
  0.7375000      0.1375000      2.3506794E-02
  0.7625000      0.1375000      2.1744149E-02
  0.7875000      0.1375000      1.9845016E-02
  0.8125000      0.1375000      1.7820936E-02
  0.8375000      0.1375000      1.5684232E-02
  0.8625000      0.1375000      1.3447934E-02
  0.8875000      0.1375000      1.1125701E-02
  0.9125000      0.1375000      8.7317321E-03
  0.9375000      0.1375000      6.2806811E-03
  0.9625000      0.1375000      3.7875681E-03
  0.9875000      0.1375000      1.2661968E-03
   1.000000      0.1375000      0.0000000E+00
 
  0.0000000E+00  0.1625000      0.0000000E+00
  1.2500000E-02  0.1625000      1.4810737E-03
  3.7500001E-02  0.1625000      4.4391649E-03
  6.2500000E-02  0.1625000      7.3744408E-03
  8.7500006E-02  0.1625000      1.0268549E-02
  0.1125000      0.1625000      1.3103460E-02
  0.1375000      0.1625000      1.5861522E-02
  0.1625000      0.1625000      1.8525552E-02
  0.1875000      0.1625000      2.1078931E-02
  0.2125000      0.1625000      2.3505708E-02
  0.2375000      0.1625000      2.5790706E-02
  0.2625000      0.1625000      2.7919598E-02
  0.2875000      0.1625000      2.9879017E-02
  0.3125000      0.1625000      3.1656623E-02
  0.3375000      0.1625000      3.3241186E-02
  0.3625000      0.1625000      3.4622662E-02
  0.3875000      0.1625000      3.5792254E-02
  0.4125000      0.1625000      3.6742449E-02
  0.4375000      0.1625000      3.7467096E-02
  0.4625000      0.1625000      3.7961435E-02
  0.4875000      0.1625000      3.8222119E-02
  0.5125000      0.1625000      3.8247231E-02
  0.5375000      0.1625000      3.8036317E-02
  0.5625000      0.1625000      3.7590384E-02
  0.5875000      0.1625000      3.6911886E-02
  0.6125000      0.1625000      3.6004722E-02
  0.6375000      0.1625000      3.4874208E-02
  0.6625000      0.1625000      3.3527035E-02
  0.6875000      0.1625000      3.1971253E-02
  0.7125000      0.1625000      3.0216204E-02
  0.7375000      0.1625000      2.8272472E-02
  0.7625000      0.1625000      2.6151821E-02
  0.7875000      0.1625000      2.3867110E-02
  0.8125000      0.1625000      2.1432234E-02
  0.8375000      0.1625000      1.8862030E-02
  0.8625000      0.1625000      1.6172178E-02
  0.8875000      0.1625000      1.3379118E-02
  0.9125000      0.1625000      1.0499941E-02
  0.9375000      0.1625000      7.5522847E-03
  0.9625000      0.1625000      4.5542275E-03
  0.9875000      0.1625000      1.5224414E-03
   1.000000      0.1625000      0.0000000E+00
 
  0.0000000E+00  0.1875000      0.0000000E+00
  1.2500000E-02  0.1875000      1.7451399E-03
  3.7500001E-02  0.1875000      5.2303439E-03
  6.2500000E-02  0.1875000      8.6884042E-03
  8.7500006E-02  0.1875000      1.2097723E-02
  0.1125000      0.1875000      1.5437082E-02
  0.1375000      0.1875000      1.8685704E-02
  0.1625000      0.1875000      2.1823362E-02
  0.1875000      0.1875000      2.4830500E-02
  0.2125000      0.1875000      2.7688351E-02
  0.2375000      0.1875000      3.0379040E-02
  0.2625000      0.1875000      3.2885723E-02
  0.2875000      0.1875000      3.5192665E-02
  0.3125000      0.1875000      3.7285358E-02
  0.3375000      0.1875000      3.9150592E-02
  0.3625000      0.1875000      4.0776551E-02
  0.3875000      0.1875000      4.2152889E-02
  0.4125000      0.1875000      4.3270793E-02
  0.4375000      0.1875000      4.4123031E-02
  0.4625000      0.1875000      4.4704016E-02
  0.4875000      0.1875000      4.5009822E-02
  0.5125000      0.1875000      4.5038220E-02
  0.5375000      0.1875000      4.4788703E-02
  0.5625000      0.1875000      4.4262465E-02
  0.5875000      0.1875000      4.3462418E-02
  0.6125000      0.1875000      4.2393167E-02
  0.6375000      0.1875000      4.1060995E-02
  0.6625000      0.1875000      3.9473813E-02
  0.6875000      0.1875000      3.7641097E-02
  0.7125000      0.1875000      3.5573870E-02
  0.7375000      0.1875000      3.3284612E-02
  0.7625000      0.1875000      3.0787189E-02
  0.7875000      0.1875000      2.8096754E-02
  0.8125000      0.1875000      2.5229681E-02
  0.8375000      0.1875000      2.2203449E-02
  0.8625000      0.1875000      1.9036533E-02
  0.8875000      0.1875000      1.5748300E-02
  0.9125000      0.1875000      1.2358882E-02
  0.9375000      0.1875000      8.8890567E-03
  0.9625000      0.1875000      5.3601209E-03
  0.9875000      0.1875000      1.7917827E-03
   1.000000      0.1875000      0.0000000E+00
 
  0.0000000E+00  0.2125000      0.0000000E+00
  1.2500000E-02  0.2125000      2.0247584E-03
  3.7500001E-02  0.2125000      6.0680490E-03
  6.2500000E-02  0.2125000      1.0079548E-02
  8.7500006E-02  0.2125000      1.4034221E-02
  0.1125000      0.2125000      1.7907474E-02
  0.1375000      0.2125000      2.1675229E-02
  0.1625000      0.2125000      2.5314040E-02
  0.1875000      0.2125000      2.8801240E-02
  0.2125000      0.2125000      3.2115087E-02
  0.2375000      0.2125000      3.5234869E-02
  0.2625000      0.2125000      3.8141064E-02
  0.2875000      0.2125000      4.0815454E-02
  0.3125000      0.2125000      4.3241221E-02
  0.3375000      0.2125000      4.5403078E-02
  0.3625000      0.2125000      4.7287352E-02
  0.3875000      0.2125000      4.8882063E-02
  0.4125000      0.2125000      5.0177004E-02
  0.4375000      0.2125000      5.1163834E-02
  0.4625000      0.2125000      5.1836081E-02
  0.4875000      0.2125000      5.2189227E-02
  0.5125000      0.2125000      5.2220717E-02
  0.5375000      0.2125000      5.1929981E-02
  0.5625000      0.2125000      5.1318429E-02
  0.5875000      0.2125000      5.0389465E-02
  0.6125000      0.2125000      4.9148455E-02
  0.6375000      0.2125000      4.7602706E-02
  0.6625000      0.2125000      4.5761395E-02
  0.6875000      0.2125000      4.3635558E-02
  0.7125000      0.2125000      4.1237980E-02
  0.7375000      0.2125000      3.8583152E-02
  0.7625000      0.2125000      3.5687160E-02
  0.7875000      0.2125000      3.2567602E-02
  0.8125000      0.2125000      2.9243469E-02
  0.8375000      0.2125000      2.5735039E-02
  0.8625000      0.2125000      2.2063743E-02
  0.8875000      0.2125000      1.8252045E-02
  0.9125000      0.2125000      1.4323295E-02
  0.9375000      0.2125000      1.0301592E-02
  0.9625000      0.2125000      6.2116287E-03
  0.9875000      0.2125000      2.0763511E-03
   1.000000      0.2125000      0.0000000E+00
 
  0.0000000E+00  0.2375000      0.0000000E+00
  1.2500000E-02  0.2375000      2.3221483E-03
  3.7500001E-02  0.2375000      6.9589191E-03
  6.2500000E-02  0.2375000      1.1558886E-02
  8.7500006E-02  0.2375000      1.6093364E-02
  0.1125000      0.2375000      2.0534175E-02
  0.1375000      0.2375000      2.4853723E-02
  0.1625000      0.2375000      2.9025152E-02
  0.1875000      0.2375000      3.3022497E-02
  0.2125000      0.2375000      3.6820836E-02
  0.2375000      0.2375000      4.0396467E-02
  0.2625000      0.2375000      4.3727022E-02
  0.2875000      0.2375000      4.6791632E-02
  0.3125000      0.2375000      4.9571063E-02
  0.3375000      0.2375000      5.2047808E-02
  0.3625000      0.2375000      5.4206219E-02
  0.3875000      0.2375000      5.6032594E-02
  0.4125000      0.2375000      5.7515267E-02
  0.4375000      0.2375000      5.8644701E-02
  0.4625000      0.2375000      5.9413515E-02
  0.4875000      0.2375000      5.9816550E-02
  0.5125000      0.2375000      5.9850920E-02
  0.5375000      0.2375000      5.9515990E-02
  0.5625000      0.2375000      5.8813412E-02
  0.5875000      0.2375000      5.7747122E-02
  0.6125000      0.2375000      5.6323297E-02
  0.6375000      0.2375000      5.4550331E-02
  0.6625000      0.2375000      5.2438781E-02
  0.6875000      0.2375000      5.0001312E-02
  0.7125000      0.2375000      4.7252607E-02
  0.7375000      0.2375000      4.4209287E-02
  0.7625000      0.2375000      4.0889818E-02
  0.7875000      0.2375000      3.7314370E-02
  0.8125000      0.2375000      3.3504747E-02
  0.8375000      0.2375000      2.9484188E-02
  0.8625000      0.2375000      2.5277272E-02
  0.8875000      0.2375000      2.0909749E-02
  0.9125000      0.2375000      1.6408388E-02
  0.9375000      0.2375000      1.1800815E-02
  0.9625000      0.2375000      7.1153324E-03
  0.9875000      0.2375000      2.3783443E-03
   1.000000      0.2375000      0.0000000E+00
 
  0.0000000E+00  0.2625000      0.0000000E+00
  1.2500000E-02  0.2625000      2.6396061E-03
  3.7500001E-02  0.2625000      7.9098288E-03
  6.2500000E-02  0.2625000      1.3137828E-02
  8.7500006E-02  0.2625000      1.8291024E-02
  0.1125000      0.2625000      2.3337411E-02
  0.1375000      0.2625000      2.8245654E-02
  0.1625000      0.2625000      3.2985248E-02
  0.1875000      0.2625000      3.7526708E-02
  0.2125000      0.2625000      4.1841753E-02
  0.2375000      0.2625000      4.5903459E-02
  0.2625000      0.2625000      4.9686451E-02
  0.2875000      0.2625000      5.3167041E-02
  0.3125000      0.2625000      5.6323402E-02
  0.3375000      0.2625000      5.9135672E-02
  0.3625000      0.2625000      6.1586116E-02
  0.3875000      0.2625000      6.3659184E-02
  0.4125000      0.2625000      6.5341681E-02
  0.4375000      0.2625000      6.6622794E-02
  0.4625000      0.2625000      6.7494169E-02
  0.4875000      0.2625000      6.7949988E-02
  0.5125000      0.2625000      6.7987002E-02
  0.5375000      0.2625000      6.7604534E-02
  0.5625000      0.2625000      6.6804498E-02
  0.5875000      0.2625000      6.5591395E-02
  0.6125000      0.2625000      6.3972272E-02
  0.6375000      0.2625000      6.1956696E-02
  0.6625000      0.2625000      5.9556700E-02
  0.6875000      0.2625000      5.6786697E-02
  0.7125000      0.2625000      5.3663392E-02
  0.7375000      0.2625000      5.0205693E-02
  0.7625000      0.2625000      4.6434589E-02
  0.7875000      0.2625000      4.2373031E-02
  0.8125000      0.2625000      3.8045783E-02
  0.8375000      0.2625000      3.3479273E-02
  0.8625000      0.2625000      2.8701423E-02
  0.8875000      0.2625000      2.3741500E-02
  0.9125000      0.2625000      1.8629914E-02
  0.9375000      0.2625000      1.3398047E-02
  0.9625000      0.2625000      8.0780471E-03
  0.9875000      0.2625000      2.7000383E-03
   1.000000      0.2625000      0.0000000E+00
 
  0.0000000E+00  0.2875000      0.0000000E+00
  1.2500000E-02  0.2875000      2.9795193E-03
  3.7500001E-02  0.2875000      8.9279227E-03
  6.2500000E-02  0.2875000      1.4828227E-02
  8.7500006E-02  0.2875000      2.0643691E-02
  0.1125000      0.2875000      2.6338210E-02
  0.1375000      0.2875000      3.1876445E-02
  0.1625000      0.2875000      3.7223995E-02
  0.1875000      0.2875000      4.2347614E-02
  0.2125000      0.2875000      4.7215413E-02
  0.2375000      0.2875000      5.1797044E-02
  0.2625000      0.2875000      5.6063905E-02
  0.2875000      0.2875000      5.9989307E-02
  0.3125000      0.2875000      6.3548647E-02
  0.3375000      0.2875000      6.6719569E-02
  0.3625000      0.2875000      6.9482081E-02
  0.3875000      0.2875000      7.1818702E-02
  0.4125000      0.2875000      7.3714569E-02
  0.4375000      0.2875000      7.5157523E-02
  0.4625000      0.2875000      7.6138183E-02
  0.4875000      0.2875000      7.6650046E-02
  0.5125000      0.2875000      7.6689467E-02
  0.5375000      0.2875000      7.6255731E-02
  0.5625000      0.2875000      7.5351045E-02
  0.5875000      0.2875000      7.3980510E-02
  0.6125000      0.2875000      7.2152130E-02
  0.6375000      0.2875000      6.9876723E-02
  0.6625000      0.2875000      6.7167915E-02
  0.6875000      0.2875000      6.4041980E-02
  0.7125000      0.2875000      6.0517799E-02
  0.7375000      0.2875000      5.6616735E-02
  0.7625000      0.2875000      5.2362490E-02
  0.7875000      0.2875000      4.7780968E-02
  0.8125000      0.2875000      4.2900126E-02
  0.8375000      0.2875000      3.7749790E-02
  0.8625000      0.2875000      3.2361470E-02
  0.8875000      0.2875000      2.6768189E-02
  0.9125000      0.2875000      2.1004250E-02
  0.9375000      0.2875000      1.5105054E-02
  0.9625000      0.2875000      9.1068642E-03
  0.9875000      0.2875000      3.0438006E-03
   1.000000      0.2875000      0.0000000E+00
 
  0.0000000E+00  0.3125000      0.0000000E+00
  1.2500000E-02  0.3125000      3.3443773E-03
  3.7500001E-02  0.3125000      1.0020651E-02
  6.2500000E-02  0.3125000      1.6642448E-02
  8.7500006E-02  0.3125000      2.3168558E-02
  0.1125000      0.3125000      2.9558491E-02
  0.1375000      0.3125000      3.5772607E-02
  0.1625000      0.3125000      4.1772328E-02
  0.1875000      0.3125000      4.7520377E-02
  0.2125000      0.3125000      5.2981000E-02
  0.2375000      0.3125000      5.8120172E-02
  0.2625000      0.3125000      6.2905848E-02
  0.2875000      0.3125000      6.7308113E-02
  0.3125000      0.3125000      7.1299404E-02
  0.3375000      0.3125000      7.4854672E-02
  0.3625000      0.3125000      7.7951536E-02
  0.3875000      0.3125000      8.0570437E-02
  0.4125000      0.3125000      8.2694747E-02
  0.4375000      0.3125000      8.4310859E-02
  0.4625000      0.3125000      8.5408308E-02
  0.4875000      0.3125000      8.5979834E-02
  0.5125000      0.3125000      8.6021408E-02
  0.5375000      0.3125000      8.5532270E-02
  0.5625000      0.3125000      8.4514946E-02
  0.5875000      0.3125000      8.2975201E-02
  0.6125000      0.3125000      8.0922052E-02
  0.6375000      0.3125000      7.8367710E-02
  0.6625000      0.3125000      7.5327449E-02
  0.6875000      0.3125000      7.1819589E-02
  0.7125000      0.3125000      6.7865342E-02
  0.7375000      0.3125000      6.3488714E-02
  0.7625000      0.3125000      5.8716308E-02
  0.7875000      0.3125000      5.3577203E-02
  0.8125000      0.3125000      4.8102785E-02
  0.8375000      0.3125000      4.2326525E-02
  0.8625000      0.3125000      3.6283784E-02
  0.8875000      0.3125000      3.0011609E-02
  0.9125000      0.3125000      2.3548486E-02
  0.9375000      0.3125000      1.6934117E-02
  0.9625000      0.3125000      1.0209178E-02
  0.9875000      0.3125000      3.4121007E-03
   1.000000      0.3125000      0.0000000E+00
 
  0.0000000E+00  0.3375000      0.0000000E+00
  1.2500000E-02  0.3375000      3.7367844E-03
  3.7500001E-02  0.3375000      1.1195807E-02
  6.2500000E-02  0.3375000      1.8593421E-02
  8.7500006E-02  0.3375000      2.5883622E-02
  0.1125000      0.3375000      3.3021197E-02
  0.1375000      0.3375000      3.9961886E-02
  0.1625000      0.3375000      4.6662621E-02
  0.1875000      0.3375000      5.3081796E-02
  0.2125000      0.3375000      5.9179511E-02
  0.2375000      0.3375000      6.4917795E-02
  0.2625000      0.3375000      7.0260890E-02
  0.2875000      0.3375000      7.5175434E-02
  0.3125000      0.3375000      7.9630688E-02
  0.3375000      0.3375000      8.3598718E-02
  0.3625000      0.3375000      8.7054566E-02
  0.3875000      0.3375000      8.9976460E-02
  0.4125000      0.3375000      9.2345864E-02
  0.4375000      0.3375000      9.4147645E-02
  0.4625000      0.3375000      9.5370181E-02
  0.4875000      0.3375000      9.6005403E-02
  0.5125000      0.3375000      9.6048869E-02
  0.5375000      0.3375000      9.5499784E-02
  0.5625000      0.3375000      9.4361015E-02
  0.5875000      0.3375000      9.2639066E-02
  0.6125000      0.3375000      9.0344034E-02
  0.6375000      0.3375000      8.7489612E-02
  0.6625000      0.3375000      8.4092908E-02
  0.6875000      0.3375000      8.0174424E-02
  0.7125000      0.3375000      7.5757869E-02
  0.7375000      0.3375000      7.0870087E-02
  0.7625000      0.3375000      6.5540828E-02
  0.7875000      0.3375000      5.9802577E-02
  0.8125000      0.3375000      5.3690404E-02
  0.8375000      0.3375000      4.7241706E-02
  0.8625000      0.3375000      4.0495977E-02
  0.8875000      0.3375000      3.3494584E-02
  0.9125000      0.3375000      2.6280517E-02
  0.9375000      0.3375000      1.8898096E-02
  0.9625000      0.3375000      1.1392733E-02
  0.9875000      0.3375000      3.8075245E-03
   1.000000      0.3375000      0.0000000E+00
 
  0.0000000E+00  0.3625000      0.0000000E+00
  1.2500000E-02  0.3625000      4.1594733E-03
  3.7500001E-02  0.3625000      1.2461571E-02
  6.2500000E-02  0.3625000      2.0694727E-02
  8.7500006E-02  0.3625000      2.8807769E-02
  0.1125000      0.3625000      3.6750399E-02
  0.1375000      0.3625000      4.4473387E-02
  0.1625000      0.3625000      5.1928848E-02
  0.1875000      0.3625000      5.9070505E-02
  0.2125000      0.3625000      6.5853983E-02
  0.2375000      0.3625000      7.2237082E-02
  0.2625000      0.3625000      7.8180060E-02
  0.2875000      0.3625000      8.3645843E-02
  0.3125000      0.3625000      8.8600256E-02
  0.3375000      0.3625000      9.3012288E-02
  0.3625000      0.3625000      9.6854240E-02
  0.3875000      0.3625000      0.1001019    
  0.4125000      0.3625000      0.1027348    
  0.4375000      0.3625000      0.1047360    
  0.4625000      0.3625000      0.1060927    
  0.4875000      0.3625000      0.1067961    
  0.5125000      0.3625000      0.1068412    
  0.5375000      0.3625000      0.1062272    
  0.5625000      0.3625000      0.1049573    
  0.5875000      0.3625000      0.1030388    
  0.6125000      0.3625000      0.1004831    
  0.6375000      0.3625000      9.7305410E-02
  0.6625000      0.3625000      9.3524791E-02
  0.6875000      0.3625000      8.9164108E-02
  0.7125000      0.3625000      8.4249794E-02
  0.7375000      0.3625000      7.8811750E-02
  0.7625000      0.3625000      7.2883077E-02
  0.7875000      0.3625000      6.6499978E-02
  0.8125000      0.3625000      5.9701473E-02
  0.8375000      0.3625000      5.2529167E-02
  0.8625000      0.3625000      4.5027032E-02
  0.8875000      0.3625000      3.7241079E-02
  0.9125000      0.3625000      2.9219134E-02
  0.9375000      0.3625000      2.1010494E-02
  0.9625000      0.3625000      1.2665664E-02
  0.9875000      0.3625000      4.2327885E-03
   1.000000      0.3625000      0.0000000E+00
 
  0.0000000E+00  0.3875000      0.0000000E+00
  1.2500000E-02  0.3875000      4.6153204E-03
  3.7500001E-02  0.3875000      1.3826552E-02
  6.2500000E-02  0.3875000      2.2960648E-02
  8.7500006E-02  0.3875000      3.1960864E-02
  0.1125000      0.3875000      4.0771432E-02
  0.1375000      0.3875000      4.9337767E-02
  0.1625000      0.3875000      5.7606768E-02
  0.1875000      0.3875000      6.5527149E-02
  0.2125000      0.3875000      7.3049709E-02
  0.2375000      0.3875000      8.0127709E-02
  0.2625000      0.3875000      8.6717084E-02
  0.2875000      0.3875000      9.2776768E-02
  0.3125000      0.3875000      9.8268926E-02
  0.3375000      0.3875000      0.1031592    
  0.3625000      0.3875000      0.1074170    
  0.3875000      0.3875000      0.1110154    
  0.4125000      0.3875000      0.1139318    
  0.4375000      0.3875000      0.1161476    
  0.4625000      0.3875000      0.1176486    
  0.4875000      0.3875000      0.1184249    
  0.5125000      0.3875000      0.1184714    
  0.5375000      0.3875000      0.1177869    
  0.5625000      0.3875000      0.1163754    
  0.5875000      0.3875000      0.1142448    
  0.6125000      0.3875000      0.1114078    
  0.6375000      0.3875000      0.1078814    
  0.6625000      0.3875000      0.1036868    
  0.6875000      0.3875000      9.8849356E-02
  0.7125000      0.3875000      9.3398452E-02
  0.7375000      0.3875000      8.7367289E-02
  0.7625000      0.3875000      8.0792613E-02
  0.7875000      0.3875000      7.3714592E-02
  0.8125000      0.3875000      6.6176519E-02
  0.8375000      0.3875000      5.8224566E-02
  0.8625000      0.3875000      4.9907494E-02
  0.8875000      0.3875000      4.1276339E-02
  0.9125000      0.3875000      3.2384135E-02
  0.9375000      0.3875000      2.3285538E-02
  0.9625000      0.3875000      1.4036539E-02
  0.9875000      0.3875000      4.6907542E-03
   1.000000      0.3875000      0.0000000E+00
 
  0.0000000E+00  0.4125000      0.0000000E+00
  1.2500000E-02  0.4125000      5.1073614E-03
  3.7500001E-02  0.4125000      1.5299836E-02
  6.2500000E-02  0.4125000      2.5406260E-02
  8.7500006E-02  0.4125000      3.5363890E-02
  0.1125000      0.4125000      4.5111045E-02
  0.1375000      0.4125000      5.4587368E-02
  0.1625000      0.4125000      6.3734137E-02
  0.1875000      0.4125000      7.2494648E-02
  0.2125000      0.4125000      8.0814525E-02
  0.2375000      0.4125000      8.8642091E-02
  0.2625000      0.4125000      9.5928662E-02
  0.2875000      0.4125000      0.1026289    
  0.3125000      0.4125000      0.1087009    
  0.3375000      0.4125000      0.1141068    
  0.3625000      0.4125000      0.1188128    
  0.3875000      0.4125000      0.1227893    
  0.4125000      0.4125000      0.1260112    
  0.4375000      0.4125000      0.1284581    
  0.4625000      0.4125000      0.1301143    
  0.4875000      0.4125000      0.1309690    
  0.5125000      0.4125000      0.1310165    
  0.5375000      0.4125000      0.1302558    
  0.5625000      0.4125000      0.1286910    
  0.5875000      0.4125000      0.1263312    
  0.6125000      0.4125000      0.1231905    
  0.6375000      0.4125000      0.1192876    
  0.6625000      0.4125000      0.1146462    
  0.6875000      0.4125000      0.1092943    
  0.7125000      0.4125000      0.1032644    
  0.7375000      0.4125000      9.6593313E-02
  0.7625000      0.4125000      8.9321733E-02
  0.7875000      0.4125000      8.1494115E-02
  0.8125000      0.4125000      7.3158354E-02
  0.8375000      0.4125000      6.4365543E-02
  0.8625000      0.4125000      5.5169616E-02
  0.8875000      0.4125000      4.5627028E-02
  0.9125000      0.4125000      3.5796423E-02
  0.9375000      0.4125000      2.5738247E-02
  0.9625000      0.4125000      1.5514408E-02
  0.9875000      0.4125000      5.1844446E-03
   1.000000      0.4125000      0.0000000E+00
 
  0.0000000E+00  0.4375000      0.0000000E+00
  1.2500000E-02  0.4375000      5.6388085E-03
  3.7500001E-02  0.4375000      1.6891038E-02
  6.2500000E-02  0.4375000      2.8047524E-02
  8.7500006E-02  0.4375000      3.9039046E-02
  0.1125000      0.4375000      4.9797539E-02
  0.1375000      0.4375000      6.0256418E-02
  0.1625000      0.4375000      7.0350893E-02
  0.1875000      0.4375000      8.0018416E-02
  0.2125000      0.4375000      8.9199021E-02
  0.2375000      0.4375000      9.7835712E-02
  0.2625000      0.4375000      0.1058748    
  0.2875000      0.4375000      0.1132663    
  0.3125000      0.4375000      0.1199641    
  0.3375000      0.4375000      0.1259264    
  0.3625000      0.4375000      0.1311160    
  0.3875000      0.4375000      0.1355003    
  0.4125000      0.4375000      0.1390516    
  0.4375000      0.4375000      0.1417476    
  0.4625000      0.4375000      0.1435710    
  0.4875000      0.4375000      0.1445100    
  0.5125000      0.4375000      0.1445582    
  0.5375000      0.4375000      0.1437147    
  0.5625000      0.4375000      0.1419842    
  0.5875000      0.4375000      0.1393767    
  0.6125000      0.4375000      0.1359078    
  0.6375000      0.4375000      0.1315983    
  0.6625000      0.4375000      0.1264742    
  0.6875000      0.4375000      0.1205667    
  0.7125000      0.4375000      0.1139117    
  0.7375000      0.4375000      0.1065498    
  0.7625000      0.4375000      9.8525852E-02
  0.7875000      0.4375000      8.9889079E-02
  0.8125000      0.4375000      8.0692329E-02
  0.8375000      0.4375000      7.0991978E-02
  0.8625000      0.4375000      6.0847558E-02
  0.8875000      0.4375000      5.0321382E-02
  0.9125000      0.4375000      3.9478138E-02
  0.9375000      0.4375000      2.8384538E-02
  0.9625000      0.4375000      1.7108859E-02
  0.9875000      0.4375000      5.7170615E-03
   1.000000      0.4375000      0.0000000E+00
 
  0.0000000E+00  0.4625000      0.0000000E+00
  1.2500000E-02  0.4625000      6.2130671E-03
  3.7500001E-02  0.4625000      1.8610351E-02
  6.2500000E-02  0.4625000      3.0901361E-02
  8.7500006E-02  0.4625000      4.3009870E-02
  0.1125000      0.4625000      5.4860942E-02
  0.1375000      0.4625000      6.6381231E-02
  0.1625000      0.4625000      7.7499427E-02
  0.1875000      0.4625000      8.8146657E-02
  0.2125000      0.4625000      9.8256901E-02
  0.2375000      0.4625000      0.1077674    
  0.2625000      0.4625000      0.1166192    
  0.2875000      0.4625000      0.1247572    
  0.3125000      0.4625000      0.1321307    
  0.3375000      0.4625000      0.1386937    
  0.3625000      0.4625000      0.1444053    
  0.3875000      0.4625000      0.1492297    
  0.4125000      0.4625000      0.1531366    
  0.4375000      0.4625000      0.1561012    
  0.4625000      0.4625000      0.1581048    
  0.4875000      0.4625000      0.1591344    
  0.5125000      0.4625000      0.1591830    
  0.5375000      0.4625000      0.1582498    
  0.5625000      0.4625000      0.1563400    
  0.5875000      0.4625000      0.1534646    
  0.6125000      0.4625000      0.1496409    
  0.6375000      0.4625000      0.1448920    
  0.6625000      0.4625000      0.1392465    
  0.6875000      0.4625000      0.1327387    
  0.7125000      0.4625000      0.1254084    
  0.7375000      0.4625000      0.1173002    
  0.7625000      0.4625000      0.1084638    
  0.7875000      0.4625000      9.8953128E-02
  0.8125000      0.4625000      8.8826559E-02
  0.8375000      0.4625000      7.8146182E-02
  0.8625000      0.4625000      6.6977575E-02
  0.8875000      0.4625000      5.5389367E-02
  0.9125000      0.4625000      4.3452799E-02
  0.9375000      0.4625000      3.1241307E-02
  0.9625000      0.4625000      1.8830068E-02
  0.9875000      0.4625000      6.2920037E-03
   1.000000      0.4625000      0.0000000E+00
 
  0.0000000E+00  0.4875000      0.0000000E+00
  1.2500000E-02  0.4875000      6.8337577E-03
  3.7500001E-02  0.4875000      2.0468619E-02
  6.2500000E-02  0.4875000      3.3985760E-02
  8.7500006E-02  0.4875000      4.7301408E-02
  0.1125000      0.4875000      6.0333159E-02
  0.1375000      0.4875000      7.3000416E-02
  0.1625000      0.4875000      8.5224777E-02
  0.1875000      0.4875000      9.6930563E-02
  0.2125000      0.4875000      0.1080452    
  0.2375000      0.4875000      0.1184998    
  0.2625000      0.4875000      0.1282296    
  0.2875000      0.4875000      0.1371739    
  0.3125000      0.4875000      0.1452772    
  0.3375000      0.4875000      0.1524890    
  0.3625000      0.4875000      0.1587644    
  0.3875000      0.4875000      0.1640640    
  0.4125000      0.4875000      0.1683546    
  0.4375000      0.4875000      0.1716093    
  0.4625000      0.4875000      0.1738072    
  0.4875000      0.4875000      0.1749344    
  0.5125000      0.4875000      0.1749831    
  0.5375000      0.4875000      0.1739527    
  0.5625000      0.4875000      0.1718487    
  0.5875000      0.4875000      0.1686836    
  0.6125000      0.4875000      0.1644764    
  0.6375000      0.4875000      0.1592524    
  0.6625000      0.4875000      0.1530433    
  0.6875000      0.4875000      0.1458869    
  0.7125000      0.4875000      0.1378269    
  0.7375000      0.4875000      0.1289124    
  0.7625000      0.4875000      0.1191980    
  0.7875000      0.4875000      0.1087433    
  0.8125000      0.4875000      9.7612217E-02
  0.8375000      0.4875000      8.5873164E-02
  0.8625000      0.4875000      7.3598243E-02
  0.8875000      0.4875000      6.0862884E-02
  0.9125000      0.4875000      4.7745399E-02
  0.9375000      0.4875000      3.4326520E-02
  0.9625000      0.4875000      2.0688862E-02
  0.9875000      0.4875000      6.9128862E-03
   1.000000      0.4875000      0.0000000E+00
 
  0.0000000E+00  0.5125000      0.0000000E+00
  1.2500000E-02  0.5125000      7.5047375E-03
  3.7500001E-02  0.5125000      2.2477385E-02
  6.2500000E-02  0.5125000      3.7319887E-02
  8.7500006E-02  0.5125000      5.1940300E-02
  0.1125000      0.5125000      6.6248193E-02
  0.1375000      0.5125000      8.0155082E-02
  0.1625000      0.5125000      9.3574941E-02
  0.1875000      0.5125000      0.1064247    
  0.2125000      0.5125000      0.1186248    
  0.2375000      0.5125000      0.1300996    
  0.2625000      0.5125000      0.1407780    
  0.2875000      0.5125000      0.1505935    
  0.3125000      0.5125000      0.1594854    
  0.3375000      0.5125000      0.1673981    
  0.3625000      0.5125000      0.1742824    
  0.3875000      0.5125000      0.1800953    
  0.4125000      0.5125000      0.1848004    
  0.4375000      0.5125000      0.1883681    
  0.4625000      0.5125000      0.1907758    
  0.4875000      0.5125000      0.1920080    
  0.5125000      0.5125000      0.1920566    
  0.5375000      0.5125000      0.1909207    
  0.5625000      0.5125000      0.1886067    
  0.5875000      0.5125000      0.1851283    
  0.6125000      0.5125000      0.1805063    
  0.6375000      0.5125000      0.1747688    
  0.6625000      0.5125000      0.1679505    
  0.6875000      0.5125000      0.1600930    
  0.7125000      0.5125000      0.1512443    
  0.7375000      0.5125000      0.1414584    
  0.7625000      0.5125000      0.1307953    
  0.7875000      0.5125000      0.1193203    
  0.8125000      0.5125000      0.1071039    
  0.8375000      0.5125000      9.4220936E-02
  0.8625000      0.5125000      8.0750689E-02
  0.8875000      0.5125000      6.6775918E-02
  0.9125000      0.5125000      5.2382611E-02
  0.9375000      0.5125000      3.7659343E-02
  0.9625000      0.5125000      2.2696786E-02
  0.9875000      0.5125000      7.5835665E-03
   1.000000      0.5125000      0.0000000E+00
 
  0.0000000E+00  0.5375000      0.0000000E+00
  1.2500000E-02  0.5375000      8.2301237E-03
  3.7500001E-02  0.5375000      2.4648972E-02
  6.2500000E-02  0.5375000      4.0924199E-02
  8.7500006E-02  0.5375000      5.6955028E-02
  0.1125000      0.5375000      7.2642326E-02
  0.1375000      0.5375000      8.7889135E-02
  0.1625000      0.5375000      0.1026011    
  0.1875000      0.5375000      0.1166874    
  0.2125000      0.5375000      0.1300605    
  0.2375000      0.5375000      0.1426379    
  0.2625000      0.5375000      0.1543414    
  0.2875000      0.5375000      0.1650985    
  0.3125000      0.5375000      0.1748424    
  0.3375000      0.5375000      0.1835124    
  0.3625000      0.5375000      0.1910547    
  0.3875000      0.5375000      0.1974221    
  0.4125000      0.5375000      0.2025748    
  0.4375000      0.5375000      0.2064806    
  0.4625000      0.5375000      0.2091146    
  0.4875000      0.5375000      0.2104602    
  0.5125000      0.5375000      0.2105083    
  0.5375000      0.5375000      0.2092582    
  0.5625000      0.5375000      0.2067169    
  0.5875000      0.5375000      0.2028995    
  0.6125000      0.5375000      0.1978291    
  0.6375000      0.5375000      0.1915363    
  0.6625000      0.5375000      0.1840595    
  0.6875000      0.5375000      0.1754441    
  0.7125000      0.5375000      0.1657429    
  0.7375000      0.5375000      0.1550152    
  0.7625000      0.5375000      0.1433268    
  0.7875000      0.5375000      0.1307492    
  0.8125000      0.5375000      0.1173598    
  0.8375000      0.5375000      0.1032407    
  0.8625000      0.5375000      8.8478796E-02
  0.8875000      0.5375000      7.3164776E-02
  0.9125000      0.5375000      5.7392888E-02
  0.9375000      0.5375000      4.1260235E-02
  0.9625000      0.5375000      2.4866167E-02
  0.9875000      0.5375000      8.3081620E-03
   1.000000      0.5375000      0.0000000E+00
 
  0.0000000E+00  0.5625000      0.0000000E+00
  1.2500000E-02  0.5625000      9.0143150E-03
  3.7500001E-02  0.5625000      2.6996557E-02
  6.2500000E-02  0.5625000      4.4820562E-02
  8.7500006E-02  0.5625000      6.2376007E-02
  0.1125000      0.5625000      7.9554379E-02
  0.1375000      0.5625000      9.6249506E-02
  0.1625000      0.5625000      0.1123582    
  0.1875000      0.5625000      0.1277808    
  0.2125000      0.5625000      0.1424219    
  0.2375000      0.5625000      0.1561908    
  0.2625000      0.5625000      0.1690023    
  0.2875000      0.5625000      0.1807769    
  0.3125000      0.5625000      0.1914415    
  0.3375000      0.5625000      0.2009298    
  0.3625000      0.5625000      0.2091830    
  0.3875000      0.5625000      0.2161495    
  0.4125000      0.5625000      0.2217858    
  0.4375000      0.5625000      0.2260567    
  0.4625000      0.5625000      0.2289351    
  0.4875000      0.5625000      0.2304028    
  0.5125000      0.5625000      0.2304502    
  0.5375000      0.5625000      0.2290764    
  0.5625000      0.5625000      0.2262892    
  0.5875000      0.5625000      0.2221053    
  0.6125000      0.5625000      0.2165500    
  0.6375000      0.5625000      0.2096570    
  0.6625000      0.5625000      0.2014681    
  0.6875000      0.5625000      0.1920335    
  0.7125000      0.5625000      0.1814109    
  0.7375000      0.5625000      0.1696652    
  0.7625000      0.5625000      0.1568686    
  0.7875000      0.5625000      0.1430994    
  0.8125000      0.5625000      0.1284423    
  0.8375000      0.5625000      0.1129874    
  0.8625000      0.5625000      9.6829571E-02
  0.8875000      0.5625000      8.0068290E-02
  0.9125000      0.5625000      6.2806696E-02
  0.9375000      0.5625000      4.5151081E-02
  0.9625000      0.5625000      2.7210189E-02
  0.9875000      0.5625000      9.0910764E-03
   1.000000      0.5625000      0.0000000E+00
 
  0.0000000E+00  0.5875000      0.0000000E+00
  1.2500000E-02  0.5875000      9.8620253E-03
  3.7500001E-02  0.5875000      2.9534249E-02
  6.2500000E-02  0.5875000      4.9032394E-02
  8.7500006E-02  0.5875000      6.8235822E-02
  0.1125000      0.5875000      8.7025873E-02
  0.1375000      0.5875000      0.1052864    
  0.1625000      0.5875000      0.1229047    
  0.1875000      0.5875000      0.1397717    
  0.2125000      0.5875000      0.1557831    
  0.2375000      0.5875000      0.1708399    
  0.2625000      0.5875000      0.1848487    
  0.2875000      0.5875000      0.1977229    
  0.3125000      0.5875000      0.2093824    
  0.3375000      0.5875000      0.2197551    
  0.3625000      0.5875000      0.2287764    
  0.3875000      0.5875000      0.2363902    
  0.4125000      0.5875000      0.2425489    
  0.4375000      0.5875000      0.2472142    
  0.4625000      0.5875000      0.2503565    
  0.4875000      0.5875000      0.2519561    
  0.5125000      0.5875000      0.2520024    
  0.5375000      0.5875000      0.2504946    
  0.5625000      0.5875000      0.2474415    
  0.5875000      0.5875000      0.2428613    
  0.6125000      0.5875000      0.2367817    
  0.6375000      0.5875000      0.2292398    
  0.6625000      0.5875000      0.2202813    
  0.6875000      0.5875000      0.2099612    
  0.7125000      0.5875000      0.1983426    
  0.7375000      0.5875000      0.1854967    
  0.7625000      0.5875000      0.1715023    
  0.7875000      0.5875000      0.1564454    
  0.8125000      0.5875000      0.1404183    
  0.8375000      0.5875000      0.1235196    
  0.8625000      0.5875000      0.1058533    
  0.8875000      0.5875000      8.7528065E-02
  0.9125000      0.5875000      6.8656668E-02
  0.9375000      0.5875000      4.9355347E-02
  0.9625000      0.5875000      2.9742992E-02
  0.9875000      0.5875000      9.9370331E-03
   1.000000      0.5875000      0.0000000E+00
 
  0.0000000E+00  0.6125000      0.0000000E+00
  1.2500000E-02  0.6125000      1.0778308E-02
  3.7500001E-02  0.6125000      3.2277174E-02
  6.2500000E-02  0.6125000      5.3584810E-02
  8.7500006E-02  0.6125000      7.4569434E-02
  0.1125000      0.6125000      9.5101401E-02
  0.1375000      0.6125000      0.1150539    
  0.1625000      0.6125000      0.1343036    
  0.1875000      0.6125000      0.1527317    
  0.2125000      0.6125000      0.1702240    
  0.2375000      0.6125000      0.1866725    
  0.2625000      0.6125000      0.2019753    
  0.2875000      0.6125000      0.2160377    
  0.3125000      0.6125000      0.2287725    
  0.3375000      0.6125000      0.2401007    
  0.3625000      0.6125000      0.2499520    
  0.3875000      0.6125000      0.2582651    
  0.4125000      0.6125000      0.2649883    
  0.4375000      0.6125000      0.2700795    
  0.4625000      0.6125000      0.2735069    
  0.4875000      0.6125000      0.2752487    
  0.5125000      0.6125000      0.2752937    
  0.5375000      0.6125000      0.2736410    
  0.5625000      0.6125000      0.2703002    
  0.5875000      0.6125000      0.2652916    
  0.6125000      0.6125000      0.2586453    
  0.6375000      0.6125000      0.2504018    
  0.6625000      0.6125000      0.2406116    
  0.6875000      0.6125000      0.2293344    
  0.7125000      0.6125000      0.2166394    
  0.7375000      0.6125000      0.2026044    
  0.7625000      0.6125000      0.1873156    
  0.7875000      0.6125000      0.1708669    
  0.8125000      0.6125000      0.1533593    
  0.8375000      0.6125000      0.1349005    
  0.8625000      0.6125000      0.1156041    
  0.8875000      0.6125000      9.5588766E-02
  0.9125000      0.6125000      7.4977830E-02
  0.9375000      0.6125000      5.3898204E-02
  0.9625000      0.6125000      3.2479737E-02
  0.9875000      0.6125000      1.0851095E-02
   1.000000      0.6125000      0.0000000E+00
 
  0.0000000E+00  0.6375000      0.0000000E+00
  1.2500000E-02  0.6375000      1.1768593E-02
  3.7500001E-02  0.6375000      3.5241596E-02
  6.2500000E-02  0.6375000      5.8504794E-02
  8.7500006E-02  0.6375000      8.1414372E-02
  0.1125000      0.6375000      0.1038288    
  0.1375000      0.6375000      0.1256097    
  0.1625000      0.6375000      0.1466226    
  0.1875000      0.6375000      0.1667375    
  0.2125000      0.6375000      0.1858302    
  0.2375000      0.6375000      0.2037826    
  0.2625000      0.6375000      0.2204837    
  0.2875000      0.6375000      0.2358300    
  0.3125000      0.6375000      0.2497266    
  0.3375000      0.6375000      0.2620873    
  0.3625000      0.6375000      0.2728353    
  0.3875000      0.6375000      0.2819040    
  0.4125000      0.6375000      0.2892370    
  0.4375000      0.6375000      0.2947885    
  0.4625000      0.6375000      0.2985237    
  0.4875000      0.6375000      0.3004191    
  0.5125000      0.6375000      0.3004624    
  0.5375000      0.6375000      0.2986529    
  0.5625000      0.6375000      0.2950013    
  0.5875000      0.6375000      0.2895294    
  0.6125000      0.6375000      0.2822705    
  0.6375000      0.6375000      0.2732690    
  0.6625000      0.6375000      0.2625797    
  0.6875000      0.6375000      0.2502682    
  0.7125000      0.6375000      0.2364100    
  0.7375000      0.6375000      0.2210900    
  0.7625000      0.6375000      0.2044024    
  0.7875000      0.6375000      0.1864497    
  0.8125000      0.6375000      0.1673423    
  0.8375000      0.6375000      0.1471976    
  0.8625000      0.6375000      0.1261398    
  0.8875000      0.6375000      0.1042984    
  0.9125000      0.6375000      8.1807800E-02
  0.9375000      0.6375000      5.8806680E-02
  0.9625000      0.6375000      3.5436723E-02
  0.9875000      0.6375000      1.1838708E-02
   1.000000      0.6375000      0.0000000E+00
 
  0.0000000E+00  0.6625000      0.0000000E+00
  1.2500000E-02  0.6625000      1.2838711E-02
  3.7500001E-02  0.6625000      3.8444974E-02
  6.2500000E-02  0.6625000      6.3821346E-02
  8.7500006E-02  0.6625000      8.8810988E-02
  0.1125000      0.6625000      0.1132596    
  0.1375000      0.6625000      0.1370162    
  0.1625000      0.6625000      0.1599342    
  0.1875000      0.6625000      0.1818719    
  0.2125000      0.6625000      0.2026938    
  0.2375000      0.6625000      0.2222712    
  0.2625000      0.6625000      0.2404831    
  0.2875000      0.6625000      0.2572167    
  0.3125000      0.6625000      0.2723685    
  0.3375000      0.6625000      0.2858447    
  0.3625000      0.6625000      0.2975616    
  0.3875000      0.6625000      0.3074467    
  0.4125000      0.6625000      0.3154384    
  0.4375000      0.6625000      0.3214870    
  0.4625000      0.6625000      0.3255547    
  0.4875000      0.6625000      0.3276159    
  0.5125000      0.6625000      0.3276574    
  0.5375000      0.6625000      0.3256784    
  0.5625000      0.6625000      0.3216906    
  0.5875000      0.6625000      0.3157181    
  0.6125000      0.6625000      0.3077973    
  0.6375000      0.6625000      0.2979764    
  0.6625000      0.6625000      0.2863157    
  0.6875000      0.6625000      0.2728866    
  0.7125000      0.6625000      0.2577713    
  0.7375000      0.6625000      0.2410629    
  0.7625000      0.6625000      0.2228639    
  0.7875000      0.6625000      0.2032862    
  0.8125000      0.6625000      0.1824501    
  0.8375000      0.6625000      0.1604840    
  0.8625000      0.6625000      0.1375230    
  0.8875000      0.6625000      0.1137084    
  0.9125000      0.6625000      8.9187048E-02
  0.9375000      0.6625000      6.4109884E-02
  0.9625000      0.6625000      3.8631469E-02
  0.9875000      0.6625000      1.2905725E-02
   1.000000      0.6625000      0.0000000E+00
 
  0.0000000E+00  0.6875000      0.0000000E+00
  1.2500000E-02  0.6875000      1.3994946E-02
  3.7500001E-02  0.6875000      4.1906126E-02
  6.2500000E-02  0.6875000      6.9565684E-02
  8.7500006E-02  0.6875000      9.6802726E-02
  0.1125000      0.6875000      0.1234491    
  0.1375000      0.6875000      0.1493404    
  0.1625000      0.6875000      0.1743166    
  0.1875000      0.6875000      0.1982237    
  0.2125000      0.6875000      0.2209138    
  0.2375000      0.6875000      0.2422469    
  0.2625000      0.6875000      0.2620910    
  0.2875000      0.6875000      0.2803235    
  0.3125000      0.6875000      0.2968314    
  0.3375000      0.6875000      0.3115127    
  0.3625000      0.6875000      0.3242764    
  0.3875000      0.6875000      0.3350434    
  0.4125000      0.6875000      0.3437467    
  0.4375000      0.6875000      0.3503323    
  0.4625000      0.6875000      0.3547592    
  0.4875000      0.6875000      0.3569994    
  0.5125000      0.6875000      0.3570387    
  0.5375000      0.6875000      0.3548765    
  0.5625000      0.6875000      0.3505254    
  0.5875000      0.6875000      0.3440120    
  0.6125000      0.6875000      0.3353758    
  0.6375000      0.6875000      0.3246698    
  0.6625000      0.6875000      0.3119595    
  0.6875000      0.6875000      0.2973228    
  0.7125000      0.6875000      0.2808495    
  0.7375000      0.6875000      0.2626409    
  0.7625000      0.6875000      0.2428089    
  0.7875000      0.6875000      0.2214755    
  0.8125000      0.6875000      0.1987719    
  0.8375000      0.6875000      0.1748379    
  0.8625000      0.6875000      0.1498207    
  0.8875000      0.6875000      0.1238746    
  0.9125000      0.6875000      9.7159140E-02
  0.9375000      0.6875000      6.9839120E-02
  0.9625000      0.6875000      4.2082850E-02
  0.9875000      0.6875000      1.4058450E-02
   1.000000      0.6875000      0.0000000E+00
 
  0.0000000E+00  0.7125000      0.0000000E+00
  1.2500000E-02  0.7125000      1.5244065E-02
  3.7500001E-02  0.7125000      4.5645308E-02
  6.2500000E-02  0.7125000      7.5771444E-02
  8.7500006E-02  0.7125000      0.1054364    
  0.1125000      0.7125000      0.1344571    
  0.1375000      0.7125000      0.1626544    
  0.1625000      0.7125000      0.1898543    
  0.1875000      0.7125000      0.2158888    
  0.2125000      0.7125000      0.2405973    
  0.2375000      0.7125000      0.2638270    
  0.2625000      0.7125000      0.2854343    
  0.2875000      0.7125000      0.3052859    
  0.3125000      0.7125000      0.3232588    
  0.3375000      0.7125000      0.3392420    
  0.3625000      0.7125000      0.3531364    
  0.3875000      0.7125000      0.3648560    
  0.4125000      0.7125000      0.3743281    
  0.4375000      0.7125000      0.3814938    
  0.4625000      0.7125000      0.3863085    
  0.4875000      0.7125000      0.3887420    
  0.5125000      0.7125000      0.3887790    
  0.5375000      0.7125000      0.3864187    
  0.5625000      0.7125000      0.3816752    
  0.5875000      0.7125000      0.3745774    
  0.6125000      0.7125000      0.3651685    
  0.6375000      0.7125000      0.3535061    
  0.6625000      0.7125000      0.3396618    
  0.6875000      0.7125000      0.3237205    
  0.7125000      0.7125000      0.3057801    
  0.7375000      0.7125000      0.2859510    
  0.7625000      0.7125000      0.2643549    
  0.7875000      0.7125000      0.2411249    
  0.8125000      0.7125000      0.2164038    
  0.8375000      0.7125000      0.1903439    
  0.8625000      0.7125000      0.1631055    
  0.8875000      0.7125000      0.1348566    
  0.9125000      0.7125000      0.1057710    
  0.9375000      0.7125000      7.6028146E-02
  0.9625000      0.7125000      4.5811202E-02
  0.9875000      0.7125000      1.5303677E-02
   1.000000      0.7125000      0.0000000E+00
 
  0.0000000E+00  0.7375000      0.0000000E+00
  1.2500000E-02  0.7375000      1.6593369E-02
  3.7500001E-02  0.7375000      4.9684372E-02
  6.2500000E-02  0.7375000      8.2474910E-02
  8.7500006E-02  0.7375000      0.1147625    
  0.1125000      0.7375000      0.1463479    
  0.1375000      0.7375000      0.1770362    
  0.1625000      0.7375000      0.2066380    
  0.1875000      0.7375000      0.2349707    
  0.2125000      0.7375000      0.2618592    
  0.2375000      0.7375000      0.2871376    
  0.2625000      0.7375000      0.3106496    
  0.2875000      0.7375000      0.3322501    
  0.3125000      0.7375000      0.3518055    
  0.3375000      0.7375000      0.3691949    
  0.3625000      0.7375000      0.3843107    
  0.3875000      0.7375000      0.3970593    
  0.4125000      0.7375000      0.4073617    
  0.4375000      0.7375000      0.4151540    
  0.4625000      0.7375000      0.4203877    
  0.4875000      0.7375000      0.4230300    
  0.5125000      0.7375000      0.4230645    
  0.5375000      0.7375000      0.4204902    
  0.5625000      0.7375000      0.4153228    
  0.5875000      0.7375000      0.4075936    
  0.6125000      0.7375000      0.3973500    
  0.6375000      0.7375000      0.3846546    
  0.6625000      0.7375000      0.3695853    
  0.6875000      0.7375000      0.3522349    
  0.7125000      0.7375000      0.3327097    
  0.7375000      0.7375000      0.3111300    
  0.7625000      0.7375000      0.2876285    
  0.7875000      0.7375000      0.2623497    
  0.8125000      0.7375000      0.2354494    
  0.8375000      0.7375000      0.2070931    
  0.8625000      0.7375000      0.1774554    
  0.8875000      0.7375000      0.1467191    
  0.9125000      0.7375000      0.1150734    
  0.9375000      0.7375000      8.2713366E-02
  0.9625000      0.7375000      4.9838465E-02
  0.9875000      0.7375000      1.6648734E-02
   1.000000      0.7375000      0.0000000E+00
 
  0.0000000E+00  0.7625000      0.0000000E+00
  1.2500000E-02  0.7625000      1.8050734E-02
  3.7500001E-02  0.7625000      5.4046918E-02
  6.2500000E-02  0.7625000      8.9715235E-02
  8.7500006E-02  0.7625000      0.1248355    
  0.1125000      0.7625000      0.1591910    
  0.1375000      0.7625000      0.1925698    
  0.1625000      0.7625000      0.2247659    
  0.1875000      0.7625000      0.2555807    
  0.2125000      0.7625000      0.2848239    
  0.2375000      0.7625000      0.3123151    
  0.2625000      0.7625000      0.3378844    
  0.2875000      0.7625000      0.3613739    
  0.3125000      0.7625000      0.3826386    
  0.3375000      0.7625000      0.4015468    
  0.3625000      0.7625000      0.4179818    
  0.3875000      0.7625000      0.4318419    
  0.4125000      0.7625000      0.4430411    
  0.4375000      0.7625000      0.4515101    
  0.4625000      0.7625000      0.4571963    
  0.4875000      0.7625000      0.4600643    
  0.5125000      0.7625000      0.4600959    
  0.5375000      0.7625000      0.4572906    
  0.5625000      0.7625000      0.4516653    
  0.5875000      0.7625000      0.4432542    
  0.6125000      0.7625000      0.4321090    
  0.6375000      0.7625000      0.4182979    
  0.6625000      0.7625000      0.4019057    
  0.6875000      0.7625000      0.3830331    
  0.7125000      0.7625000      0.3617963    
  0.7375000      0.7625000      0.3383259    
  0.7625000      0.7625000      0.3127662    
  0.7875000      0.7625000      0.2852746    
  0.8125000      0.7625000      0.2560204    
  0.8375000      0.7625000      0.2251838    
  0.8625000      0.7625000      0.1929548    
  0.8875000      0.7625000      0.1595318    
  0.9125000      0.7625000      0.1251209    
  0.9375000      0.7625000      8.9934073E-02
  0.9625000      0.7625000      5.4188315E-02
  0.9875000      0.7625000      1.8101530E-02
   1.000000      0.7625000      0.0000000E+00
 
  0.0000000E+00  0.7875000      0.0000000E+00
  1.2500000E-02  0.7875000      1.9624662E-02
  3.7500001E-02  0.7875000      5.8758393E-02
  6.2500000E-02  0.7875000      9.7534686E-02
  8.7500006E-02  0.7875000      0.1357142    
  0.1125000      0.7875000      0.1730614    
  0.1375000      0.7875000      0.2093460    
  0.1625000      0.7875000      0.2443440    
  0.1875000      0.7875000      0.2778395    
  0.2125000      0.7875000      0.3096258    
  0.2375000      0.7875000      0.3395068    
  0.2625000      0.7875000      0.3672980    
  0.2875000      0.7875000      0.3928277    
  0.3125000      0.7875000      0.4159383    
  0.3375000      0.7875000      0.4364870    
  0.3625000      0.7875000      0.4543468    
  0.3875000      0.7875000      0.4694072    
  0.4125000      0.7875000      0.4815751    
  0.4375000      0.7875000      0.4907751    
  0.4625000      0.7875000      0.4969502    
  0.4875000      0.7875000      0.5000618    
  0.5125000      0.7875000      0.5000905    
  0.5375000      0.7875000      0.4970357    
  0.5625000      0.7875000      0.4909158    
  0.5875000      0.7875000      0.4817684    
  0.6125000      0.7875000      0.4696494    
  0.6375000      0.7875000      0.4546333    
  0.6625000      0.7875000      0.4368123    
  0.6875000      0.7875000      0.4162959    
  0.7125000      0.7875000      0.3932105    
  0.7375000      0.7875000      0.3676980    
  0.7625000      0.7875000      0.3399155    
  0.7875000      0.7875000      0.3100341    
  0.8125000      0.7875000      0.2782378    
  0.8375000      0.7875000      0.2447224    
  0.8625000      0.7875000      0.2096945    
  0.8875000      0.7875000      0.1733699    
  0.9125000      0.7875000      0.1359725    
  0.9375000      0.7875000      9.7732708E-02
  0.9625000      0.7875000      5.8886319E-02
  0.9875000      0.7875000      1.9670609E-02
   1.000000      0.7875000      0.0000000E+00
 
  0.0000000E+00  0.8125000      0.0000000E+00
  1.2500000E-02  0.8125000      2.1324346E-02
  3.7500001E-02  0.8125000      6.3846335E-02
  6.2500000E-02  0.8125000      0.1059790    
  8.7500006E-02  0.8125000      0.1474622    
  0.1125000      0.8125000      0.1880403    
  0.1375000      0.8125000      0.2274628    
  0.1625000      0.8125000      0.2654866    
  0.1875000      0.8125000      0.3018772    
  0.2125000      0.8125000      0.3364099    
  0.2375000      0.8125000      0.3688719    
  0.2625000      0.8125000      0.3990625    
  0.2875000      0.8125000      0.4267956    
  0.3125000      0.8125000      0.4518997    
  0.3375000      0.8125000      0.4742200    
  0.3625000      0.8125000      0.4936186    
  0.3875000      0.8125000      0.5099755    
  0.4125000      0.8125000      0.5231895    
  0.4375000      0.8125000      0.5331790    
  0.4625000      0.8125000      0.5398820    
  0.4875000      0.8125000      0.5432568    
  0.5125000      0.8125000      0.5432824    
  0.5375000      0.8125000      0.5399582    
  0.5625000      0.8125000      0.5333045    
  0.5875000      0.8125000      0.5233619    
  0.6125000      0.8125000      0.5101914    
  0.6375000      0.8125000      0.4938741    
  0.6625000      0.8125000      0.4745101    
  0.6875000      0.8125000      0.4522186    
  0.7125000      0.8125000      0.4271367    
  0.7375000      0.8125000      0.3994190    
  0.7625000      0.8125000      0.3692360    
  0.7875000      0.8125000      0.3367737    
  0.8125000      0.8125000      0.3022320    
  0.8375000      0.8125000      0.2658237    
  0.8625000      0.8125000      0.2277732    
  0.8875000      0.8125000      0.1883149    
  0.9125000      0.8125000      0.1476921    
  0.9375000      0.8125000      0.1061551    
  0.9625000      0.8125000      6.3960113E-02
  0.9875000      0.8125000      2.1365199E-02
   1.000000      0.8125000      0.0000000E+00
 
  0.0000000E+00  0.8375000      0.0000000E+00
  1.2500000E-02  0.8375000      2.3159724E-02
  3.7500001E-02  0.8375000      6.9340497E-02
  6.2500000E-02  0.8375000      0.1150974    
  8.7500006E-02  0.8375000      0.1601483    
  0.1125000      0.8375000      0.2042152    
  0.1375000      0.8375000      0.2470263    
  0.1625000      0.8375000      0.2883176    
  0.1875000      0.8375000      0.3278345    
  0.2125000      0.8375000      0.3653331    
  0.2375000      0.8375000      0.4005822    
  0.2625000      0.8375000      0.4333640    
  0.2875000      0.8375000      0.4634765    
  0.3125000      0.8375000      0.4907336    
  0.3375000      0.8375000      0.5149671    
  0.3625000      0.8375000      0.5360275    
  0.3875000      0.8375000      0.5537845    
  0.4125000      0.8375000      0.5681284    
  0.4375000      0.8375000      0.5789706    
  0.4625000      0.8375000      0.5862438    
  0.4875000      0.8375000      0.5899030    
  0.5125000      0.8375000      0.5899254    
  0.5375000      0.8375000      0.5863104    
  0.5625000      0.8375000      0.5790802    
  0.5875000      0.8375000      0.5682790    
  0.6125000      0.8375000      0.5539732    
  0.6375000      0.8375000      0.5362507    
  0.6625000      0.8375000      0.5152205    
  0.6875000      0.8375000      0.4910120    
  0.7125000      0.8375000      0.4637744    
  0.7375000      0.8375000      0.4336752    
  0.7625000      0.8375000      0.4009000    
  0.7875000      0.8375000      0.3656505    
  0.8125000      0.8375000      0.3281440    
  0.8375000      0.8375000      0.2886117    
  0.8625000      0.8375000      0.2472969    
  0.8875000      0.8375000      0.2044545    
  0.9125000      0.8375000      0.1603485    
  0.9375000      0.8375000      0.1152509    
  0.9625000      0.8375000      6.9439553E-02
  0.9875000      0.8375000      2.3195278E-02
   1.000000      0.8375000      0.0000000E+00
 
  0.0000000E+00  0.8625000      0.0000000E+00
  1.2500000E-02  0.8625000      2.5141545E-02
  3.7500001E-02  0.8625000      7.5273067E-02
  6.2500000E-02  0.8625000      0.1249436    
  8.7500006E-02  0.8625000      0.1738467    
  0.1125000      0.8625000      0.2216809    
  0.1375000      0.8625000      0.2681511    
  0.1625000      0.8625000      0.3129709    
  0.1875000      0.8625000      0.3558637    
  0.2125000      0.8625000      0.3965650    
  0.2375000      0.8625000      0.4348237    
  0.2625000      0.8625000      0.4704038    
  0.2875000      0.8625000      0.5030857    
  0.3125000      0.8625000      0.5326679    
  0.3375000      0.8625000      0.5589675    
  0.3625000      0.8625000      0.5818225    
  0.3875000      0.8625000      0.6010916    
  0.4125000      0.8625000      0.6166557    
  0.4375000      0.8625000      0.6284187    
  0.4625000      0.8625000      0.6363079    
  0.4875000      0.8625000      0.6402744    
  0.5125000      0.8625000      0.6402935    
  0.5375000      0.8625000      0.6363646    
  0.5625000      0.8625000      0.6285121    
  0.5875000      0.8625000      0.6167839    
  0.6125000      0.8625000      0.6012521    
  0.6375000      0.8625000      0.5820123    
  0.6625000      0.8625000      0.5591830    
  0.6875000      0.8625000      0.5329046    
  0.7125000      0.8625000      0.5033391    
  0.7375000      0.8625000      0.4706683    
  0.7625000      0.8625000      0.4350939    
  0.7875000      0.8625000      0.3968347    
  0.8125000      0.8625000      0.3561266    
  0.8375000      0.8625000      0.3132206    
  0.8625000      0.8625000      0.2683809    
  0.8875000      0.8625000      0.2218840    
  0.9125000      0.8625000      0.1740166    
  0.9375000      0.8625000      0.1250736    
  0.9625000      0.8625000      7.5356953E-02
  0.9875000      0.8625000      2.5171638E-02
   1.000000      0.8625000      0.0000000E+00
 
  0.0000000E+00  0.8875000      0.0000000E+00
  1.2500000E-02  0.8875000      2.7281431E-02
  3.7500001E-02  0.8875000      8.1678845E-02
  6.2500000E-02  0.8875000      0.1355751    
  8.7500006E-02  0.8875000      0.1886379    
  0.1125000      0.8875000      0.2405401    
  0.1375000      0.8875000      0.2909614    
  0.1625000      0.8875000      0.3395912    
  0.1875000      0.8875000      0.3861294    
  0.2125000      0.8875000      0.4302891    
  0.2375000      0.8875000      0.4717978    
  0.2625000      0.8875000      0.5103996    
  0.2875000      0.8875000      0.5458563    
  0.3125000      0.8875000      0.5779491    
  0.3375000      0.8875000      0.6064801    
  0.3625000      0.8875000      0.6312730    
  0.3875000      0.8875000      0.6521750    
  0.4125000      0.8875000      0.6690570    
  0.4375000      0.8875000      0.6818146    
  0.4625000      0.8875000      0.6903691    
  0.4875000      0.8875000      0.6946675    
  0.5125000      0.8875000      0.6946832    
  0.5375000      0.8875000      0.6904157    
  0.5625000      0.8875000      0.6818912    
  0.5875000      0.8875000      0.6691622    
  0.6125000      0.8875000      0.6523067    
  0.6375000      0.8875000      0.6314288    
  0.6625000      0.8875000      0.6066567    
  0.6875000      0.8875000      0.5781433    
  0.7125000      0.8875000      0.5460640    
  0.7375000      0.8875000      0.5106165    
  0.7625000      0.8875000      0.4720193    
  0.7875000      0.8875000      0.4305101    
  0.8125000      0.8875000      0.3863448    
  0.8375000      0.8875000      0.3397956    
  0.8625000      0.8875000      0.2911495    
  0.8875000      0.8875000      0.2407062    
  0.9125000      0.8875000      0.1887768    
  0.9375000      0.8875000      0.1356813    
  0.9625000      0.8875000      8.1747293E-02
  0.9875000      0.8875000      2.7305964E-02
   1.000000      0.8875000      0.0000000E+00
 
  0.0000000E+00  0.9125000      0.0000000E+00
  1.2500000E-02  0.9125000      2.9591968E-02
  3.7500001E-02  0.9125000      8.8595495E-02
  6.2500000E-02  0.9125000      0.1470547    
  8.7500006E-02  0.9125000      0.2046090    
  0.1125000      0.9125000      0.2609037    
  0.1375000      0.9125000      0.3155915    
  0.1625000      0.9125000      0.3683354    
  0.1875000      0.9125000      0.4188100    
  0.2125000      0.9125000      0.4667041    
  0.2375000      0.9125000      0.5117224    
  0.2625000      0.9125000      0.5535871    
  0.2875000      0.9125000      0.5920401    
  0.3125000      0.9125000      0.6268442    
  0.3375000      0.9125000      0.6577846    
  0.3625000      0.9125000      0.6846706    
  0.3875000      0.9125000      0.7073361    
  0.4125000      0.9125000      0.7256413    
  0.4375000      0.9125000      0.7394732    
  0.4625000      0.9125000      0.7487463    
  0.4875000      0.9125000      0.7534034    
  0.5125000      0.9125000      0.7534156    
  0.5375000      0.9125000      0.7487826    
  0.5625000      0.9125000      0.7395328    
  0.5875000      0.9125000      0.7257231    
  0.6125000      0.9125000      0.7074386    
  0.6375000      0.9125000      0.6847917    
  0.6625000      0.9125000      0.6579221    
  0.6875000      0.9125000      0.6269953    
  0.7125000      0.9125000      0.5922017    
  0.7375000      0.9125000      0.5537558    
  0.7625000      0.9125000      0.5118945    
  0.7875000      0.9125000      0.4668759    
  0.8125000      0.9125000      0.4189773    
  0.8375000      0.9125000      0.3684940    
  0.8625000      0.9125000      0.3157373    
  0.8875000      0.9125000      0.2610324    
  0.9125000      0.9125000      0.2047165    
  0.9375000      0.9125000      0.1471368    
  0.9625000      0.9125000      8.8648379E-02
  0.9875000      0.9125000      2.9610883E-02
   1.000000      0.9125000      0.0000000E+00
 
  0.0000000E+00  0.9375000      0.0000000E+00
  1.2500000E-02  0.9375000      3.2086771E-02
  3.7500001E-02  0.9375000      9.6063823E-02
  6.2500000E-02  0.9375000      0.1594499    
  8.7500006E-02  0.9375000      0.2218541    
  0.1125000      0.9375000      0.2828918    
  0.1375000      0.9375000      0.3421867    
  0.1625000      0.9375000      0.3993730    
  0.1875000      0.9375000      0.4540983    
  0.2125000      0.9375000      0.5060251    
  0.2375000      0.9375000      0.5548332    
  0.2625000      0.9375000      0.6002215    
  0.2875000      0.9375000      0.6419101    
  0.3125000      0.9375000      0.6796421    
  0.3375000      0.9375000      0.7131847    
  0.3625000      0.9375000      0.7423308    
  0.3875000      0.9375000      0.7669008    
  0.4125000      0.9375000      0.7867432    
  0.4375000      0.9375000      0.8017353    
  0.4625000      0.9375000      0.8117847    
  0.4875000      0.9375000      0.8168293    
  0.5125000      0.9375000      0.8168380    
  0.5375000      0.9375000      0.8118105    
  0.5625000      0.9375000      0.8017778    
  0.5875000      0.9375000      0.7868015    
  0.6125000      0.9375000      0.7669739    
  0.6375000      0.9375000      0.7424172    
  0.6625000      0.9375000      0.7132826    
  0.6875000      0.9375000      0.6797498    
  0.7125000      0.9375000      0.6420253    
  0.7375000      0.9375000      0.6003416    
  0.7625000      0.9375000      0.5549556    
  0.7875000      0.9375000      0.5061473    
  0.8125000      0.9375000      0.4542173    
  0.8375000      0.9375000      0.3994859    
  0.8625000      0.9375000      0.3422903    
  0.8875000      0.9375000      0.2829832    
  0.9125000      0.9375000      0.2219303    
  0.9375000      0.9375000      0.1595080    
  0.9625000      0.9375000      9.6101165E-02
  0.9875000      0.9375000      3.2100085E-02
   1.000000      0.9375000      0.0000000E+00
 
  0.0000000E+00  0.9625000      0.0000000E+00
  1.2500000E-02  0.9625000      3.4780562E-02
  3.7500001E-02  0.9625000      0.1041279    
  6.2500000E-02  0.9625000      0.1728340    
  8.7500006E-02  0.9625000      0.2404753    
  0.1125000      0.9625000      0.3066346    
  0.1375000      0.9625000      0.3709043    
  0.1625000      0.9625000      0.4328879    
  0.1875000      0.9625000      0.4922033    
  0.2125000      0.9625000      0.5484848    
  0.2375000      0.9625000      0.6013854    
  0.2625000      0.9625000      0.6505789    
  0.2875000      0.9625000      0.6957618    
  0.3125000      0.9625000      0.7366557    
  0.3375000      0.9625000      0.7730082    
  0.3625000      0.9625000      0.8045954    
  0.3875000      0.9625000      0.8312224    
  0.4125000      0.9625000      0.8527248    
  0.4375000      0.9625000      0.8689702    
  0.4625000      0.9625000      0.8798581    
  0.4875000      0.9625000      0.8853215    
  0.5125000      0.9625000      0.8853267    
  0.5375000      0.9625000      0.8798735    
  0.5625000      0.9625000      0.8689955    
  0.5875000      0.9625000      0.8527597    
  0.6125000      0.9625000      0.8312660    
  0.6375000      0.9625000      0.8046471    
  0.6625000      0.9625000      0.7730669    
  0.6875000      0.9625000      0.7367200    
  0.7125000      0.9625000      0.6958305    
  0.7375000      0.9625000      0.6506505    
  0.7625000      0.9625000      0.6014585    
  0.7875000      0.9625000      0.5485578    
  0.8125000      0.9625000      0.4922743    
  0.8375000      0.9625000      0.4329551    
  0.8625000      0.9625000      0.3709660    
  0.8875000      0.9625000      0.3066890    
  0.9125000      0.9625000      0.2405205    
  0.9375000      0.9625000      0.1728685    
  0.9625000      0.9625000      0.1041500    
  0.9875000      0.9625000      3.4788374E-02
   1.000000      0.9625000      0.0000000E+00
 
  0.0000000E+00  0.9875000      0.0000000E+00
  1.2500000E-02  0.9875000      3.7689257E-02
  3.7500001E-02  0.9875000      0.1128356    
  6.2500000E-02  0.9875000      0.1872865    
  8.7500006E-02  0.9875000      0.2605829    
  0.1125000      0.9875000      0.3322730    
  0.1375000      0.9875000      0.4019148    
  0.1625000      0.9875000      0.4690788    
  0.1875000      0.9875000      0.5333511    
  0.2125000      0.9875000      0.5943354    
  0.2375000      0.9875000      0.6516556    
  0.2625000      0.9875000      0.7049582    
  0.2875000      0.9875000      0.7539149    
  0.3125000      0.9875000      0.7982235    
  0.3375000      0.9875000      0.8376110    
  0.3625000      0.9875000      0.8718343    
  0.3875000      0.9875000      0.9006828    
  0.4125000      0.9875000      0.9239783    
  0.4375000      0.9875000      0.9415773    
  0.4625000      0.9875000      0.9533711    
  0.4875000      0.9875000      0.9592871    
  0.5125000      0.9875000      0.9592888    
  0.5375000      0.9875000      0.9533763    
  0.5625000      0.9875000      0.9415857    
  0.5875000      0.9875000      0.9239900    
  0.6125000      0.9875000      0.9006974    
  0.6375000      0.9875000      0.8718516    
  0.6625000      0.9875000      0.8376305    
  0.6875000      0.9875000      0.7982449    
  0.7125000      0.9875000      0.7539378    
  0.7375000      0.9875000      0.7049822    
  0.7625000      0.9875000      0.6516799    
  0.7875000      0.9875000      0.5943597    
  0.8125000      0.9875000      0.5333748    
  0.8375000      0.9875000      0.4691013    
  0.8625000      0.9875000      0.4019353    
  0.8875000      0.9875000      0.3322910    
  0.9125000      0.9875000      0.2605979    
  0.9375000      0.9875000      0.1872979    
  0.9625000      0.9875000      0.1128429    
  0.9875000      0.9875000      3.7691794E-02
   1.000000      0.9875000      0.0000000E+00
 
  0.0000000E+00   1.000000      0.0000000E+00
  1.2500000E-02   1.000000      3.9259814E-02
  3.7500001E-02   1.000000      0.1175374    
  6.2500000E-02   1.000000      0.1950903    
  8.7500006E-02   1.000000      0.2714404    
  0.1125000       1.000000      0.3461170    
  0.1375000       1.000000      0.4186597    
  0.1625000       1.000000      0.4886212    
  0.1875000       1.000000      0.5555702    
  0.2125000       1.000000      0.6190940    
  0.2375000       1.000000      0.6788008    
  0.2625000       1.000000      0.7343224    
  0.2875000       1.000000      0.7853169    
  0.3125000       1.000000      0.8314696    
  0.3375000       1.000000      0.8724959    
  0.3625000       1.000000      0.9081432    
  0.3875000       1.000000      0.9381913    
  0.4125000       1.000000      0.9624552    
  0.4375000       1.000000      0.9807853    
  0.4625000       1.000000      0.9930685    
  0.4875000       1.000000      0.9992290    
  0.5125000       1.000000      0.9992290    
  0.5375000       1.000000      0.9930685    
  0.5625000       1.000000      0.9807853    
  0.5875000       1.000000      0.9624553    
  0.6125000       1.000000      0.9381914    
  0.6375000       1.000000      0.9081432    
  0.6625000       1.000000      0.8724960    
  0.6875000       1.000000      0.8314697    
  0.7125000       1.000000      0.7853171    
  0.7375000       1.000000      0.7343227    
  0.7625000       1.000000      0.6788008    
  0.7875000       1.000000      0.6190941    
  0.8125000       1.000000      0.5555704    
  0.8375000       1.000000      0.4886216    
  0.8625000       1.000000      0.4186598    
  0.8875000       1.000000      0.3461171    
  0.9125000       1.000000      0.2714405    
  0.9375000       1.000000      0.1950905    
  0.9625000       1.000000      0.1175376    
  0.9875000       1.000000      3.9259747E-02
   1.000000       1.000000     -8.7422777E-08
 
