   0.00000000       0.00000000       0.00000000    
   2.50000004E-02   0.00000000       0.00000000    
   7.50000030E-02   0.00000000       0.00000000    
  0.125000000       0.00000000       0.00000000    
  0.175000012       0.00000000       0.00000000    
  0.224999994       0.00000000       0.00000000    
  0.275000006       0.00000000       0.00000000    
  0.324999988       0.00000000       0.00000000    
  0.375000000       0.00000000       0.00000000    
  0.425000012       0.00000000       0.00000000    
  0.475000024       0.00000000       0.00000000    
  0.524999976       0.00000000       0.00000000    
  0.575000048       0.00000000       0.00000000    
  0.625000000       0.00000000       0.00000000    
  0.675000012       0.00000000       0.00000000    
  0.725000024       0.00000000       0.00000000    
  0.774999976       0.00000000       0.00000000    
  0.825000048       0.00000000       0.00000000    
  0.875000000       0.00000000       0.00000000    
  0.925000012       0.00000000       0.00000000    
  0.975000024       0.00000000       0.00000000    
   1.00000000       0.00000000      -0.00000000    
 
   0.00000000       2.50000004E-02   0.00000000    
   2.50000004E-02   2.50000004E-02   5.34127583E-04
   7.50000030E-02   2.50000004E-02   1.58923096E-03
  0.125000000       2.50000004E-02   2.60520191E-03
  0.175000012       2.50000004E-02   3.55702429E-03
  0.224999994       2.50000004E-02   4.42126067E-03
  0.275000006       2.50000004E-02   5.17663127E-03
  0.324999988       2.50000004E-02   5.80453547E-03
  0.375000000       2.50000004E-02   6.28951332E-03
  0.425000012       2.50000004E-02   6.61962247E-03
  0.475000024       2.50000004E-02   6.78673480E-03
  0.524999976       2.50000004E-02   6.78673433E-03
  0.575000048       2.50000004E-02   6.61962200E-03
  0.625000000       2.50000004E-02   6.28951332E-03
  0.675000012       2.50000004E-02   5.80453547E-03
  0.725000024       2.50000004E-02   5.17663034E-03
  0.774999976       2.50000004E-02   4.42126067E-03
  0.825000048       2.50000004E-02   3.55702196E-03
  0.875000000       2.50000004E-02   2.60520075E-03
  0.925000012       2.50000004E-02   1.58922921E-03
  0.975000024       2.50000004E-02   5.34127175E-04
   1.00000000       2.50000004E-02  -5.95149818E-10
 
   0.00000000       7.50000030E-02   0.00000000    
   2.50000004E-02   7.50000030E-02   1.61558914E-03
   7.50000030E-02   7.50000030E-02   4.80698654E-03
  0.125000000       7.50000030E-02   7.88001996E-03
  0.175000012       7.50000030E-02   1.07590212E-02
  0.224999994       7.50000030E-02   1.33730983E-02
  0.275000006       7.50000030E-02   1.56578869E-02
  0.324999988       7.50000030E-02   1.75571255E-02
  0.375000000       7.50000030E-02   1.90240480E-02
  0.425000012       7.50000030E-02   2.00225376E-02
  0.475000024       7.50000030E-02   2.05280073E-02
  0.524999976       7.50000030E-02   2.05280054E-02
  0.575000048       7.50000030E-02   2.00225376E-02
  0.625000000       7.50000030E-02   1.90240480E-02
  0.675000012       7.50000030E-02   1.75571237E-02
  0.725000024       7.50000030E-02   1.56578831E-02
  0.774999976       7.50000030E-02   1.33730983E-02
  0.825000048       7.50000030E-02   1.07590137E-02
  0.875000000       7.50000030E-02   7.88001623E-03
  0.925000012       7.50000030E-02   4.80698142E-03
  0.975000024       7.50000030E-02   1.61558797E-03
   1.00000000       7.50000030E-02  -1.80016457E-09
 
   0.00000000      0.125000000       0.00000000    
   2.50000004E-02  0.125000000       2.73699546E-03
   7.50000030E-02  0.125000000       8.14359263E-03
  0.125000000      0.125000000       1.33496672E-02
  0.175000012      0.125000000       1.82270296E-02
  0.224999994      0.125000000       2.26555783E-02
  0.275000006      0.125000000       2.65262779E-02
  0.324999988      0.125000000       2.97438055E-02
  0.375000000      0.125000000       3.22289467E-02
  0.425000012      0.125000000       3.39205004E-02
  0.475000024      0.125000000       3.47768255E-02
  0.524999976      0.125000000       3.47768217E-02
  0.575000048      0.125000000       3.39205004E-02
  0.625000000      0.125000000       3.22289467E-02
  0.675000012      0.125000000       2.97438037E-02
  0.725000024      0.125000000       2.65262704E-02
  0.774999976      0.125000000       2.26555783E-02
  0.825000048      0.125000000       1.82270166E-02
  0.875000000      0.125000000       1.33496607E-02
  0.925000012      0.125000000       8.14358424E-03
  0.975000024      0.125000000       2.73699337E-03
   1.00000000      0.125000000      -3.04968761E-09
 
   0.00000000      0.175000012       0.00000000    
   2.50000004E-02  0.175000012       3.92607413E-03
   7.50000030E-02  0.175000012       1.16815511E-02
  0.125000000      0.175000012       1.91493873E-02
  0.175000012      0.175000012       2.61457041E-02
  0.224999994      0.175000012       3.24982218E-02
  0.275000006      0.175000012       3.80505323E-02
  0.324999988      0.175000012       4.26659063E-02
  0.375000000      0.175000012       4.62307073E-02
  0.425000012      0.175000012       4.86571528E-02
  0.475000024      0.175000012       4.98855039E-02
  0.524999976      0.175000012       4.98855002E-02
  0.575000048      0.175000012       4.86571528E-02
  0.625000000      0.175000012       4.62307073E-02
  0.675000012      0.175000012       4.26659025E-02
  0.725000024      0.175000012       3.80505249E-02
  0.774999976      0.175000012       3.24982218E-02
  0.825000048      0.175000012       2.61456855E-02
  0.875000000      0.175000012       1.91493779E-02
  0.925000012      0.175000012       1.16815381E-02
  0.975000024      0.175000012       3.92607134E-03
   1.00000000      0.175000012      -4.37461445E-09
 
   0.00000000      0.224999994       0.00000000    
   2.50000004E-02  0.224999994       5.21222269E-03
   7.50000030E-02  0.224999994       1.55083276E-02
  0.125000000      0.224999994       2.54225638E-02
  0.175000012      0.224999994       3.47108133E-02
  0.224999994      0.224999994       4.31443639E-02
  0.275000006      0.224999994       5.05155623E-02
  0.324999988      0.224999994       5.66428937E-02
  0.375000000      0.224999994       6.13754913E-02
  0.425000012      0.224999994       6.45968243E-02
  0.475000024      0.224999994       6.62275702E-02
  0.524999976      0.224999994       6.62275627E-02
  0.575000048      0.224999994       6.45968243E-02
  0.625000000      0.224999994       6.13754913E-02
  0.675000012      0.224999994       5.66428900E-02
  0.725000024      0.224999994       5.05155511E-02
  0.774999976      0.224999994       4.31443639E-02
  0.825000048      0.224999994       3.47107910E-02
  0.875000000      0.224999994       2.54225526E-02
  0.925000012      0.224999994       1.55083109E-02
  0.975000024      0.224999994       5.21221897E-03
   1.00000000      0.224999994      -5.80770099E-09
 
   0.00000000      0.275000006       0.00000000    
   2.50000004E-02  0.275000006       6.62724394E-03
   7.50000030E-02  0.275000006       1.97185483E-02
  0.125000000      0.275000006       3.23243141E-02
  0.175000012      0.275000006       4.41341512E-02
  0.224999994      0.275000006       5.48572540E-02
  0.275000006      0.275000006       6.42295927E-02
  0.324999988      0.275000006       7.20203817E-02
  0.375000000      0.275000006       7.80377910E-02
  0.425000012      0.275000006       8.21336582E-02
  0.475000024      0.275000006       8.42071176E-02
  0.524999976      0.275000006       8.42071101E-02
  0.575000048      0.275000006       8.21336508E-02
  0.625000000      0.275000006       7.80377910E-02
  0.675000012      0.275000006       7.20203742E-02
  0.725000024      0.275000006       6.42295778E-02
  0.774999976      0.275000006       5.48572540E-02
  0.825000048      0.275000006       4.41341214E-02
  0.875000000      0.275000006       3.23242992E-02
  0.925000012      0.275000006       1.97185278E-02
  0.975000024      0.275000006       6.62723882E-03
   1.00000000      0.275000006      -7.38438333E-09
 
   0.00000000      0.324999988       0.00000000    
   2.50000004E-02  0.324999988       8.20612162E-03
   7.50000030E-02  0.324999988       2.44163033E-02
  0.125000000      0.324999988       4.00252715E-02
  0.175000012      0.324999988       5.46486899E-02
  0.224999994      0.324999988       6.79264665E-02
  0.275000006      0.324999988       7.95316771E-02
  0.324999988      0.324999988       8.91785473E-02
  0.375000000      0.324999988       9.66295451E-02
  0.425000012      0.324999988      0.101701207    
  0.475000024      0.324999988      0.104268655    
  0.524999976      0.324999988      0.104268648    
  0.575000048      0.324999988      0.101701207    
  0.625000000      0.324999988       9.66295451E-02
  0.675000012      0.324999988       8.91785398E-02
  0.725000024      0.324999988       7.95316622E-02
  0.774999976      0.324999988       6.79264665E-02
  0.825000048      0.324999988       5.46486527E-02
  0.875000000      0.324999988       4.00252528E-02
  0.925000012      0.324999988       2.44162772E-02
  0.975000024      0.324999988       8.20611510E-03
   1.00000000      0.324999988      -9.14364229E-09
 
   0.00000000      0.375000000       0.00000000    
   2.50000004E-02  0.375000000       9.98789351E-03
   7.50000030E-02  0.375000000       2.97177471E-02
  0.125000000      0.375000000       4.87158485E-02
  0.175000012      0.375000000       6.65144026E-02
  0.224999994      0.375000000       8.26751441E-02
  0.275000006      0.375000000       9.68001708E-02
  0.324999988      0.375000000      0.108541630    
  0.375000000      0.375000000      0.117610447    
  0.425000012      0.375000000      0.123783305    
  0.475000024      0.375000000      0.126908213    
  0.524999976      0.375000000      0.126908213    
  0.575000048      0.375000000      0.123783298    
  0.625000000      0.375000000      0.117610447    
  0.675000012      0.375000000      0.108541623    
  0.725000024      0.375000000       9.68001485E-02
  0.774999976      0.375000000       8.26751441E-02
  0.825000048      0.375000000       6.65143579E-02
  0.875000000      0.375000000       4.87158224E-02
  0.925000012      0.375000000       2.97177136E-02
  0.975000024      0.375000000       9.98788513E-03
   1.00000000      0.375000000      -1.11289751E-08
 
   0.00000000      0.425000012       0.00000000    
   2.50000004E-02  0.425000012       1.20166158E-02
   7.50000030E-02  0.425000012       3.57539617E-02
  0.125000000      0.425000012       5.86109236E-02
  0.175000012      0.425000012       8.00246894E-02
  0.224999994      0.425000012       9.94679779E-02
  0.275000006      0.425000012      0.116462044    
  0.324999988      0.425000012      0.130588412    
  0.375000000      0.425000012      0.141499266    
  0.425000012      0.425000012      0.148925945    
  0.475000024      0.425000012      0.152685583    
  0.524999976      0.425000012      0.152685568    
  0.575000048      0.425000012      0.148925945    
  0.625000000      0.425000012      0.141499266    
  0.675000012      0.425000012      0.130588412    
  0.725000024      0.425000012      0.116462015    
  0.774999976      0.425000012       9.94679779E-02
  0.825000048      0.425000012       8.00246373E-02
  0.875000000      0.425000012       5.86108938E-02
  0.925000012      0.425000012       3.57539244E-02
  0.975000024      0.425000012       1.20166065E-02
   1.00000000      0.425000012      -1.33894726E-08
 
   0.00000000      0.475000024       0.00000000    
   2.50000004E-02  0.475000024       1.43424459E-02
   7.50000030E-02  0.475000024       4.26741801E-02
  0.125000000      0.475000024       6.99551329E-02
  0.175000012      0.475000024       9.55135599E-02
  0.224999994      0.475000024      0.118720114    
  0.275000006      0.475000024      0.139003411    
  0.324999988      0.475000024      0.155863956    
  0.375000000      0.475000024      0.168886617    
  0.425000012      0.475000024      0.177750736    
  0.475000024      0.475000024      0.182238042    
  0.524999976      0.475000024      0.182238042    
  0.575000048      0.475000024      0.177750722    
  0.625000000      0.475000024      0.168886617    
  0.675000012      0.475000024      0.155863941    
  0.725000024      0.475000024      0.139003366    
  0.774999976      0.475000024      0.118720114    
  0.825000048      0.475000024       9.55134928E-02
  0.875000000      0.475000024       6.99551031E-02
  0.925000012      0.475000024       4.26741354E-02
  0.975000024      0.475000024       1.43424347E-02
   1.00000000      0.475000024      -1.59810192E-08
 
   0.00000000      0.524999976       0.00000000    
   2.50000004E-02  0.524999976       1.70228854E-02
   7.50000030E-02  0.524999976       5.06495014E-02
  0.125000000      0.524999976       8.30289498E-02
  0.175000012      0.524999976      0.113363959    
  0.224999994      0.524999976      0.140907556    
  0.275000006      0.524999976      0.164981559    
  0.324999988      0.524999976      0.184993148    
  0.375000000      0.524999976      0.200449601    
  0.425000012      0.524999976      0.210970327    
  0.475000024      0.524999976      0.216296270    
  0.524999976      0.524999976      0.216296256    
  0.575000048      0.524999976      0.210970312    
  0.625000000      0.524999976      0.200449601    
  0.675000012      0.524999976      0.184993133    
  0.725000024      0.524999976      0.164981529    
  0.774999976      0.524999976      0.140907556    
  0.825000048      0.524999976      0.113363884    
  0.875000000      0.524999976       8.30289125E-02
  0.925000012      0.524999976       5.06494455E-02
  0.975000024      0.524999976       1.70228723E-02
   1.00000000      0.524999976      -1.89676914E-08
 
   0.00000000      0.575000048       0.00000000    
   2.50000004E-02  0.575000048       2.01242212E-02
   7.50000030E-02  0.575000048       5.98771423E-02
  0.125000000      0.575000048       9.81556848E-02
  0.175000012      0.575000048      0.134017318    
  0.224999994      0.575000048      0.166578978    
  0.275000006      0.575000048      0.195038930    
  0.324999988      0.575000048      0.218696356    
  0.375000000      0.575000048      0.236968771    
  0.425000012      0.575000048      0.249406219    
  0.475000024      0.575000048      0.255702466    
  0.524999976      0.575000048      0.255702466    
  0.575000048      0.575000048      0.249406204    
  0.625000000      0.575000048      0.236968771    
  0.675000012      0.575000048      0.218696341    
  0.725000024      0.575000048      0.195038885    
  0.774999976      0.575000048      0.166578978    
  0.825000048      0.575000048      0.134017229    
  0.875000000      0.575000048       9.81556401E-02
  0.925000012      0.575000048       5.98770790E-02
  0.975000024      0.575000048       2.01242063E-02
   1.00000000      0.575000048      -2.24233432E-08
 
   0.00000000      0.625000000       0.00000000    
   2.50000004E-02  0.625000000       2.37231143E-02
   7.50000030E-02  0.625000000       7.05852062E-02
  0.125000000      0.625000000      0.115709253    
  0.175000012      0.625000000      0.157984152    
  0.224999994      0.625000000      0.196368948    
  0.275000006      0.625000000      0.229918510    
  0.324999988      0.625000000      0.257806689    
  0.375000000      0.625000000      0.279346824    
  0.425000012      0.625000000      0.294008523    
  0.475000024      0.625000000      0.301430762    
  0.524999976      0.625000000      0.301430732    
  0.575000048      0.625000000      0.294008493    
  0.625000000      0.625000000      0.279346824    
  0.675000012      0.625000000      0.257806659    
  0.725000024      0.625000000      0.229918465    
  0.774999976      0.625000000      0.196368948    
  0.825000048      0.625000000      0.157984048    
  0.875000000      0.625000000      0.115709201    
  0.925000012      0.625000000       7.05851316E-02
  0.975000024      0.625000000       2.37230975E-02
   1.00000000      0.625000000      -2.64333977E-08
 
   0.00000000      0.675000012       0.00000000    
   2.50000004E-02  0.675000012       2.79085636E-02
   7.50000030E-02  0.675000012       8.30385014E-02
  0.125000000      0.675000012      0.136123732    
  0.175000012      0.675000012      0.185857177    
  0.224999994      0.675000012      0.231014147    
  0.275000006      0.675000012      0.270482838    
  0.324999988      0.675000012      0.303291321    
  0.375000000      0.675000012      0.328631759    
  0.425000012      0.675000012      0.345880181    
  0.475000024      0.675000012      0.354611933    
  0.524999976      0.675000012      0.354611903    
  0.575000048      0.675000012      0.345880181    
  0.625000000      0.675000012      0.328631759    
  0.675000012      0.675000012      0.303291291    
  0.725000024      0.675000012      0.270482779    
  0.774999976      0.675000012      0.231014147    
  0.825000048      0.675000012      0.185857043    
  0.875000000      0.675000012      0.136123672    
  0.925000012      0.675000012       8.30384046E-02
  0.975000024      0.675000012       2.79085431E-02
   1.00000000      0.675000012      -3.10970201E-08
 
   0.00000000      0.725000024       0.00000000    
   2.50000004E-02  0.725000024       3.27840485E-02
   7.50000030E-02  0.725000024       9.75448936E-02
  0.125000000      0.725000024      0.159903854    
  0.175000012      0.725000024      0.218325466    
  0.224999994      0.725000024      0.271371126    
  0.275000006      0.725000024      0.317734808    
  0.324999988      0.725000024      0.356274724    
  0.375000000      0.725000024      0.386042029    
  0.425000012      0.725000024      0.406303674    
  0.475000024      0.725000024      0.416560799    
  0.524999976      0.725000024      0.416560799    
  0.575000048      0.725000024      0.406303644    
  0.625000000      0.725000024      0.386042029    
  0.675000012      0.725000024      0.356274724    
  0.725000024      0.725000024      0.317734718    
  0.774999976      0.725000024      0.271371126    
  0.825000048      0.725000024      0.218325317    
  0.875000000      0.725000024      0.159903780    
  0.925000012      0.725000024       9.75447893E-02
  0.975000024      0.725000024       3.27840224E-02
   1.00000000      0.725000024      -3.65295101E-08
 
   0.00000000      0.774999976       0.00000000    
   2.50000004E-02  0.774999976       3.84700969E-02
   7.50000030E-02  0.774999976      0.114463039    
  0.125000000      0.774999976      0.187637508    
  0.175000012      0.774999976      0.256191730    
  0.224999994      0.774999976      0.318437636    
  0.275000006      0.774999976      0.372842580    
  0.324999988      0.774999976      0.418066859    
  0.375000000      0.774999976      0.452996969    
  0.425000012      0.774999976      0.476772815    
  0.475000024      0.774999976      0.488808930    
  0.524999976      0.774999976      0.488808900    
  0.575000048      0.774999976      0.476772785    
  0.625000000      0.774999976      0.452996969    
  0.675000012      0.774999976      0.418066829    
  0.725000024      0.774999976      0.372842520    
  0.774999976      0.774999976      0.318437636    
  0.825000048      0.774999976      0.256191552    
  0.875000000      0.774999976      0.187637419    
  0.925000012      0.774999976      0.114462920    
  0.975000024      0.774999976       3.84700671E-02
   1.00000000      0.774999976      -4.28651710E-08
 
   0.00000000      0.825000048       0.00000000    
   2.50000004E-02  0.825000048       4.51073311E-02
   7.50000030E-02  0.825000048      0.134211317    
  0.125000000      0.825000048      0.220010549    
  0.175000012      0.825000048      0.300392419    
  0.224999994      0.825000048      0.373377562    
  0.275000006      0.825000048      0.437169015    
  0.324999988      0.825000048      0.490195811    
  0.375000000      0.825000048      0.531152427    
  0.425000012      0.825000048      0.559030294    
  0.475000024      0.825000048      0.573143005    
  0.524999976      0.825000048      0.573142946    
  0.575000048      0.825000048      0.559030235    
  0.625000000      0.825000048      0.531152427    
  0.675000012      0.825000048      0.490195781    
  0.725000024      0.825000048      0.437168896    
  0.774999976      0.825000048      0.373377562    
  0.825000048      0.825000048      0.300392210    
  0.875000000      0.825000048      0.220010445    
  0.925000012      0.825000048      0.134211168    
  0.975000024      0.825000048       4.51072976E-02
   1.00000000      0.825000048      -5.02606845E-08
 
   0.00000000      0.875000000       0.00000000    
   2.50000004E-02  0.875000000       5.28598204E-02
   7.50000030E-02  0.875000000      0.157277882    
  0.125000000      0.875000000      0.257823229    
  0.175000012      0.875000000      0.352020144    
  0.224999994      0.875000000      0.437549084    
  0.275000006      0.875000000      0.512304187    
  0.324999988      0.875000000      0.574444592    
  0.375000000      0.875000000      0.622440279    
  0.425000012      0.875000000      0.655109465    
  0.475000024      0.875000000      0.671647668    
  0.524999976      0.875000000      0.671647668    
  0.575000048      0.875000000      0.655109406    
  0.625000000      0.875000000      0.622440279    
  0.675000012      0.875000000      0.574444532    
  0.725000024      0.875000000      0.512304068    
  0.774999976      0.875000000      0.437549084    
  0.825000048      0.875000000      0.352019876    
  0.875000000      0.875000000      0.257823110    
  0.925000012      0.875000000      0.157277718    
  0.975000024      0.875000000       5.28597794E-02
   1.00000000      0.875000000      -5.88988698E-08
 
   0.00000000      0.925000012       0.00000000    
   2.50000004E-02  0.925000012       6.19192608E-02
   7.50000030E-02  0.925000012      0.184233144    
  0.125000000      0.925000012      0.302010566    
  0.175000012      0.925000012      0.412351519    
  0.224999994      0.925000012      0.512538910    
  0.275000006      0.925000012      0.600106061    
  0.324999988      0.925000012      0.672896445    
  0.375000000      0.925000012      0.729117930    
  0.425000012      0.925000012      0.767386138    
  0.475000024      0.925000012      0.786758840    
  0.524999976      0.925000012      0.786758780    
  0.575000048      0.925000012      0.767386138    
  0.625000000      0.925000012      0.729117930    
  0.675000012      0.925000012      0.672896385    
  0.725000024      0.925000012      0.600105882    
  0.774999976      0.925000012      0.512538910    
  0.825000048      0.925000012      0.412351221    
  0.875000000      0.925000012      0.302010417    
  0.925000012      0.925000012      0.184232935    
  0.975000024      0.925000012       6.19192161E-02
   1.00000000      0.925000012      -6.89933231E-08
 
   0.00000000      0.975000024       0.00000000    
   2.50000004E-02  0.975000024       7.25096315E-02
   7.50000030E-02  0.975000024      0.215743482    
  0.125000000      0.975000024      0.353664994    
  0.175000012      0.975000024      0.482878119    
  0.224999994      0.975000024      0.600201130    
  0.275000006      0.975000024      0.702745259    
  0.324999988      0.975000024      0.787985384    
  0.375000000      0.975000024      0.853822708    
  0.425000012      0.975000024      0.898636162    
  0.475000024      0.975000024      0.921322227    
  0.524999976      0.975000024      0.921322167    
  0.575000048      0.975000024      0.898636103    
  0.625000000      0.975000024      0.853822708    
  0.675000012      0.975000024      0.787985325    
  0.725000024      0.975000024      0.702745080    
  0.774999976      0.975000024      0.600201130    
  0.825000048      0.975000024      0.482877791    
  0.875000000      0.975000024      0.353664815    
  0.925000012      0.975000024      0.215743244    
  0.975000024      0.975000024       7.25095794E-02
   1.00000000      0.975000024      -8.07936047E-08
 
   0.00000000       1.00000000       0.00000000    
   2.50000004E-02   1.00000000       7.84590989E-02
   7.50000030E-02   1.00000000      0.233445391    
  0.125000000       1.00000000      0.382683456    
  0.175000012       1.00000000      0.522498608    
  0.224999994       1.00000000      0.649448037    
  0.275000006       1.00000000      0.760406017    
  0.324999988       1.00000000      0.852640152    
  0.375000000       1.00000000      0.923879504    
  0.425000012       1.00000000      0.972369909    
  0.475000024       1.00000000      0.996917367    
  0.524999976       1.00000000      0.996917307    
  0.575000048       1.00000000      0.972369850    
  0.625000000       1.00000000      0.923879504    
  0.675000012       1.00000000      0.852640092    
  0.725000024       1.00000000      0.760405838    
  0.774999976       1.00000000      0.649448037    
  0.825000048       1.00000000      0.522498250    
  0.875000000       1.00000000      0.382683277    
  0.925000012       1.00000000      0.233445138    
  0.975000024       1.00000000       7.84590393E-02
   1.00000000       1.00000000      -8.74227766E-08
 
