   0.00000000       0.00000000       0.00000000    
  0.125000000       0.00000000       1.25000002E-02
  0.375000000       0.00000000       3.75000015E-02
  0.625000000       0.00000000       6.25000000E-02
  0.875000000       0.00000000       8.74999985E-02
   1.12500000       0.00000000      0.112499997    
   1.37500000       0.00000000      0.137500003    
   1.62500000       0.00000000      0.162499994    
   1.87500000       0.00000000      0.187500000    
   2.12500000       0.00000000      0.212500006    
   2.37500000       0.00000000      0.237499997    
   2.62500000       0.00000000      0.262499988    
   2.87500000       0.00000000      0.287499994    
   3.12500000       0.00000000      0.312500000    
   3.37500000       0.00000000      0.337500006    
   3.62500000       0.00000000      0.362500012    
   3.87500000       0.00000000      0.387499988    
   4.12500000       0.00000000      0.412499994    
   4.37500000       0.00000000      0.437500000    
   4.62500000       0.00000000      0.462500006    
   4.87500000       0.00000000      0.487500012    
   5.12500000       0.00000000      0.512499988    
   5.37500000       0.00000000      0.537500024    
   5.62500000       0.00000000      0.562500000    
   5.87500000       0.00000000      0.587499976    
   6.12500000       0.00000000      0.612500012    
   6.37500000       0.00000000      0.637499988    
   6.62500000       0.00000000      0.662500024    
   6.87500000       0.00000000      0.687500000    
   7.12500000       0.00000000      0.712499976    
   7.37500000       0.00000000      0.737500012    
   7.62500000       0.00000000      0.762499988    
   7.87500000       0.00000000      0.787500024    
   8.12500000       0.00000000      0.812500000    
   8.37500000       0.00000000      0.837499976    
   8.62500000       0.00000000      0.862500012    
   8.87500000       0.00000000      0.887499988    
   9.12500000       0.00000000      0.912500024    
   9.37500000       0.00000000      0.937500000    
   9.62500000       0.00000000      0.962499976    
   9.87500000       0.00000000      0.987500012    
   10.0000000       0.00000000       1.00000000    
 
   0.00000000       1.25000002E-02   0.00000000    
  0.125000000       1.25000002E-02   1.08878212E-02
  0.375000000       1.25000002E-02   3.39788534E-02
  0.625000000       1.25000002E-02   5.74616790E-02
  0.875000000       1.25000002E-02   8.11463520E-02
   1.12500000       1.25000002E-02  0.104958422    
   1.37500000       1.25000002E-02  0.128858760    
   1.62500000       1.25000002E-02  0.152822942    
   1.87500000       1.25000002E-02  0.176834002    
   2.12500000       1.25000002E-02  0.200879231    
   2.37500000       1.25000002E-02  0.224948958    
   2.62500000       1.25000002E-02  0.249035776    
   2.87500000       1.25000002E-02  0.273134142    
   3.12500000       1.25000002E-02  0.297239989    
   3.37500000       1.25000002E-02  0.321350604    
   3.62500000       1.25000002E-02  0.345464110    
   3.87500000       1.25000002E-02  0.369579315    
   4.12500000       1.25000002E-02  0.393695474    
   4.37500000       1.25000002E-02  0.417811990    
   4.62500000       1.25000002E-02  0.441928864    
   4.87500000       1.25000002E-02  0.466045976    
   5.12500000       1.25000002E-02  0.490163118    
   5.37500000       1.25000002E-02  0.514280379    
   5.62500000       1.25000002E-02  0.538397491    
   5.87500000       1.25000002E-02  0.562514663    
   6.12500000       1.25000002E-02  0.586631835    
   6.37500000       1.25000002E-02  0.610748887    
   6.62500000       1.25000002E-02  0.634866118    
   6.87500000       1.25000002E-02  0.658983171    
   7.12500000       1.25000002E-02  0.683100343    
   7.37500000       1.25000002E-02  0.707217813    
   7.62500000       1.25000002E-02  0.731334805    
   7.87500000       1.25000002E-02  0.755451918    
   8.12500000       1.25000002E-02  0.779568970    
   8.37500000       1.25000002E-02  0.803686261    
   8.62500000       1.25000002E-02  0.827803433    
   8.87500000       1.25000002E-02  0.851920605    
   9.12500000       1.25000002E-02  0.876039445    
   9.37500000       1.25000002E-02  0.900183022    
   9.62500000       1.25000002E-02  0.924710691    
   9.87500000       1.25000002E-02  0.954655468    
   10.0000000       1.25000002E-02   1.00000000    
 
   0.00000000       3.75000015E-02   0.00000000    
  0.125000000       3.75000015E-02   7.91911501E-03
  0.375000000       3.75000015E-02   2.72176936E-02
  0.625000000       3.75000015E-02   4.76729721E-02
  0.875000000       3.75000015E-02   6.87304959E-02
   1.12500000       3.75000015E-02   9.01691318E-02
   1.37500000       3.75000015E-02  0.111872412    
   1.62500000       3.75000015E-02  0.133767590    
   1.87500000       3.75000015E-02  0.155803844    
   2.12500000       3.75000015E-02  0.177943230    
   2.37500000       3.75000015E-02  0.200156763    
   2.62500000       3.75000015E-02  0.222422108    
   2.87500000       3.75000015E-02  0.244722664    
   3.12500000       3.75000015E-02  0.267046243    
   3.37500000       3.75000015E-02  0.289384484    
   3.62500000       3.75000015E-02  0.311731547    
   3.87500000       3.75000015E-02  0.334083766    
   4.12500000       3.75000015E-02  0.356438994    
   4.37500000       3.75000015E-02  0.378795624    
   4.62500000       3.75000015E-02  0.401153237    
   4.87500000       3.75000015E-02  0.423511446    
   5.12500000       3.75000015E-02  0.445869625    
   5.37500000       3.75000015E-02  0.468228012    
   5.62500000       3.75000015E-02  0.490586340    
   5.87500000       3.75000015E-02  0.512944698    
   6.12500000       3.75000015E-02  0.535303116    
   6.37500000       3.75000015E-02  0.557661414    
   6.62500000       3.75000015E-02  0.580019891    
   6.87500000       3.75000015E-02  0.602378249    
   7.12500000       3.75000015E-02  0.624736547    
   7.37500000       3.75000015E-02  0.647095084    
   7.62500000       3.75000015E-02  0.669453621    
   7.87500000       3.75000015E-02  0.691811860    
   8.12500000       3.75000015E-02  0.714170218    
   8.37500000       3.75000015E-02  0.736528635    
   8.62500000       3.75000015E-02  0.758886933    
   8.87500000       3.75000015E-02  0.781245589    
   9.12500000       3.75000015E-02  0.803608656    
   9.37500000       3.75000015E-02  0.826042593    
   9.62500000       3.75000015E-02  0.849584877    
   9.87500000       3.75000015E-02  0.888905942    
   10.0000000       3.75000015E-02   1.00000000    
 
   0.00000000       6.25000000E-02   0.00000000    
  0.125000000       6.25000000E-02   5.48746902E-03
  0.375000000       6.25000000E-02   2.11416148E-02
  0.625000000       6.25000000E-02   3.86168547E-02
  0.875000000       6.25000000E-02   5.70718795E-02
   1.12500000       6.25000000E-02   7.61534870E-02
   1.37500000       6.25000000E-02   9.56728086E-02
   1.62500000       6.25000000E-02  0.115511060    
   1.87500000       6.25000000E-02  0.135584831    
   2.12500000       6.25000000E-02  0.155831650    
   2.37500000       6.25000000E-02  0.176203564    
   2.62500000       6.25000000E-02  0.196663439    
   2.87500000       6.25000000E-02  0.217183426    
   3.12500000       6.25000000E-02  0.237742946    
   3.37500000       6.25000000E-02  0.258327812    
   3.62500000       6.25000000E-02  0.278928101    
   3.87500000       6.25000000E-02  0.299537480    
   4.12500000       6.25000000E-02  0.320152014    
   4.37500000       6.25000000E-02  0.340769261    
   4.62500000       6.25000000E-02  0.361388087    
   4.87500000       6.25000000E-02  0.382007837    
   5.12500000       6.25000000E-02  0.402627736    
   5.37500000       6.25000000E-02  0.423247814    
   5.62500000       6.25000000E-02  0.443867952    
   5.87500000       6.25000000E-02  0.464488357    
   6.12500000       6.25000000E-02  0.485108554    
   6.37500000       6.25000000E-02  0.505728602    
   6.62500000       6.25000000E-02  0.526349008    
   6.87500000       6.25000000E-02  0.546969116    
   7.12500000       6.25000000E-02  0.567589462    
   7.37500000       6.25000000E-02  0.588209629    
   7.62500000       6.25000000E-02  0.608830094    
   7.87500000       6.25000000E-02  0.629450023    
   8.12500000       6.25000000E-02  0.650070310    
   8.37500000       6.25000000E-02  0.670690536    
   8.62500000       6.25000000E-02  0.691310644    
   8.87500000       6.25000000E-02  0.711931348    
   9.12500000       6.25000000E-02  0.732558668    
   9.37500000       6.25000000E-02  0.753295660    
   9.62500000       6.25000000E-02  0.775758326    
   9.87500000       6.25000000E-02  0.823275268    
   10.0000000       6.25000000E-02   1.00000000    
 
   0.00000000       8.75000060E-02   0.00000000    
  0.125000000       8.75000060E-02   3.65210650E-03
  0.375000000       8.75000060E-02   1.59646645E-02
  0.625000000       8.75000060E-02   3.05753574E-02
  0.875000000       8.75000060E-02   4.64898497E-02
   1.12500000       8.75000060E-02   6.32553846E-02
   1.37500000       8.75000060E-02   8.06220472E-02
   1.62500000       8.75000060E-02   9.84302312E-02
   1.87500000       8.75000060E-02  0.116566867    
   2.12500000       8.75000060E-02  0.134946600    
   2.37500000       8.75000060E-02  0.153503373    
   2.62500000       8.75000060E-02  0.172185704    
   2.87500000       8.75000060E-02  0.190954506    
   3.12500000       8.75000060E-02  0.209780723    
   3.37500000       8.75000060E-02  0.228643864    
   3.62500000       8.75000060E-02  0.247529849    
   3.87500000       8.75000060E-02  0.266429305    
   4.12500000       8.75000060E-02  0.285336554    
   4.37500000       8.75000060E-02  0.304247975    
   4.62500000       8.75000060E-02  0.323161721    
   4.87500000       8.75000060E-02  0.342076749    
   5.12500000       8.75000060E-02  0.360992104    
   5.37500000       8.75000060E-02  0.379907787    
   5.62500000       8.75000060E-02  0.398823619    
   5.87500000       8.75000060E-02  0.417739630    
   6.12500000       8.75000060E-02  0.436655372    
   6.37500000       8.75000060E-02  0.455571115    
   6.62500000       8.75000060E-02  0.474487215    
   6.87500000       8.75000060E-02  0.493402898    
   7.12500000       8.75000060E-02  0.512319028    
   7.37500000       8.75000060E-02  0.531234741    
   7.62500000       8.75000060E-02  0.550150871    
   7.87500000       8.75000060E-02  0.569066465    
   8.12500000       8.75000060E-02  0.587982357    
   8.37500000       8.75000060E-02  0.606898308    
   8.62500000       8.75000060E-02  0.625814021    
   8.87500000       8.75000060E-02  0.644730449    
   9.12500000       8.75000060E-02  0.663655221    
   9.37500000       8.75000060E-02  0.682718337    
   9.62500000       8.75000060E-02  0.703991711    
   9.87500000       8.75000060E-02  0.758242071    
   10.0000000       8.75000060E-02   1.00000000    
 
   0.00000000      0.112499997       0.00000000    
  0.125000000      0.112499997       2.34985934E-03
  0.375000000      0.112499997       1.17479237E-02
  0.625000000      0.112499997       2.36879922E-02
  0.875000000      0.112499997       3.71719003E-02
   1.12500000      0.112499997       5.16948029E-02
   1.37500000      0.112499997       6.69641122E-02
   1.62500000      0.112499997       8.27881470E-02
   1.87500000      0.112499997       9.90289971E-02
   2.12500000      0.112499997      0.115581378    
   2.37500000      0.112499997      0.132362708    
   2.62500000      0.112499997      0.149308071    
   2.87500000      0.112499997      0.166367322    
   3.12500000      0.112499997      0.183503151    
   3.37500000      0.112499997      0.200688586    
   3.62500000      0.112499997      0.217905000    
   3.87500000      0.112499997      0.235139906    
   4.12500000      0.112499997      0.252385467    
   4.37500000      0.112499997      0.269637048    
   4.62500000      0.112499997      0.286891788    
   4.87500000      0.112499997      0.304148197    
   5.12500000      0.112499997      0.321405262    
   5.37500000      0.112499997      0.338662773    
   5.62500000      0.112499997      0.355920464    
   5.87500000      0.112499997      0.373178154    
   6.12500000      0.112499997      0.390435904    
   6.37500000      0.112499997      0.407693505    
   6.62500000      0.112499997      0.424951464    
   6.87500000      0.112499997      0.442209065    
   7.12500000      0.112499997      0.459467024    
   7.37500000      0.112499997      0.476724565    
   7.62500000      0.112499997      0.493982643    
   7.87500000      0.112499997      0.511240005    
   8.12500000      0.112499997      0.528497875    
   8.37500000      0.112499997      0.545755625    
   8.62500000      0.112499997      0.563013315    
   8.87500000      0.112499997      0.580271780    
   9.12500000      0.112499997      0.597539485    
   9.37500000      0.112499997      0.614964187    
   9.62500000      0.112499997      0.634948671    
   9.87500000      0.112499997      0.694446981    
   10.0000000      0.112499997       1.00000000    
 
   0.00000000      0.137500003       0.00000000    
  0.125000000      0.137500003       1.46987662E-03
  0.375000000      0.137500003       8.44424963E-03
  0.625000000      0.137500003       1.79779921E-02
  0.875000000      0.137500003       2.91920379E-02
   1.12500000      0.137500003       4.15824540E-02
   1.37500000      0.137500003       5.48374914E-02
   1.62500000      0.137500003       6.87453747E-02
   1.87500000      0.137500003       8.31501260E-02
   2.12500000      0.137500003       9.79305953E-02
   2.37500000      0.137500003      0.112990223    
   2.62500000      0.137500003      0.128252015    
   2.87500000      0.137500003      0.143655792    
   3.12500000      0.137500003      0.159155950    
   3.37500000      0.137500003      0.174719229    
   3.62500000      0.137500003      0.190322310    
   3.87500000      0.137500003      0.205949455    
   4.12500000      0.137500003      0.221590519    
   4.37500000      0.137500003      0.237239555    
   4.62500000      0.137500003      0.252892673    
   4.87500000      0.137500003      0.268548042    
   5.12500000      0.137500003      0.284204364    
   5.37500000      0.137500003      0.299861342    
   5.62500000      0.137500003      0.315518498    
   5.87500000      0.137500003      0.331175655    
   6.12500000      0.137500003      0.346832812    
   6.37500000      0.137500003      0.362490028    
   6.62500000      0.137500003      0.378147364    
   6.87500000      0.137500003      0.393804640    
   7.12500000      0.137500003      0.409461826    
   7.37500000      0.137500003      0.425118864    
   7.62500000      0.137500003      0.440776348    
   7.87500000      0.137500003      0.456433326    
   8.12500000      0.137500003      0.472090691    
   8.37500000      0.137500003      0.487747937    
   8.62500000      0.137500003      0.503405154    
   8.87500000      0.137500003      0.519062996    
   9.12500000      0.137500003      0.534730613    
   9.37500000      0.137500003      0.550565183    
   9.62500000      0.137500003      0.569187522    
   9.87500000      0.137500003      0.632579267    
   10.0000000      0.137500003       1.00000000    
 
   0.00000000      0.162499994       0.00000000    
  0.125000000      0.162499994       8.98190541E-04
  0.375000000      0.162499994       5.94223337E-03
  0.625000000      0.162499994       1.33825159E-02
  0.875000000      0.162499994       2.25325935E-02
   1.12500000      0.162499994       3.29368450E-02
   1.37500000      0.162499994       4.42894883E-02
   1.62500000      0.162499994       5.63725084E-02
   1.87500000      0.162499994       6.90201819E-02
   2.12500000      0.162499994       8.21005926E-02
   2.37500000      0.162499994       9.55065563E-02
   2.62500000      0.162499994      0.109151177    
   2.87500000      0.162499994      0.122965254    
   3.12500000      0.162499994      0.136895686    
   3.37500000      0.162499994      0.150903091    
   3.62500000      0.162499994      0.164959490    
   3.87500000      0.162499994      0.179045871    
   4.12500000      0.162499994      0.193149731    
   4.37500000      0.162499994      0.207263649    
   4.62500000      0.162499994      0.221382782    
   4.87500000      0.162499994      0.235504702    
   5.12500000      0.162499994      0.249627963    
   5.37500000      0.162499994      0.263751954    
   5.62500000      0.162499994      0.277876198    
   5.87500000      0.162499994      0.292000502    
   6.12500000      0.162499994      0.306124866    
   6.37500000      0.162499994      0.320249230    
   6.62500000      0.162499994      0.334373683    
   6.87500000      0.162499994      0.348498136    
   7.12500000      0.162499994      0.362622380    
   7.37500000      0.162499994      0.376746774    
   7.62500000      0.162499994      0.390871227    
   7.87500000      0.162499994      0.404995412    
   8.12500000      0.162499994      0.419119716    
   8.37500000      0.162499994      0.433244109    
   8.62500000      0.162499994      0.447368622    
   8.87500000      0.162499994      0.461493582    
   9.12500000      0.162499994      0.475628376    
   9.37500000      0.162499994      0.489932746    
   9.62500000      0.162499994      0.507153690    
   9.87500000      0.162499994      0.573288441    
   10.0000000      0.162499994       1.00000000    
 
   0.00000000      0.187500000       0.00000000    
  0.125000000      0.187500000       5.38510852E-04
  0.375000000      0.187500000       4.10285452E-03
  0.625000000      0.187500000       9.78319254E-03
  0.875000000      0.187500000       1.71081480E-02
   1.12500000      0.187500000       2.57037431E-02
   1.37500000      0.187500000       3.52927335E-02
   1.62500000      0.187500000       4.56649065E-02
   1.87500000      0.187500000       5.66536561E-02
   2.12500000      0.187500000       6.81222454E-02
   2.37500000      0.187500000       7.99568146E-02
   2.62500000      0.187500000       9.20630246E-02
   2.87500000      0.187500000      0.104364455    
   3.12500000      0.187500000      0.116801418    
   3.37500000      0.187500000      0.129328921    
   3.62500000      0.187500000      0.141914636    
   3.87500000      0.187500000      0.154536262    
   4.12500000      0.187500000      0.167179078    
   4.37500000      0.187500000      0.179833993    
   4.62500000      0.187500000      0.192495435    
   4.87500000      0.187500000      0.205160126    
   5.12500000      0.187500000      0.217826650    
   5.37500000      0.187500000      0.230493933    
   5.62500000      0.187500000      0.243161589    
   5.87500000      0.187500000      0.255829364    
   6.12500000      0.187500000      0.268497050    
   6.37500000      0.187500000      0.281164914    
   6.62500000      0.187500000      0.293832719    
   6.87500000      0.187500000      0.306500524    
   7.12500000      0.187500000      0.319168389    
   7.37500000      0.187500000      0.331836104    
   7.62500000      0.187500000      0.344503939    
   7.87500000      0.187500000      0.357171655    
   8.12500000      0.187500000      0.369839400    
   8.37500000      0.187500000      0.382507175    
   8.62500000      0.187500000      0.395175070    
   8.87500000      0.187500000      0.407843441    
   9.12500000      0.187500000      0.420521259    
   9.37500000      0.187500000      0.433366477    
   9.62500000      0.187500000      0.449181139    
   9.87500000      0.187500000      0.517132819    
   10.0000000      0.187500000       1.00000000    
 
   0.00000000      0.212500006       0.00000000    
  0.125000000      0.212500006       3.18041828E-04
  0.375000000      0.212500006       2.78544868E-03
  0.625000000      0.212500006       7.03342864E-03
  0.875000000      0.212500006       1.27890995E-02
   1.12500000      0.212500006       1.97761040E-02
   1.37500000      0.212500006       2.77623609E-02
   1.62500000      0.212500006       3.65577526E-02
   1.87500000      0.212500006       4.60034236E-02
   2.12500000      0.212500006       5.59637956E-02
   2.37500000      0.212500006       6.63225055E-02
   2.62500000      0.212500006       7.69807249E-02
   2.87500000      0.212500006       8.78568366E-02
   3.12500000      0.212500006       9.88857448E-02
   3.37500000      0.212500006      0.110017821    
   3.62500000      0.212500006      0.121216737    
   3.87500000      0.212500006      0.132457241    
   4.12500000      0.212500006      0.143722445    
   4.37500000      0.212500006      0.155001834    
   4.62500000      0.212500006      0.166288912    
   4.87500000      0.212500006      0.177579910    
   5.12500000      0.212500006      0.188872933    
   5.37500000      0.212500006      0.200166807    
   5.62500000      0.212500006      0.211461127    
   5.87500000      0.212500006      0.222755700    
   6.12500000      0.212500006      0.234050155    
   6.37500000      0.212500006      0.245344713    
   6.62500000      0.212500006      0.256639272    
   6.87500000      0.212500006      0.267933756    
   7.12500000      0.212500006      0.279228359    
   7.37500000      0.212500006      0.290522784    
   7.62500000      0.212500006      0.301817358    
   7.87500000      0.212500006      0.313111782    
   8.12500000      0.212500006      0.324406266    
   8.37500000      0.212500006      0.335700721    
   8.62500000      0.212500006      0.346995354    
   8.87500000      0.212500006      0.358290315    
   9.12500000      0.212500006      0.369594187    
   9.37500000      0.212500006      0.381059974    
   9.62500000      0.212500006      0.395494401    
   9.87500000      0.212500006      0.464551419    
   10.0000000      0.212500006       1.00000000    
 
   0.00000000      0.237500012       0.00000000    
  0.125000000      0.237500012       1.85709767E-04
  0.375000000      0.237500012       1.86325738E-03
  0.625000000      0.237500012       4.98005748E-03
  0.875000000      0.237500012       9.42299422E-03
   1.12500000      0.237500012       1.50133567E-02
   1.37500000      0.237500012       2.15733033E-02
   1.62500000      0.237500012       2.89418548E-02
   1.87500000      0.237500012       3.69751640E-02
   2.12500000      0.237500012       4.55443002E-02
   2.37500000      0.237500012       5.45345210E-02
   2.62500000      0.237500012       6.38455078E-02
   2.87500000      0.237500012       7.33925626E-02
   3.12500000      0.237500012       8.31068233E-02
   3.37500000      0.237500012       9.29350108E-02
   3.62500000      0.237500012      0.102837555    
   3.87500000      0.237500012      0.112786613    
   4.12500000      0.237500012      0.122763559    
   4.37500000      0.237500012      0.132756397    
   4.62500000      0.237500012      0.142757997    
   4.87500000      0.237500012      0.152764037    
   5.12500000      0.237500012      0.162772283    
   5.37500000      0.237500012      0.172781497    
   5.62500000      0.237500012      0.182791173    
   5.87500000      0.237500012      0.192801133    
   6.12500000      0.237500012      0.202810988    
   6.37500000      0.237500012      0.212820947    
   6.62500000      0.237500012      0.222830862    
   6.87500000      0.237500012      0.232840702    
   7.12500000      0.237500012      0.242850617    
   7.37500000      0.237500012      0.252860427    
   7.62500000      0.237500012      0.262870371    
   7.87500000      0.237500012      0.272880197    
   8.12500000      0.237500012      0.282890111    
   8.37500000      0.237500012      0.292899907    
   8.62500000      0.237500012      0.302909851    
   8.87500000      0.237500012      0.312920183    
   9.12500000      0.237500012      0.322938740    
   9.37500000      0.237500012      0.333111525    
   9.62500000      0.237500012      0.346217930    
   9.87500000      0.237500012      0.415855110    
   10.0000000      0.237500012       1.00000000    
 
   0.00000000      0.262499988       0.00000000    
  0.125000000      0.262499988       1.07582651E-04
  0.375000000      0.262499988       1.23056897E-03
  0.625000000      0.262499988       3.47839878E-03
  0.875000000      0.262499988       6.85191015E-03
   1.12500000      0.262499988       1.12585826E-02
   1.37500000      0.262499988       1.65763926E-02
   1.62500000      0.262499988       2.26785466E-02
   1.87500000      0.262499988       2.94413362E-02
   2.12500000      0.262499988       3.67469266E-02
   2.37500000      0.262499988       4.44856882E-02
   2.62500000      0.262499988       5.25587387E-02
   2.87500000      0.262499988       6.08804300E-02
   3.12500000      0.262499988       6.93798885E-02
   3.37500000      0.262499988       7.80012682E-02
   3.62500000      0.262499988       8.67027789E-02
   3.87500000      0.262499988       9.54546407E-02
   4.12500000      0.262499988      0.104236685    
   4.37500000      0.262499988      0.113036066    
   4.62500000      0.262499988      0.121844836    
   4.87500000      0.262499988      0.130658448    
   5.12500000      0.262499988      0.139474332    
   5.37500000      0.262499988      0.148291320    
   5.62500000      0.262499988      0.157108694    
   5.87500000      0.262499988      0.165926293    
   6.12500000      0.262499988      0.174743876    
   6.37500000      0.262499988      0.183561489    
   6.62500000      0.262499988      0.192379057    
   6.87500000      0.262499988      0.201196581    
   7.12500000      0.262499988      0.210014060    
   7.37500000      0.262499988      0.218831629    
   7.62500000      0.262499988      0.227649197    
   7.87500000      0.262499988      0.236466706    
   8.12500000      0.262499988      0.245284259    
   8.37500000      0.262499988      0.254101694    
   8.62500000      0.262499988      0.262919277    
   8.87500000      0.262499988      0.271737218    
   9.12500000      0.262499988      0.280562729    
   9.37500000      0.262499988      0.289534032    
   9.62500000      0.262499988      0.301384002    
   9.87500000      0.262499988      0.371232241    
   10.0000000      0.262499988       1.00000000    
 
   0.00000000      0.287500024       0.00000000    
  0.125000000      0.287500024       6.20357023E-05
  0.375000000      0.287500024       8.04125506E-04
  0.625000000      0.287500024       2.40113679E-03
  0.875000000      0.287500024       4.92533389E-03
   1.12500000      0.287500024       8.35271459E-03
   1.37500000      0.287500024       1.26126874E-02
   1.62500000      0.287500024       1.76136065E-02
   1.87500000      0.287500024       2.32545491E-02
   2.12500000      0.287500024       2.94316802E-02
   2.37500000      0.287500024       3.60432267E-02
   2.62500000      0.287500024       4.29940782E-02
   2.87500000      0.287500024       5.01997024E-02
   3.12500000      0.287500024       5.75888380E-02
   3.37500000      0.287500024       6.51045218E-02
   3.62500000      0.287500024       7.27036893E-02
   3.87500000      0.287500024       8.03553760E-02
   4.12500000      0.287500024       8.80385786E-02
   4.37500000      0.287500024       9.57397595E-02
   4.62500000      0.287500024      0.103450619    
   4.87500000      0.287500024      0.111166425    
   5.12500000      0.287500024      0.118884474    
   5.37500000      0.287500024      0.126603574    
   5.62500000      0.287500024      0.134322971    
   5.87500000      0.287500024      0.142042592    
   6.12500000      0.287500024      0.149762183    
   6.37500000      0.287500024      0.157481745    
   6.62500000      0.287500024      0.165201232    
   6.87500000      0.287500024      0.172920719    
   7.12500000      0.287500024      0.180640176    
   7.37500000      0.287500024      0.188359648    
   7.62500000      0.287500024      0.196079120    
   7.87500000      0.287500024      0.203798547    
   8.12500000      0.287500024      0.211518064    
   8.37500000      0.287500024      0.219237477    
   8.62500000      0.287500024      0.226956934    
   8.87500000      0.287500024      0.234676778    
   9.12500000      0.287500024      0.242403522    
   9.37500000      0.287500024      0.250267744    
   9.62500000      0.287500024      0.260946900    
   9.87500000      0.287500024      0.330762535    
   10.0000000      0.287500024       1.00000000    
 
   0.00000000      0.312500000       0.00000000    
  0.125000000      0.312500000       3.57269237E-05
  0.375000000      0.312500000       5.21225506E-04
  0.625000000      0.312500000       1.64218422E-03
  0.875000000      0.312500000       3.50841018E-03
   1.12500000      0.312500000       6.14519091E-03
   1.37500000      0.312500000       9.52509977E-03
   1.62500000      0.312500000       1.35891540E-02
   1.87500000      0.312500000       1.82593521E-02
   2.12500000      0.312500000       2.34470535E-02
   2.37500000      0.312500000       2.90599689E-02
   2.62500000      0.312500000       3.50084677E-02
   2.87500000      0.312500000       4.12108563E-02
   3.12500000      0.312500000       4.75970581E-02
   3.37500000      0.312500000       5.41103445E-02
   3.62500000      0.312500000       6.07075430E-02
   3.87500000      0.312500000       6.73574135E-02
   4.12500000      0.312500000       7.40387067E-02
   4.37500000      0.312500000       8.07377547E-02
   4.62500000      0.312500000       8.74462500E-02
   4.87500000      0.312500000       9.41593572E-02
   5.12500000      0.312500000      0.100874543    
   5.37500000      0.312500000      0.107590586    
   5.62500000      0.312500000      0.114306852    
   5.87500000      0.312500000      0.121023178    
   6.12500000      0.312500000      0.127739459    
   6.37500000      0.312500000      0.134455666    
   6.62500000      0.312500000      0.141171828    
   6.87500000      0.312500000      0.147887930    
   7.12500000      0.312500000      0.154604033    
   7.37500000      0.312500000      0.161320180    
   7.62500000      0.312500000      0.168036267    
   7.87500000      0.312500000      0.174752340    
   8.12500000      0.312500000      0.181468487    
   8.37500000      0.312500000      0.188184559    
   8.62500000      0.312500000      0.194900677    
   8.87500000      0.312500000      0.201617047    
   9.12500000      0.312500000      0.208339751    
   9.37500000      0.312500000      0.215192243    
   9.62500000      0.312500000      0.224795178    
   9.87500000      0.312500000      0.294433504    
   10.0000000      0.312500000       1.00000000    
 
   0.00000000      0.337500006       0.00000000    
  0.125000000      0.337500006       2.06318691E-05
  0.375000000      0.337500006       3.36351572E-04
  0.625000000      0.337500006       1.11702690E-03
  0.875000000      0.337500006       2.48626061E-03
   1.12500000      0.337500006       4.50111367E-03
   1.37500000      0.337500006       7.16726948E-03
   1.62500000      0.337500006       1.04534263E-02
   1.87500000      0.337500006       1.43023990E-02
   2.12500000      0.337500006       1.86402369E-02
   2.37500000      0.337500006       2.33845804E-02
   2.62500000      0.337500006       2.84522604E-02
   2.87500000      0.337500006       3.37656662E-02
   3.12500000      0.337500006       3.92572619E-02
   3.37500000      0.337500006       4.48719747E-02
   3.62500000      0.337500006       5.05676270E-02
   3.87500000      0.337500006       5.63137084E-02
   4.12500000      0.337500006       6.20895028E-02
   4.37500000      0.337500006       6.78817406E-02
   4.62500000      0.337500006       7.36824796E-02
   4.87500000      0.337500006       7.94871598E-02
   5.12500000      0.337500006       8.52934569E-02
   5.37500000      0.337500006       9.11002606E-02
   5.62500000      0.337500006       9.69071090E-02
   5.87500000      0.337500006      0.102713935    
   6.12500000      0.337500006      0.108520605    
   6.37500000      0.337500006      0.114327140    
   6.62500000      0.337500006      0.120133616    
   6.87500000      0.337500006      0.125940025    
   7.12500000      0.337500006      0.131746441    
   7.37500000      0.337500006      0.137552887    
   7.62500000      0.337500006      0.143359289    
   7.87500000      0.337500006      0.149165660    
   8.12500000      0.337500006      0.154972091    
   8.37500000      0.337500006      0.160778493    
   8.62500000      0.337500006      0.166584879    
   8.87500000      0.337500006      0.172391549    
   9.12500000      0.337500006      0.178204015    
   9.37500000      0.337500006      0.184139282    
   9.62500000      0.337500006      0.192765489    
   9.87500000      0.337500006      0.262158871    
   10.0000000      0.337500006       1.00000000    
 
   0.00000000      0.362500012       0.00000000    
  0.125000000      0.362500012       1.20210880E-05
  0.375000000      0.362500012       2.17492721E-04
  0.625000000      0.362500012       7.60944036E-04
  0.875000000      0.362500012       1.76530983E-03
   1.12500000      0.362500012       3.30533925E-03
   1.37500000      0.362500012       5.40964631E-03
   1.62500000      0.362500012       8.06810427E-03
   1.87500000      0.362500012       1.12404954E-02
   2.12500000      0.362500012       1.48655586E-02
   2.37500000      0.362500012       1.88701432E-02
   2.62500000      0.362500012       2.31777392E-02
   2.87500000      0.362500012       2.77156606E-02
   3.12500000      0.362500012       3.24200653E-02
   3.37500000      0.362500012       3.72387357E-02
   3.62500000      0.362500012       4.21316847E-02
   3.87500000      0.362500012       4.70701829E-02
   4.12500000      0.362500012       5.20348661E-02
   4.37500000      0.362500012       5.70134968E-02
   4.62500000      0.362500012       6.19988814E-02
   4.87500000      0.362500012       6.69870824E-02
   5.12500000      0.362500012       7.19761550E-02
   5.37500000      0.362500012       7.69652426E-02
   5.62500000      0.362500012       8.19541141E-02
   5.87500000      0.362500012       8.69427398E-02
   6.12500000      0.362500012       9.19311568E-02
   6.37500000      0.362500012       9.69194025E-02
   6.62500000      0.362500012      0.101907529    
   6.87500000      0.362500012      0.106895626    
   7.12500000      0.362500012      0.111883670    
   7.37500000      0.362500012      0.116871722    
   7.62500000      0.362500012      0.121859744    
   7.87500000      0.362500012      0.126847744    
   8.12500000      0.362500012      0.131835803    
   8.37500000      0.362500012      0.136823818    
   8.62500000      0.362500012      0.141811833    
   8.87500000      0.362500012      0.146800146    
   9.12500000      0.362500012      0.151793763    
   9.37500000      0.362500012      0.156904459    
   9.62500000      0.362500012      0.164654970    
   9.87500000      0.362500012      0.233795568    
   10.0000000      0.362500012       1.00000000    
 
   0.00000000      0.387499988       0.00000000    
  0.125000000      0.387499988       7.15453143E-06
  0.375000000      0.387499988       1.42811230E-04
  0.625000000      0.387499988       5.26262622E-04
  0.875000000      0.387499988       1.27266266E-03
   1.12500000      0.387499988       2.46424228E-03
   1.37500000      0.387499988       4.14326321E-03
   1.62500000      0.387499988       6.31356891E-03
   1.87500000      0.387499988       8.94683413E-03
   2.12500000      0.387499988       1.19912634E-02
   2.37500000      0.387499988       1.53812468E-02
   2.62500000      0.387499988       1.90464854E-02
   2.87500000      0.387499988       2.29195897E-02
   3.12500000      0.387499988       2.69413441E-02
   3.37500000      0.387499988       3.10635306E-02
   3.62500000      0.387499988       3.52495424E-02
   3.87500000      0.387499988       3.94734554E-02
   4.12500000      0.387499988       4.37180847E-02
   4.37500000      0.387499988       4.79729176E-02
   4.62500000      0.387499988       5.22319563E-02
   4.87500000      0.387499988       5.64921573E-02
   5.12500000      0.387499988       6.07522242E-02
   5.37500000      0.387499988       6.50116727E-02
   5.62500000      0.387499988       6.92705214E-02
   5.87500000      0.387499988       7.35288858E-02
   6.12500000      0.387499988       7.77869374E-02
   6.37500000      0.387499988       8.20447430E-02
   6.62500000      0.387499988       8.63023996E-02
   6.87500000      0.387499988       9.05599967E-02
   7.12500000      0.387499988       9.48175564E-02
   7.37500000      0.387499988       9.90750864E-02
   7.62500000      0.387499988      0.103332616    
   7.87500000      0.387499988      0.107590117    
   8.12500000      0.387499988      0.111847654    
   8.37500000      0.387499988      0.116105177    
   8.62500000      0.387499988      0.120362721    
   8.87500000      0.387499988      0.124620490    
   9.12500000      0.387499988      0.128883243    
   9.37500000      0.387499988      0.133258551    
   9.62500000      0.387499988      0.140233636    
   9.87500000      0.387499988      0.209160909    
   10.0000000      0.387499988       1.00000000    
 
   0.00000000      0.412500024       0.00000000    
  0.125000000      0.412500024       4.47342563E-06
  0.375000000      0.412500024       9.79325123E-05
  0.625000000      0.412500024       3.79434292E-04
  0.875000000      0.412500024       9.54436604E-04
   1.12500000      0.412500024       1.90590357E-03
   1.37500000      0.412500024       3.28170764E-03
   1.62500000      0.412500024       5.09229489E-03
   1.87500000      0.412500024       7.31538655E-03
   2.12500000      0.412500024       9.90460347E-03
   2.37500000      0.412500024       1.27995042E-02
   2.62500000      0.412500024       1.59350596E-02
   2.87500000      0.412500024       1.92492846E-02
   3.12500000      0.412500024       2.26883441E-02
   3.37500000      0.412500024       2.62090769E-02
   3.62500000      0.412500024       2.97794100E-02
   3.87500000      0.412500024       3.33772264E-02
   4.12500000      0.412500024       3.69884185E-02
   4.37500000      0.412500024       4.06047776E-02
   4.62500000      0.412500024       4.42220457E-02
   4.87500000      0.412500024       4.78383414E-02
   5.12500000      0.412500024       5.14531992E-02
   5.37500000      0.412500024       5.50666712E-02
   5.62500000      0.412500024       5.86790480E-02
   5.87500000      0.412500024       6.22906871E-02
   6.12500000      0.412500024       6.59018606E-02
   6.37500000      0.412500024       6.95127249E-02
   6.62500000      0.412500024       7.31234178E-02
   6.87500000      0.412500024       7.67340064E-02
   7.12500000      0.412500024       8.03445429E-02
   7.37500000      0.412500024       8.39550644E-02
   7.62500000      0.412500024       8.75655487E-02
   7.87500000      0.412500024       9.11760554E-02
   8.12500000      0.412500024       9.47865695E-02
   8.37500000      0.412500024       9.83970389E-02
   8.62500000      0.412500024      0.102007590    
   8.87500000      0.412500024      0.105618328    
   9.12500000      0.412500024      0.109233849    
   9.37500000      0.412500024      0.112958603    
   9.62500000      0.412500024      0.119256161    
   9.87500000      0.412500024      0.188047171    
   10.0000000      0.412500024       1.00000000    
 
   0.00000000      0.437500000       0.00000000    
  0.125000000      0.437500000       3.11874032E-06
  0.375000000      0.437500000       7.39243769E-05
  0.625000000      0.437500000       2.98458675E-04
  0.875000000      0.437500000       7.73816544E-04
   1.12500000      0.437500000       1.57944660E-03
   1.37500000      0.437500000       2.76186946E-03
   1.62500000      0.437500000       4.33081295E-03
   1.87500000      0.437500000       6.26380043E-03
   2.12500000      0.437500000       8.51534307E-03
   2.37500000      0.437500000       1.10274646E-02
   2.62500000      0.437500000       1.37392450E-02
   2.87500000      0.437500000       1.65940896E-02
   3.12500000      0.437500000       1.95442177E-02
   3.37500000      0.437500000       2.25525908E-02
   3.62500000      0.437500000       2.55927462E-02
   3.87500000      0.437500000       2.86473911E-02
   4.12500000      0.437500000       3.17062996E-02
   4.37500000      0.437500000       3.47642042E-02
   4.62500000      0.437500000       3.78189981E-02
   4.87500000      0.437500000       4.08702753E-02
   5.12500000      0.437500000       4.39185426E-02
   5.37500000      0.437500000       4.69645299E-02
   5.62500000      0.437500000       5.00088967E-02
   5.87500000      0.437500000       5.30522130E-02
   6.12500000      0.437500000       5.60948998E-02
   6.37500000      0.437500000       5.91372065E-02
   6.62500000      0.437500000       6.21792823E-02
   6.87500000      0.437500000       6.52212501E-02
   7.12500000      0.437500000       6.82631657E-02
   7.37500000      0.437500000       7.13050216E-02
   7.62500000      0.437500000       7.43468925E-02
   7.87500000      0.437500000       7.73887560E-02
   8.12500000      0.437500000       8.04306194E-02
   8.37500000      0.437500000       8.34724754E-02
   8.62500000      0.437500000       8.65143538E-02
   8.87500000      0.437500000       8.95564258E-02
   9.12500000      0.437500000       9.26031917E-02
   9.37500000      0.437500000       9.57572460E-02
   9.62500000      0.437500000      0.101471640    
   9.87500000      0.437500000      0.170235530    
   10.0000000      0.437500000       1.00000000    
 
   0.00000000      0.462500006       0.00000000    
  0.125000000      0.462500006       2.65770132E-06
  0.375000000      0.462500006       6.59359939E-05
  0.625000000      0.462500006       2.70953693E-04
  0.875000000      0.462500006       7.09386310E-04
   1.12500000      0.462500006       1.45418383E-03
   1.37500000      0.462500006       2.54405732E-03
   1.62500000      0.462500006       3.98069946E-03
   1.87500000      0.462500006       5.73505834E-03
   2.12500000      0.462500006       7.75794499E-03
   2.37500000      0.462500006       9.99116339E-03
   2.62500000      0.462500006       1.23768412E-02
   2.87500000      0.462500006       1.48638608E-02
   3.12500000      0.462500006       1.74112711E-02
   3.37500000      0.462500006       1.99891925E-02
   3.62500000      0.462500006       2.25778837E-02
   3.87500000      0.462500006       2.51657926E-02
   4.12500000      0.462500006       2.77473442E-02
   4.37500000      0.462500006       3.03207729E-02
   4.62500000      0.462500006       3.28864865E-02
   4.87500000      0.462500006       3.54458280E-02
   5.12500000      0.462500006       3.80004346E-02
   5.37500000      0.462500006       4.05517295E-02
   5.62500000      0.462500006       4.31008525E-02
   5.87500000      0.462500006       4.56486121E-02
   6.12500000      0.462500006       4.81955558E-02
   6.37500000      0.462500006       5.07420339E-02
   6.62500000      0.462500006       5.32882735E-02
   6.87500000      0.462500006       5.58343492E-02
   7.12500000      0.462500006       5.83803840E-02
   7.37500000      0.462500006       6.09263591E-02
   7.62500000      0.462500006       6.34723231E-02
   7.87500000      0.462500006       6.60182685E-02
   8.12500000      0.462500006       6.85642436E-02
   8.37500000      0.462500006       7.11101964E-02
   8.62500000      0.462500006       7.36561865E-02
   8.87500000      0.462500006       7.62023479E-02
   9.12500000      0.462500006       7.87531957E-02
   9.37500000      0.462500006       8.14108625E-02
   9.62500000      0.462500006       8.66325125E-02
   9.87500000      0.462500006      0.155506045    
   10.0000000      0.462500006       1.00000000    
 
   0.00000000      0.487500012       0.00000000    
  0.125000000      0.487500012       2.94434130E-06
  0.375000000      0.487500012       7.24407873E-05
  0.625000000      0.487500012       2.93040357E-04
  0.875000000      0.487500012       7.54129724E-04
   1.12500000      0.487500012       1.51905010E-03
   1.37500000      0.487500012       2.61195237E-03
   1.62500000      0.487500012       4.01899731E-03
   1.87500000      0.487500012       5.69827342E-03
   2.12500000      0.487500012       7.59262731E-03
   2.37500000      0.487500012       9.64142103E-03
   2.62500000      0.487500012       1.17892064E-02
   2.87500000      0.487500012       1.39907617E-02
   3.12500000      0.487500012       1.62129477E-02
   3.37500000      0.487500012       1.84341669E-02
   3.62500000      0.487500012       2.06424594E-02
   3.87500000      0.487500012       2.28329170E-02
   4.12500000      0.487500012       2.50052530E-02
   4.37500000      0.487500012       2.71616708E-02
   4.62500000      0.487500012       2.93054134E-02
   4.87500000      0.487500012       3.14397216E-02
   5.12500000      0.487500012       3.35674807E-02
   5.37500000      0.487500012       3.56908776E-02
   5.62500000      0.487500012       3.78115177E-02
   5.87500000      0.487500012       3.99304703E-02
   6.12500000      0.487500012       4.20484617E-02
   6.37500000      0.487500012       4.41658869E-02
   6.62500000      0.487500012       4.62830253E-02
   6.87500000      0.487500012       4.83999923E-02
   7.12500000      0.487500012       5.05169146E-02
   7.37500000      0.487500012       5.26337735E-02
   7.62500000      0.487500012       5.47505952E-02
   7.87500000      0.487500012       5.68674356E-02
   8.12500000      0.487500012       5.89842796E-02
   8.37500000      0.487500012       6.11011162E-02
   8.62500000      0.487500012       6.32179752E-02
   8.87500000      0.487500012       6.53350204E-02
   9.12500000      0.487500012       6.74568489E-02
   9.37500000      0.487500012       6.96865916E-02
   9.62500000      0.487500012       7.45019987E-02
   9.87500000      0.487500012      0.143648148    
   10.0000000      0.487500012       1.00000000    
 
   0.00000000      0.512500048       0.00000000    
  0.125000000      0.512500048       4.07460266E-06
  0.375000000      0.512500048       9.50502290E-05
  0.625000000      0.512500048       3.69149551E-04
  0.875000000      0.512500048       9.15350742E-04
   1.12500000      0.512500048       1.78264524E-03
   1.37500000      0.512500048       2.97270203E-03
   1.62500000      0.512500048       4.44830535E-03
   1.87500000      0.512500048       6.14876114E-03
   2.12500000      0.512500048       8.00548494E-03
   2.37500000      0.512500048       9.95406415E-03
   2.62500000      0.512500048       1.19416295E-02
   2.87500000      0.512500048       1.39298514E-02
   3.12500000      0.512500048       1.58946663E-02
   3.37500000      0.512500048       1.78240351E-02
   3.62500000      0.512500048       1.97147988E-02
   3.87500000      0.512500048       2.15694811E-02
   4.12500000      0.512500048       2.33936235E-02
   4.37500000      0.512500048       2.51937341E-02
   4.62500000      0.512500048       2.69760676E-02
   4.87500000      0.512500048       2.87458785E-02
   5.12500000      0.512500048       3.05073224E-02
   5.37500000      0.512500048       3.22633833E-02
   5.62500000      0.512500048       3.40161324E-02
   5.87500000      0.512500048       3.57668996E-02
   6.12500000      0.512500048       3.75165604E-02
   6.37500000      0.512500048       3.92655768E-02
   6.62500000      0.512500048       4.10142578E-02
   6.87500000      0.512500048       4.27627601E-02
   7.12500000      0.512500048       4.45111990E-02
   7.37500000      0.512500048       4.62595820E-02
   7.62500000      0.512500048       4.80079204E-02
   7.87500000      0.512500048       4.97562811E-02
   8.12500000      0.512500048       5.15046380E-02
   8.37500000      0.512500048       5.32529950E-02
   8.62500000      0.512500048       5.50013706E-02
   8.87500000      0.512500048       5.67499548E-02
   9.12500000      0.512500048       5.85035570E-02
   9.37500000      0.512500048       6.03679828E-02
   9.62500000      0.512500048       6.48600757E-02
   9.87500000      0.512500048      0.134468272    
   10.0000000      0.512500048       1.00000000    
 
   0.00000000      0.537500024       0.00000000    
  0.125000000      0.537500024       6.42495252E-06
  0.375000000      0.537500024       1.38918767E-04
  0.625000000      0.537500024       5.12844534E-04
  0.875000000      0.537500024       1.21566420E-03
   1.12500000      0.537500024       2.27404176E-03
   1.37500000      0.537500024       3.65730934E-03
   1.62500000      0.537500024       5.29667875E-03
   1.87500000      0.537500024       7.10754888E-03
   2.12500000      0.537500024       9.00775846E-03
   2.37500000      0.537500024       1.09291421E-02
   2.62500000      0.537500024       1.28226699E-02
   2.87500000      0.537500024       1.46586038E-02
   3.12500000      0.537500024       1.64236259E-02
   3.37500000      0.537500024       1.81166176E-02
   3.62500000      0.537500024       1.97442193E-02
   3.87500000      0.537500024       2.13170163E-02
   4.12500000      0.537500024       2.28467584E-02
   4.37500000      0.537500024       2.43444182E-02
   4.62500000      0.537500024       2.58193389E-02
   4.87500000      0.537500024       2.72787958E-02
   5.12500000      0.537500024       2.87281889E-02
   5.37500000      0.537500024       3.01712733E-02
   5.62500000      0.537500024       3.16105410E-02
   5.87500000      0.537500024       3.30475792E-02
   6.12500000      0.537500024       3.44833657E-02
   6.37500000      0.537500024       3.59184630E-02
   6.62500000      0.537500024       3.73532027E-02
   6.87500000      0.537500024       3.87877449E-02
   7.12500000      0.537500024       4.02221978E-02
   7.37500000      0.537500024       4.16566059E-02
   7.62500000      0.537500024       4.30909842E-02
   7.87500000      0.537500024       4.45253514E-02
   8.12500000      0.537500024       4.59597409E-02
   8.37500000      0.537500024       4.73941118E-02
   8.62500000      0.537500024       4.88285162E-02
   8.87500000      0.537500024       5.02631590E-02
   9.12500000      0.537500024       5.17032370E-02
   9.37500000      0.537500024       5.32591678E-02
   9.62500000      0.537500024       5.75083308E-02
   9.87500000      0.537500024      0.127796382    
   10.0000000      0.537500024       1.00000000    
 
   0.00000000      0.562500000       0.00000000    
  0.125000000      0.562500000       1.07915430E-05
  0.375000000      0.562500000       2.13830601E-04
  0.625000000      0.562500000       7.48768041E-04
  0.875000000      0.562500000       1.69511070E-03
   1.12500000      0.562500000       3.04435263E-03
   1.37500000      0.562500000       4.72126156E-03
   1.62500000      0.562500000       6.61730533E-03
   1.87500000      0.562500000       8.62031523E-03
   2.12500000      0.562500000       1.06343590E-02
   2.37500000      0.562500000       1.25893336E-02
   2.62500000      0.562500000       1.44426310E-02
   2.87500000      0.562500000       1.61756184E-02
   3.12500000      0.562500000       1.77877806E-02
   3.37500000      0.562500000       1.92903448E-02
   3.62500000      0.562500000       2.07006056E-02
   3.87500000      0.562500000       2.20376831E-02
   4.12500000      0.562500000       2.33196747E-02
   4.37500000      0.562500000       2.45620478E-02
   4.62500000      0.562500000       2.57771239E-02
   4.87500000      0.562500000       2.69741155E-02
   5.12500000      0.562500000       2.81595849E-02
   5.37500000      0.562500000       2.93379556E-02
   5.62500000      0.562500000       3.05121113E-02
   5.87500000      0.562500000       3.16838473E-02
   6.12500000      0.562500000       3.28542106E-02
   6.37500000      0.562500000       3.40238661E-02
   6.62500000      0.562500000       3.51931378E-02
   6.87500000      0.562500000       3.63622084E-02
   7.12500000      0.562500000       3.75312008E-02
   7.37500000      0.562500000       3.87001224E-02
   7.62500000      0.562500000       3.98690253E-02
   7.87500000      0.562500000       4.10379060E-02
   8.12500000      0.562500000       4.22068126E-02
   8.37500000      0.562500000       4.33757007E-02
   8.62500000      0.562500000       4.45446260E-02
   8.87500000      0.562500000       4.57138605E-02
   9.12500000      0.562500000       4.68891561E-02
   9.37500000      0.562500000       4.81879525E-02
   9.62500000      0.562500000       5.22733778E-02
   9.87500000      0.562500000      0.123491585    
   10.0000000      0.562500000       1.00000000    
 
   0.00000000      0.587499976       0.00000000    
  0.125000000      0.587499976       1.86824618E-05
  0.375000000      0.587499976       3.36145633E-04
  0.625000000      0.587499976       1.11583504E-03
  0.875000000      0.587499976       2.41434923E-03
   1.12500000      0.587499976       4.16886248E-03
   1.37500000      0.587499976       6.24516560E-03
   1.62500000      0.587499976       8.48774891E-03
   1.87500000      0.587499976       1.07556526E-02
   2.12500000      0.587499976       1.29416035E-02
   2.37500000      0.587499976       1.49775380E-02
   2.62500000      0.587499976       1.68312881E-02
   2.87500000      0.587499976       1.84986442E-02
   3.12500000      0.587499976       1.99941862E-02
   3.37500000      0.587499976       2.13428810E-02
   3.62500000      0.587499976       2.25733630E-02
   3.87500000      0.587499976       2.37134546E-02
   4.12500000      0.587499976       2.47875489E-02
   4.37500000      0.587499976       2.58153882E-02
   4.62500000      0.587499976       2.68120710E-02
   4.87500000      0.587499976       2.77885217E-02
   5.12500000      0.587499976       2.87523046E-02
   5.37500000      0.587499976       2.97084041E-02
   5.62500000      0.587499976       3.06600183E-02
   5.87500000      0.587499976       3.16090807E-02
   6.12500000      0.587499976       3.25567275E-02
   6.37500000      0.587499976       3.35036330E-02
   6.62500000      0.587499976       3.44501548E-02
   6.87500000      0.587499976       3.53964716E-02
   7.12500000      0.587499976       3.63427028E-02
   7.37500000      0.587499976       3.72888744E-02
   7.62500000      0.587499976       3.82350273E-02
   7.87500000      0.587499976       3.91811617E-02
   8.12500000      0.587499976       4.01273072E-02
   8.37500000      0.587499976       4.10734527E-02
   8.62500000      0.587499976       4.20196280E-02
   8.87500000      0.587499976       4.29662019E-02
   9.12500000      0.587499976       4.39197496E-02
   9.37500000      0.587499976       4.50077653E-02
   9.62500000      0.587499976       4.90094796E-02
   9.87500000      0.587499976      0.121446922    
   10.0000000      0.587499976       1.00000000    
 
   0.00000000      0.612500012       0.00000000    
  0.125000000      0.612500012       3.28690039E-05
  0.375000000      0.612500012       5.31871920E-04
  0.625000000      0.612500012       1.67176407E-03
  0.875000000      0.612500012       3.45870433E-03
   1.12500000      0.612500012       5.74929873E-03
   1.37500000      0.612500012       8.33493471E-03
   1.62500000      0.612500012       1.10084387E-02
   1.87500000      0.612500012       1.36024691E-02
   2.12500000      0.612500012       1.60041377E-02
   2.37500000      0.612500012       1.81537494E-02
   2.62500000      0.612500012       2.00349912E-02
   2.87500000      0.612500012       2.16619689E-02
   3.12500000      0.612500012       2.30667628E-02
   3.37500000      0.612500012       2.42892522E-02
   3.62500000      0.612500012       2.53697783E-02
   3.87500000      0.612500012       2.63447370E-02
   4.12500000      0.612500012       2.72444785E-02
   4.37500000      0.612500012       2.80925911E-02
   4.62500000      0.612500012       2.89066005E-02
   4.87500000      0.612500012       2.96988524E-02
   5.12500000      0.612500012       3.04776710E-02
   5.37500000      0.612500012       3.12484764E-02
   5.62500000      0.612500012       3.20146456E-02
   5.87500000      0.612500012       3.27782296E-02
   6.12500000      0.612500012       3.35403904E-02
   6.37500000      0.612500012       3.43018100E-02
   6.62500000      0.612500012       3.50628309E-02
   6.87500000      0.612500012       3.58236842E-02
   7.12500000      0.612500012       3.65844257E-02
   7.37500000      0.612500012       3.73451449E-02
   7.62500000      0.612500012       3.81058119E-02
   7.87500000      0.612500012       3.88664752E-02
   8.12500000      0.612500012       3.96271497E-02
   8.37500000      0.612500012       4.03878242E-02
   8.62500000      0.612500012       4.11485322E-02
   8.87500000      0.612500012       4.19097543E-02
   9.12500000      0.612500012       4.26792875E-02
   9.37500000      0.612500012       4.35985252E-02
   9.62500000      0.612500012       4.75998782E-02
   9.87500000      0.612500012      0.121592931    
   10.0000000      0.612500012       1.00000000    
 
   0.00000000      0.637500048       0.00000000    
  0.125000000      0.637500048       5.83884430E-05
  0.375000000      0.637500048       8.41220492E-04
  0.625000000      0.637500048       2.49894732E-03
  0.875000000      0.637500048       4.94264672E-03
   1.12500000      0.637500048       7.91563187E-03
   1.37500000      0.637500048       1.11210058E-02
   1.62500000      0.637500048       1.43000549E-02
   1.87500000      0.637500048       1.72664188E-02
   2.12500000      0.637500048       1.99110974E-02
   2.37500000      0.637500048       2.21913978E-02
   2.62500000      0.637500048       2.41133664E-02
   2.87500000      0.637500048       2.57135853E-02
   3.12500000      0.637500048       2.70438418E-02
   3.37500000      0.637500048       2.81597022E-02
   3.62500000      0.637500048       2.91131530E-02
   3.87500000      0.637500048       2.99486928E-02
   4.12500000      0.637500048       3.07019372E-02
   4.37500000      0.637500048       3.13997827E-02
   4.62500000      0.637500048       3.20616290E-02
   4.87500000      0.637500048       3.27008851E-02
   5.12500000      0.637500048       3.33263874E-02
   5.37500000      0.637500048       3.39437947E-02
   5.62500000      0.637500048       3.45565826E-02
   5.87500000      0.637500048       3.51668261E-02
   6.12500000      0.637500048       3.57756615E-02
   6.37500000      0.637500048       3.63837890E-02
   6.62500000      0.637500048       3.69915552E-02
   6.87500000      0.637500048       3.75991352E-02
   7.12500000      0.637500048       3.82066295E-02
   7.37500000      0.637500048       3.88140902E-02
   7.62500000      0.637500048       3.94215100E-02
   7.87500000      0.637500048       4.00289260E-02
   8.12500000      0.637500048       4.06363457E-02
   8.37500000      0.637500048       4.12437767E-02
   8.62500000      0.637500048       4.18512374E-02
   8.87500000      0.637500048       4.24593873E-02
   9.12500000      0.637500048       4.30777185E-02
   9.37500000      0.637500048       4.38665822E-02
   9.62500000      0.637500048       4.79576141E-02
   9.87500000      0.637500048      0.123901278    
   10.0000000      0.637500048       1.00000000    
 
   0.00000000      0.662500024       0.00000000    
  0.125000000      0.662500024       1.04329883E-04
  0.375000000      0.662500024       1.32503873E-03
  0.625000000      0.662500024       3.71142291E-03
  0.875000000      0.662500024       7.01392069E-03
   1.12500000      0.662500024       1.08265039E-02
   1.37500000      0.662500024       1.47558432E-02
   1.62500000      0.662500024       1.84993595E-02
   1.87500000      0.662500024       2.18651444E-02
   2.12500000      0.662500024       2.47614440E-02
   2.37500000      0.662500024       2.71731168E-02
   2.62500000      0.662500024       2.91356388E-02
   2.87500000      0.662500024       3.07120383E-02
   3.12500000      0.662500024       3.19754332E-02
   3.37500000      0.662500024       3.29972766E-02
   3.62500000      0.662500024       3.38406265E-02
   3.87500000      0.662500024       3.45571414E-02
   4.12500000      0.662500024       3.51868421E-02
   4.37500000      0.662500024       3.57591249E-02
   4.62500000      0.662500024       3.62946950E-02
   4.87500000      0.662500024       3.68075408E-02
   5.12500000      0.662500024       3.73067670E-02
   5.37500000      0.662500024       3.77980769E-02
   5.62500000      0.662500024       3.82849164E-02
   5.87500000      0.662500024       3.87693197E-02
   6.12500000      0.662500024       3.92523967E-02
   6.37500000      0.662500024       3.97348106E-02
   6.62500000      0.662500024       4.02169004E-02
   6.87500000      0.662500024       4.06988002E-02
   7.12500000      0.662500024       4.11806293E-02
   7.37500000      0.662500024       4.16624211E-02
   7.62500000      0.662500024       4.21441942E-02
   7.87500000      0.662500024       4.26259562E-02
   8.12500000      0.662500024       4.31077257E-02
   8.37500000      0.662500024       4.35894988E-02
   8.62500000      0.662500024       4.40713204E-02
   8.87500000      0.662500024       4.45540547E-02
   9.12500000      0.662500024       4.50495556E-02
   9.37500000      0.662500024       4.57437932E-02
   9.62500000      0.662500024       5.00251837E-02
   9.87500000      0.662500024      0.128387153    
   10.0000000      0.662500024       1.00000000    
 
   0.00000000      0.687500000       0.00000000    
  0.125000000      0.687500000       1.86952908E-04
  0.375000000      0.687500000       2.07347586E-03
  0.625000000      0.687500000       5.46234101E-03
  0.875000000      0.687500000       9.85623710E-03
   1.12500000      0.687500000       1.46673433E-02
   1.37500000      0.687500000       1.94092207E-02
   1.62500000      0.687500000       2.37533916E-02
   1.87500000      0.687500000       2.75225490E-02
   2.12500000      0.687500000       3.06589026E-02
   2.37500000      0.687500000       3.31865214E-02
   2.62500000      0.687500000       3.51771489E-02
   2.87500000      0.687500000       3.67234498E-02
   3.12500000      0.687500000       3.79206613E-02
   3.37500000      0.687500000       3.88555340E-02
   3.62500000      0.687500000       3.96009684E-02
   3.87500000      0.687500000       4.02145498E-02
   4.12500000      0.687500000       4.07395288E-02
   4.37500000      0.687500000       4.12068814E-02
   4.62500000      0.687500000       4.16379794E-02
   4.87500000      0.687500000       4.20469455E-02
   5.12500000      0.687500000       4.24428247E-02
   5.37500000      0.687500000       4.28311974E-02
   5.62500000      0.687500000       4.32153754E-02
   5.87500000      0.687500000       4.35972884E-02
   6.12500000      0.687500000       4.39779907E-02
   6.37500000      0.687500000       4.43580970E-02
   6.62500000      0.687500000       4.47379053E-02
   6.87500000      0.687500000       4.51175459E-02
   7.12500000      0.687500000       4.54971232E-02
   7.37500000      0.687500000       4.58766706E-02
   7.62500000      0.687500000       4.62561958E-02
   7.87500000      0.687500000       4.66357172E-02
   8.12500000      0.687500000       4.70152423E-02
   8.37500000      0.687500000       4.73947674E-02
   8.62500000      0.687500000       4.77743819E-02
   8.87500000      0.687500000       4.81552146E-02
   9.12500000      0.687500000       4.85523790E-02
   9.37500000      0.687500000       4.91860919E-02
   9.62500000      0.687500000       5.37739098E-02
   9.87500000      0.687500000      0.135111675    
   10.0000000      0.687500000       1.00000000    
 
   0.00000000      0.712499976       0.00000000    
  0.125000000      0.712499976       3.35005752E-04
  0.375000000      0.712499976       3.21696652E-03
  0.625000000      0.712499976       7.95066264E-03
  0.875000000      0.712499976       1.36889331E-02
   1.12500000      0.712499976       1.96450297E-02
   1.37500000      0.712499976       2.52607726E-02
   1.62500000      0.712499976       3.02119367E-02
   1.87500000      0.712499976       3.43622044E-02
   2.12500000      0.712499976       3.77065726E-02
   2.37500000      0.712499976       4.03198674E-02
   2.62500000      0.712499976       4.23158258E-02
   2.87500000      0.712499976       4.38186228E-02
   3.12500000      0.712499976       4.49451692E-02
   3.37500000      0.712499976       4.57960516E-02
   3.62500000      0.712499976       4.64522615E-02
   3.87500000      0.712499976       4.69756499E-02
   4.12500000      0.712499976       4.74113896E-02
   4.37500000      0.712499976       4.77910712E-02
   4.62500000      0.712499976       4.81360033E-02
   4.87500000      0.712499976       4.84600216E-02
   5.12500000      0.712499976       4.87718694E-02
   5.37500000      0.712499976       4.90768068E-02
   5.62500000      0.712499976       4.93779182E-02
   5.87500000      0.712499976       4.96770032E-02
   6.12500000      0.712499976       4.99750152E-02
   6.37500000      0.712499976       5.02724908E-02
   6.62500000      0.712499976       5.05697019E-02
   6.87500000      0.712499976       5.08667715E-02
   7.12500000      0.712499976       5.11637852E-02
   7.37500000      0.712499976       5.14607839E-02
   7.62500000      0.712499976       5.17577641E-02
   7.87500000      0.712499976       5.20547330E-02
   8.12500000      0.712499976       5.23517095E-02
   8.37500000      0.712499976       5.26486896E-02
   8.62500000      0.712499976       5.29458001E-02
   8.87500000      0.712499976       5.32445349E-02
   9.12500000      0.712499976       5.35644740E-02
   9.37500000      0.712499976       5.41712604E-02
   9.62500000      0.712499976       5.92022613E-02
   9.87500000      0.712499976      0.144181892    
   10.0000000      0.712499976       1.00000000    
 
   0.00000000      0.737500012       0.00000000    
  0.125000000      0.737500012       5.98528888E-04
  0.375000000      0.737500012       4.93906112E-03
  0.625000000      0.737500012       1.14251329E-02
  0.875000000      0.737500012       1.87619701E-02
   1.12500000      0.737500012       2.59784460E-02
   1.37500000      0.737500012       3.24899182E-02
   1.62500000      0.737500012       3.80188227E-02
   1.87500000      0.737500012       4.25005220E-02
   2.12500000      0.737500012       4.60018925E-02
   2.37500000      0.737500012       4.86583523E-02
   2.62500000      0.737500012       5.06293625E-02
   2.87500000      0.737500012       5.20706140E-02
   3.12500000      0.737500012       5.31189293E-02
   3.37500000      0.737500012       5.38863577E-02
   3.62500000      0.737500012       5.44597022E-02
   3.87500000      0.737500012       5.49032390E-02
   4.12500000      0.737500012       5.52626438E-02
   4.37500000      0.737500012       5.55691086E-02
   4.62500000      0.737500012       5.58432490E-02
   4.87500000      0.737500012       5.60982153E-02
   5.12500000      0.737500012       5.63421622E-02
   5.37500000      0.737500012       5.65799437E-02
   5.62500000      0.737500012       5.68143837E-02
   5.87500000      0.737500012       5.70470244E-02
   6.12500000      0.737500012       5.72787561E-02
   6.37500000      0.737500012       5.75100221E-02
   6.62500000      0.737500012       5.77410683E-02
   6.87500000      0.737500012       5.79719879E-02
   7.12500000      0.737500012       5.82028478E-02
   7.37500000      0.737500012       5.84337190E-02
   7.62500000      0.737500012       5.86645640E-02
   7.87500000      0.737500012       5.88954166E-02
   8.12500000      0.737500012       5.91262542E-02
   8.37500000      0.737500012       5.93571104E-02
   8.62500000      0.737500012       5.95881492E-02
   8.87500000      0.737500012       5.98213896E-02
   9.12500000      0.737500012       6.00823537E-02
   9.37500000      0.737500012       6.06964715E-02
   9.62500000      0.737500012       6.63334951E-02
   9.87500000      0.737500012      0.155749112    
   10.0000000      0.737500012       1.00000000    
 
   0.00000000      0.762500048       0.00000000    
  0.125000000      0.762500048       1.06287957E-03
  0.375000000      0.762500048       7.48950662E-03
  0.625000000      0.762500048       1.61826648E-02
  0.875000000      0.762500048       2.53445748E-02
   1.12500000      0.762500048       3.38846445E-02
   1.37500000      0.762500048       4.12637442E-02
   1.62500000      0.762500048       4.73027527E-02
   1.87500000      0.762500048       5.20404801E-02
   2.12500000      0.762500048       5.56323417E-02
   2.37500000      0.762500048       5.82811274E-02
   2.62500000      0.762500048       6.01928979E-02
   2.87500000      0.762500048       6.15527146E-02
   3.12500000      0.762500048       6.25142381E-02
   3.37500000      0.762500048       6.31978661E-02
   3.62500000      0.762500048       6.36935458E-02
   3.87500000      0.762500048       6.40659928E-02
   4.12500000      0.762500048       6.43599927E-02
   4.37500000      0.762500048       6.46054372E-02
   4.62500000      0.762500048       6.48216829E-02
   4.87500000      0.762500048       6.50208592E-02
   5.12500000      0.762500048       6.52103722E-02
   5.37500000      0.762500048       6.53945282E-02
   5.62500000      0.762500048       6.55758232E-02
   5.87500000      0.762500048       6.57556057E-02
   6.12500000      0.762500048       6.59346357E-02
   6.37500000      0.762500048       6.61132783E-02
   6.62500000      0.762500048       6.62917346E-02
   6.87500000      0.762500048       6.64700717E-02
   7.12500000      0.762500048       6.66483641E-02
   7.37500000      0.762500048       6.68267012E-02
   7.62500000      0.762500048       6.70049787E-02
   7.87500000      0.762500048       6.71832934E-02
   8.12500000      0.762500048       6.73615709E-02
   8.37500000      0.762500048       6.75398707E-02
   8.62500000      0.762500048       6.77184239E-02
   8.87500000      0.762500048       6.78999722E-02
   9.12500000      0.762500048       6.81178868E-02
   9.37500000      0.762500048       6.87752217E-02
   9.62500000      0.762500048       7.52119571E-02
   9.87500000      0.762500048      0.170002028    
   10.0000000      0.762500048       1.00000000    
 
   0.00000000      0.787500024       0.00000000    
  0.125000000      0.787500024       1.86996500E-03
  0.375000000      0.787500024       1.11942934E-02
  0.625000000      0.787500024       2.25577485E-02
  0.875000000      0.787500024       3.37064788E-02
   1.12500000      0.787500024       4.35613543E-02
   1.37500000      0.787500024       5.17239273E-02
   1.62500000      0.787500024       5.81687763E-02
   1.87500000      0.787500024       6.30663410E-02
   2.12500000      0.787500024       6.66723475E-02
   2.37500000      0.787500024       6.92592710E-02
   2.62500000      0.787500024       7.10773766E-02
   2.87500000      0.787500024       7.23368973E-02
   3.12500000      0.787500024       7.32040703E-02
   3.37500000      0.787500024       7.38038942E-02
   3.62500000      0.787500024       7.42268488E-02
   3.87500000      0.787500024       7.45360553E-02
   4.12500000      0.787500024       7.47741461E-02
   4.37500000      0.787500024       7.49689713E-02
   4.62500000      0.787500024       7.51381740E-02
   4.87500000      0.787500024       7.52926022E-02
   5.12500000      0.787500024       7.54388049E-02
   5.37500000      0.787500024       7.55804926E-02
   5.62500000      0.787500024       7.57198110E-02
   5.87500000      0.787500024       7.58578926E-02
   6.12500000      0.787500024       7.59953558E-02
   6.37500000      0.787500024       7.61325210E-02
   6.62500000      0.787500024       7.62695223E-02
   6.87500000      0.787500024       7.64064267E-02
   7.12500000      0.787500024       7.65433162E-02
   7.37500000      0.787500024       7.66802207E-02
   7.62500000      0.787500024       7.68170878E-02
   7.87500000      0.787500024       7.69539773E-02
   8.12500000      0.787500024       7.70908371E-02
   8.37500000      0.787500024       7.72277415E-02
   8.62500000      0.787500024       7.73649588E-02
   8.87500000      0.787500024       7.75062442E-02
   9.12500000      0.787500024       7.76950642E-02
   9.37500000      0.787500024       7.84338936E-02
   9.62500000      0.787500024       8.58973935E-02
   9.87500000      0.787500024      0.187152013    
   10.0000000      0.787500024       1.00000000    
 
   0.00000000      0.812500000       0.00000000    
  0.125000000      0.812500000       3.24822497E-03
  0.375000000      0.812500000       1.64570827E-02
  0.625000000      0.812500000       3.08997165E-02
  0.875000000      0.812500000       4.40923050E-02
   1.12500000      0.812500000       5.51676527E-02
   1.37500000      0.812500000       6.39748052E-02
   1.62500000      0.812500000       7.06918016E-02
   1.87500000      0.812500000       7.56405890E-02
   2.12500000      0.812500000       7.91818723E-02
   2.37500000      0.812500000       8.16549882E-02
   2.62500000      0.812500000       8.33487213E-02
   2.87500000      0.812500000       8.44926983E-02
   3.12500000      0.812500000       8.52605030E-02
   3.37500000      0.812500000       8.57780501E-02
   3.62500000      0.812500000       8.61335397E-02
   3.87500000      0.812500000       8.63868967E-02
   4.12500000      0.812500000       8.65775347E-02
   4.37500000      0.812500000       8.67306814E-02
   4.62500000      0.812500000       8.68619829E-02
   4.87500000      0.812500000       8.69808272E-02
   5.12500000      0.812500000       8.70928839E-02
   5.37500000      0.812500000       8.72012451E-02
   5.62500000      0.812500000       8.73077214E-02
   5.87500000      0.812500000       8.74132141E-02
   6.12500000      0.812500000       8.75181779E-02
   6.37500000      0.812500000       8.76229480E-02
   6.62500000      0.812500000       8.77275839E-02
   6.87500000      0.812500000       8.78321305E-02
   7.12500000      0.812500000       8.79366845E-02
   7.37500000      0.812500000       8.80412087E-02
   7.62500000      0.812500000       8.81457701E-02
   7.87500000      0.812500000       8.82503092E-02
   8.12500000      0.812500000       8.83548334E-02
   8.37500000      0.812500000       8.84594023E-02
   8.62500000      0.812500000       8.85643885E-02
   8.87500000      0.812500000       8.86747763E-02
   9.12500000      0.812500000       8.88469294E-02
   9.37500000      0.812500000       8.97080004E-02
   9.62500000      0.812500000       9.84566286E-02
   9.87500000      0.812500000      0.207406253    
   10.0000000      0.812500000       1.00000000    
 
   0.00000000      0.837499976       0.00000000    
  0.125000000      0.837499976       5.55076776E-03
  0.375000000      0.837499976       2.37440094E-02
  0.625000000      0.837499976       4.15360704E-02
  0.875000000      0.837499976       5.66914529E-02
   1.12500000      0.837499976       6.88057095E-02
   1.37500000      0.837499976       7.80742839E-02
   1.62500000      0.837499976       8.49129409E-02
   1.87500000      0.837499976       8.98029506E-02
   2.12500000      0.837499976       9.32062492E-02
   2.37500000      0.837499976       9.55213830E-02
   2.62500000      0.837499976       9.70673636E-02
   2.87500000      0.837499976       9.80860814E-02
   3.12500000      0.837499976       9.87532884E-02
   3.37500000      0.837499976       9.91921052E-02
   3.62500000      0.837499976       9.94862318E-02
   3.87500000      0.837499976       9.96909067E-02
   4.12500000      0.837499976       9.98418033E-02
   4.37500000      0.837499976       9.99609977E-02
   4.62500000      0.837499976      0.100062080    
   4.87500000      0.837499976      0.100152984    
   5.12500000      0.837499976      0.100238420    
   5.37500000      0.837499976      0.100320928    
   5.62500000      0.837499976      0.100401931    
   5.87500000      0.837499976      0.100482240    
   6.12500000      0.837499976      0.100562088    
   6.37500000      0.837499976      0.100641809    
   6.62500000      0.837499976      0.100721411    
   6.87500000      0.837499976      0.100800954    
   7.12500000      0.837499976      0.100880548    
   7.37500000      0.837499976      0.100960054    
   7.62500000      0.837499976      0.101039574    
   7.87500000      0.837499976      0.101119138    
   8.12500000      0.837499976      0.101198703    
   8.37500000      0.837499976      0.101278268    
   8.62500000      0.837499976      0.101358429    
   8.87500000      0.837499976      0.101445608    
   9.12500000      0.837499976      0.101612113    
   9.37500000      0.837499976      0.102637552    
   9.62500000      0.837499976      0.112951308    
   9.87500000      0.837499976      0.230922297    
   10.0000000      0.837499976       1.00000000    
 
   0.00000000      0.862500012       0.00000000    
  0.125000000      0.862500012       9.29570943E-03
  0.375000000      0.862500012       3.35427895E-02
  0.625000000      0.862500012       5.47238253E-02
  0.875000000      0.862500012       7.16082528E-02
   1.12500000      0.862500012       8.45073909E-02
   1.37500000      0.862500012       9.40296948E-02
   1.62500000      0.862500012      0.100839794    
   1.87500000      0.862500012      0.105571941    
   2.12500000      0.862500012      0.108777836    
   2.37500000      0.862500012      0.110903479    
   2.62500000      0.862500012      0.112288162    
   2.87500000      0.862500012      0.113178894    
   3.12500000      0.862500012      0.113748573    
   3.37500000      0.862500012      0.114114530    
   3.62500000      0.862500012      0.114354253    
   3.87500000      0.862500012      0.114517450    
   4.12500000      0.862500012      0.114635609    
   4.37500000      0.862500012      0.114727676    
   4.62500000      0.862500012      0.114805005    
   4.87500000      0.862500012      0.114874259    
   5.12500000      0.862500012      0.114939250    
   5.37500000      0.862500012      0.115001902    
   5.62500000      0.862500012      0.115063488    
   5.87500000      0.862500012      0.115124546    
   6.12500000      0.862500012      0.115185246    
   6.37500000      0.862500012      0.115245856    
   6.62500000      0.862500012      0.115306370    
   6.87500000      0.862500012      0.115366854    
   7.12500000      0.862500012      0.115427345    
   7.37500000      0.862500012      0.115487806    
   7.62500000      0.862500012      0.115548246    
   7.87500000      0.862500012      0.115608744    
   8.12500000      0.862500012      0.115669243    
   8.37500000      0.862500012      0.115729779    
   8.62500000      0.862500012      0.115791030    
   8.87500000      0.862500012      0.115861237    
   9.12500000      0.862500012      0.116031758    
   9.37500000      0.862500012      0.117262475    
   9.62500000      0.862500012      0.129421249    
   9.87500000      0.862500012      0.257738143    
   10.0000000      0.862500012       1.00000000    
 
   0.00000000      0.887500048       0.00000000    
  0.125000000      0.887500048       1.51923979E-02
  0.375000000      0.887500048       4.62887920E-02
  0.625000000      0.887500048       7.05952868E-02
  0.875000000      0.887500048       8.88387188E-02
   1.12500000      0.887500048      0.102228083    
   1.37500000      0.887500048      0.111799128    
   1.62500000      0.887500048      0.118449882    
   1.87500000      0.887500048      0.122948192    
   2.12500000      0.887500048      0.125918135    
   2.37500000      0.887500048      0.127838969    
   2.62500000      0.887500048      0.129060432    
   2.87500000      0.887500048      0.129827917    
   3.12500000      0.887500048      0.130307570    
   3.37500000      0.887500048      0.130608782    
   3.62500000      0.887500048      0.130801901    
   3.87500000      0.887500048      0.130930811    
   4.12500000      0.887500048      0.131022677    
   4.37500000      0.887500048      0.131093472    
   4.62500000      0.887500048      0.131152585    
   4.87500000      0.887500048      0.131205410    
   5.12500000      0.887500048      0.131254941    
   5.37500000      0.887500048      0.131302699    
   5.62500000      0.887500048      0.131349728    
   5.87500000      0.887500048      0.131396294    
   6.12500000      0.887500048      0.131442666    
   6.37500000      0.887500048      0.131488949    
   6.62500000      0.887500048      0.131535143    
   6.87500000      0.887500048      0.131581321    
   7.12500000      0.887500048      0.131627530    
   7.37500000      0.887500048      0.131673723    
   7.62500000      0.887500048      0.131719887    
   7.87500000      0.887500048      0.131766126    
   8.12500000      0.887500048      0.131812289    
   8.37500000      0.887500048      0.131858543    
   8.62500000      0.887500048      0.131905720    
   8.87500000      0.887500048      0.131964073    
   9.12500000      0.887500048      0.132146552    
   9.37500000      0.887500048      0.133617431    
   9.62500000      0.887500048      0.147862375    
   9.87500000      0.887500048      0.287672192    
   10.0000000      0.887500048       1.00000000    
 
   0.00000000      0.912500024       0.00000000    
  0.125000000      0.912500024       2.41204929E-02
  0.375000000      0.912500024       6.22589476E-02
  0.625000000      0.912500024       8.91105235E-02
  0.875000000      0.912500024      0.108259998    
   1.12500000      0.912500024      0.121850006    
   1.37500000      0.912500024      0.131297871    
   1.62500000      0.912500024      0.137696430    
   1.87500000      0.912500024      0.141918555    
   2.12500000      0.912500024      0.144639969    
   2.37500000      0.912500024      0.146359086    
   2.62500000      0.912500024      0.147427440    
   2.87500000      0.912500024      0.148083702    
   3.12500000      0.912500024      0.148484915    
   3.37500000      0.912500024      0.148731500    
   3.62500000      0.912500024      0.148886442    
   3.87500000      0.912500024      0.148988113    
   4.12500000      0.912500024      0.149059638    
   4.37500000      0.912500024      0.149114326    
   4.62500000      0.912500024      0.149159923    
   4.87500000      0.912500024      0.149200618    
   5.12500000      0.912500024      0.149238810    
   5.37500000      0.912500024      0.149275690    
   5.62500000      0.912500024      0.149312079    
   5.87500000      0.912500024      0.149348140    
   6.12500000      0.912500024      0.149384007    
   6.37500000      0.912500024      0.149419814    
   6.62500000      0.912500024      0.149455607    
   6.87500000      0.912500024      0.149491355    
   7.12500000      0.912500024      0.149527177    
   7.37500000      0.912500024      0.149562940    
   7.62500000      0.912500024      0.149598673    
   7.87500000      0.912500024      0.149634466    
   8.12500000      0.912500024      0.149670213    
   8.37500000      0.912500024      0.149706081    
   8.62500000      0.912500024      0.149743095    
   8.87500000      0.912500024      0.149793565    
   9.12500000      0.912500024      0.149993747    
   9.37500000      0.912500024      0.151726246    
   9.62500000      0.912500024      0.168200329    
   9.87500000      0.912500024      0.320189506    
   10.0000000      0.912500024       1.00000000    
 
   0.00000000      0.937500000       0.00000000    
  0.125000000      0.937500000       3.70076373E-02
  0.375000000      0.937500000       8.14495832E-02
  0.625000000      0.937500000      0.110030949    
  0.875000000      0.937500000      0.129635349    
   1.12500000      0.937500000      0.143192381    
   1.37500000      0.937500000      0.152407125    
   1.62500000      0.937500000      0.158514202    
   1.87500000      0.937500000      0.162458807    
   2.12500000      0.937500000      0.164948046    
   2.37500000      0.937500000      0.166487768    
   2.62500000      0.937500000      0.167424843    
   2.87500000      0.937500000      0.167988792    
   3.12500000      0.937500000      0.168326586    
   3.37500000      0.937500000      0.168530211    
   3.62500000      0.937500000      0.168655902    
   3.87500000      0.937500000      0.168737203    
   4.12500000      0.937500000      0.168793812    
   4.37500000      0.937500000      0.168836951    
   4.62500000      0.937500000      0.168872982    
   4.87500000      0.937500000      0.168905199    
   5.12500000      0.937500000      0.168935478    
   5.37500000      0.937500000      0.168964788    
   5.62500000      0.937500000      0.168993756    
   5.87500000      0.937500000      0.169022545    
   6.12500000      0.937500000      0.169051126    
   6.37500000      0.937500000      0.169079661    
   6.62500000      0.937500000      0.169108212    
   6.87500000      0.937500000      0.169136703    
   7.12500000      0.937500000      0.169165298    
   7.37500000      0.937500000      0.169193834    
   7.62500000      0.937500000      0.169222325    
   7.87500000      0.937500000      0.169250876    
   8.12500000      0.937500000      0.169279382    
   8.37500000      0.937500000      0.169308081    
   8.62500000      0.937500000      0.169338062    
   8.87500000      0.937500000      0.169383764    
   9.12500000      0.937500000      0.169604316    
   9.37500000      0.937500000      0.171596348    
   9.62500000      0.937500000      0.190262422    
   9.87500000      0.937500000      0.354241073    
   10.0000000      0.937500000       1.00000000    
 
   0.00000000      0.962499976       0.00000000    
  0.125000000      0.962499976       5.45353703E-02
  0.375000000      0.962499976      0.103476211    
  0.625000000      0.962499976      0.132926613    
  0.875000000      0.962499976      0.152634144    
   1.12500000      0.962499976      0.166027054    
   1.37500000      0.962499976      0.174983814    
   1.62500000      0.962499976      0.180824369    
   1.87500000      0.962499976      0.184535682    
   2.12500000      0.962499976      0.186839402    
   2.37500000      0.962499976      0.188240871    
   2.62500000      0.962499976      0.189079702    
   2.87500000      0.962499976      0.189576119    
   3.12500000      0.962499976      0.189868644    
   3.37500000      0.962499976      0.190042242    
   3.62500000      0.962499976      0.190147877    
   3.87500000      0.962499976      0.190215543    
   4.12500000      0.962499976      0.190262377    
   4.37500000      0.962499976      0.190298066    
   4.62500000      0.962499976      0.190327957    
   4.87500000      0.962499976      0.190354720    
   5.12500000      0.962499976      0.190380067    
   5.37500000      0.962499976      0.190404609    
   5.62500000      0.962499976      0.190428883    
   5.87500000      0.962499976      0.190453053    
   6.12500000      0.962499976      0.190477088    
   6.37500000      0.962499976      0.190501034    
   6.62500000      0.962499976      0.190525040    
   6.87500000      0.962499976      0.190548941    
   7.12500000      0.962499976      0.190573007    
   7.37500000      0.962499976      0.190596983    
   7.62500000      0.962499976      0.190620944    
   7.87500000      0.962499976      0.190644935    
   8.12500000      0.962499976      0.190668836    
   8.37500000      0.962499976      0.190693006    
   8.62500000      0.962499976      0.190718681    
   8.87500000      0.962499976      0.190761939    
   9.12500000      0.962499976      0.191001311    
   9.37500000      0.962499976      0.193215668    
   9.62500000      0.962499976      0.213755935    
   9.87500000      0.962499976      0.388096869    
   10.0000000      0.962499976       1.00000000    
 
   0.00000000      0.987500012       0.00000000    
  0.125000000      0.987500012       7.66106844E-02
  0.375000000      0.987500012      0.127546802    
  0.625000000      0.987500012      0.157215089    
  0.875000000      0.987500012      0.176857233    
   1.12500000      0.987500012      0.190090969    
   1.37500000      0.987500012      0.198864833    
   1.62500000      0.987500012      0.204534963    
   1.87500000      0.987500012      0.208104938    
   2.12500000      0.987500012      0.210300297    
   2.37500000      0.987500012      0.211623132    
   2.62500000      0.987500012      0.212407187    
   2.87500000      0.987500012      0.212866813    
   3.12500000      0.987500012      0.213134989    
   3.37500000      0.987500012      0.213292733    
   3.62500000      0.987500012      0.213388011    
   3.87500000      0.987500012      0.213448659    
   4.12500000      0.987500012      0.213490605    
   4.37500000      0.987500012      0.213522598    
   4.62500000      0.987500012      0.213549450    
   4.87500000      0.987500012      0.213573620    
   5.12500000      0.987500012      0.213596568    
   5.37500000      0.987500012      0.213618770    
   5.62500000      0.987500012      0.213640854    
   5.87500000      0.987500012      0.213662803    
   6.12500000      0.987500012      0.213684589    
   6.37500000      0.987500012      0.213706300    
   6.62500000      0.987500012      0.213728100    
   6.87500000      0.987500012      0.213749826    
   7.12500000      0.987500012      0.213771641    
   7.37500000      0.987500012      0.213793457    
   7.62500000      0.987500012      0.213815227    
   7.87500000      0.987500012      0.213837013    
   8.12500000      0.987500012      0.213858724    
   8.37500000      0.987500012      0.213880733    
   8.62500000      0.987500012      0.213904291    
   8.87500000      0.987500012      0.213946655    
   9.12500000      0.987500012      0.214198336    
   9.37500000      0.987500012      0.216550931    
   9.62500000      0.987500012      0.238262147    
   9.87500000      0.987500012      0.419213831    
   10.0000000      0.987500012       1.00000000    
 
   0.00000000       1.00000000       0.00000000    
  0.125000000       1.00000000       7.66106844E-02
  0.375000000       1.00000000      0.127546802    
  0.625000000       1.00000000      0.157215089    
  0.875000000       1.00000000      0.176857233    
   1.12500000       1.00000000      0.190090969    
   1.37500000       1.00000000      0.198864833    
   1.62500000       1.00000000      0.204534963    
   1.87500000       1.00000000      0.208104938    
   2.12500000       1.00000000      0.210300297    
   2.37500000       1.00000000      0.211623132    
   2.62500000       1.00000000      0.212407187    
   2.87500000       1.00000000      0.212866813    
   3.12500000       1.00000000      0.213134989    
   3.37500000       1.00000000      0.213292733    
   3.62500000       1.00000000      0.213388011    
   3.87500000       1.00000000      0.213448659    
   4.12500000       1.00000000      0.213490605    
   4.37500000       1.00000000      0.213522598    
   4.62500000       1.00000000      0.213549450    
   4.87500000       1.00000000      0.213573620    
   5.12500000       1.00000000      0.213596568    
   5.37500000       1.00000000      0.213618770    
   5.62500000       1.00000000      0.213640854    
   5.87500000       1.00000000      0.213662803    
   6.12500000       1.00000000      0.213684589    
   6.37500000       1.00000000      0.213706300    
   6.62500000       1.00000000      0.213728100    
   6.87500000       1.00000000      0.213749826    
   7.12500000       1.00000000      0.213771641    
   7.37500000       1.00000000      0.213793457    
   7.62500000       1.00000000      0.213815227    
   7.87500000       1.00000000      0.213837013    
   8.12500000       1.00000000      0.213858724    
   8.37500000       1.00000000      0.213880733    
   8.62500000       1.00000000      0.213904291    
   8.87500000       1.00000000      0.213946655    
   9.12500000       1.00000000      0.214198336    
   9.37500000       1.00000000      0.216550931    
   9.62500000       1.00000000      0.238262147    
   9.87500000       1.00000000      0.419213831    
   10.0000000       1.00000000       1.00000000    
 
