   0.00000000       0.00000000       0.00000000    
  0.125000000       0.00000000       1.25000002E-02
  0.375000000       0.00000000       3.75000015E-02
  0.625000000       0.00000000       6.25000000E-02
  0.875000000       0.00000000       8.74999985E-02
   1.12500000       0.00000000      0.112499997    
   1.37500000       0.00000000      0.137500003    
   1.62500000       0.00000000      0.162499994    
   1.87500000       0.00000000      0.187500000    
   2.12500000       0.00000000      0.212500006    
   2.37500000       0.00000000      0.237499997    
   2.62500000       0.00000000      0.262499988    
   2.87500000       0.00000000      0.287499994    
   3.12500000       0.00000000      0.312500000    
   3.37500000       0.00000000      0.337500006    
   3.62500000       0.00000000      0.362500012    
   3.87500000       0.00000000      0.387499988    
   4.12500000       0.00000000      0.412499994    
   4.37500000       0.00000000      0.437500000    
   4.62500000       0.00000000      0.462500006    
   4.87500000       0.00000000      0.487500012    
   5.12500000       0.00000000      0.512499988    
   5.37500000       0.00000000      0.537500024    
   5.62500000       0.00000000      0.562500000    
   5.87500000       0.00000000      0.587499976    
   6.12500000       0.00000000      0.612500012    
   6.37500000       0.00000000      0.637499988    
   6.62500000       0.00000000      0.662500024    
   6.87500000       0.00000000      0.687500000    
   7.12500000       0.00000000      0.712499976    
   7.37500000       0.00000000      0.737500012    
   7.62500000       0.00000000      0.762499988    
   7.87500000       0.00000000      0.787500024    
   8.12500000       0.00000000      0.812500000    
   8.37500000       0.00000000      0.837499976    
   8.62500000       0.00000000      0.862500012    
   8.87500000       0.00000000      0.887499988    
   9.12500000       0.00000000      0.912500024    
   9.37500000       0.00000000      0.937500000    
   9.62500000       0.00000000      0.962499976    
   9.87500000       0.00000000      0.987500012    
   10.0000000       0.00000000       1.00000000    
 
   0.00000000       1.25000002E-02   0.00000000    
  0.125000000       1.25000002E-02   1.08878259E-02
  0.375000000       1.25000002E-02   3.39789987E-02
  0.625000000       1.25000002E-02   5.74624501E-02
  0.875000000       1.25000002E-02   8.11490715E-02
   1.12500000       1.25000002E-02  0.104965836    
   1.37500000       1.25000002E-02  0.128875881    
   1.62500000       1.25000002E-02  0.152857453    
   1.87500000       1.25000002E-02  0.176897123    
   2.12500000       1.25000002E-02  0.200985238    
   2.37500000       1.25000002E-02  0.225114554    
   2.62500000       1.25000002E-02  0.249280676    
   2.87500000       1.25000002E-02  0.273478895    
   3.12500000       1.25000002E-02  0.297706068    
   3.37500000       1.25000002E-02  0.321958929    
   3.62500000       1.25000002E-02  0.346234709    
   3.87500000       1.25000002E-02  0.370531231    
   4.12500000       1.25000002E-02  0.394846141    
   4.37500000       1.25000002E-02  0.419176400    
   4.62500000       1.25000002E-02  0.443520516    
   4.87500000       1.25000002E-02  0.467876375    
   5.12500000       1.25000002E-02  0.492241591    
   5.37500000       1.25000002E-02  0.516614735    
   5.62500000       1.25000002E-02  0.540994108    
   5.87500000       1.25000002E-02  0.565378428    
   6.12500000       1.25000002E-02  0.589766145    
   6.37500000       1.25000002E-02  0.614156604    
   6.62500000       1.25000002E-02  0.638548970    
   6.87500000       1.25000002E-02  0.662942708    
   7.12500000       1.25000002E-02  0.687337160    
   7.37500000       1.25000002E-02  0.711732507    
   7.62500000       1.25000002E-02  0.736127615    
   7.87500000       1.25000002E-02  0.760522664    
   8.12500000       1.25000002E-02  0.784918249    
   8.37500000       1.25000002E-02  0.809313715    
   8.62500000       1.25000002E-02  0.833708763    
   8.87500000       1.25000002E-02  0.858103931    
   9.12500000       1.25000002E-02  0.882500470    
   9.37500000       1.25000002E-02  0.906915724    
   9.62500000       1.25000002E-02  0.931632638    
   9.87500000       1.25000002E-02  0.960685134    
   10.0000000       1.25000002E-02   1.00000000    
 
   0.00000000       3.75000015E-02   0.00000000    
  0.125000000       3.75000015E-02   7.91913457E-03
  0.375000000       3.75000015E-02   2.72181407E-02
  0.625000000       3.75000015E-02   4.76752557E-02
  0.875000000       3.75000015E-02   6.87383786E-02
   1.12500000       3.75000015E-02   9.01906267E-02
   1.37500000       3.75000015E-02  0.111922137    
   1.62500000       3.75000015E-02  0.133868009    
   1.87500000       3.75000015E-02  0.155987635    
   2.12500000       3.75000015E-02  0.178252652    
   2.37500000       3.75000015E-02  0.200641528    
   2.62500000       3.75000015E-02  0.223140210    
   2.87500000       3.75000015E-02  0.245735437    
   3.12500000       3.75000015E-02  0.268417180    
   3.37500000       3.75000015E-02  0.291176319    
   3.62500000       3.75000015E-02  0.314004689    
   3.87500000       3.75000015E-02  0.336894959    
   4.12500000       3.75000015E-02  0.359840006    
   4.37500000       3.75000015E-02  0.382832259    
   4.62500000       3.75000015E-02  0.405865550    
   4.87500000       3.75000015E-02  0.428934067    
   5.12500000       3.75000015E-02  0.452031195    
   5.37500000       3.75000015E-02  0.475152045    
   5.62500000       3.75000015E-02  0.498291671    
   5.87500000       3.75000015E-02  0.521445990    
   6.12500000       3.75000015E-02  0.544611394    
   6.37500000       3.75000015E-02  0.567784846    
   6.62500000       3.75000015E-02  0.590963960    
   6.87500000       3.75000015E-02  0.614147305    
   7.12500000       3.75000015E-02  0.637333035    
   7.37500000       3.75000015E-02  0.660520434    
   7.62500000       3.75000015E-02  0.683708370    
   7.87500000       3.75000015E-02  0.706896544    
   8.12500000       3.75000015E-02  0.730084777    
   8.37500000       3.75000015E-02  0.753273010    
   8.62500000       3.75000015E-02  0.776460946    
   8.87500000       3.75000015E-02  0.799648821    
   9.12500000       3.75000015E-02  0.822839737    
   9.37500000       3.75000015E-02  0.846085429    
   9.62500000       3.75000015E-02  0.870201111    
   9.87500000       3.75000015E-02  0.906955838    
   10.0000000       3.75000015E-02   1.00000000    
 
   0.00000000       6.25000000E-02   0.00000000    
  0.125000000       6.25000000E-02   5.48750628E-03
  0.375000000       6.25000000E-02   2.11422928E-02
  0.625000000       6.25000000E-02   3.86203900E-02
  0.875000000       6.25000000E-02   5.70841506E-02
   1.12500000       6.25000000E-02   7.61870295E-02
   1.37500000       6.25000000E-02   9.57506970E-02
   1.62500000       6.25000000E-02  0.115669124    
   1.87500000       6.25000000E-02  0.135875359    
   2.12500000       6.25000000E-02  0.156322598    
   2.37500000       6.25000000E-02  0.176976055    
   2.62500000       6.25000000E-02  0.197811157    
   2.87500000       6.25000000E-02  0.218807191    
   3.12500000       6.25000000E-02  0.239947185    
   3.37500000       6.25000000E-02  0.261216164    
   3.62500000       6.25000000E-02  0.282600611    
   3.87500000       6.25000000E-02  0.304088265    
   4.12500000       6.25000000E-02  0.325666904    
   4.37500000       6.25000000E-02  0.347324997    
   4.62500000       6.25000000E-02  0.369051874    
   4.87500000       6.25000000E-02  0.390837044    
   5.12500000       6.25000000E-02  0.412670672    
   5.37500000       6.25000000E-02  0.434544325    
   5.62500000       6.25000000E-02  0.456449658    
   5.87500000       6.25000000E-02  0.478379548    
   6.12500000       6.25000000E-02  0.500328422    
   6.37500000       6.25000000E-02  0.522291064    
   6.62500000       6.25000000E-02  0.544263542    
   6.87500000       6.25000000E-02  0.566242695    
   7.12500000       6.25000000E-02  0.588226140    
   7.37500000       6.25000000E-02  0.610212386    
   7.62500000       6.25000000E-02  0.632199824    
   7.87500000       6.25000000E-02  0.654187799    
   8.12500000       6.25000000E-02  0.676175654    
   8.37500000       6.25000000E-02  0.698163450    
   8.62500000       6.25000000E-02  0.720150828    
   8.87500000       6.25000000E-02  0.742137969    
   9.12500000       6.25000000E-02  0.764130056    
   9.37500000       6.25000000E-02  0.786206186    
   9.62500000       6.25000000E-02  0.809639454    
   9.87500000       6.25000000E-02  0.853171408    
   10.0000000       6.25000000E-02   1.00000000    
 
   0.00000000       8.75000060E-02   0.00000000    
  0.125000000       8.75000060E-02   3.65215261E-03
  0.375000000       8.75000060E-02   1.59655083E-02
  0.625000000       8.75000060E-02   3.05798128E-02
  0.875000000       8.75000060E-02   4.65053990E-02
   1.12500000       8.75000060E-02   6.32981732E-02
   1.37500000       8.75000060E-02   8.07220414E-02
   1.62500000       8.75000060E-02   9.86347198E-02
   1.87500000       8.75000060E-02  0.116944790    
   2.12500000       8.75000060E-02  0.135588676    
   2.37500000       8.75000060E-02  0.154519215    
   2.62500000       8.75000060E-02  0.173701897    
   2.87500000       8.75000060E-02  0.193108767    
   3.12500000       8.75000060E-02  0.212716281    
   3.37500000       8.75000060E-02  0.232503757    
   3.62500000       8.75000060E-02  0.252452612    
   3.87500000       8.75000060E-02  0.272545666    
   4.12500000       8.75000060E-02  0.292766243    
   4.37500000       8.75000060E-02  0.313098162    
   4.62500000       8.75000060E-02  0.333526760    
   4.87500000       8.75000060E-02  0.354037255    
   5.12500000       8.75000060E-02  0.374616295    
   5.37500000       8.75000060E-02  0.395251721    
   5.62500000       8.75000060E-02  0.415932119    
   5.87500000       8.75000060E-02  0.436647624    
   6.12500000       8.75000060E-02  0.457389891    
   6.37500000       8.75000060E-02  0.478152215    
   6.62500000       8.75000060E-02  0.498928457    
   6.87500000       8.75000060E-02  0.519714355    
   7.12500000       8.75000060E-02  0.540506721    
   7.37500000       8.75000060E-02  0.561302722    
   7.62500000       8.75000060E-02  0.582100689    
   7.87500000       8.75000060E-02  0.602899551    
   8.12500000       8.75000060E-02  0.623698175    
   8.37500000       8.75000060E-02  0.644496739    
   8.62500000       8.75000060E-02  0.665294766    
   8.87500000       8.75000060E-02  0.686092317    
   9.12500000       8.75000060E-02  0.706896126    
   9.37500000       8.75000060E-02  0.727805734    
   9.62500000       8.75000060E-02  0.750457466    
   9.87500000       8.75000060E-02  0.799623251    
   10.0000000       8.75000060E-02   1.00000000    
 
   0.00000000      0.112499997       0.00000000    
  0.125000000      0.112499997       2.34990986E-03
  0.375000000      0.112499997       1.17488727E-02
  0.625000000      0.112499997       2.36930139E-02
  0.875000000      0.112499997       3.71895768E-02
   1.12500000      0.112499997       5.17438799E-02
   1.37500000      0.112499997       6.70796782E-02
   1.62500000      0.112499997       8.30265954E-02
   1.87500000      0.112499997       9.94728953E-02
   2.12500000      0.112499997      0.116340503    
   2.37500000      0.112499997      0.133571595    
   2.62500000      0.112499997      0.151122808    
   2.87500000      0.112499997      0.168959171    
   3.12500000      0.112499997      0.187051177    
   3.37500000      0.112499997      0.205373198    
   3.62500000      0.112499997      0.223901436    
   3.87500000      0.112499997      0.242614210    
   4.12500000      0.112499997      0.261490524    
   4.37500000      0.112499997      0.280510008    
   4.62500000      0.112499997      0.299653798    
   4.87500000      0.112499997      0.318903178    
   5.12500000      0.112499997      0.338241249    
   5.37500000      0.112499997      0.357652217    
   5.62500000      0.112499997      0.377121657    
   5.87500000      0.112499997      0.396637052    
   6.12500000      0.112499997      0.416187614    
   6.37500000      0.112499997      0.435764164    
   6.62500000      0.112499997      0.455359221    
   6.87500000      0.112499997      0.474967003    
   7.12500000      0.112499997      0.494583279    
   7.37500000      0.112499997      0.514204502    
   7.62500000      0.112499997      0.533828616    
   7.87500000      0.112499997      0.553453565    
   8.12500000      0.112499997      0.573078454    
   8.37500000      0.112499997      0.592703283    
   8.62500000      0.112499997      0.612327397    
   8.87500000      0.112499997      0.631950855    
   9.12500000      0.112499997      0.651580691    
   9.37500000      0.112499997      0.671331525    
   9.62500000      0.112499997      0.693105578    
   9.87500000      0.112499997      0.746743381    
   10.0000000      0.112499997       1.00000000    
 
   0.00000000      0.137500003       0.00000000    
  0.125000000      0.137500003       1.46992703E-03
  0.375000000      0.137500003       8.44524149E-03
  0.625000000      0.137500003       1.79832727E-02
  0.875000000      0.137500003       2.92107742E-02
   1.12500000      0.137500003       4.16350737E-02
   1.37500000      0.137500003       5.49625121E-02
   1.62500000      0.137500003       6.90058246E-02
   1.87500000      0.137500003       8.36390927E-02
   2.12500000      0.137500003       9.87731442E-02
   2.37500000      0.137500003      0.114341751    
   2.62500000      0.137500003      0.130294189    
   2.87500000      0.137500003      0.146589652    
   3.12500000      0.137500003      0.163193196    
   3.37500000      0.137500003      0.180074453    
   3.62500000      0.137500003      0.197205395    
   3.87500000      0.137500003      0.214559913    
   4.12500000      0.137500003      0.232112929    
   4.37500000      0.137500003      0.249840170    
   4.62500000      0.137500003      0.267718643    
   4.87500000      0.137500003      0.285726339    
   5.12500000      0.137500003      0.303842396    
   5.37500000      0.137500003      0.322047949    
   5.62500000      0.137500003      0.340325475    
   5.87500000      0.137500003      0.358659714    
   6.12500000      0.137500003      0.377037495    
   6.37500000      0.137500003      0.395447522    
   6.62500000      0.137500003      0.413880855    
   6.87500000      0.137500003      0.432330072    
   7.12500000      0.137500003      0.450789779    
   7.37500000      0.137500003      0.469255924    
   7.62500000      0.137500003      0.487725556    
   7.87500000      0.137500003      0.506196320    
   8.12500000      0.137500003      0.524667084    
   8.37500000      0.137500003      0.543137729    
   8.62500000      0.137500003      0.561607361    
   8.87500000      0.137500003      0.580076039    
   9.12500000      0.137500003      0.598551512    
   9.37500000      0.137500003      0.617155790    
   9.62500000      0.137500003      0.637971461    
   9.87500000      0.137500003      0.695020854    
   10.0000000      0.137500003       1.00000000    
 
   0.00000000      0.162499994       0.00000000    
  0.125000000      0.162499994       8.98238504E-04
  0.375000000      0.162499994       5.94321731E-03
  0.625000000      0.162499994       1.33877965E-02
  0.875000000      0.162499994       2.25515403E-02
   1.12500000      0.162499994       3.29906940E-02
   1.37500000      0.162499994       4.44187373E-02
   1.62500000      0.162499994       5.66445738E-02
   1.87500000      0.162499994       6.95357323E-02
   2.12500000      0.162499994       8.29964429E-02
   2.37500000      0.162499994       9.69548896E-02
   2.62500000      0.162499994      0.111355051    
   2.87500000      0.162499994      0.126151323    
   3.12500000      0.162499994      0.141304612    
   3.37500000      0.162499994      0.156780377    
   3.62500000      0.162499994      0.172546729    
   3.87500000      0.162499994      0.188573733    
   4.12500000      0.162499994      0.204832315    
   4.37500000      0.162499994      0.221294835    
   4.62500000      0.162499994      0.237934634    
   4.87500000      0.162499994      0.254725993    
   5.12500000      0.162499994      0.271645099    
   5.37500000      0.162499994      0.288669556    
   5.62500000      0.162499994      0.305779189    
   5.87500000      0.162499994      0.322956175    
   6.12500000      0.162499994      0.340184987    
   6.37500000      0.162499994      0.357452244    
   6.62500000      0.162499994      0.374747366    
   6.87500000      0.162499994      0.392061710    
   7.12500000      0.162499994      0.409388423    
   7.37500000      0.162499994      0.426723003    
   7.62500000      0.162499994      0.444061697    
   7.87500000      0.162499994      0.461401999    
   8.12500000      0.162499994      0.478742152    
   8.37500000      0.162499994      0.496082008    
   8.62500000      0.162499994      0.513420522    
   8.87500000      0.162499994      0.530758142    
   9.12500000      0.162499994      0.548102021    
   9.37500000      0.162499994      0.565577328    
   9.62500000      0.162499994      0.585376322    
   9.87500000      0.162499994      0.644932926    
   10.0000000      0.162499994       1.00000000    
 
   0.00000000      0.187500000       0.00000000    
  0.125000000      0.187500000       5.38554159E-04
  0.375000000      0.187500000       4.10379330E-03
  0.625000000      0.187500000       9.78829712E-03
  0.875000000      0.187500000       1.71267036E-02
   1.12500000      0.187500000       2.57571228E-02
   1.37500000      0.187500000       3.54223326E-02
   1.62500000      0.187500000       4.59406115E-02
   1.87500000      0.187500000       5.71811460E-02
   2.12500000      0.187500000       6.90469742E-02
   2.37500000      0.187500000       8.14638510E-02
   2.62500000      0.187500000       9.43728983E-02
   2.87500000      0.187500000      0.107725270    
   3.12500000      0.187500000      0.121478781    
   3.37500000      0.187500000      0.135595560    
   3.62500000      0.187500000      0.150040373    
   3.87500000      0.187500000      0.164779976    
   4.12500000      0.187500000      0.179782003    
   4.37500000      0.187500000      0.195015401    
   4.62500000      0.187500000      0.210450262    
   4.87500000      0.187500000      0.226057723    
   5.12500000      0.187500000      0.241810858    
   5.37500000      0.187500000      0.257684469    
   5.62500000      0.187500000      0.273655683    
   5.87500000      0.187500000      0.289704174    
   6.12500000      0.187500000      0.305812359    
   6.37500000      0.187500000      0.321965009    
   6.62500000      0.187500000      0.338149786    
   6.87500000      0.187500000      0.354356766    
   7.12500000      0.187500000      0.370578319    
   7.37500000      0.187500000      0.386808664    
   7.62500000      0.187500000      0.403043687    
   7.87500000      0.187500000      0.419280767    
   8.12500000      0.187500000      0.435517579    
   8.37500000      0.187500000      0.451753885    
   8.62500000      0.187500000      0.467988372    
   8.87500000      0.187500000      0.484221756    
   9.12500000      0.187500000      0.500460863    
   9.37500000      0.187500000      0.516829908    
   9.62500000      0.187500000      0.535577118    
   9.87500000      0.187500000      0.596908271    
   10.0000000      0.187500000       1.00000000    
 
   0.00000000      0.212500006       0.00000000    
  0.125000000      0.212500006       3.18079983E-04
  0.375000000      0.212500006       2.78632366E-03
  0.625000000      0.212500006       7.03825988E-03
  0.875000000      0.212500006       1.28069259E-02
   1.12500000      0.212500006       1.98280253E-02
   1.37500000      0.212500006       2.78898850E-02
   1.62500000      0.212500006       3.68319079E-02
   1.87500000      0.212500006       4.65328842E-02
   2.12500000      0.212500006       5.69000319E-02
   2.37500000      0.212500006       6.78602904E-02
   2.62500000      0.212500006       7.93543011E-02
   2.87500000      0.212500006       9.13318694E-02
   3.12500000      0.212500006      0.103748761    
   3.37500000      0.212500006      0.116564773    
   3.62500000      0.212500006      0.129742011    
   3.87500000      0.212500006      0.143244371    
   4.12500000      0.212500006      0.157036737    
   4.37500000      0.212500006      0.171085045    
   4.62500000      0.212500006      0.185356438    
   4.87500000      0.212500006      0.199819401    
   5.12500000      0.212500006      0.214444101    
   5.37500000      0.212500006      0.229202867    
   5.62500000      0.212500006      0.244070411    
   5.87500000      0.212500006      0.259024203    
   6.12500000      0.212500006      0.274044722    
   6.37500000      0.212500006      0.289115041    
   6.62500000      0.212500006      0.304221392    
   6.87500000      0.212500006      0.319352537    
   7.12500000      0.212500006      0.334500074    
   7.37500000      0.212500006      0.349657267    
   7.62500000      0.212500006      0.364819795    
   7.87500000      0.212500006      0.379984140    
   8.12500000      0.212500006      0.395148218    
   8.37500000      0.212500006      0.410311460    
   8.62500000      0.212500006      0.425472438    
   8.87500000      0.212500006      0.440631956    
   9.12500000      0.212500006      0.455796570    
   9.37500000      0.212500006      0.471086949    
   9.62500000      0.212500006      0.488769025    
   9.87500000      0.212500006      0.551303387    
   10.0000000      0.212500006       1.00000000    
 
   0.00000000      0.237500012       0.00000000    
  0.125000000      0.237500012       1.85743120E-04
  0.375000000      0.237500012       1.86406681E-03
  0.625000000      0.237500012       4.98459581E-03
  0.875000000      0.237500012       9.43999644E-03
   1.12500000      0.237500012       1.50634982E-02
   1.37500000      0.237500012       2.16977783E-02
   1.62500000      0.237500012       2.92120781E-02
   1.87500000      0.237500012       3.75015624E-02
   2.12500000      0.237500012       4.64824699E-02
   2.37500000      0.237500012       5.60864136E-02
   2.62500000      0.237500012       6.62559792E-02
   2.87500000      0.237500012       7.69413263E-02
   3.12500000      0.237500012       8.80974531E-02
   3.37500000      0.237500012       9.96826515E-02
   3.62500000      0.237500012      0.111657150    
   3.87500000      0.237500012      0.123982541    
   4.12500000      0.237500012      0.136621371    
   4.37500000      0.237500012      0.149537057    
   4.62500000      0.237500012      0.162694231    
   4.87500000      0.237500012      0.176058993    
   5.12500000      0.237500012      0.189599186    
   5.37500000      0.237500012      0.203284919    
   5.62500000      0.237500012      0.217088804    
   5.87500000      0.237500012      0.230986401    
   6.12500000      0.237500012      0.244956613    
   6.37500000      0.237500012      0.258980960    
   6.62500000      0.237500012      0.273044556    
   6.87500000      0.237500012      0.287135065    
   7.12500000      0.237500012      0.301243335    
   7.37500000      0.237500012      0.315361857    
   7.62500000      0.237500012      0.329485774    
   7.87500000      0.237500012      0.343611419    
   8.12500000      0.237500012      0.357736498    
   8.37500000      0.237500012      0.371860236    
   8.62500000      0.237500012      0.385981411    
   8.87500000      0.237500012      0.400100529    
   9.12500000      0.237500012      0.414223790    
   9.37500000      0.237500012      0.428467274    
   9.62500000      0.237500012      0.445089579    
   9.87500000      0.237500012      0.508396745    
   10.0000000      0.237500012       1.00000000    
 
   0.00000000      0.262499988       0.00000000    
  0.125000000      0.262499988       1.07612141E-04
  0.375000000      0.262499988       1.23132311E-03
  0.625000000      0.262499988       3.48269660E-03
  0.875000000      0.262499988       6.86823903E-03
   1.12500000      0.262499988       1.13072684E-02
   1.37500000      0.262499988       1.66983344E-02
   1.62500000      0.262499988       2.29453426E-02
   1.87500000      0.262499988       2.99647190E-02
   2.12500000      0.262499988       3.76855657E-02
   2.37500000      0.262499988       4.60470505E-02
   2.62500000      0.262499988       5.49959727E-02
   2.87500000      0.262499988       6.44842982E-02
   3.12500000      0.262499988       7.44674578E-02
   3.37500000      0.262499988       8.49031210E-02
   3.62500000      0.262499988       9.57501754E-02
   3.87500000      0.262499988      0.106968552    
   4.12500000      0.262499988      0.118518889    
   4.37500000      0.262499988      0.130362540    
   4.62500000      0.262499988      0.142462119    
   4.87500000      0.262499988      0.154781774    
   5.12500000      0.262499988      0.167287365    
   5.37500000      0.262499988      0.179947272    
   5.62500000      0.262499988      0.192732438    
   5.87500000      0.262499988      0.205616936    
   6.12500000      0.262499988      0.218578354    
   6.37500000      0.262499988      0.231596977    
   6.62500000      0.262499988      0.244656876    
   6.87500000      0.262499988      0.257745206    
   7.12500000      0.262499988      0.270851791    
   7.37500000      0.262499988      0.283968985    
   7.62500000      0.262499988      0.297091305    
   7.87500000      0.262499988      0.310214937    
   8.12500000      0.262499988      0.323337644    
   8.37500000      0.262499988      0.336458176    
   8.62500000      0.262499988      0.349575728    
   8.87500000      0.262499988      0.362690598    
   9.12500000      0.262499988      0.375808626    
   9.37500000      0.262499988      0.389040917    
   9.62500000      0.262499988      0.404623032    
   9.87500000      0.262499988      0.468390226    
   10.0000000      0.262499988       1.00000000    
 
   0.00000000      0.287500024       0.00000000    
  0.125000000      0.287500024       6.20624778E-05
  0.375000000      0.287500024       8.04846291E-04
  0.625000000      0.287500024       2.40531424E-03
  0.875000000      0.287500024       4.94137267E-03
   1.12500000      0.287500024       8.40088911E-03
   1.37500000      0.287500024       1.27340350E-02
   1.62500000      0.287500024       1.78803708E-02
   1.87500000      0.287500024       2.37800572E-02
   2.12500000      0.287500024       3.03775463E-02
   2.37500000      0.287500024       3.76217104E-02
   2.62500000      0.287500024       4.54651378E-02
   2.87500000      0.287500024       5.38628846E-02
   3.12500000      0.287500024       6.27717003E-02
   3.37500000      0.287500024       7.21492693E-02
   3.62500000      0.287500024       8.19538087E-02
   3.87500000      0.287500024       9.21440497E-02
   4.12500000      0.287500024      0.102679141    
   4.37500000      0.287500024      0.113518901    
   4.62500000      0.287500024      0.124624372    
   4.87500000      0.287500024      0.135958150    
   5.12500000      0.287500024      0.147484675    
   5.37500000      0.287500024      0.159170985    
   5.62500000      0.287500024      0.170986891    
   5.87500000      0.287500024      0.182905391    
   6.12500000      0.287500024      0.194903031    
   6.37500000      0.287500024      0.206959561    
   6.62500000      0.287500024      0.219058156    
   6.87500000      0.287500024      0.231185466    
   7.12500000      0.287500024      0.243331045    
   7.37500000      0.287500024      0.255486667    
   7.62500000      0.287500024      0.267646939    
   7.87500000      0.287500024      0.279807687    
   8.12500000      0.287500024      0.291966885    
   8.37500000      0.287500024      0.304122984    
   8.62500000      0.287500024      0.316275448    
   8.87500000      0.287500024      0.328424573    
   9.12500000      0.287500024      0.340575814    
   9.37500000      0.287500024      0.352835089    
   9.62500000      0.287500024      0.367408782    
   9.87500000      0.287500024      0.431417406    
   10.0000000      0.287500024       1.00000000    
 
   0.00000000      0.312500000       0.00000000    
  0.125000000      0.312500000       3.57525496E-05
  0.375000000      0.312500000       5.21947746E-04
  0.625000000      0.312500000       1.64642232E-03
  0.875000000      0.312500000       3.52476886E-03
   1.12500000      0.312500000       6.19444624E-03
   1.37500000      0.312500000       9.64926928E-03
   1.62500000      0.312500000       1.38621917E-02
   1.87500000      0.312500000       1.87972430E-02
   2.12500000      0.312500000       2.44151913E-02
   2.37500000      0.312500000       3.06756571E-02
   2.62500000      0.312500000       3.75378951E-02
   2.87500000      0.312500000       4.49608155E-02
   3.12500000      0.312500000       5.29030673E-02
   3.37500000      0.312500000       6.13228716E-02
   3.62500000      0.312500000       7.01781660E-02
   3.87500000      0.312500000       7.94269294E-02
   4.12500000      0.312500000       8.90272334E-02
   4.37500000      0.312500000       9.89378020E-02
   4.62500000      0.312500000      0.109118566    
   4.87500000      0.312500000      0.119531028    
   5.12500000      0.312500000      0.130138844    
   5.37500000      0.312500000      0.140908137    
   5.62500000      0.312500000      0.151808083    
   5.87500000      0.312500000      0.162811115    
   6.12500000      0.312500000      0.173893332    
   6.37500000      0.312500000      0.185034066    
   6.62500000      0.312500000      0.196216241    
   6.87500000      0.312500000      0.207426324    
   7.12500000      0.312500000      0.218653589    
   7.37500000      0.312500000      0.229889840    
   7.62500000      0.312500000      0.241129473    
   7.87500000      0.312500000      0.252368569    
   8.12500000      0.312500000      0.263605088    
   8.37500000      0.312500000      0.274837524    
   8.62500000      0.312500000      0.286065459    
   8.87500000      0.312500000      0.297289312    
   9.12500000      0.312500000      0.308514208    
   9.37500000      0.312500000      0.319841295    
   9.62500000      0.312500000      0.333446383    
   9.87500000      0.312500000      0.397552907    
   10.0000000      0.312500000       1.00000000    
 
   0.00000000      0.337500006       0.00000000    
  0.125000000      0.337500006       2.06582081E-05
  0.375000000      0.337500006       3.37123784E-04
  0.625000000      0.337500006       1.12158037E-03
  0.875000000      0.337500006       2.50381487E-03
   1.12500000      0.337500006       4.55374224E-03
   1.37500000      0.337500006       7.29925232E-03
   1.62500000      0.337500006       1.07421018E-02
   1.87500000      0.337500006       1.48682939E-02
   2.12500000      0.337500006       1.96542665E-02
   2.37500000      0.337500006       2.50702761E-02
   2.62500000      0.337500006       3.10823247E-02
   2.87500000      0.337500006       3.76533568E-02
   3.12500000      0.337500006       4.47440855E-02
   3.37500000      0.337500006       5.23135364E-02
   3.62500000      0.337500006       6.03196211E-02
   3.87500000      0.337500006       6.87198490E-02
   4.12500000      0.337500006       7.74716213E-02
   4.37500000      0.337500006       8.65330026E-02
   4.62500000      0.337500006       9.58632380E-02
   4.87500000      0.337500006      0.105423331    
   5.12500000      0.337500006      0.115176536    
   5.37500000      0.337500006      0.125088781    
   5.62500000      0.337500006      0.135129198    
   5.87500000      0.337500006      0.145270124    
   6.12500000      0.337500006      0.155487627    
   6.37500000      0.337500006      0.165761247    
   6.62500000      0.337500006      0.176074043    
   6.87500000      0.337500006      0.186412409    
   7.12500000      0.337500006      0.196765959    
   7.37500000      0.337500006      0.207126617    
   7.62500000      0.337500006      0.217488945    
   7.87500000      0.337500006      0.227849260    
   8.12500000      0.337500006      0.238205478    
   8.37500000      0.337500006      0.248556525    
   8.62500000      0.337500006      0.258902133    
   8.87500000      0.337500006      0.269242793    
   9.12500000      0.337500006      0.279583365    
   9.37500000      0.337500006      0.290020913    
   9.62500000      0.337500006      0.302703559    
   9.87500000      0.337500006      0.366822332    
   10.0000000      0.337500006       1.00000000    
 
   0.00000000      0.362500012       0.00000000    
  0.125000000      0.362500012       1.20504965E-05
  0.375000000      0.362500012       2.18380344E-04
  0.625000000      0.362500012       7.66162761E-04
  0.875000000      0.362500012       1.78525294E-03
   1.12500000      0.362500012       3.36446846E-03
   1.37500000      0.362500012       5.55623882E-03
   1.62500000      0.362500012       8.38521123E-03
   1.87500000      0.362500012       1.18558621E-02
   2.12500000      0.362500012       1.59582216E-02
   2.37500000      0.362500012       2.06719190E-02
   2.62500000      0.362500012       2.59689726E-02
   2.87500000      0.362500012       3.18158977E-02
   3.12500000      0.362500012       3.81752327E-02
   3.37500000      0.362500012       4.50067669E-02
   3.62500000      0.362500012       5.22684976E-02
   3.87500000      0.362500012       5.99176101E-02
   4.12500000      0.362500012       6.79112375E-02
   4.37500000      0.362500012       7.62071013E-02
   4.62500000      0.362500012       8.47643092E-02
   4.87500000      0.362500012       9.35439244E-02
   5.12500000      0.362500012      0.102509379    
   5.37500000      0.362500012      0.111626998    
   5.62500000      0.362500012      0.120866328    
   5.87500000      0.362500012      0.130200326    
   6.12500000      0.362500012      0.139605612    
   6.37500000      0.362500012      0.149062306    
   6.62500000      0.362500012      0.158554047    
   6.87500000      0.362500012      0.168067694    
   7.12500000      0.362500012      0.177593395    
   7.37500000      0.362500012      0.187123492    
   7.62500000      0.362500012      0.196652904    
   7.87500000      0.362500012      0.206178427    
   8.12500000      0.362500012      0.215698048    
   8.37500000      0.362500012      0.225211263    
   8.62500000      0.362500012      0.234717831    
   8.87500000      0.362500012      0.244218454    
   9.12500000      0.362500012      0.253718078    
   9.37500000      0.362500012      0.263310224    
   9.62500000      0.362500012      0.275120765    
   9.87500000      0.362500012      0.339212596    
   10.0000000      0.362500012       1.00000000    
 
   0.00000000      0.387499988       0.00000000    
  0.125000000      0.387499988       7.19010086E-06
  0.375000000      0.387499988       1.43904166E-04
  0.625000000      0.387499988       5.32624603E-04
  0.875000000      0.387499988       1.29660836E-03
   1.12500000      0.387499988       2.53405701E-03
   1.37500000      0.387499988       4.31347638E-03
   1.62500000      0.387499988       6.67595863E-03
   1.87500000      0.387499988       9.63980891E-03
   2.12500000      0.387499988       1.32054146E-02
   2.37500000      0.387499988       1.73594877E-02
   2.62500000      0.387499988       2.20785383E-02
   2.87500000      0.387499988       2.73316074E-02
   3.12500000      0.387499988       3.30824777E-02
   3.37500000      0.387499988       3.92913483E-02
   3.62500000      0.387499988       4.59162146E-02
   3.87500000      0.387499988       5.29141389E-02
   4.12500000      0.387499988       6.02421686E-02
   4.37500000      0.387499988       6.78581819E-02
   4.62500000      0.387499988       7.57215768E-02
   4.87500000      0.387499988       8.37941021E-02
   5.12500000      0.387499988       9.20399353E-02
   5.37500000      0.387499988      0.100426435    
   5.62500000      0.387499988      0.108924173    
   5.87500000      0.387499988      0.117507383    
   6.12500000      0.387499988      0.126153782    
   6.37500000      0.387499988      0.134844527    
   6.62500000      0.387499988      0.143564358    
   6.87500000      0.387499988      0.152300999    
   7.12500000      0.387499988      0.161045402    
   7.37500000      0.387499988      0.169790700    
   7.62500000      0.387499988      0.178532407    
   7.87500000      0.387499988      0.187267810    
   8.12500000      0.387499988      0.195995390    
   8.37500000      0.387499988      0.204714879    
   8.62500000      0.387499988      0.213426515    
   8.87500000      0.387499988      0.222131163    
   9.12500000      0.387499988      0.230833784    
   9.37500000      0.387499988      0.239625469    
   9.62500000      0.387499988      0.250617385    
   9.87500000      0.387499988      0.314680338    
   10.0000000      0.387499988       1.00000000    
 
   0.00000000      0.412500024       0.00000000    
  0.125000000      0.412500024       4.51943833E-06
  0.375000000      0.412500024       9.93568028E-05
  0.625000000      0.412500024       3.87598149E-04
  0.875000000      0.412500024       9.84572922E-04
   1.12500000      0.412500024       1.99198513E-03
   1.37500000      0.412500024       3.48737487E-03
   1.62500000      0.412500024       5.52179664E-03
   1.87500000      0.412500024       8.12202785E-03
   2.12500000      0.412500024       1.12946555E-02
   2.37500000      0.412500024       1.50304157E-02
   2.62500000      0.412500024       1.93080883E-02
   2.87500000      0.412500024       2.40977854E-02
   3.12500000      0.412500024       2.93635428E-02
   3.37500000      0.412500024       3.50654684E-02
   3.62500000      0.412500024       4.11613882E-02
   3.87500000      0.412500024       4.76083159E-02
   4.12500000      0.412500024       5.43634370E-02
   4.37500000      0.412500024       6.13852516E-02
   4.62500000      0.412500024       6.86340407E-02
   4.87500000      0.412500024       7.60726705E-02
   5.12500000      0.412500024       8.36668536E-02
   5.37500000      0.412500024       9.13855880E-02
   5.62500000      0.412500024       9.92012098E-02
   5.87500000      0.412500024      0.107089631    
   6.12500000      0.412500024      0.115030408    
   6.37500000      0.412500024      0.123006225    
   6.62500000      0.412500024      0.131003350    
   6.87500000      0.412500024      0.139010847    
   7.12500000      0.412500024      0.147020712    
   7.37500000      0.412500024      0.155027211    
   7.62500000      0.412500024      0.163026616    
   7.87500000      0.412500024      0.171016887    
   8.12500000      0.412500024      0.178997159    
   8.37500000      0.412500024      0.186967582    
   8.62500000      0.412500024      0.194928810    
   8.87500000      0.412500024      0.202881977    
   9.12500000      0.412500024      0.210832149    
   9.37500000      0.412500024      0.218868986    
   9.62500000      0.412500024      0.229097739    
   9.87500000      0.412500024      0.293160647    
   10.0000000      0.412500024       1.00000000    
 
   0.00000000      0.437500000       0.00000000    
  0.125000000      0.437500000       3.18133561E-06
  0.375000000      0.437500000       7.58596580E-05
  0.625000000      0.437500000       3.09344003E-04
  0.875000000      0.437500000       8.13130988E-04
   1.12500000      0.437500000       1.68925233E-03
   1.37500000      0.437500000       3.01849726E-03
   1.62500000      0.437500000       4.85551357E-03
   1.87500000      0.437500000       7.22975750E-03
   2.12500000      0.437500000       1.01492563E-02
   2.37500000      0.437500000       1.36051178E-02
   2.62500000      0.437500000       1.75757706E-02
   2.87500000      0.437500000       2.20305547E-02
   3.12500000      0.437500000       2.69326624E-02
   3.37500000      0.437500000       3.22414748E-02
   3.62500000      0.437500000       3.79144102E-02
   3.87500000      0.437500000       4.39084843E-02
   4.12500000      0.437500000       5.01814522E-02
   4.37500000      0.437500000       5.66927455E-02
   4.62500000      0.437500000       6.34041578E-02
   4.87500000      0.437500000       7.02803731E-02
   5.12500000      0.437500000       7.72892684E-02
   5.37500000      0.437500000       8.44021365E-02
   5.62500000      0.437500000       9.15937126E-02
   5.87500000      0.437500000       9.88423675E-02
   6.12500000      0.437500000      0.106129847    
   6.37500000      0.437500000      0.113441013    
   6.62500000      0.437500000      0.120764039    
   6.87500000      0.437500000      0.128089711    
   7.12500000      0.437500000      0.135411531    
   7.37500000      0.437500000      0.142724901    
   7.62500000      0.437500000      0.150027230    
   7.87500000      0.437500000      0.157317355    
   8.12500000      0.437500000      0.164595097    
   8.37500000      0.437500000      0.171861067    
   8.62500000      0.437500000      0.179116428    
   8.87500000      0.437500000      0.186362684    
   9.12500000      0.437500000      0.193605110    
   9.37500000      0.437500000      0.200932771    
   9.62500000      0.437500000      0.210455433    
   9.87500000      0.437500000      0.274574101    
   10.0000000      0.437500000       1.00000000    
 
   0.00000000      0.462500006       0.00000000    
  0.125000000      0.462500006       2.74593390E-06
  0.375000000      0.462500006       6.86415515E-05
  0.625000000      0.462500006       2.85854359E-04
  0.875000000      0.462500006       7.61978561E-04
   1.12500000      0.462500006       1.59770448E-03
   1.37500000      0.462500006       2.87194829E-03
   1.62500000      0.462500006       4.63660900E-03
   1.87500000      0.462500006       6.91773416E-03
   2.12500000      0.462500006       9.71969124E-03
   2.37500000      0.462500006       1.30300252E-02
   2.62500000      0.462500006       1.68239772E-02
   2.87500000      0.462500006       2.10682154E-02
   3.12500000      0.462500006       2.57239211E-02
   3.37500000      0.462500006       3.07491440E-02
   3.62500000      0.462500006       3.61007228E-02
   3.87500000      0.462500006       4.17358577E-02
   4.12500000      0.462500006       4.76131774E-02
   4.37500000      0.462500006       5.36936708E-02
   4.62500000      0.462500006       5.99412285E-02
   4.87500000      0.462500006       6.63230568E-02
   5.12500000      0.462500006       7.28099123E-02
   5.37500000      0.462500006       7.93760717E-02
   5.62500000      0.462500006       8.59993398E-02
   5.87500000      0.462500006       9.26611051E-02
   6.12500000      0.462500006       9.93458480E-02
   6.37500000      0.462500006      0.106041148    
   6.62500000      0.462500006      0.112737410    
   6.87500000      0.462500006      0.119427651    
   7.12500000      0.462500006      0.126106918    
   7.37500000      0.462500006      0.132772237    
   7.62500000      0.462500006      0.139422223    
   7.87500000      0.462500006      0.146056622    
   8.12500000      0.462500006      0.152676105    
   8.37500000      0.462500006      0.159281939    
   8.62500000      0.462500006      0.165875763    
   8.87500000      0.462500006      0.172459379    
   9.12500000      0.462500006      0.179038495    
   9.37500000      0.462500006      0.185702607    
   9.62500000      0.462500006      0.194577709    
   9.87500000      0.462500006      0.258832276    
   10.0000000      0.462500006       1.00000000    
 
   0.00000000      0.487500012       0.00000000    
  0.125000000      0.487500012       3.07180471E-06
  0.375000000      0.487500012       7.62935670E-05
  0.625000000      0.487500012       3.13785684E-04
  0.875000000      0.487500012       8.25639756E-04
   1.12500000      0.487500012       1.70967588E-03
   1.37500000      0.487500012       3.03765247E-03
   1.62500000      0.487500012       4.85211611E-03
   1.87500000      0.487500012       7.16943108E-03
   2.12500000      0.487500012       9.98511165E-03
   2.37500000      0.487500012       1.32792452E-02
   2.62500000      0.487500012       1.70211438E-02
   2.87500000      0.487500012       2.11730599E-02
   3.12500000      0.487500012       2.56931167E-02
   3.37500000      0.487500012       3.05376351E-02
   3.62500000      0.487500012       3.56628373E-02
   3.87500000      0.487500012       4.10263948E-02
   4.12500000      0.487500012       4.65883464E-02
   4.37500000      0.487500012       5.23118451E-02
   4.62500000      0.487500012       5.81636243E-02
   4.87500000      0.487500012       6.41141757E-02
   5.12500000      0.487500012       7.01377839E-02
   5.37500000      0.487500012       7.62124658E-02
   5.62500000      0.487500012       8.23197439E-02
   5.87500000      0.487500012       8.84445086E-02
   6.12500000      0.487500012       9.45746079E-02
   6.37500000      0.487500012      0.100700691    
   6.62500000      0.487500012      0.106815822    
   6.87500000      0.487500012      0.112915330    
   7.12500000      0.487500012      0.118996352    
   7.37500000      0.487500012      0.125057608    
   7.62500000      0.487500012      0.131098926    
   7.87500000      0.487500012      0.137121260    
   8.12500000      0.487500012      0.143126130    
   8.37500000      0.487500012      0.149115458    
   8.62500000      0.487500012      0.155091375    
   8.87500000      0.487500012      0.161056176    
   9.12500000      0.487500012      0.167015925    
   9.37500000      0.487500012      0.173061907    
   9.62500000      0.487500012      0.181349218    
   9.87500000      0.487500012      0.245843902    
   10.0000000      0.487500012       1.00000000    
 
   0.00000000      0.512500048       0.00000000    
  0.125000000      0.512500048       4.26193628E-06
  0.375000000      0.512500048       1.00599907E-04
  0.625000000      0.512500048       3.98326985E-04
  0.875000000      0.512500048       1.01353053E-03
   1.12500000      0.512500048       2.03828467E-03
   1.37500000      0.512500048       3.53080616E-03
   1.62500000      0.512500048       5.51712234E-03
   1.87500000      0.512500048       7.99754821E-03
   2.12500000      0.512500048       1.09537924E-02
   2.37500000      0.512500048       1.43549517E-02
   2.62500000      0.512500048       1.81620978E-02
   2.87500000      0.512500048       2.23316886E-02
   3.12500000      0.512500048       2.68181451E-02
   3.37500000      0.512500048       3.15758996E-02
   3.62500000      0.512500048       3.65608297E-02
   3.87500000      0.512500048       4.17315885E-02
   4.12500000      0.512500048       4.70502749E-02
   4.37500000      0.512500048       5.24829738E-02
   4.62500000      0.512500048       5.80000803E-02
   4.87500000      0.512500048       6.35761172E-02
   5.12500000      0.512500048       6.91896975E-02
   5.37500000      0.512500048       7.48232305E-02
   5.62500000      0.512500048       8.04625303E-02
   5.87500000      0.512500048       8.60965624E-02
   6.12500000      0.512500048       9.17169750E-02
   6.37500000      0.512500048       9.73177925E-02
   6.62500000      0.512500048      0.102895118    
   6.87500000      0.512500048      0.108446807    
   7.12500000      0.512500048      0.113972202    
   7.37500000      0.512500048      0.119471818    
   7.62500000      0.512500048      0.124947034    
   7.87500000      0.512500048      0.130399838    
   8.12500000      0.512500048      0.135832727    
   8.37500000      0.512500048      0.141248271    
   8.62500000      0.512500048      0.146649227    
   8.87500000      0.512500048      0.152038127    
   9.12500000      0.512500048      0.157421738    
   9.37500000      0.512500048      0.162894398    
   9.62500000      0.512500048      0.170655414    
   9.87500000      0.512500048      0.235518903    
   10.0000000      0.512500048       1.00000000    
 
   0.00000000      0.537500024       0.00000000    
  0.125000000      0.537500024       6.70371037E-06
  0.375000000      0.537500024       1.46966238E-04
  0.625000000      0.537500024       5.54103986E-04
  0.875000000      0.537500024       1.35112577E-03
   1.12500000      0.537500024       2.61852774E-03
   1.37500000      0.537500024       4.39263554E-03
   1.62500000      0.537500024       6.67504780E-03
   1.87500000      0.537500024       9.44382977E-03
   2.12500000      0.537500024       1.26625309E-02
   2.37500000      0.537500024       1.62865017E-02
   2.62500000      0.537500024       2.02669818E-02
   2.87500000      0.537500024       2.45539155E-02
   3.12500000      0.537500024       2.90978998E-02
   3.37500000      0.537500024       3.38517651E-02
   3.62500000      0.537500024       3.87716368E-02
   3.87500000      0.537500024       4.38178740E-02
   4.12500000      0.537500024       4.89555411E-02
   4.37500000      0.537500024       5.41545674E-02
   4.62500000      0.537500024       5.93898185E-02
   4.87500000      0.537500024       6.46407083E-02
   5.12500000      0.537500024       6.98909685E-02
   5.37500000      0.537500024       7.51279742E-02
   5.62500000      0.537500024       8.03424269E-02
   5.87500000      0.537500024       8.55277926E-02
   6.12500000      0.537500024       9.06798393E-02
   6.37500000      0.537500024       9.57963169E-02
   6.62500000      0.537500024      0.100876488    
   6.87500000      0.537500024      0.105921037    
   7.12500000      0.537500024      0.110931553    
   7.37500000      0.537500024      0.115910463    
   7.62500000      0.537500024      0.120860495    
   7.87500000      0.537500024      0.125785053    
   8.12500000      0.537500024      0.130687416    
   8.37500000      0.537500024      0.135570779    
   8.62500000      0.537500024      0.140438452    
   8.87500000      0.537500024      0.145293489    
   9.12500000      0.537500024      0.150143161    
   9.37500000      0.537500024      0.155086756    
   9.62500000      0.537500024      0.162385285    
   9.87500000      0.537500024      0.227773011    
   10.0000000      0.537500024       1.00000000    
 
   0.00000000      0.562500000       0.00000000    
  0.125000000      0.562500000       1.12101452E-05
  0.375000000      0.562500000       2.25538577E-04
  0.625000000      0.562500000       8.07229779E-04
  0.875000000      0.562500000       1.88228453E-03
   1.12500000      0.562500000       3.50916106E-03
   1.37500000      0.562500000       5.69138071E-03
   1.62500000      0.562500000       8.39762576E-03
   1.87500000      0.562500000       1.15781091E-02
   2.12500000      0.562500000       1.51750054E-02
   2.37500000      0.562500000       1.91283096E-02
   2.62500000      0.562500000       2.33789161E-02
   2.87500000      0.562500000       2.78703459E-02
   3.12500000      0.562500000       3.25499512E-02
   3.37500000      0.562500000       3.73697318E-02
   3.62500000      0.562500000       4.22870554E-02
   3.87500000      0.562500000       4.72650379E-02
   4.12500000      0.562500000       5.22727445E-02
   4.37500000      0.562500000       5.72849996E-02
   4.62500000      0.562500000       6.22820556E-02
   4.87500000      0.562500000       6.72490969E-02
   5.12500000      0.562500000       7.21755773E-02
   5.37500000      0.562500000       7.70545304E-02
   5.62500000      0.562500000       8.18819255E-02
   5.87500000      0.562500000       8.66561383E-02
   6.12500000      0.562500000       9.13773179E-02
   6.37500000      0.562500000       9.60471258E-02
   6.62500000      0.562500000      0.100668073    
   6.87500000      0.562500000      0.105243728    
   7.12500000      0.562500000      0.109778017    
   7.37500000      0.562500000      0.114275165    
   7.62500000      0.562500000      0.118739471    
   7.87500000      0.562500000      0.123175479    
   8.12500000      0.562500000      0.127587259    
   8.37500000      0.562500000      0.131978795    
   8.62500000      0.562500000      0.136353716    
   8.87500000      0.562500000      0.140715629    
   9.12500000      0.562500000      0.145072490    
   9.37500000      0.562500000      0.149530619    
   9.62500000      0.562500000      0.156433612    
   9.87500000      0.562500000      0.222531483    
   10.0000000      0.562500000       1.00000000    
 
   0.00000000      0.587499976       0.00000000    
  0.125000000      0.587499976       1.93153192E-05
  0.375000000      0.587499976       3.53191484E-04
  0.625000000      0.587499976       1.19862345E-03
  0.875000000      0.587499976       2.67267553E-03
   1.12500000      0.587499976       4.79514012E-03
   1.37500000      0.587499976       7.52322795E-03
   1.62500000      0.587499976       1.07842758E-02
   1.87500000      0.587499976       1.44964270E-02
   2.12500000      0.587499976       1.85789634E-02
   2.37500000      0.587499976       2.29565110E-02
   2.62500000      0.587499976       2.75603607E-02
   2.87500000      0.587499976       3.23287547E-02
   3.12500000      0.587499976       3.72070558E-02
   3.37500000      0.587499976       4.21478190E-02
   3.62500000      0.587499976       4.71110046E-02
   3.87500000      0.587499976       5.20638376E-02
   4.12500000      0.587499976       5.69805503E-02
   4.37500000      0.587499976       6.18420020E-02
   4.62500000      0.587499976       6.66348785E-02
   4.87500000      0.587499976       7.13508278E-02
   5.12500000      0.587499976       7.59857371E-02
   5.37500000      0.587499976       8.05387571E-02
   5.62500000      0.587499976       8.50115120E-02
   5.87500000      0.587499976       8.94074962E-02
   6.12500000      0.587499976       9.37314183E-02
   6.37500000      0.587499976       9.79888290E-02
   6.62500000      0.587499976      0.102185689    
   6.87500000      0.587499976      0.106328264    
   7.12500000      0.587499976      0.110422805    
   7.37500000      0.587499976      0.114475280    
   7.62500000      0.587499976      0.118491538    
   7.87500000      0.587499976      0.122477107    
   8.12500000      0.587499976      0.126436874    
   8.37500000      0.587499976      0.130375415    
   8.62500000      0.587499976      0.134296745    
   8.87500000      0.587499976      0.138204813    
   9.12500000      0.587499976      0.142108783    
   9.37500000      0.587499976      0.146124378    
   9.62500000      0.587499976      0.152703479    
   9.87500000      0.587499976      0.219733253    
   10.0000000      0.587499976       1.00000000    
 
   0.00000000      0.612500012       0.00000000    
  0.125000000      0.612500012       3.38304089E-05
  0.375000000      0.612500012       5.56654995E-04
  0.625000000      0.612500012       1.78868801E-03
  0.875000000      0.612500012       3.81406676E-03
   1.12500000      0.612500012       6.59016008E-03
   1.37500000      0.612500012       1.00126406E-02
   1.62500000      0.612500012       1.39604500E-02
   1.87500000      0.612500012       1.83178447E-02
   2.12500000      0.612500012       2.29820535E-02
   2.37500000      0.612500012       2.78642382E-02
   2.62500000      0.612500012       3.28882746E-02
   2.87500000      0.612500012       3.79892848E-02
   3.12500000      0.612500012       4.31126691E-02
   3.37500000      0.612500012       4.82134596E-02
   3.62500000      0.612500012       5.32558672E-02
   3.87500000      0.612500012       5.82127720E-02
   4.12500000      0.612500012       6.30650222E-02
   4.37500000      0.612500012       6.78005964E-02
   4.62500000      0.612500012       7.24135116E-02
   4.87500000      0.612500012       7.69027174E-02
   5.12500000      0.612500012       8.12710226E-02
   5.37500000      0.612500012       8.55240747E-02
   5.62500000      0.612500012       8.96693766E-02
   5.87500000      0.612500012       9.37156379E-02
   6.12500000      0.612500012       9.76721346E-02
   6.37500000      0.612500012      0.101548314    
   6.62500000      0.612500012      0.105353415    
   6.87500000      0.612500012      0.109096318    
   7.12500000      0.612500012      0.112785451    
   7.37500000      0.612500012      0.116428517    
   7.62500000      0.612500012      0.120032601    
   7.87500000      0.612500012      0.123604164    
   8.12500000      0.612500012      0.127148867    
   8.37500000      0.612500012      0.130671740    
   8.62500000      0.612500012      0.134177148    
   8.87500000      0.612500012      0.137669310    
   9.12500000      0.612500012      0.141158834    
   9.37500000      0.612500012      0.144774571    
   9.62500000      0.612500012      0.151107758    
   9.87500000      0.612500012      0.219334304    
   10.0000000      0.612500012       1.00000000    
 
   0.00000000      0.637500048       0.00000000    
  0.125000000      0.637500048       5.98534971E-05
  0.375000000      0.637500048       8.77135550E-04
  0.625000000      0.637500048       2.66333879E-03
  0.875000000      0.637500048       5.42902667E-03
   1.12500000      0.637500048       9.03860945E-03
   1.37500000      0.637500048       1.33114802E-02
   1.62500000      0.637500048       1.80744827E-02
   1.87500000      0.637500048       2.31797770E-02
   2.12500000      0.637500048       2.85063107E-02
   2.37500000      0.637500048       3.39557789E-02
   2.62500000      0.637500048       3.94482948E-02
   2.87500000      0.637500048       4.49189693E-02
   3.12500000      0.637500048       5.03159389E-02
   3.37500000      0.637500048       5.55989742E-02
   3.62500000      0.637500048       6.07385673E-02
   3.87500000      0.637500048       6.57149181E-02
   4.12500000      0.637500048       7.05169067E-02
   4.37500000      0.637500048       7.51407519E-02
   4.62500000      0.637500048       7.95886666E-02
   4.87500000      0.637500048       8.38675126E-02
   5.12500000      0.637500048       8.79874602E-02
   5.37500000      0.637500048       9.19608548E-02
   5.62500000      0.637500048       9.58010852E-02
   5.87500000      0.637500048       9.95221287E-02
   6.12500000      0.637500048      0.103137664    
   6.37500000      0.637500048      0.106660865    
   6.62500000      0.637500048      0.110103987    
   6.87500000      0.637500048      0.113478489    
   7.12500000      0.637500048      0.116794601    
   7.37500000      0.637500048      0.120061576    
   7.62500000      0.637500048      0.123287655    
   7.87500000      0.637500048      0.126480073    
   8.12500000      0.637500048      0.129645005    
   8.37500000      0.637500048      0.132788017    
   8.62500000      0.637500048      0.135913581    
   8.87500000      0.637500048      0.139026240    
   9.12500000      0.637500048      0.142138466    
   9.37500000      0.637500048      0.145396709    
   9.62500000      0.637500048      0.151570857    
   9.87500000      0.637500048      0.221311763    
   10.0000000      0.637500048       1.00000000    
 
   0.00000000      0.662500024       0.00000000    
  0.125000000      0.662500024       1.06565494E-04
  0.375000000      0.662500024       1.37682445E-03
  0.625000000      0.662500024       3.94112105E-03
  0.875000000      0.662500024       7.67517928E-03
   1.12500000      0.662500024       1.23159382E-02
   1.37500000      0.662500024       1.75960157E-02
   1.62500000      0.662500024       2.32922994E-02
   1.87500000      0.662500024       2.92314272E-02
   2.12500000      0.662500024       3.52810621E-02
   2.37500000      0.662500024       4.13395166E-02
   2.62500000      0.662500024       4.73279767E-02
   2.87500000      0.662500024       5.31854592E-02
   3.12500000      0.662500024       5.88659793E-02
   3.37500000      0.662500024       6.43366128E-02
   3.62500000      0.662500024       6.95762411E-02
   3.87500000      0.662500024       7.45741352E-02
   4.12500000      0.662500024       7.93285146E-02
   4.37500000      0.662500024       8.38448852E-02
   4.62500000      0.662500024       8.81344005E-02
   4.87500000      0.662500024       9.22122598E-02
   5.12500000      0.662500024       9.60962027E-02
   5.37500000      0.662500024       9.98053178E-02
   5.62500000      0.662500024      0.103358820    
   5.87500000      0.662500024      0.106775723    
   6.12500000      0.662500024      0.110073820    
   6.37500000      0.662500024      0.113269761    
   6.62500000      0.662500024      0.116378583    
   6.87500000      0.662500024      0.119413868    
   7.12500000      0.662500024      0.122387528    
   7.37500000      0.662500024      0.125310048    
   7.62500000      0.662500024      0.128190652    
   7.87500000      0.662500024      0.131037146    
   8.12500000      0.662500024      0.133856162    
   8.37500000      0.662500024      0.136653408    
   8.62500000      0.662500024      0.139433622    
   8.87500000      0.662500024      0.142201632    
   9.12500000      0.662500024      0.144972295    
   9.37500000      0.662500024      0.147915766    
   9.62500000      0.662500024      0.154029638    
   9.87500000      0.662500024      0.225667030    
   10.0000000      0.662500024       1.00000000    
 
   0.00000000      0.687500000       0.00000000    
  0.125000000      0.687500000       1.90362785E-04
  0.375000000      0.687500000       2.14763731E-03
  0.625000000      0.687500000       5.78077463E-03
  0.875000000      0.687500000       1.07478723E-02
   1.12500000      0.687500000       1.66263692E-02
   1.37500000      0.687500000       2.30612028E-02
   1.62500000      0.687500000       2.97898781E-02
   1.87500000      0.687500000       3.66255715E-02
   2.12500000      0.687500000       4.34348024E-02
   2.37500000      0.687500000       5.01202345E-02
   2.62500000      0.687500000       5.66098690E-02
   2.87500000      0.687500000       6.28509372E-02
   3.12500000      0.687500000       6.88066632E-02
   3.37500000      0.687500000       7.44540989E-02
   3.62500000      0.687500000       7.97825381E-02
   3.87500000      0.687500000       8.47920477E-02
   4.12500000      0.687500000       8.94913003E-02
   4.37500000      0.687500000       9.38959792E-02
   4.62500000      0.687500000       9.80266333E-02
   4.87500000      0.687500000      0.101907134    
   5.12500000      0.687500000      0.105562732    
   5.37500000      0.687500000      0.109019086    
   5.62500000      0.687500000      0.112301029    
   5.87500000      0.687500000      0.115432151    
   6.12500000      0.687500000      0.118434094    
   6.37500000      0.687500000      0.121326514    
   6.62500000      0.687500000      0.124126814    
   6.87500000      0.687500000      0.126850441    
   7.12500000      0.687500000      0.129510596    
   7.37500000      0.687500000      0.132118806    
   7.62500000      0.687500000      0.134684861    
   7.87500000      0.687500000      0.137217134    
   8.12500000      0.687500000      0.139722407    
   8.37500000      0.687500000      0.142206505    
   8.62500000      0.687500000      0.144674346    
   8.87500000      0.687500000      0.147130996    
   9.12500000      0.687500000      0.149594456    
   9.37500000      0.687500000      0.152266562    
   9.62500000      0.687500000      0.158434644    
   9.87500000      0.687500000      0.232429326    
   10.0000000      0.687500000       1.00000000    
 
   0.00000000      0.712499976       0.00000000    
  0.125000000      0.712499976       3.40193976E-04
  0.375000000      0.712499976       3.32225999E-03
  0.625000000      0.712499976       8.38793535E-03
  0.875000000      0.712499976       1.48795433E-02
   1.12500000      0.712499976       2.21966673E-02
   1.37500000      0.712499976       2.99114902E-02
   1.62500000      0.712499976       3.77430283E-02
   1.87500000      0.712499976       4.55085114E-02
   2.12500000      0.712499976       5.30859046E-02
   2.37500000      0.712499976       6.03908747E-02
   2.62500000      0.712499976       6.73642606E-02
   2.87500000      0.712499976       7.39658549E-02
   3.12500000      0.712499976       8.01713318E-02
   3.37500000      0.712499976       8.59701484E-02
   3.62500000      0.712499976       9.13640186E-02
   3.87500000      0.712499976       9.63650420E-02
   4.12500000      0.712499976      0.100993410    
   4.37500000      0.712499976      0.105275556    
   4.62500000      0.712499976      0.109241679    
   4.87500000      0.712499976      0.112924211    
   5.12500000      0.712499976      0.116355747    
   5.37500000      0.712499976      0.119568147    
   5.62500000      0.712499976      0.122591473    
   5.87500000      0.712499976      0.125453308    
   6.12500000      0.712499976      0.128178760    
   6.37500000      0.712499976      0.130789906    
   6.62500000      0.712499976      0.133306131    
   6.87500000      0.712499976      0.135744259    
   7.12500000      0.712499976      0.138118535    
   7.37500000      0.712499976      0.140441135    
   7.62500000      0.712499976      0.142722309    
   7.87500000      0.712499976      0.144970521    
   8.12500000      0.712499976      0.147192761    
   8.37500000      0.712499976      0.149394855    
   8.62500000      0.712499976      0.151581585    
   8.87500000      0.712499976      0.153758541    
   9.12500000      0.712499976      0.155948013    
   9.37500000      0.712499976      0.158393592    
   9.62500000      0.712499976      0.164750129    
   9.87500000      0.712499976      0.241657242    
   10.0000000      0.712499976       1.00000000    
 
   0.00000000      0.737500012       0.00000000    
  0.125000000      0.737500012       6.06385525E-04
  0.375000000      0.737500012       5.08698635E-03
  0.625000000      0.737500012       1.20189013E-02
  0.875000000      0.737500012       2.03339923E-02
   1.12500000      0.737500012       2.92651318E-02
   1.37500000      0.737500012       3.83481719E-02
   1.62500000      0.737500012       4.73152623E-02
   1.87500000      0.737500012       5.60092889E-02
   2.12500000      0.737500012       6.43333271E-02
   2.37500000      0.737500012       7.22247213E-02
   2.62500000      0.737500012       7.96428025E-02
   2.87500000      0.737500012       8.65637884E-02
   3.12500000      0.737500012       9.29786265E-02
   3.37500000      0.737500012       9.88913476E-02
   3.62500000      0.737500012      0.104317538    
   3.87500000      0.737500012      0.109282419    
   4.12500000      0.737500012      0.113818333    
   4.37500000      0.737500012      0.117962666    
   4.62500000      0.737500012      0.121755272    
   4.87500000      0.737500012      0.125236735    
   5.12500000      0.737500012      0.128446639    
   5.37500000      0.737500012      0.131422549    
   5.62500000      0.737500012      0.134198964    
   5.87500000      0.737500012      0.136807159    
   6.12500000      0.737500012      0.139274746    
   6.37500000      0.737500012      0.141625941    
   6.62500000      0.737500012      0.143881559    
   6.87500000      0.737500012      0.146059364    
   7.12500000      0.737500012      0.148174226    
   7.37500000      0.737500012      0.150238737    
   7.62500000      0.737500012      0.152263239    
   7.87500000      0.737500012      0.154256284    
   8.12500000      0.737500012      0.156224847    
   8.37500000      0.737500012      0.158174470    
   8.62500000      0.737500012      0.160109952    
   8.87500000      0.737500012      0.162037343    
   9.12500000      0.737500012      0.163984835    
   9.37500000      0.737500012      0.166250721    
   9.62500000      0.737500012      0.172954172    
   9.87500000      0.737500012      0.253439188    
   10.0000000      0.737500012       1.00000000    
 
   0.00000000      0.762500048       0.00000000    
  0.125000000      0.762500048       1.07469002E-03
  0.375000000      0.762500048       7.69473566E-03
  0.625000000      0.762500048       1.69785600E-02
  0.875000000      0.762500048       2.73937415E-02
   1.12500000      0.762500048       3.80654074E-02
   1.37500000      0.762500048       4.85537983E-02
   1.62500000      0.762500048       5.86442538E-02
   1.87500000      0.762500048       6.82285205E-02
   2.12500000      0.762500048       7.72477686E-02
   2.37500000      0.762500048       8.56684968E-02
   2.62500000      0.762500048       9.34731141E-02
   2.87500000      0.762500048      0.100657336    
   3.12500000      0.762500048      0.107229553    
   3.37500000      0.762500048      0.113209814    
   3.62500000      0.762500048      0.118628763    
   3.87500000      0.762500048      0.123525299    
   4.12500000      0.762500048      0.127944052    
   4.37500000      0.762500048      0.131933272    
   4.62500000      0.762500048      0.135542139    
   4.87500000      0.762500048      0.138818845    
   5.12500000      0.762500048      0.141809344    
   5.37500000      0.762500048      0.144555971    
   5.62500000      0.762500048      0.147097185    
   5.87500000      0.762500048      0.149467051    
   6.12500000      0.762500048      0.151695207    
   6.37500000      0.762500048      0.153807312    
   6.62500000      0.762500048      0.155825183    
   6.87500000      0.762500048      0.157767057    
   7.12500000      0.762500048      0.159648135    
   7.37500000      0.762500048      0.161481008    
   7.62500000      0.762500048      0.163276002    
   7.87500000      0.762500048      0.165041506    
   8.12500000      0.762500048      0.166784272    
   8.37500000      0.762500048      0.168509647    
   8.62500000      0.762500048      0.170222223    
   8.87500000      0.762500048      0.171928748    
   9.12500000      0.762500048      0.173665226    
   9.37500000      0.762500048      0.175800800    
   9.62500000      0.762500048      0.183037549    
   9.87500000      0.762500048      0.267889470    
   10.0000000      0.762500048       1.00000000    
 
   0.00000000      0.787500024       0.00000000    
  0.125000000      0.787500024       1.88753626E-03
  0.375000000      0.787500024       1.14748608E-02
  0.625000000      0.787500024       2.36088838E-02
  0.875000000      0.787500024       3.63393091E-02
   1.12500000      0.787500024       4.88056764E-02
   1.37500000      0.787500024       6.06747419E-02
   1.62500000      0.787500024       7.18283355E-02
   1.87500000      0.787500024       8.22282657E-02
   2.12500000      0.787500024       9.18641388E-02
   2.37500000      0.787500024      0.100736819    
   2.62500000      0.787500024      0.108854838    
   2.87500000      0.787500024      0.116235316    
   3.12500000      0.787500024      0.122905411    
   3.37500000      0.787500024      0.128902107    
   3.62500000      0.787500024      0.134271383    
   3.87500000      0.787500024      0.139066041    
   4.12500000      0.787500024      0.143342748    
   4.37500000      0.787500024      0.147160217    
   4.62500000      0.787500024      0.150576040    
   4.87500000      0.787500024      0.153645471    
   5.12500000      0.787500024      0.156419754    
   5.37500000      0.787500024      0.158945471    
   5.62500000      0.787500024      0.161263928    
   5.87500000      0.787500024      0.163411319    
   6.12500000      0.787500024      0.165418774    
   6.37500000      0.787500024      0.167312697    
   6.62500000      0.787500024      0.169115379    
   6.87500000      0.787500024      0.170845181    
   7.12500000      0.787500024      0.172517374    
   7.37500000      0.787500024      0.174144179    
   7.62500000      0.787500024      0.175735772    
   7.87500000      0.787500024      0.177300200    
   8.12500000      0.787500024      0.178843826    
   8.37500000      0.787500024      0.180371717    
   8.62500000      0.787500024      0.181888372    
   8.87500000      0.787500024      0.183401316    
   9.12500000      0.787500024      0.184956670    
   9.37500000      0.787500024      0.187014371    
   9.62500000      0.787500024      0.195000395    
   9.87500000      0.787500024      0.285137594    
   10.0000000      0.787500024       1.00000000    
 
   0.00000000      0.812500000       0.00000000    
  0.125000000      0.812500000       3.27400840E-03
  0.375000000      0.812500000       1.68341305E-02
  0.625000000      0.812500000       3.22647765E-02
  0.875000000      0.812500000       4.74208333E-02
   1.12500000      0.812500000       6.16452806E-02
   1.37500000      0.812500000       7.48041570E-02
   1.62500000      0.812500000       8.69147107E-02
   1.87500000      0.812500000       9.80240628E-02
   2.12500000      0.812500000      0.108176284    
   2.37500000      0.812500000      0.117408969    
   2.62500000      0.812500000      0.125757828    
   2.87500000      0.812500000      0.133261994    
   3.12500000      0.812500000      0.139967799    
   3.37500000      0.812500000      0.145929277    
   3.62500000      0.812500000      0.151207596    
   3.87500000      0.812500000      0.155868962    
   4.12500000      0.812500000      0.159981534    
   4.37500000      0.812500000      0.163613454    
   4.62500000      0.812500000      0.166830003    
   4.87500000      0.812500000      0.169692338    
   5.12500000      0.812500000      0.172256231    
   5.37500000      0.812500000      0.174571276    
   5.62500000      0.812500000      0.176680997    
   5.87500000      0.812500000      0.178622991    
   6.12500000      0.812500000      0.180429116    
   6.37500000      0.812500000      0.182126030    
   6.62500000      0.812500000      0.183736101    
   6.87500000      0.812500000      0.185277462    
   7.12500000      0.812500000      0.186765015    
   7.37500000      0.812500000      0.188210577    
   7.62500000      0.812500000      0.189623952    
   7.87500000      0.812500000      0.191012576    
   8.12500000      0.812500000      0.192382589    
   8.37500000      0.812500000      0.193738520    
   8.62500000      0.812500000      0.195084929    
   8.87500000      0.812500000      0.196430221    
   9.12500000      0.812500000      0.197833493    
   9.37500000      0.812500000      0.199868381    
   9.62500000      0.812500000      0.208847210    
   9.87500000      0.812500000      0.305307180    
   10.0000000      0.812500000       1.00000000    
 
   0.00000000      0.837499976       0.00000000    
  0.125000000      0.837499976       5.58793219E-03
  0.375000000      0.837499976       2.42407955E-02
  0.625000000      0.837499976       4.32754420E-02
  0.875000000      0.837499976       6.08243383E-02
   1.12500000      0.837499976       7.66715482E-02
   1.37500000      0.837499976       9.09673944E-02
   1.62500000      0.837499976      0.103890501    
   1.87500000      0.837499976      0.115579829    
   2.12500000      0.837499976      0.126134366    
   2.37500000      0.837499976      0.135627657    
   2.62500000      0.837499976      0.144121870    
   2.87500000      0.837499976      0.151677459    
   3.12500000      0.837499976      0.158359379    
   3.37500000      0.837499976      0.164237991    
   3.62500000      0.837499976      0.169389039    
   3.87500000      0.837499976      0.173891127    
   4.12500000      0.837499976      0.177822798    
   4.37500000      0.837499976      0.181260720    
   4.62500000      0.837499976      0.184276462    
   4.87500000      0.837499976      0.186936080    
   5.12500000      0.837499976      0.189298719    
   5.37500000      0.837499976      0.191416249    
   5.62500000      0.837499976      0.193333492    
   5.87500000      0.837499976      0.195088729    
   6.12500000      0.837499976      0.196713924    
   6.37500000      0.837499976      0.198235646    
   6.62500000      0.837499976      0.199675828    
   6.87500000      0.837499976      0.201052159    
   7.12500000      0.837499976      0.202378884    
   7.37500000      0.837499976      0.203667372    
   7.62500000      0.837499976      0.204926684    
   7.87500000      0.837499976      0.206163958    
   8.12500000      0.837499976      0.207384706    
   8.37500000      0.837499976      0.208593071    
   8.62500000      0.837499976      0.209793478    
   8.87500000      0.837499976      0.210995898    
   9.12500000      0.837499976      0.212275133    
   9.37500000      0.837499976      0.214343742    
   9.62500000      0.837499976      0.224577621    
   9.87500000      0.837499976      0.328479409    
   10.0000000      0.837499976       1.00000000    
 
   0.00000000      0.862500012       0.00000000    
  0.125000000      0.862500012       9.34807397E-03
  0.375000000      0.862500012       3.41825709E-02
  0.625000000      0.862500012       5.68930618E-02
  0.875000000      0.862500012       7.66378418E-02
   1.12500000      0.862500012       9.38811600E-02
   1.37500000      0.862500012      0.109112717    
   1.62500000      0.862500012      0.122678950    
   1.87500000      0.862500012      0.134806648    
   2.12500000      0.862500012      0.145645201    
   2.37500000      0.862500012      0.155300573    
   2.62500000      0.862500012      0.163858771    
   2.87500000      0.862500012      0.171399921    
   3.12500000      0.862500012      0.178006038    
   3.37500000      0.862500012      0.183762759    
   3.62500000      0.862500012      0.188758895    
   3.87500000      0.862500012      0.193084165    
   4.12500000      0.862500012      0.196826085    
   4.37500000      0.862500012      0.200068504    
   4.62500000      0.862500012      0.202888086    
   4.87500000      0.862500012      0.205354586    
   5.12500000      0.862500012      0.207529455    
   5.37500000      0.862500012      0.209466040    
   5.62500000      0.862500012      0.211209536    
   5.87500000      0.862500012      0.212798402    
   6.12500000      0.862500012      0.214264333    
   6.37500000      0.862500012      0.215633363    
   6.62500000      0.862500012      0.216926694    
   6.87500000      0.862500012      0.218161285    
   7.12500000      0.862500012      0.219350666    
   7.37500000      0.862500012      0.220505580    
   7.62500000      0.862500012      0.221634388    
   7.87500000      0.862500012      0.222743720    
   8.12500000      0.862500012      0.223838478    
   8.37500000      0.862500012      0.224922553    
   8.62500000      0.862500012      0.226000220    
   8.87500000      0.862500012      0.227083355    
   9.12500000      0.862500012      0.228265375    
   9.37500000      0.862500012      0.230423063    
   9.62500000      0.862500012      0.242173553    
   9.87500000      0.862500012      0.354635388    
   10.0000000      0.862500012       1.00000000    
 
   0.00000000      0.887500048       0.00000000    
  0.125000000      0.887500048       1.52641106E-02
  0.375000000      0.887500048       4.70912941E-02
  0.625000000      0.887500048       7.32357055E-02
  0.875000000      0.887500048       9.48237777E-02
   1.12500000      0.887500048      0.113169387    
   1.37500000      0.887500048      0.129108399    
   1.62500000      0.887500048      0.143139854    
   1.87500000      0.887500048      0.155565307    
   2.12500000      0.887500048      0.166575730    
   2.37500000      0.887500048      0.176303864    
   2.62500000      0.887500048      0.184855849    
   2.87500000      0.887500048      0.192328885    
   3.12500000      0.887500048      0.198820129    
   3.37500000      0.887500048      0.204428315    
   3.62500000      0.887500048      0.209253728    
   3.87500000      0.887500048      0.213395551    
   4.12500000      0.887500048      0.216948792    
   4.37500000      0.887500048      0.220002741    
   4.62500000      0.887500048      0.222638011    
   4.87500000      0.887500048      0.224927008    
   5.12500000      0.887500048      0.226932362    
   5.37500000      0.887500048      0.228708103    
   5.62500000      0.887500048      0.230299622    
   5.87500000      0.887500048      0.231744632    
   6.12500000      0.887500048      0.233074337    
   6.37500000      0.887500048      0.234313831    
   6.62500000      0.887500048      0.235483646    
   6.87500000      0.887500048      0.236599699    
   7.12500000      0.887500048      0.237674966    
   7.37500000      0.887500048      0.238719255    
   7.62500000      0.887500048      0.239740416    
   7.87500000      0.887500048      0.240744293    
   8.12500000      0.887500048      0.241735637    
   8.37500000      0.887500048      0.242717758    
   8.62500000      0.887500048      0.243694842    
   8.87500000      0.887500048      0.244680926    
   9.12500000      0.887500048      0.245791093    
   9.37500000      0.887500048      0.248087421    
   9.62500000      0.887500048      0.261581570    
   9.87500000      0.887500048      0.383573413    
   10.0000000      0.887500048       1.00000000    
 
   0.00000000      0.912500024       0.00000000    
  0.125000000      0.912500024       2.42152698E-02
  0.375000000      0.912500024       6.32352605E-02
  0.625000000      0.912500024       9.22368318E-02
  0.875000000      0.912500024      0.115204699    
   1.12500000      0.912500024      0.134329692    
   1.37500000      0.912500024      0.150746882    
   1.62500000      0.912500024      0.165075094    
   1.87500000      0.912500024      0.177671567    
   2.12500000      0.912500024      0.188757852    
   2.37500000      0.912500024      0.198486611    
   2.62500000      0.912500024      0.206979901    
   2.87500000      0.912500024      0.214348778    
   3.12500000      0.912500024      0.220702991    
   3.37500000      0.912500024      0.226151943    
   3.62500000      0.912500024      0.230805442    
   3.87500000      0.912500024      0.234770119    
   4.12500000      0.912500024      0.238146871    
   4.37500000      0.912500024      0.241028979    
   4.62500000      0.912500024      0.243499741    
   4.87500000      0.912500024      0.245633155    
   5.12500000      0.912500024      0.247492447    
   5.37500000      0.912500024      0.249131635    
   5.62500000      0.912500024      0.250595540    
   5.87500000      0.912500024      0.251921237    
   6.12500000      0.912500024      0.253139079    
   6.37500000      0.912500024      0.254273057    
   6.62500000      0.912500024      0.255343020    
   6.87500000      0.912500024      0.256363869    
   7.12500000      0.912500024      0.257347882    
   7.37500000      0.912500024      0.258304089    
   7.62500000      0.912500024      0.259239763    
   7.87500000      0.912500024      0.260160178    
   8.12500000      0.912500024      0.261069626    
   8.37500000      0.912500024      0.261971146    
   8.62500000      0.912500024      0.262869090    
   8.87500000      0.912500024      0.263779372    
   9.12500000      0.912500024      0.264840603    
   9.37500000      0.912500024      0.267312467    
   9.62500000      0.912500024      0.282690883    
   9.87500000      0.912500024      0.414797872    
   10.0000000      0.912500024       1.00000000    
 
   0.00000000      0.937500000       0.00000000    
  0.125000000      0.937500000       3.71274464E-02
  0.375000000      0.937500000       8.25956464E-02
  0.625000000      0.937500000      0.113616839    
  0.875000000      0.937500000      0.137466103    
   1.12500000      0.937500000      0.157062799    
   1.37500000      0.937500000      0.173753902    
   1.62500000      0.937500000      0.188236535    
   1.87500000      0.937500000      0.200902924    
   2.12500000      0.937500000      0.211993828    
   2.37500000      0.937500000      0.221675321    
   2.62500000      0.937500000      0.230080649    
   2.87500000      0.937500000      0.237331375    
   3.12500000      0.937500000      0.243546635    
   3.37500000      0.937500000      0.248844221    
   3.62500000      0.937500000      0.253341168    
   3.87500000      0.937500000      0.257149369    
   4.12500000      0.937500000      0.260374069    
   4.37500000      0.937500000      0.263111264    
   4.62500000      0.937500000      0.265445650    
   4.87500000      0.937500000      0.267452061    
   5.12500000      0.937500000      0.269193918    
   5.37500000      0.937500000      0.270724505    
   5.62500000      0.937500000      0.272088110    
   5.87500000      0.937500000      0.273321152    
   6.12500000      0.937500000      0.274452716    
   6.37500000      0.937500000      0.275506228    
   6.62500000      0.937500000      0.276500314    
   6.87500000      0.937500000      0.277449399    
   7.12500000      0.937500000      0.278364748    
   7.37500000      0.937500000      0.279255122    
   7.62500000      0.937500000      0.280126989    
   7.87500000      0.937500000      0.280985266    
   8.12500000      0.937500000      0.281833827    
   8.37500000      0.937500000      0.282675534    
   8.62500000      0.937500000      0.283514738    
   8.87500000      0.937500000      0.284369707    
   9.12500000      0.937500000      0.285401523    
   9.37500000      0.937500000      0.288063824    
   9.62500000      0.937500000      0.305309355    
   9.87500000      0.937500000      0.447385162    
   10.0000000      0.937500000       1.00000000    
 
   0.00000000      0.962499976       0.00000000    
  0.125000000      0.962499976       5.46784773E-02
  0.375000000      0.962499976      0.104765616    
  0.625000000      0.962499976      0.136889622    
  0.875000000      0.962499976      0.161176845    
   1.12500000      0.962499976      0.180994391    
   1.37500000      0.962499976      0.197802275    
   1.62500000      0.962499976      0.212336734    
   1.87500000      0.962499976      0.225006878    
   2.12500000      0.962499976      0.236063123    
   2.37500000      0.962499976      0.245678931    
   2.62500000      0.962499976      0.253994614    
   2.87500000      0.962499976      0.261138469    
   3.12500000      0.962499976      0.267235994    
   3.37500000      0.962499976      0.272410721    
   3.62500000      0.962499976      0.276784211    
   3.87500000      0.962499976      0.280472159    
   4.12500000      0.962499976      0.283582062    
   4.37500000      0.962499976      0.286211610    
   4.62500000      0.962499976      0.288446307    
   4.87500000      0.962499976      0.290361077    
   5.12500000      0.962499976      0.292019188    
   5.37500000      0.962499976      0.293473303    
   5.62500000      0.962499976      0.294766873    
   5.87500000      0.962499976      0.295935899    
   6.12500000      0.962499976      0.297008425    
   6.37500000      0.962499976      0.298007071    
   6.62500000      0.962499976      0.298949927    
   6.87500000      0.962499976      0.299850702    
   7.12500000      0.962499976      0.300720125    
   7.37500000      0.962499976      0.301566571    
   7.62500000      0.962499976      0.302395940    
   7.87500000      0.962499976      0.303212881    
   8.12500000      0.962499976      0.304021090    
   8.37500000      0.962499976      0.304823279    
   8.62500000      0.962499976      0.305623561    
   8.87500000      0.962499976      0.306442589    
   9.12500000      0.962499976      0.307460219    
   9.37500000      0.962499976      0.310295045    
   9.62500000      0.962499976      0.329145461    
   9.87500000      0.962499976      0.479844481    
   10.0000000      0.962499976       1.00000000    
 
   0.00000000      0.987500012       0.00000000    
  0.125000000      0.987500012       7.67693743E-02
  0.375000000      0.987500012      0.128924087    
  0.625000000      0.987500012      0.161404192    
  0.875000000      0.987500012      0.185819328    
   1.12500000      0.987500012      0.205694512    
   1.37500000      0.987500012      0.222524881    
   1.62500000      0.987500012      0.237057909    
   1.87500000      0.987500012      0.249707252    
   2.12500000      0.987500012      0.260726273    
   2.37500000      0.987500012      0.270291418    
   2.62500000      0.987500012      0.278546304    
   2.87500000      0.987500012      0.285622090    
   3.12500000      0.987500012      0.291647971    
   3.37500000      0.987500012      0.296749979    
   3.62500000      0.987500012      0.301052123    
   3.87500000      0.987500012      0.304671675    
   4.12500000      0.987500012      0.307717443    
   4.37500000      0.987500012      0.310287565    
   4.62500000      0.987500012      0.312467873    
   4.87500000      0.987500012      0.314333290    
   5.12500000      0.987500012      0.315946609    
   5.37500000      0.987500012      0.317360371    
   5.62500000      0.987500012      0.318617225    
   5.87500000      0.987500012      0.319753081    
   6.12500000      0.987500012      0.320795149    
   6.37500000      0.987500012      0.321765721    
   6.62500000      0.987500012      0.322682410    
   6.87500000      0.987500012      0.323558837    
   7.12500000      0.987500012      0.324405134    
   7.37500000      0.987500012      0.325229406    
   7.62500000      0.987500012      0.326037526    
   7.87500000      0.987500012      0.326833785    
   8.12500000      0.987500012      0.327621907    
   8.37500000      0.987500012      0.328404427    
   8.62500000      0.987500012      0.329185367    
   8.87500000      0.987500012      0.329986721    
   9.12500000      0.987500012      0.331000179    
   9.37500000      0.987500012      0.333946258    
   9.62500000      0.987500012      0.353803009    
   9.87500000      0.987500012      0.510007083    
   10.0000000      0.987500012       1.00000000    
 
   0.00000000       1.00000000       0.00000000    
  0.125000000       1.00000000       7.67693743E-02
  0.375000000       1.00000000      0.128924087    
  0.625000000       1.00000000      0.161404192    
  0.875000000       1.00000000      0.185819328    
   1.12500000       1.00000000      0.205694512    
   1.37500000       1.00000000      0.222524881    
   1.62500000       1.00000000      0.237057909    
   1.87500000       1.00000000      0.249707252    
   2.12500000       1.00000000      0.260726273    
   2.37500000       1.00000000      0.270291418    
   2.62500000       1.00000000      0.278546304    
   2.87500000       1.00000000      0.285622090    
   3.12500000       1.00000000      0.291647971    
   3.37500000       1.00000000      0.296749979    
   3.62500000       1.00000000      0.301052123    
   3.87500000       1.00000000      0.304671675    
   4.12500000       1.00000000      0.307717443    
   4.37500000       1.00000000      0.310287565    
   4.62500000       1.00000000      0.312467873    
   4.87500000       1.00000000      0.314333290    
   5.12500000       1.00000000      0.315946609    
   5.37500000       1.00000000      0.317360371    
   5.62500000       1.00000000      0.318617225    
   5.87500000       1.00000000      0.319753081    
   6.12500000       1.00000000      0.320795149    
   6.37500000       1.00000000      0.321765721    
   6.62500000       1.00000000      0.322682410    
   6.87500000       1.00000000      0.323558837    
   7.12500000       1.00000000      0.324405134    
   7.37500000       1.00000000      0.325229406    
   7.62500000       1.00000000      0.326037526    
   7.87500000       1.00000000      0.326833785    
   8.12500000       1.00000000      0.327621907    
   8.37500000       1.00000000      0.328404427    
   8.62500000       1.00000000      0.329185367    
   8.87500000       1.00000000      0.329986721    
   9.12500000       1.00000000      0.331000179    
   9.37500000       1.00000000      0.333946258    
   9.62500000       1.00000000      0.353803009    
   9.87500000       1.00000000      0.510007083    
   10.0000000       1.00000000       1.00000000    
 
