   0.00000000       0.00000000       0.00000000    
  0.125000000       0.00000000       1.25000002E-02
  0.375000000       0.00000000       3.75000015E-02
  0.625000000       0.00000000       6.25000000E-02
  0.875000000       0.00000000       8.74999985E-02
   1.12500000       0.00000000      0.112499997    
   1.37500000       0.00000000      0.137500003    
   1.62500000       0.00000000      0.162499994    
   1.87500000       0.00000000      0.187500000    
   2.12500000       0.00000000      0.212500006    
   2.37500000       0.00000000      0.237499997    
   2.62500000       0.00000000      0.262499988    
   2.87500000       0.00000000      0.287499994    
   3.12500000       0.00000000      0.312500000    
   3.37500000       0.00000000      0.337500006    
   3.62500000       0.00000000      0.362500012    
   3.87500000       0.00000000      0.387499988    
   4.12500000       0.00000000      0.412499994    
   4.37500000       0.00000000      0.437500000    
   4.62500000       0.00000000      0.462500006    
   4.87500000       0.00000000      0.487500012    
   5.12500000       0.00000000      0.512499988    
   5.37500000       0.00000000      0.537500024    
   5.62500000       0.00000000      0.562500000    
   5.87500000       0.00000000      0.587499976    
   6.12500000       0.00000000      0.612500012    
   6.37500000       0.00000000      0.637499988    
   6.62500000       0.00000000      0.662500024    
   6.87500000       0.00000000      0.687500000    
   7.12500000       0.00000000      0.712499976    
   7.37500000       0.00000000      0.737500012    
   7.62500000       0.00000000      0.762499988    
   7.87500000       0.00000000      0.787500024    
   8.12500000       0.00000000      0.812500000    
   8.37500000       0.00000000      0.837499976    
   8.62500000       0.00000000      0.862500012    
   8.87500000       0.00000000      0.887499988    
   9.12500000       0.00000000      0.912500024    
   9.37500000       0.00000000      0.937500000    
   9.62500000       0.00000000      0.962499976    
   9.87500000       0.00000000      0.987500012    
   10.0000000       0.00000000       1.00000000    
 
   0.00000000       1.25000002E-02   0.00000000    
  0.125000000       1.25000002E-02   1.08878259E-02
  0.375000000       1.25000002E-02   3.39789987E-02
  0.625000000       1.25000002E-02   5.74624501E-02
  0.875000000       1.25000002E-02   8.11490715E-02
   1.12500000       1.25000002E-02  0.104965836    
   1.37500000       1.25000002E-02  0.128875881    
   1.62500000       1.25000002E-02  0.152857497    
   1.87500000       1.25000002E-02  0.176897123    
   2.12500000       1.25000002E-02  0.200985417    
   2.37500000       1.25000002E-02  0.225114942    
   2.62500000       1.25000002E-02  0.249281392    
   2.87500000       1.25000002E-02  0.273480177    
   3.12500000       1.25000002E-02  0.297708303    
   3.37500000       1.25000002E-02  0.321962625    
   3.62500000       1.25000002E-02  0.346240610    
   3.87500000       1.25000002E-02  0.370539874    
   4.12500000       1.25000002E-02  0.394858152    
   4.37500000       1.25000002E-02  0.419193357    
   4.62500000       1.25000002E-02  0.443543434    
   4.87500000       1.25000002E-02  0.467906535    
   5.12500000       1.25000002E-02  0.492280185    
   5.37500000       1.25000002E-02  0.516663194    
   5.62500000       1.25000002E-02  0.541053832    
   5.87500000       1.25000002E-02  0.565450251    
   6.12500000       1.25000002E-02  0.589851499    
   6.37500000       1.25000002E-02  0.614256322    
   6.62500000       1.25000002E-02  0.638663828    
   6.87500000       1.25000002E-02  0.663073361    
   7.12500000       1.25000002E-02  0.687484145    
   7.37500000       1.25000002E-02  0.711896360    
   7.62500000       1.25000002E-02  0.736308098    
   7.87500000       1.25000002E-02  0.760720909    
   8.12500000       1.25000002E-02  0.785133362    
   8.37500000       1.25000002E-02  0.809546113    
   8.62500000       1.25000002E-02  0.833958447    
   8.87500000       1.25000002E-02  0.858370960    
   9.12500000       1.25000002E-02  0.882784843    
   9.37500000       1.25000002E-02  0.907216966    
   9.62500000       1.25000002E-02  0.931946754    
   9.87500000       1.25000002E-02  0.960962713    
   10.0000000       1.25000002E-02   1.00000000    
 
   0.00000000       3.75000015E-02   0.00000000    
  0.125000000       3.75000015E-02   7.91913457E-03
  0.375000000       3.75000015E-02   2.72181407E-02
  0.625000000       3.75000015E-02   4.76752557E-02
  0.875000000       3.75000015E-02   6.87383786E-02
   1.12500000       3.75000015E-02   9.01906267E-02
   1.37500000       3.75000015E-02  0.111922137    
   1.62500000       3.75000015E-02  0.133868098    
   1.87500000       3.75000015E-02  0.155987754    
   2.12500000       3.75000015E-02  0.178253055    
   2.37500000       3.75000015E-02  0.200642660    
   2.62500000       3.75000015E-02  0.223142371    
   2.87500000       3.75000015E-02  0.245739311    
   3.12500000       3.75000015E-02  0.268423855    
   3.37500000       3.75000015E-02  0.291187257    
   3.62500000       3.75000015E-02  0.314021617    
   3.87500000       3.75000015E-02  0.336920053    
   4.12500000       3.75000015E-02  0.359875798    
   4.37500000       3.75000015E-02  0.382882327    
   4.62500000       3.75000015E-02  0.405933470    
   4.87500000       3.75000015E-02  0.429023236    
   5.12500000       3.75000015E-02  0.452145517    
   5.37500000       3.75000015E-02  0.475295663    
   5.62500000       3.75000015E-02  0.498468548    
   5.87500000       3.75000015E-02  0.521659493    
   6.12500000       3.75000015E-02  0.544864714    
   6.37500000       3.75000015E-02  0.568081141    
   6.62500000       3.75000015E-02  0.591305733    
   6.87500000       3.75000015E-02  0.614536166    
   7.12500000       3.75000015E-02  0.637770593    
   7.37500000       3.75000015E-02  0.661007941    
   7.62500000       3.75000015E-02  0.684246540    
   7.87500000       3.75000015E-02  0.707486212    
   8.12500000       3.75000015E-02  0.730726004    
   8.37500000       3.75000015E-02  0.753965974    
   8.62500000       3.75000015E-02  0.777205586    
   8.87500000       3.75000015E-02  0.800445199    
   9.12500000       3.75000015E-02  0.823688090    
   9.37500000       3.75000015E-02  0.846983850    
   9.62500000       3.75000015E-02  0.871139526    
   9.87500000       3.75000015E-02  0.907788396    
   10.0000000       3.75000015E-02   1.00000000    
 
   0.00000000       6.25000000E-02   0.00000000    
  0.125000000       6.25000000E-02   5.48750628E-03
  0.375000000       6.25000000E-02   2.11422928E-02
  0.625000000       6.25000000E-02   3.86203900E-02
  0.875000000       6.25000000E-02   5.70841506E-02
   1.12500000       6.25000000E-02   7.61870295E-02
   1.37500000       6.25000000E-02   9.57507566E-02
   1.62500000       6.25000000E-02  0.115669243    
   1.87500000       6.25000000E-02  0.135875583    
   2.12500000       6.25000000E-02  0.156323329    
   2.37500000       6.25000000E-02  0.176977769    
   2.62500000       6.25000000E-02  0.197814733    
   2.87500000       6.25000000E-02  0.218813673    
   3.12500000       6.25000000E-02  0.239958078    
   3.37500000       6.25000000E-02  0.261233717    
   3.62500000       6.25000000E-02  0.282628030    
   3.87500000       6.25000000E-02  0.304128826    
   4.12500000       6.25000000E-02  0.325725317    
   4.37500000       6.25000000E-02  0.347406536    
   4.62500000       6.25000000E-02  0.369162202    
   4.87500000       6.25000000E-02  0.390982300    
   5.12500000       6.25000000E-02  0.412857383    
   5.37500000       6.25000000E-02  0.434778988    
   5.62500000       6.25000000E-02  0.456738651    
   5.87500000       6.25000000E-02  0.478728950    
   6.12500000       6.25000000E-02  0.500743508    
   6.37500000       6.25000000E-02  0.522776783    
   6.62500000       6.25000000E-02  0.544823945    
   6.87500000       6.25000000E-02  0.566881001    
   7.12500000       6.25000000E-02  0.588944972    
   7.37500000       6.25000000E-02  0.611013710    
   7.62500000       6.25000000E-02  0.633085072    
   7.87500000       6.25000000E-02  0.655157745    
   8.12500000       6.25000000E-02  0.677231014    
   8.37500000       6.25000000E-02  0.699304640    
   8.62500000       6.25000000E-02  0.721377671    
   8.87500000       6.25000000E-02  0.743450403    
   9.12500000       6.25000000E-02  0.765528083    
   9.37500000       6.25000000E-02  0.787687957    
   9.62500000       6.25000000E-02  0.811188400    
   9.87500000       6.25000000E-02  0.854556441    
   10.0000000       6.25000000E-02   1.00000000    
 
   0.00000000       8.75000060E-02   0.00000000    
  0.125000000       8.75000060E-02   3.65215261E-03
  0.375000000       8.75000060E-02   1.59655083E-02
  0.625000000       8.75000060E-02   3.05798128E-02
  0.875000000       8.75000060E-02   4.65053990E-02
   1.12500000       8.75000060E-02   6.32981732E-02
   1.37500000       8.75000060E-02   8.07221606E-02
   1.62500000       8.75000060E-02   9.86348540E-02
   1.87500000       8.75000060E-02  0.116945095    
   2.12500000       8.75000060E-02  0.135589719    
   2.37500000       8.75000060E-02  0.154521465    
   2.62500000       8.75000060E-02  0.173706785    
   2.87500000       8.75000060E-02  0.193117470    
   3.12500000       8.75000060E-02  0.212730855    
   3.37500000       8.75000060E-02  0.232527480    
   3.62500000       8.75000060E-02  0.252489626    
   3.87500000       8.75000060E-02  0.272600651    
   4.12500000       8.75000060E-02  0.292845339    
   4.37500000       8.75000060E-02  0.313208729    
   4.62500000       8.75000060E-02  0.333676517    
   4.87500000       8.75000060E-02  0.354234755    
   5.12500000       8.75000060E-02  0.374870598    
   5.37500000       8.75000060E-02  0.395571619    
   5.62500000       8.75000060E-02  0.416326553    
   5.87500000       8.75000060E-02  0.437124938    
   6.12500000       8.75000060E-02  0.457957536    
   6.37500000       8.75000060E-02  0.478817075    
   6.62500000       8.75000060E-02  0.499696344    
   6.87500000       8.75000060E-02  0.520589828    
   7.12500000       8.75000060E-02  0.541493297    
   7.37500000       8.75000060E-02  0.562403381    
   7.62500000       8.75000060E-02  0.583317459    
   7.87500000       8.75000060E-02  0.604233742    
   8.12500000       8.75000060E-02  0.625150740    
   8.37500000       8.75000060E-02  0.646068275    
   8.62500000       8.75000060E-02  0.666984677    
   8.87500000       8.75000060E-02  0.687901139    
   9.12500000       8.75000060E-02  0.708823085    
   9.37500000       8.75000060E-02  0.729849517    
   9.62500000       8.75000060E-02  0.752596319    
   9.87500000       8.75000060E-02  0.801553428    
   10.0000000       8.75000060E-02   1.00000000    
 
   0.00000000      0.112499997       0.00000000    
  0.125000000      0.112499997       2.34990986E-03
  0.375000000      0.112499997       1.17488727E-02
  0.625000000      0.112499997       2.36930139E-02
  0.875000000      0.112499997       3.71895768E-02
   1.12500000      0.112499997       5.17439209E-02
   1.37500000      0.112499997       6.70798197E-02
   1.62500000      0.112499997       8.30268040E-02
   1.87500000      0.112499997       9.94733647E-02
   2.12500000      0.112499997      0.116341881    
   2.37500000      0.112499997      0.133574471    
   2.62500000      0.112499997      0.151128709    
   2.87500000      0.112499997      0.168969899    
   3.12500000      0.112499997      0.187069371    
   3.37500000      0.112499997      0.205402523    
   3.62500000      0.112499997      0.223947197    
   3.87500000      0.112499997      0.242682397    
   4.12500000      0.112499997      0.261588722    
   4.37500000      0.112499997      0.280647278    
   4.62500000      0.112499997      0.299839884    
   4.87500000      0.112499997      0.319148839    
   5.12500000      0.112499997      0.338557780    
   5.37500000      0.112499997      0.358051002    
   5.62500000      0.112499997      0.377613783    
   5.87500000      0.112499997      0.397233188    
   6.12500000      0.112499997      0.416897207    
   6.37500000      0.112499997      0.436596274    
   6.62500000      0.112499997      0.456321150    
   6.87500000      0.112499997      0.476064712    
   7.12500000      0.112499997      0.495821714    
   7.37500000      0.112499997      0.515587449    
   7.62500000      0.112499997      0.535358489    
   7.87500000      0.112499997      0.555132151    
   8.12500000      0.112499997      0.574907124    
   8.37500000      0.112499997      0.594682515    
   8.62500000      0.112499997      0.614456892    
   8.87500000      0.112499997      0.634231031    
   9.12500000      0.112499997      0.654011369    
   9.37500000      0.112499997      0.673910379    
   9.62500000      0.112499997      0.695807457    
   9.87500000      0.112499997      0.749205649    
   10.0000000      0.112499997       1.00000000    
 
   0.00000000      0.137500003       0.00000000    
  0.125000000      0.137500003       1.46992703E-03
  0.375000000      0.137500003       8.44524149E-03
  0.625000000      0.137500003       1.79832727E-02
  0.875000000      0.137500003       2.92107742E-02
   1.12500000      0.137500003       4.16351147E-02
   1.37500000      0.137500003       5.49626499E-02
   1.62500000      0.137500003       6.90060854E-02
   1.87500000      0.137500003       8.36396441E-02
   2.12500000      0.137500003       9.87748355E-02
   2.37500000      0.137500003      0.114345245    
   2.62500000      0.137500003      0.130301207    
   2.87500000      0.137500003      0.146602258    
   3.12500000      0.137500003      0.163214654    
   3.37500000      0.137500003      0.180109188    
   3.62500000      0.137500003      0.197259337    
   3.87500000      0.137500003      0.214640319    
   4.12500000      0.137500003      0.232228741    
   4.37500000      0.137500003      0.250001997    
   4.62500000      0.137500003      0.267938226    
   4.87500000      0.137500003      0.286016166    
   5.12500000      0.137500003      0.304216236    
   5.37500000      0.137500003      0.322519183    
   5.62500000      0.137500003      0.340907574    
   5.87500000      0.137500003      0.359365404    
   6.12500000      0.137500003      0.377878487    
   6.37500000      0.137500003      0.396434635    
   6.62500000      0.137500003      0.415022939    
   6.87500000      0.137500003      0.433634520    
   7.12500000      0.137500003      0.452262908    
   7.37500000      0.137500003      0.470902145    
   7.62500000      0.137500003      0.489548028    
   7.87500000      0.137500003      0.508197486    
   8.12500000      0.137500003      0.526848614    
   8.37500000      0.137500003      0.545499921    
   8.62500000      0.137500003      0.564150333    
   8.87500000      0.137500003      0.582800210    
   9.12500000      0.137500003      0.601456225    
   9.37500000      0.137500003      0.620238841    
   9.62500000      0.137500003      0.641205668    
   9.87500000      0.137500003      0.697996736    
   10.0000000      0.137500003       1.00000000    
 
   0.00000000      0.162499994       0.00000000    
  0.125000000      0.162499994       8.98238504E-04
  0.375000000      0.162499994       5.94321731E-03
  0.625000000      0.162499994       1.33877965E-02
  0.875000000      0.162499994       2.25515403E-02
   1.12500000      0.162499994       3.29907425E-02
   1.37500000      0.162499994       4.44189012E-02
   1.62500000      0.162499994       5.66449165E-02
   1.87500000      0.162499994       6.95364624E-02
   2.12500000      0.162499994       8.29984620E-02
   2.37500000      0.162499994       9.69590321E-02
   2.62500000      0.162499994      0.111363143    
   2.87500000      0.162499994      0.126165837    
   3.12500000      0.162499994      0.141329274    
   3.37500000      0.162499994      0.156820193    
   3.62500000      0.162499994      0.172608420    
   3.87500000      0.162499994      0.188665599    
   4.12500000      0.162499994      0.204964712    
   4.37500000      0.162499994      0.221479684    
   4.62500000      0.162499994      0.238185167    
   4.87500000      0.162499994      0.255056918    
   5.12500000      0.162499994      0.272071809    
   5.37500000      0.162499994      0.289207846    
   5.62500000      0.162499994      0.306444466    
   5.87500000      0.162499994      0.323763162    
   6.12500000      0.162499994      0.341147453    
   6.37500000      0.162499994      0.358582497    
   6.62500000      0.162499994      0.376056075    
   6.87500000      0.162499994      0.393557668    
   7.12500000      0.162499994      0.411079288    
   7.37500000      0.162499994      0.428613842    
   7.62500000      0.162499994      0.446156383    
   7.87500000      0.162499994      0.463703185    
   8.12500000      0.162499994      0.481252104    
   8.37500000      0.162499994      0.498801172    
   8.62500000      0.162499994      0.516349256    
   8.87500000      0.162499994      0.533896446    
   9.12500000      0.162499994      0.551449478    
   9.37500000      0.162499994      0.569131672    
   9.62500000      0.162499994      0.589109063    
   9.87500000      0.162499994      0.648398519    
   10.0000000      0.162499994       1.00000000    
 
   0.00000000      0.187500000       0.00000000    
  0.125000000      0.187500000       5.38554159E-04
  0.375000000      0.187500000       4.10379330E-03
  0.625000000      0.187500000       9.78829712E-03
  0.875000000      0.187500000       1.71267036E-02
   1.12500000      0.187500000       2.57571917E-02
   1.37500000      0.187500000       3.54224965E-02
   1.62500000      0.187500000       4.59410176E-02
   1.87500000      0.187500000       5.71821369E-02
   2.12500000      0.187500000       6.90493062E-02
   2.37500000      0.187500000       8.14686790E-02
   2.62500000      0.187500000       9.43821445E-02
   2.87500000      0.187500000      0.107741758    
   3.12500000      0.187500000      0.121506669    
   3.37500000      0.187500000      0.135640472    
   3.62500000      0.187500000      0.150109798    
   3.87500000      0.187500000      0.164883226    
   4.12500000      0.187500000      0.179930478    
   4.37500000      0.187500000      0.195222363    
   4.62500000      0.187500000      0.210730597    
   4.87500000      0.187500000      0.226427659    
   5.12500000      0.187500000      0.242287666    
   5.37500000      0.187500000      0.258285701    
   5.62500000      0.187500000      0.274398744    
   5.87500000      0.187500000      0.290605724    
   6.12500000      0.187500000      0.306887835    
   6.37500000      0.187500000      0.323228419    
   6.62500000      0.187500000      0.339613229    
   6.87500000      0.187500000      0.356030554    
   7.12500000      0.187500000      0.372470856    
   7.37500000      0.187500000      0.388926238    
   7.62500000      0.187500000      0.405390978    
   7.87500000      0.187500000      0.421860546    
   8.12500000      0.187500000      0.438332349    
   8.37500000      0.187500000      0.454804420    
   8.62500000      0.187500000      0.471275210    
   8.87500000      0.187500000      0.487744629    
   9.12500000      0.187500000      0.504219651    
   9.37500000      0.187500000      0.520822108    
   9.62500000      0.187500000      0.539773703    
   9.87500000      0.187500000      0.600835979    
   10.0000000      0.187500000       1.00000000    
 
   0.00000000      0.212500006       0.00000000    
  0.125000000      0.212500006       3.18079983E-04
  0.375000000      0.212500006       2.78632366E-03
  0.625000000      0.212500006       7.03825988E-03
  0.875000000      0.212500006       1.28069259E-02
   1.12500000      0.212500006       1.98280979E-02
   1.37500000      0.212500006       2.78900396E-02
   1.62500000      0.212500006       3.68323699E-02
   1.87500000      0.212500006       4.65340763E-02
   2.12500000      0.212500006       5.69027402E-02
   2.37500000      0.212500006       6.78658411E-02
   2.62500000      0.212500006       7.93648586E-02
   2.87500000      0.212500006       9.13505405E-02
   3.12500000      0.212500006      0.103780173    
   3.37500000      0.212500006      0.116615184    
   3.62500000      0.212500006      0.129819632    
   3.87500000      0.212500006      0.143359423    
   4.12500000      0.212500006      0.157201633    
   4.37500000      0.212500006      0.171314314    
   4.62500000      0.212500006      0.185666323    
   4.87500000      0.212500006      0.200227663    
   5.12500000      0.212500006      0.214969635    
   5.37500000      0.212500006      0.229864836    
   5.62500000      0.212500006      0.244887888    
   5.87500000      0.212500006      0.260015547    
   6.12500000      0.212500006      0.275226980    
   6.37500000      0.212500006      0.290503740    
   6.62500000      0.212500006      0.305830061    
   6.87500000      0.212500006      0.321192682    
   7.12500000      0.212500006      0.336580962    
   7.37500000      0.212500006      0.351986110    
   7.62500000      0.212500006      0.367401659    
   7.87500000      0.212500006      0.382822663    
   8.12500000      0.212500006      0.398245901    
   8.37500000      0.212500006      0.413669318    
   8.62500000      0.212500006      0.429091126    
   8.87500000      0.212500006      0.444511116    
   9.12500000      0.212500006      0.459935725    
   9.37500000      0.212500006      0.475483924    
   9.62500000      0.212500006      0.493394673    
   9.87500000      0.212500006      0.555663764    
   10.0000000      0.212500006       1.00000000    
 
   0.00000000      0.237500012       0.00000000    
  0.125000000      0.237500012       1.85743120E-04
  0.375000000      0.237500012       1.86406681E-03
  0.625000000      0.237500012       4.98459861E-03
  0.875000000      0.237500012       9.43999831E-03
   1.12500000      0.237500012       1.50635708E-02
   1.37500000      0.237500012       2.16979720E-02
   1.62500000      0.237500012       2.92126331E-02
   1.87500000      0.237500012       3.75029854E-02
   2.12500000      0.237500012       4.64856625E-02
   2.37500000      0.237500012       5.60928397E-02
   2.62500000      0.237500012       6.62680715E-02
   2.87500000      0.237500012       7.69625828E-02
   3.12500000      0.237500012       8.81329849E-02
   3.37500000      0.237500012       9.97393131E-02
   3.62500000      0.237500012      0.111743905    
   3.87500000      0.237500012      0.124110535    
   4.12500000      0.237500012      0.136803985    
   4.37500000      0.237500012      0.149789989    
   4.62500000      0.237500012      0.163034946    
   4.87500000      0.237500012      0.176506624    
   5.12500000      0.237500012      0.190173969    
   5.37500000      0.237500012      0.204007432    
   5.62500000      0.237500012      0.217979550    
   5.87500000      0.237500012      0.232065335    
   6.12500000      0.237500012      0.246242180    
   6.37500000      0.237500012      0.260489970    
   6.62500000      0.237500012      0.274791807    
   6.87500000      0.237500012      0.289132982    
   7.12500000      0.237500012      0.303501904    
   7.37500000      0.237500012      0.317889154    
   7.62500000      0.237500012      0.332287461    
   7.87500000      0.237500012      0.346691549    
   8.12500000      0.237500012      0.361097813    
   8.37500000      0.237500012      0.375503778    
   8.62500000      0.237500012      0.389907718    
   8.87500000      0.237500012      0.404309481    
   9.12500000      0.237500012      0.418714583    
   9.37500000      0.237500012      0.433237821    
   9.62500000      0.237500012      0.450110823    
   9.87500000      0.237500012      0.513159215    
   10.0000000      0.237500012       1.00000000    
 
   0.00000000      0.262499988       0.00000000    
  0.125000000      0.262499988       1.07612141E-04
  0.375000000      0.262499988       1.23132358E-03
  0.625000000      0.262499988       3.48270102E-03
  0.875000000      0.262499988       6.86824787E-03
   1.12500000      0.262499988       1.13073448E-02
   1.37500000      0.262499988       1.66985933E-02
   1.62500000      0.262499988       2.29460504E-02
   1.87500000      0.262499988       2.99664643E-02
   2.12500000      0.262499988       3.76893654E-02
   2.37500000      0.262499988       4.60546240E-02
   2.62500000      0.262499988       5.50099835E-02
   2.87500000      0.262499988       6.45087361E-02
   3.12500000      0.262499988       7.45079592E-02
   3.37500000      0.262499988       8.49671885E-02
   3.62500000      0.262499988       9.58475992E-02
   3.87500000      0.262499988      0.107111350    
   4.12500000      0.262499988      0.118721463    
   4.37500000      0.262499988      0.130641609    
   4.62500000      0.262499988      0.142836407    
   4.87500000      0.262499988      0.155271471    
   5.12500000      0.262499988      0.167913958    
   5.37500000      0.262499988      0.180732563    
   5.62500000      0.262499988      0.193698168    
   5.87500000      0.262499988      0.206784248    
   6.12500000      0.262499988      0.219966739    
   6.37500000      0.262499988      0.233224466    
   6.62500000      0.262499988      0.246539280    
   6.87500000      0.262499988      0.259895533    
   7.12500000      0.262499988      0.273281008    
   7.37500000      0.262499988      0.286685556    
   7.62500000      0.262499988      0.300101340    
   7.87500000      0.262499988      0.313522935    
   8.12500000      0.262499988      0.326946259    
   8.37500000      0.262499988      0.340368569    
   8.62500000      0.262499988      0.353788525    
   8.87500000      0.262499988      0.367205560    
   9.12500000      0.262499988      0.380624980    
   9.37500000      0.262499988      0.394156188    
   9.62500000      0.262499988      0.410009176    
   9.87500000      0.262499988      0.473525047    
   10.0000000      0.262499988       1.00000000    
 
   0.00000000      0.287500024       0.00000000    
  0.125000000      0.287500024       6.20625215E-05
  0.375000000      0.287500024       8.04847979E-04
  0.625000000      0.287500024       2.40531983E-03
  0.875000000      0.287500024       4.94139688E-03
   1.12500000      0.287500024       8.40098970E-03
   1.37500000      0.287500024       1.27343852E-02
   1.62500000      0.287500024       1.78812742E-02
   1.87500000      0.287500024       2.37821992E-02
   2.12500000      0.287500024       3.03821173E-02
   2.37500000      0.287500024       3.76307070E-02
   2.62500000      0.287500024       4.54815924E-02
   2.87500000      0.287500024       5.38913012E-02
   3.12500000      0.287500024       6.28183186E-02
   3.37500000      0.287500024       7.22223818E-02
   3.62500000      0.287500024       8.20640698E-02
   3.87500000      0.287500024       9.23044086E-02
   4.12500000      0.287500024      0.102905013    
   4.37500000      0.287500024      0.113828085    
   4.62500000      0.287500024      0.125036582    
   4.87500000      0.287500024      0.136494622    
   5.12500000      0.287500024      0.148167893    
   5.37500000      0.287500024      0.160023794    
   5.62500000      0.287500024      0.172032014    
   5.87500000      0.287500024      0.184164852    
   6.12500000      0.287500024      0.196397260    
   6.37500000      0.287500024      0.208707169    
   6.62500000      0.287500024      0.221075729    
   6.87500000      0.287500024      0.233486772    
   7.12500000      0.287500024      0.245927349    
   7.37500000      0.287500024      0.258386999    
   7.62500000      0.287500024      0.270857662    
   7.87500000      0.287500024      0.283333391    
   8.12500000      0.287500024      0.295810282    
   8.37500000      0.287500024      0.308285415    
   8.62500000      0.287500024      0.320757329    
   8.87500000      0.287500024      0.333225548    
   9.12500000      0.287500024      0.345694989    
   9.37500000      0.287500024      0.358270049    
   9.62500000      0.287500024      0.373131633    
   9.87500000      0.287500024      0.436896354    
   10.0000000      0.287500024       1.00000000    
 
   0.00000000      0.312500000       0.00000000    
  0.125000000      0.312500000       3.57526005E-05
  0.375000000      0.312500000       5.21949609E-04
  0.625000000      0.312500000       1.64643012E-03
  0.875000000      0.312500000       3.52481101E-03
   1.12500000      0.312500000       6.19459152E-03
   1.37500000      0.312500000       9.64972842E-03
   1.62500000      0.312500000       1.38633503E-02
   1.87500000      0.312500000       1.87999196E-02
   2.12500000      0.312500000       2.44207904E-02
   2.37500000      0.312500000       3.06864996E-02
   2.62500000      0.312500000       3.75574939E-02
   2.87500000      0.312500000       4.49942872E-02
   3.12500000      0.312500000       5.29573821E-02
   3.37500000      0.312500000       6.14072196E-02
   3.62500000      0.312500000       7.03041553E-02
   3.87500000      0.312500000       7.96085224E-02
   4.12500000      0.312500000       8.92809182E-02
   4.37500000      0.312500000       9.92823839E-02
   4.62500000      0.312500000      0.109574758    
   4.87500000      0.312500000      0.120120987    
   5.12500000      0.312500000      0.130885810    
   5.37500000      0.312500000      0.141835809    
   5.62500000      0.312500000      0.152939856    
   5.87500000      0.312500000      0.164169624    
   6.12500000      0.312500000      0.175499514    
   6.37500000      0.312500000      0.186907053    
   6.62500000      0.312500000      0.198373049    
   6.87500000      0.312500000      0.209880948    
   7.12500000      0.312500000      0.221417591    
   7.37500000      0.312500000      0.232972398    
   7.62500000      0.312500000      0.244537234    
   7.87500000      0.312500000      0.256106108    
   8.12500000      0.312500000      0.267674923    
   8.37500000      0.312500000      0.279240936    
   8.62500000      0.312500000      0.290802777    
   8.87500000      0.312500000      0.302359998    
   9.12500000      0.312500000      0.313917249    
   9.37500000      0.312500000      0.325574130    
   9.62500000      0.312500000      0.339481682    
   9.87500000      0.312500000      0.403350174    
   10.0000000      0.312500000       1.00000000    
 
   0.00000000      0.337500006       0.00000000    
  0.125000000      0.337500006       2.06582790E-05
  0.375000000      0.337500006       3.37126316E-04
  0.625000000      0.337500006       1.12159317E-03
  0.875000000      0.337500006       2.50387471E-03
   1.12500000      0.337500006       4.55394480E-03
   1.37500000      0.337500006       7.29985209E-03
   1.62500000      0.337500006       1.07435919E-02
   1.87500000      0.337500006       1.48716671E-02
   2.12500000      0.337500006       1.96612179E-02
   2.37500000      0.337500006       2.50835288E-02
   2.62500000      0.337500006       3.11059952E-02
   2.87500000      0.337500006       3.76932807E-02
   3.12500000      0.337500006       4.48081531E-02
   3.37500000      0.337500006       5.24119213E-02
   3.62500000      0.337500006       6.04650714E-02
   3.87500000      0.337500006       6.89274371E-02
   4.12500000      0.337500006       7.77589455E-02
   4.37500000      0.337500006       8.69198516E-02
   4.62500000      0.337500006       9.63712931E-02
   4.87500000      0.337500006      0.106075548    
   5.12500000      0.337500006      0.115996823    
   5.37500000      0.337500006      0.126101360    
   5.62500000      0.337500006      0.136357784    
   5.87500000      0.337500006      0.146737620    
   6.12500000      0.337500006      0.157215327    
   6.37500000      0.337500006      0.167768374    
   6.62500000      0.337500006      0.178377494    
   6.87500000      0.337500006      0.189026460    
   7.12500000      0.337500006      0.199702114    
   7.37500000      0.337500006      0.210393965    
   7.62500000      0.337500006      0.221094057    
   7.87500000      0.337500006      0.231796443    
   8.12500000      0.337500006      0.242497295    
   8.37500000      0.337500006      0.253194064    
   8.62500000      0.337500006      0.263885349    
   8.87500000      0.337500006      0.274570882    
   9.12500000      0.337500006      0.285255343    
   9.37500000      0.337500006      0.296033978    
   9.62500000      0.337500006      0.309030741    
   9.87500000      0.337500006      0.372915596    
   10.0000000      0.337500006       1.00000000    
 
   0.00000000      0.362500012       0.00000000    
  0.125000000      0.362500012       1.20505965E-05
  0.375000000      0.362500012       2.18383735E-04
  0.625000000      0.362500012       7.66182551E-04
  0.875000000      0.362500012       1.78533641E-03
   1.12500000      0.362500012       3.36474576E-03
   1.37500000      0.362500012       5.55702532E-03
   1.62500000      0.362500012       8.38715024E-03
   1.87500000      0.362500012       1.18601620E-02
   2.12500000      0.362500012       1.59669537E-02
   2.37500000      0.362500012       2.06883308E-02
   2.62500000      0.362500012       2.59978976E-02
   2.87500000      0.362500012       3.18640806E-02
   3.12500000      0.362500012       3.82516496E-02
   3.37500000      0.362500012       4.51227762E-02
   3.62500000      0.362500012       5.24380840E-02
   3.87500000      0.362500012       6.01571277E-02
   4.12500000      0.362500012       6.82394505E-02
   4.37500000      0.362500012       7.66448304E-02
   4.62500000      0.362500012       8.53341222E-02
   4.87500000      0.362500012       9.42693949E-02
   5.12500000      0.362500012      0.103414901    
   5.37500000      0.362500012      0.112737037    
   5.62500000      0.362500012      0.122204736    
   5.87500000      0.362500012      0.131789938    
   6.12500000      0.362500012      0.141467571    
   6.37500000      0.362500012      0.151215628    
   6.62500000      0.362500012      0.161015347    
   6.87500000      0.362500012      0.170850977    
   7.12500000      0.362500012      0.180709913    
   7.37500000      0.362500012      0.190581933    
   7.62500000      0.362500012      0.200459644    
   7.87500000      0.362500012      0.210337222    
   8.12500000      0.362500012      0.220211446    
   8.37500000      0.362500012      0.230079859    
   8.62500000      0.362500012      0.239941388    
   8.87500000      0.362500012      0.249795914    
   9.12500000      0.362500012      0.259648055    
   9.37500000      0.362500012      0.269589782    
   9.62500000      0.362500012      0.281723261    
   9.87500000      0.362500012      0.345582247    
   10.0000000      0.362500012       1.00000000    
 
   0.00000000      0.387499988       0.00000000    
  0.125000000      0.387499988       7.19024320E-06
  0.375000000      0.387499988       1.43908765E-04
  0.625000000      0.387499988       5.32652542E-04
  0.875000000      0.387499988       1.29672408E-03
   1.12500000      0.387499988       2.53443466E-03
   1.37500000      0.387499988       4.31452179E-03
   1.62500000      0.387499988       6.67849323E-03
   1.87500000      0.387499988       9.64534376E-03
   2.12500000      0.387499988       1.32164834E-02
   2.37500000      0.387499988       1.73800196E-02
   2.62500000      0.387499988       2.21142489E-02
   2.87500000      0.387499988       2.73903497E-02
   3.12500000      0.387499988       3.31745036E-02
   3.37500000      0.387499988       3.94294225E-02
   3.62500000      0.387499988       4.61157225E-02
   3.87500000      0.387499988       5.31928539E-02
   4.12500000      0.387499988       6.06200956E-02
   4.37500000      0.387499988       6.83571622E-02
   4.62500000      0.387499988       7.63650164E-02
   4.87500000      0.387499988       8.46060365E-02
   5.12500000      0.387499988       9.30450335E-02
   5.37500000      0.387499988      0.101649113    
   5.62500000      0.387499988      0.110388190    
   5.87500000      0.387499988      0.119235069    
   6.12500000      0.387499988      0.128165752    
   6.37500000      0.387499988      0.137159288    
   6.62500000      0.387499988      0.146197855    
   6.87500000      0.387499988      0.155266657    
   7.12500000      0.387499988      0.164353862    
   7.37500000      0.387499988      0.173450083    
   7.62500000      0.387499988      0.182548448    
   7.87500000      0.387499988      0.191643938    
   8.12500000      0.387499988      0.200733513    
   8.37500000      0.387499988      0.209815294    
   8.62500000      0.387499988      0.218888551    
   8.87500000      0.387499988      0.227953553    
   9.12500000      0.387499988      0.237014771    
   9.37500000      0.387499988      0.246161893    
   9.62500000      0.387499988      0.257482499    
   9.87500000      0.387499988      0.321310431    
   10.0000000      0.387499988       1.00000000    
 
   0.00000000      0.412500024       0.00000000    
  0.125000000      0.412500024       4.51964206E-06
  0.375000000      0.412500024       9.93632275E-05
  0.625000000      0.412500024       3.87637527E-04
  0.875000000      0.412500024       9.84733342E-04
   1.12500000      0.412500024       1.99249946E-03
   1.37500000      0.412500024       3.48877395E-03
   1.62500000      0.412500024       5.52513497E-03
   1.87500000      0.412500024       8.12920835E-03
   2.12500000      0.412500024       1.13088060E-02
   2.37500000      0.412500024       1.50563102E-02
   2.62500000      0.412500024       1.93525404E-02
   2.87500000      0.412500024       2.41699666E-02
   3.12500000      0.412500024       2.94752326E-02
   3.37500000      0.412500024       3.52310613E-02
   3.62500000      0.412500024       4.13978770E-02
   3.87500000      0.412500024       4.79349680E-02
   4.12500000      0.412500024       5.48016131E-02
   4.37500000      0.412500024       6.19578212E-02
   4.62500000      0.412500024       6.93650395E-02
   4.87500000      0.412500024       7.69865885E-02
   5.12500000      0.412500024       8.47883448E-02
   5.37500000      0.412500024       9.27387699E-02
   5.62500000      0.412500024      0.100809202    
   5.87500000      0.412500024      0.108974122    
   6.12500000      0.412500024      0.117211044    
   6.37500000      0.412500024      0.125500560    
   6.62500000      0.412500024      0.133826405    
   6.87500000      0.412500024      0.142175049    
   7.12500000      0.412500024      0.150535822    
   7.37500000      0.412500024      0.158900470    
   7.62500000      0.412500024      0.167262986    
   7.87500000      0.412500024      0.175619200    
   8.12500000      0.412500024      0.183966562    
   8.37500000      0.412500024      0.192303941    
   8.62500000      0.412500024      0.200630993    
   8.87500000      0.412500024      0.208948344    
   9.12500000      0.412500024      0.217260614    
   9.37500000      0.412500024      0.225656003    
   9.62500000      0.412500024      0.236216545    
   9.87500000      0.412500024      0.300038308    
   10.0000000      0.412500024       1.00000000    
 
   0.00000000      0.437500000       0.00000000    
  0.125000000      0.437500000       3.18162711E-06
  0.375000000      0.437500000       7.58688475E-05
  0.625000000      0.437500000       3.09399649E-04
  0.875000000      0.437500000       8.13354156E-04
   1.12500000      0.437500000       1.68995559E-03
   1.37500000      0.437500000       3.02037876E-03
   1.62500000      0.437500000       4.85993596E-03
   1.87500000      0.437500000       7.23912753E-03
   2.12500000      0.437500000       1.01674628E-02
   2.37500000      0.437500000       1.36379870E-02
   2.62500000      0.437500000       1.76314414E-02
   2.87500000      0.437500000       2.21198145E-02
   3.12500000      0.437500000       2.70690434E-02
   3.37500000      0.437500000       3.24412324E-02
   3.62500000      0.437500000       3.81963514E-02
   3.87500000      0.437500000       4.42935340E-02
   4.12500000      0.437500000       5.06922901E-02
   4.37500000      0.437500000       5.73532693E-02
   4.62500000      0.437500000       6.42389432E-02
   4.87500000      0.437500000       7.13141039E-02
   5.12500000      0.437500000       7.85463154E-02
   5.37500000      0.437500000       8.59060213E-02
   5.62500000      0.437500000       9.33666602E-02
   5.87500000      0.437500000      0.100904875    
   6.12500000      0.437500000      0.108500339    
   6.37500000      0.437500000      0.116135679    
   6.62500000      0.437500000      0.123796523    
   6.87500000      0.437500000      0.131471202    
   7.12500000      0.437500000      0.139150530    
   7.37500000      0.437500000      0.146827564    
   7.62500000      0.437500000      0.154497579    
   7.87500000      0.437500000      0.162157312    
   8.12500000      0.437500000      0.169805065    
   8.37500000      0.437500000      0.177440345    
   8.62500000      0.437500000      0.185063377    
   8.87500000      0.437500000      0.192675084    
   9.12500000      0.437500000      0.200280562    
   9.37500000      0.437500000      0.207967505    
   9.62500000      0.437500000      0.217822358    
   9.87500000      0.437500000      0.281689674    
   10.0000000      0.437500000       1.00000000    
 
   0.00000000      0.462500006       0.00000000    
  0.125000000      0.462500006       2.74635750E-06
  0.375000000      0.462500006       6.86548083E-05
  0.625000000      0.462500006       2.85933376E-04
  0.875000000      0.462500006       7.62289739E-04
   1.12500000      0.462500006       1.59866980E-03
   1.37500000      0.462500006       2.87448918E-03
   1.62500000      0.462500006       4.64248983E-03
   1.87500000      0.462500006       6.93001552E-03
   2.12500000      0.462500006       9.74321738E-03
   2.37500000      0.462500006       1.30719179E-02
   2.62500000      0.462500006       1.68940034E-02
   2.87500000      0.462500006       2.11790446E-02
   3.12500000      0.462500006       2.58911550E-02
   3.37500000      0.462500006       3.09911221E-02
   3.62500000      0.462500006       3.64382491E-02
   3.87500000      0.462500006       4.21915911E-02
   4.12500000      0.462500006       4.82111499E-02
   4.37500000      0.462500006       5.44586964E-02
   4.62500000      0.462500006       6.08982667E-02
   4.87500000      0.462500006       6.74967617E-02
   5.12500000      0.462500006       7.42240548E-02
   5.37500000      0.462500006       8.10531899E-02
   5.62500000      0.462500006       8.79603922E-02
   5.87500000      0.462500006       9.49249938E-02
   6.12500000      0.462500006      0.101929404    
   6.37500000      0.462500006      0.108958848    
   6.62500000      0.462500006      0.116001226    
   6.87500000      0.462500006      0.123047061    
   7.12500000      0.462500006      0.130089074    
   7.37500000      0.462500006      0.137121886    
   7.62500000      0.462500006      0.144142136    
   7.87500000      0.462500006      0.151147813    
   8.12500000      0.462500006      0.158138141    
   8.37500000      0.462500006      0.165113345    
   8.62500000      0.462500006      0.172074243    
   8.87500000      0.462500006      0.179022402    
   9.12500000      0.462500006      0.185963139    
   9.37500000      0.462500006      0.192984849    
   9.62500000      0.462500006      0.202189878    
   9.87500000      0.462500006      0.266178519    
   10.0000000      0.462500006       1.00000000    
 
   0.00000000      0.487500012       0.00000000    
  0.125000000      0.487500012       3.07242681E-06
  0.375000000      0.487500012       7.63127682E-05
  0.625000000      0.487500012       3.13898141E-04
  0.875000000      0.487500012       8.26074625E-04
   1.12500000      0.487500012       1.71100418E-03
   1.37500000      0.487500012       3.04109254E-03
   1.62500000      0.487500012       4.85995924E-03
   1.87500000      0.487500012       7.18556996E-03
   2.12500000      0.487500012       1.00155910E-02
   2.37500000      0.487500012       1.33327758E-02
   2.62500000      0.487500012       1.71094388E-02
   2.87500000      0.487500012       2.13110130E-02
   3.12500000      0.487500012       2.58986969E-02
   3.37500000      0.487500012       3.08314972E-02
   3.62500000      0.487500012       3.60679217E-02
   3.87500000      0.487500012       4.15671580E-02
   4.12500000      0.487500012       4.72901352E-02
   4.37500000      0.487500012       5.32002002E-02
   4.62500000      0.487500012       5.92636950E-02
   4.87500000      0.487500012       6.54502288E-02
   5.12500000      0.487500012       7.17326775E-02
   5.37500000      0.487500012       7.80873597E-02
   5.62500000      0.487500012       8.44939128E-02
   5.87500000      0.487500012       9.09349844E-02
   6.12500000      0.487500012       9.73961651E-02
   6.37500000      0.487500012      0.103865661    
   6.62500000      0.487500012      0.110334225    
   6.87500000      0.487500012      0.116794772    
   7.12500000      0.487500012      0.123242177    
   7.37500000      0.487500012      0.129673034    
   7.62500000      0.487500012      0.136085436    
   7.87500000      0.487500012      0.142478660    
   8.12500000      0.487500012      0.148853093    
   8.37500000      0.487500012      0.155209690    
   8.62500000      0.487500012      0.161550015    
   8.87500000      0.487500012      0.167876109    
   9.12500000      0.487500012      0.174193859    
   9.37500000      0.487500012      0.180593565    
   9.62500000      0.487500012      0.189206138    
   9.87500000      0.487500012      0.253415614    
   10.0000000      0.487500012       1.00000000    
 
   0.00000000      0.512500048       0.00000000    
  0.125000000      0.512500048       4.26285806E-06
  0.375000000      0.512500048       1.00627876E-04
  0.625000000      0.512500048       3.98487435E-04
  0.875000000      0.512500048       1.01414020E-03
   1.12500000      0.512500048       2.04011565E-03
   1.37500000      0.512500048       3.53547162E-03
   1.62500000      0.512500048       5.52759459E-03
   1.87500000      0.512500048       8.01877864E-03
   2.12500000      0.512500048       1.09933214E-02
   2.37500000      0.512500048       1.44234197E-02
   2.62500000      0.512500048       1.82735380E-02
   2.87500000      0.512500048       2.25035623E-02
   3.12500000      0.512500048       2.70710774E-02
   3.37500000      0.512500048       3.19330990E-02
   3.62500000      0.512500048       3.70474830E-02
   3.87500000      0.512500048       4.23739180E-02
   4.12500000      0.512500048       4.78748009E-02
   4.37500000      0.512500048       5.35158031E-02
   4.62500000      0.512500048       5.92661947E-02
   4.87500000      0.512500048       6.50990233E-02
   5.12500000      0.512500048       7.09909350E-02
   5.37500000      0.512500048       7.69222006E-02
   5.62500000      0.512500048       8.28764066E-02
   5.87500000      0.512500048       8.88400599E-02
   6.12500000      0.512500048       9.48024616E-02
   6.37500000      0.512500048      0.100755200    
   6.62500000      0.512500048      0.106692180    
   6.87500000      0.512500048      0.112608962    
   7.12500000      0.512500048      0.118502855    
   7.37500000      0.512500048      0.124372527    
   7.62500000      0.512500048      0.130217746    
   7.87500000      0.512500048      0.136039168    
   8.12500000      0.512500048      0.141838312    
   8.37500000      0.512500048      0.147616982    
   8.62500000      0.512500048      0.153377518    
   8.87500000      0.512500048      0.159122482    
   9.12500000      0.512500048      0.164858431    
   9.37500000      0.512500048      0.170678884    
   9.62500000      0.512500048      0.178758189    
   9.87500000      0.512500048      0.243312299    
   10.0000000      0.512500048       1.00000000    
 
   0.00000000      0.537500024       0.00000000    
  0.125000000      0.537500024       6.70508962E-06
  0.375000000      0.537500024       1.47006998E-04
  0.625000000      0.537500024       5.54333266E-04
  0.875000000      0.537500024       1.35198084E-03
   1.12500000      0.537500024       2.62105069E-03
   1.37500000      0.537500024       4.39896109E-03
   1.62500000      0.537500024       6.68902742E-03
   1.87500000      0.537500024       9.47174709E-03
   2.12500000      0.537500024       1.27137788E-02
   2.37500000      0.537500024       1.63740423E-02
   2.62500000      0.537500024       2.04075705E-02
   2.87500000      0.537500024       2.47679446E-02
   3.12500000      0.537500024       2.94089373E-02
   3.37500000      0.537500024       3.42857502E-02
   3.62500000      0.537500024       3.93560305E-02
   3.87500000      0.537500024       4.45805937E-02
   4.12500000      0.537500024       4.99240533E-02
   4.37500000      0.537500024       5.53552248E-02
   4.62500000      0.537500024       6.08470663E-02
   4.87500000      0.537500024       6.63768724E-02
   5.12500000      0.537500024       7.19257891E-02
   5.37500000      0.537500024       7.74786770E-02
   5.62500000      0.537500024       8.30236226E-02
   5.87500000      0.537500024       8.85515139E-02
   6.12500000      0.537500024       9.40557271E-02
   6.37500000      0.537500024       9.95316282E-02
   6.62500000      0.537500024      0.104976438    
   6.87500000      0.537500024      0.110388644    
   7.12500000      0.537500024      0.115768097    
   7.37500000      0.537500024      0.121115699    
   7.62500000      0.537500024      0.126432881    
   7.87500000      0.537500024      0.131721869    
   8.12500000      0.537500024      0.136985183    
   8.37500000      0.537500024      0.142225683    
   8.62500000      0.537500024      0.147446305    
   8.87500000      0.537500024      0.152650177    
   9.12500000      0.537500024      0.157844692    
   9.37500000      0.537500024      0.163128257    
   9.62500000      0.537500024      0.170735940    
   9.87500000      0.537500024      0.235785037    
   10.0000000      0.537500024       1.00000000    
 
   0.00000000      0.562500000       0.00000000    
  0.125000000      0.562500000       1.12122198E-05
  0.375000000      0.562500000       2.25598080E-04
  0.625000000      0.562500000       8.07557430E-04
  0.875000000      0.562500000       1.88348303E-03
   1.12500000      0.562500000       3.51263396E-03
   1.37500000      0.562500000       5.69994561E-03
   1.62500000      0.562500000       8.41625780E-03
   1.87500000      0.562500000       1.16147669E-02
   2.12500000      0.562500000       1.52413305E-02
   2.37500000      0.562500000       1.92400385E-02
   2.62500000      0.562500000       2.35559531E-02
   2.87500000      0.562500000       2.81363912E-02
   3.12500000      0.562500000       3.29317637E-02
   3.37500000      0.562500000       3.78960930E-02
   3.62500000      0.562500000       4.29876409E-02
   3.87500000      0.562500000       4.81692739E-02
   4.12500000      0.562500000       5.34087643E-02
   4.37500000      0.562500000       5.86788952E-02
   4.62500000      0.562500000       6.39573410E-02
   4.87500000      0.562500000       6.92263544E-02
   5.12500000      0.562500000       7.44723231E-02
   5.37500000      0.562500000       7.96853155E-02
   5.62500000      0.562500000       8.48584324E-02
   5.87500000      0.562500000       8.99873525E-02
   6.12500000      0.562500000       9.50698256E-02
   6.37500000      0.562500000      0.100105233    
   6.62500000      0.562500000      0.105094291    
   6.87500000      0.562500000      0.110038631    
   7.12500000      0.562500000      0.114940621    
   7.37500000      0.562500000      0.119803347    
   7.62500000      0.562500000      0.124630056    
   7.87500000      0.562500000      0.129424497    
   8.12500000      0.562500000      0.134190261    
   8.37500000      0.562500000      0.138931066    
   8.62500000      0.562500000      0.143650591    
   8.87500000      0.562500000      0.148352414    
   9.12500000      0.562500000      0.153044969    
   9.37500000      0.562500000      0.157833531    
   9.62500000      0.562500000      0.165034518    
   9.87500000      0.562500000      0.230759114    
   10.0000000      0.562500000       1.00000000    
 
   0.00000000      0.587499976       0.00000000    
  0.125000000      0.587499976       1.93184569E-05
  0.375000000      0.587499976       3.53278418E-04
  0.625000000      0.587499976       1.19909074E-03
  0.875000000      0.587499976       2.67435052E-03
   1.12500000      0.587499976       4.79990896E-03
   1.37500000      0.587499976       7.53479125E-03
   1.62500000      0.587499976       1.08090397E-02
   1.87500000      0.587499976       1.45444237E-02
   2.12500000      0.587499976       1.86645463E-02
   2.37500000      0.587499976       2.30986830E-02
   2.62500000      0.587499976       2.77826246E-02
   2.87500000      0.587499976       3.26584466E-02
   3.12500000      0.587499976       3.76743414E-02
   3.37500000      0.587499976       4.27843481E-02
   3.62500000      0.587499976       4.79485244E-02
   3.87500000      0.587499976       5.31329177E-02
   4.12500000      0.587499976       5.83096109E-02
   4.37500000      0.587499976       6.34563863E-02
   4.62500000      0.587499976       6.85565174E-02
   4.87500000      0.587499976       7.35980794E-02
   5.12500000      0.587499976       7.85733461E-02
   5.37500000      0.587499976       8.34781379E-02
   5.62500000      0.587499976       8.83110315E-02
   5.87500000      0.587499976       9.30728018E-02
   6.12500000      0.587499976       9.77657810E-02
   6.37500000      0.587499976      0.102393471    
   6.62500000      0.587499976      0.106960192    
   6.87500000      0.587499976      0.111470699    
   7.12500000      0.587499976      0.115929924    
   7.37500000      0.587499976      0.120343097    
   7.62500000      0.587499976      0.124715306    
   7.87500000      0.587499976      0.129051566    
   8.12500000      0.587499976      0.133356601    
   8.37500000      0.587499976      0.137635022    
   8.62500000      0.587499976      0.141890943    
   8.87500000      0.587499976      0.146128640    
   9.12500000      0.587499976      0.150357634    
   9.37500000      0.587499976      0.154692784    
   9.62500000      0.587499976      0.161556840    
   9.87500000      0.587499976      0.228172734    
   10.0000000      0.587499976       1.00000000    
 
   0.00000000      0.612500012       0.00000000    
  0.125000000      0.612500012       3.38351747E-05
  0.375000000      0.612500012       5.56781597E-04
  0.625000000      0.612500012       1.78935251E-03
  0.875000000      0.612500012       3.81640135E-03
   1.12500000      0.612500012       6.59668259E-03
   1.37500000      0.612500012       1.00281909E-02
   1.62500000      0.612500012       1.39932316E-02
   1.87500000      0.612500012       1.83804259E-02
   2.12500000      0.612500012       2.30920296E-02
   2.37500000      0.612500012       2.80443896E-02
   2.62500000      0.612500012       3.31661478E-02
   2.87500000      0.612500012       3.83961760E-02
   3.12500000      0.612500012       4.36822586E-02
   3.37500000      0.612500012       4.89801355E-02
   3.62500000      0.612500012       5.42531870E-02
   3.87500000      0.612500012       5.94720617E-02
   4.12500000      0.612500012       6.46143332E-02
   4.37500000      0.612500012       6.96639270E-02
   4.62500000      0.612500012       7.46106654E-02
   4.87500000      0.612500012       7.94491693E-02
   5.12500000      0.612500012       8.41782615E-02
   5.37500000      0.612500012       8.87999013E-02
   5.62500000      0.612500012       9.33185220E-02
   5.87500000      0.612500012       9.77400914E-02
   6.12500000      0.612500012      0.102071740    
   6.37500000      0.612500012      0.106321037    
   6.62500000      0.612500012      0.110495932    
   6.87500000      0.612500012      0.114604130    
   7.12500000      0.612500012      0.118653171    
   7.37500000      0.612500012      0.122650221    
   7.62500000      0.612500012      0.126602113    
   7.87500000      0.612500012      0.130515039    
   8.12500000      0.612500012      0.134394825    
   8.37500000      0.612500012      0.138246685    
   8.62500000      0.612500012      0.142075375    
   8.87500000      0.612500012      0.145885602    
   9.12500000      0.612500012      0.149688333    
   9.37500000      0.612500012      0.153611436    
   9.62500000      0.612500012      0.160214782    
   9.87500000      0.612500012      0.227980584    
   10.0000000      0.612500012       1.00000000    
 
   0.00000000      0.637500048       0.00000000    
  0.125000000      0.637500048       5.98607439E-05
  0.375000000      0.637500048       8.77319486E-04
  0.625000000      0.637500048       2.66427943E-03
  0.875000000      0.637500048       5.43226302E-03
   1.12500000      0.637500048       9.04748403E-03
   1.37500000      0.637500048       1.33322822E-02
   1.62500000      0.637500048       1.81176476E-02
   1.87500000      0.637500048       2.32609417E-02
   2.12500000      0.637500048       2.86468845E-02
   2.37500000      0.637500048       3.41828689E-02
   2.62500000      0.637500048       3.97938900E-02
   2.87500000      0.637500048       4.54185605E-02
   3.12500000      0.637500048       5.10066934E-02
   3.37500000      0.637500048       5.65178245E-02
   3.62500000      0.637500048       6.19204678E-02
   3.87500000      0.637500048       6.71913028E-02
   4.12500000      0.637500048       7.23148212E-02
   4.37500000      0.637500048       7.72821754E-02
   4.62500000      0.637500048       8.20905566E-02
   4.87500000      0.637500048       8.67419317E-02
   5.12500000      0.637500048       9.12420526E-02
   5.37500000      0.637500048       9.55994353E-02
   5.62500000      0.637500048       9.98244733E-02
   5.87500000      0.637500048      0.103928432    
   6.12500000      0.637500048      0.107923187    
   6.37500000      0.637500048      0.111820355    
   6.62500000      0.637500048      0.115631193    
   6.87500000      0.637500048      0.119366355    
   7.12500000      0.637500048      0.123035751    
   7.37500000      0.637500048      0.126648396    
   7.62500000      0.637500048      0.130212516    
   7.87500000      0.637500048      0.133735567    
   8.12500000      0.637500048      0.137224078    
   8.37500000      0.637500048      0.140683949    
   8.62500000      0.637500048      0.144120365    
   8.87500000      0.637500048      0.147538468    
   9.12500000      0.637500048      0.150951117    
   9.37500000      0.637500048      0.154503644    
   9.62500000      0.637500048      0.160931468    
   9.87500000      0.637500048      0.230157733    
   10.0000000      0.637500048       1.00000000    
 
   0.00000000      0.662500024       0.00000000    
  0.125000000      0.662500024       1.06576517E-04
  0.375000000      0.662500024       1.37708976E-03
  0.625000000      0.662500024       3.94244445E-03
  0.875000000      0.662500024       7.67963426E-03
   1.12500000      0.662500024       1.23279383E-02
   1.37500000      0.662500024       1.76236667E-02
   1.62500000      0.662500024       2.33487766E-02
   1.87500000      0.662500024       2.93360241E-02
   2.12500000      0.662500024       3.54596190E-02
   2.37500000      0.662500024       4.16239724E-02
   2.62500000      0.662500024       4.77551408E-02
   2.87500000      0.662500024       5.37951179E-02
   3.12500000      0.662500024       5.96986637E-02
   3.37500000      0.662500024       6.54314011E-02
   3.62500000      0.662500024       7.09688365E-02
   3.87500000      0.662500024       7.62954503E-02
   4.12500000      0.662500024       8.14037845E-02
   4.37500000      0.662500024       8.62933248E-02
   4.62500000      0.662500024       9.09694359E-02
   4.87500000      0.662500024       9.54418704E-02
   5.12500000      0.662500024       9.97238010E-02
   5.37500000      0.662500024      0.103830397    
   5.62500000      0.662500024      0.107778050    
   5.87500000      0.662500024      0.111583285    
   6.12500000      0.662500024      0.115262374    
   6.37500000      0.662500024      0.118830912    
   6.62500000      0.662500024      0.122303300    
   6.87500000      0.662500024      0.125692725    
   7.12500000      0.662500024      0.129011258    
   7.37500000      0.662500024      0.132269546    
   7.62500000      0.662500024      0.135477006    
   7.87500000      0.662500024      0.138642088    
   8.12500000      0.662500024      0.141771972    
   8.37500000      0.662500024      0.144873068    
   8.62500000      0.662500024      0.147950858    
   8.87500000      0.662500024      0.151010856    
   9.12500000      0.662500024      0.154068545    
   9.37500000      0.662500024      0.157292381    
   9.62500000      0.662500024      0.163641796    
   9.87500000      0.662500024      0.234702617    
   10.0000000      0.662500024       1.00000000    
 
   0.00000000      0.687500000       0.00000000    
  0.125000000      0.687500000       1.90379578E-04
  0.375000000      0.687500000       2.14801799E-03
  0.625000000      0.687500000       5.78262284E-03
  0.875000000      0.687500000       1.07539603E-02
   1.12500000      0.687500000       1.66424643E-02
   1.37500000      0.687500000       2.30976827E-02
   1.62500000      0.687500000       2.98632048E-02
   1.87500000      0.687500000       3.67593504E-02
   2.12500000      0.687500000       4.36599106E-02
   2.37500000      0.687500000       5.04739285E-02
   2.62500000      0.687500000       5.71340472E-02
   2.87500000      0.687500000       6.35896474E-02
   3.12500000      0.687500000       6.98035136E-02
   3.37500000      0.687500000       7.57497028E-02
   3.62500000      0.687500000       8.14127102E-02
   3.87500000      0.687500000       8.67862329E-02
   4.12500000      0.687500000       9.18721184E-02
   4.37500000      0.687500000       9.66790989E-02
   4.62500000      0.687500000      0.101221293    
   4.87500000      0.687500000      0.105516687    
   5.12500000      0.687500000      0.109585911    
   5.37500000      0.687500000      0.113450855    
   5.62500000      0.687500000      0.117133752    
   5.87500000      0.687500000      0.120656095    
   6.12500000      0.687500000      0.124038421    
   6.37500000      0.687500000      0.127299726    
   6.62500000      0.687500000      0.130457342    
   6.87500000      0.687500000      0.133526772    
   7.12500000      0.687500000      0.136521742    
   7.37500000      0.687500000      0.139454305    
   7.62500000      0.687500000      0.142334864    
   7.87500000      0.687500000      0.145172626    
   8.12500000      0.687500000      0.147975251    
   8.37500000      0.687500000      0.150749445    
   8.62500000      0.687500000      0.153500870    
   8.87500000      0.687500000      0.156235605    
   9.12500000      0.687500000      0.158972248    
   9.37500000      0.687500000      0.161910370    
   9.62500000      0.687500000      0.168294176    
   9.87500000      0.687500000      0.241641134    
   10.0000000      0.687500000       1.00000000    
 
   0.00000000      0.712499976       0.00000000    
  0.125000000      0.712499976       3.40219354E-04
  0.375000000      0.712499976       3.32279946E-03
  0.625000000      0.712499976       8.39048717E-03
  0.875000000      0.712499976       1.48877827E-02
   1.12500000      0.712499976       2.22180560E-02
   1.37500000      0.712499976       2.99591590E-02
   1.62500000      0.712499976       3.78373973E-02
   1.87500000      0.712499976       4.56781387E-02
   2.12500000      0.712499976       5.33673093E-02
   2.37500000      0.712499976       6.08270280E-02
   2.62500000      0.712499976       6.80022538E-02
   2.87500000      0.712499976       7.48538002E-02
   3.12500000      0.712499976       8.13554153E-02
   3.37500000      0.712499976       8.74918774E-02
   3.62500000      0.712499976       9.32583287E-02
   3.87500000      0.712499976       9.86590758E-02
   4.12500000      0.712499976      0.103706315    
   4.37500000      0.712499976      0.108418591    
   4.62500000      0.712499976      0.112819210    
   4.87500000      0.712499976      0.116934590    
   5.12500000      0.712499976      0.120792769    
   5.37500000      0.712499976      0.124422140    
   5.62500000      0.712499976      0.127850369    
   5.87500000      0.712499976      0.131103665    
   6.12500000      0.712499976      0.134206340    
   6.37500000      0.712499976      0.137180462    
   6.62500000      0.712499976      0.140045688    
   6.87500000      0.712499976      0.142819569    
   7.12500000      0.712499976      0.145517081    
   7.37500000      0.712499976      0.148151428    
   7.62500000      0.712499976      0.150733665    
   7.87500000      0.712499976      0.153273553    
   8.12500000      0.712499976      0.155779049    
   8.37500000      0.712499976      0.158256978    
   8.62500000      0.712499976      0.160713121    
   8.87500000      0.712499976      0.163153991    
   9.12500000      0.712499976      0.165602565    
   9.37500000      0.712499976      0.168299496    
   9.62500000      0.712499976      0.174850136    
   9.87500000      0.712499976      0.251027524    
   10.0000000      0.712499976       1.00000000    
 
   0.00000000      0.737500012       0.00000000    
  0.125000000      0.737500012       6.06423942E-04
  0.375000000      0.737500012       5.08774538E-03
  0.625000000      0.737500012       1.20223919E-02
  0.875000000      0.737500012       2.03450285E-02
   1.12500000      0.737500012       2.92932559E-02
   1.37500000      0.737500012       3.84098403E-02
   1.62500000      0.737500012       4.74354811E-02
   1.87500000      0.737500012       5.62222414E-02
   2.12500000      0.737500012       6.46817163E-02
   2.37500000      0.737500012       7.27575198E-02
   2.62500000      0.737500012       8.04122388E-02
   2.87500000      0.737500012       8.76216665E-02
   3.12500000      0.737500012       9.43730548E-02
   3.37500000      0.737500012      0.100663818    
   3.62500000      0.737500012      0.106501170    
   3.87500000      0.737500012      0.111901030    
   4.12500000      0.737500012      0.116886698    
   4.37500000      0.737500012      0.121486977    
   4.62500000      0.737500012      0.125734434    
   4.87500000      0.737500012      0.129663855    
   5.12500000      0.737500012      0.133310363    
   5.37500000      0.737500012      0.136708513    
   5.62500000      0.737500012      0.139890954    
   5.87500000      0.737500012      0.142887965    
   6.12500000      0.737500012      0.145727187    
   6.37500000      0.737500012      0.148433253    
   6.62500000      0.737500012      0.151027799    
   6.87500000      0.737500012      0.153529674    
   7.12500000      0.737500012      0.155955046    
   7.37500000      0.737500012      0.158317745    
   7.62500000      0.737500012      0.160629302    
   7.87500000      0.737500012      0.162899673    
   8.12500000      0.737500012      0.165137023    
   8.37500000      0.737500012      0.167348117    
   8.62500000      0.737500012      0.169538766    
   8.87500000      0.737500012      0.171715990    
   9.12500000      0.737500012      0.173908606    
   9.37500000      0.737500012      0.176411062    
   9.62500000      0.737500012      0.183284998    
   9.87500000      0.737500012      0.262945712    
   10.0000000      0.737500012       1.00000000    
 
   0.00000000      0.762500048       0.00000000    
  0.125000000      0.762500048       1.07474765E-03
  0.375000000      0.762500048       7.69578898E-03
  0.625000000      0.762500048       1.69832725E-02
  0.875000000      0.762500048       2.74083316E-02
   1.12500000      0.762500048       3.81019376E-02
   1.37500000      0.762500048       4.86326441E-02
   1.62500000      0.762500048       5.87956794E-02
   1.87500000      0.762500048       6.84929267E-02
   2.12500000      0.762500048       7.76744783E-02
   2.37500000      0.762500048       8.63126069E-02
   2.62500000      0.762500048       9.43917483E-02
   2.87500000      0.762500048      0.101905443    
   3.12500000      0.762500048      0.108856224    
   3.37500000      0.762500048      0.115255617    
   3.62500000      0.762500048      0.121123940    
   3.87500000      0.762500048      0.126489416    
   4.12500000      0.762500048      0.131386712    
   4.37500000      0.762500048      0.135854974    
   4.62500000      0.762500048      0.139935970    
   4.87500000      0.762500048      0.143672407    
   5.12500000      0.762500048      0.147106066    
   5.37500000      0.762500048      0.150277019    
   5.62500000      0.762500048      0.153222293    
   5.87500000      0.762500048      0.155975804    
   6.12500000      0.762500048      0.158567742    
   6.37500000      0.762500048      0.161024719    
   6.62500000      0.762500048      0.163369790    
   6.87500000      0.762500048      0.165622935    
   7.12500000      0.762500048      0.167800844    
   7.37500000      0.762500048      0.169917718    
   7.62500000      0.762500048      0.171985343    
   7.87500000      0.762500048      0.174013659    
   8.12500000      0.762500048      0.176010787    
   8.37500000      0.762500048      0.177983418    
   8.62500000      0.762500048      0.179937154    
   8.87500000      0.762500048      0.181879669    
   9.12500000      0.762500048      0.183847591    
   9.37500000      0.762500048      0.186205149    
   9.62500000      0.762500048      0.193586454    
   9.87500000      0.762500048      0.277504683    
   10.0000000      0.762500048       1.00000000    
 
   0.00000000      0.787500024       0.00000000    
  0.125000000      0.787500024       1.88762171E-03
  0.375000000      0.787500024       1.14763025E-02
  0.625000000      0.787500024       2.36151498E-02
  0.875000000      0.787500024       3.63583229E-02
   1.12500000      0.787500024       4.88524958E-02
   1.37500000      0.787500024       6.07742257E-02
   1.62500000      0.787500024       7.20166564E-02
   1.87500000      0.787500024       8.25525448E-02
   2.12500000      0.787500024       9.23805535E-02
   2.37500000      0.787500024      0.101506568    
   2.62500000      0.787500024      0.109939530    
   2.87500000      0.787500024      0.117692247    
   3.12500000      0.787500024      0.124783687    
   3.37500000      0.787500024      0.131240204    
   3.62500000      0.787500024      0.137095720    
   3.87500000      0.787500024      0.142391115    
   4.12500000      0.787500024      0.147172287    
   4.37500000      0.787500024      0.151488543    
   4.62500000      0.787500024      0.155390292    
   4.87500000      0.787500024      0.158927590    
   5.12500000      0.787500024      0.162148267    
   5.37500000      0.787500024      0.165097192    
   5.62500000      0.787500024      0.167815000    
   5.87500000      0.787500024      0.170338452    
   6.12500000      0.787500024      0.172699749    
   6.37500000      0.787500024      0.174926952    
   6.62500000      0.787500024      0.177043959    
   6.87500000      0.787500024      0.179071411    
   7.12500000      0.787500024      0.181026146    
   7.37500000      0.787500024      0.182922617    
   7.62500000      0.787500024      0.184772342    
   7.87500000      0.787500024      0.186585307    
   8.12500000      0.787500024      0.188369155    
   8.37500000      0.787500024      0.190130502    
   8.62500000      0.787500024      0.191874787    
   8.87500000      0.787500024      0.193610549    
   9.12500000      0.787500024      0.195384324    
   9.37500000      0.787500024      0.197649539    
   9.62500000      0.787500024      0.205751583    
   9.87500000      0.787500024      0.294828624    
   10.0000000      0.787500024       1.00000000    
 
   0.00000000      0.812500000       0.00000000    
  0.125000000      0.812500000       3.27413366E-03
  0.375000000      0.812500000       1.68360770E-02
  0.625000000      0.812500000       3.22729833E-02
  0.875000000      0.812500000       4.74452227E-02
   1.12500000      0.812500000       6.17043637E-02
   1.37500000      0.812500000       7.49278516E-02
   1.62500000      0.812500000       8.71455669E-02
   1.87500000      0.812500000       9.84164104E-02
   2.12500000      0.812500000      0.108793154    
   2.37500000      0.812500000      0.118317336    
   2.62500000      0.812500000      0.127023101    
   2.87500000      0.812500000      0.134943023    
   3.12500000      0.812500000      0.142112643    
   3.37500000      0.812500000      0.148573309    
   3.62500000      0.812500000      0.154372454    
   3.87500000      0.812500000      0.159563258    
   4.12500000      0.812500000      0.164202675    
   4.37500000      0.812500000      0.168349400    
   4.62500000      0.812500000      0.172061905    
   4.87500000      0.812500000      0.175396681    
   5.12500000      0.812500000      0.178406850    
   5.37500000      0.812500000      0.181141064    
   5.62500000      0.812500000      0.183642983    
   5.87500000      0.812500000      0.185951427    
   6.12500000      0.812500000      0.188099921    
   6.37500000      0.812500000      0.190117404    
   6.62500000      0.812500000      0.192028224    
   6.87500000      0.812500000      0.193853125    
   7.12500000      0.812500000      0.195608929    
   7.37500000      0.812500000      0.197309896    
   7.62500000      0.812500000      0.198967293    
   7.87500000      0.812500000      0.200590670    
   8.12500000      0.812500000      0.202187315    
   8.37500000      0.812500000      0.203763679    
   8.62500000      0.812500000      0.205324903    
   8.87500000      0.812500000      0.206880644    
   9.12500000      0.812500000      0.208490059    
   9.37500000      0.812500000      0.210718423    
   9.62500000      0.812500000      0.219781905    
   9.87500000      0.812500000      0.315035909    
   10.0000000      0.812500000       1.00000000    
 
   0.00000000      0.837499976       0.00000000    
  0.125000000      0.837499976       5.58811240E-03
  0.375000000      0.837499976       2.42433641E-02
  0.625000000      0.837499976       4.32859883E-02
  0.875000000      0.837499976       6.08550794E-02
   1.12500000      0.837499976       7.67448545E-02
   1.37500000      0.837499976       9.11186635E-02
   1.62500000      0.837499976      0.104169115    
   1.87500000      0.837499976      0.116047360    
   2.12500000      0.837499976      0.126860619    
   2.37500000      0.837499976      0.136684895    
   2.62500000      0.837499976      0.145578489    
   2.87500000      0.837499976      0.153592810    
   3.12500000      0.837499976      0.160779476    
   3.37500000      0.837499976      0.167194173    
   3.62500000      0.837499976      0.172897428    
   3.87500000      0.837499976      0.177953959    
   4.12500000      0.837499976      0.182430938    
   4.37500000      0.837499976      0.186395690    
   4.62500000      0.837499976      0.189913630    
   4.87500000      0.837499976      0.193046898    
   5.12500000      0.837499976      0.195852682    
   5.37500000      0.837499976      0.198382854    
   5.62500000      0.837499976      0.200683162    
   5.87500000      0.837499976      0.202793673    
   6.12500000      0.837499976      0.204748780    
   6.37500000      0.837499976      0.206577748    
   6.62500000      0.837499976      0.208304808    
   6.87500000      0.837499976      0.209950700    
   7.12500000      0.837499976      0.211531773    
   7.37500000      0.837499976      0.213061869    
   7.62500000      0.837499976      0.214551896    
   7.87500000      0.837499976      0.216010794    
   8.12500000      0.837499976      0.217445686    
   8.37500000      0.837499976      0.218862340    
   8.62500000      0.837499976      0.220265895    
   8.87500000      0.837499976      0.221667379    
   9.12500000      0.837499976      0.223141491    
   9.37500000      0.837499976      0.225390032    
   9.62500000      0.837499976      0.235674039    
   9.87500000      0.837499976      0.338203520    
   10.0000000      0.837499976       1.00000000    
 
   0.00000000      0.862500012       0.00000000    
  0.125000000      0.862500012       9.34832823E-03
  0.375000000      0.862500012       3.41858864E-02
  0.625000000      0.862500012       5.69063015E-02
  0.875000000      0.862500012       7.66757876E-02
   1.12500000      0.862500012       9.39703584E-02
   1.37500000      0.862500012      0.109294355    
   1.62500000      0.862500012      0.123009317    
   1.87500000      0.862500012      0.135354608    
   2.12500000      0.862500012      0.146486834    
   2.37500000      0.862500012      0.156512633    
   2.62500000      0.862500012      0.165511832    
   2.87500000      0.862500012      0.173552781    
   3.12500000      0.862500012      0.180701867    
   3.37500000      0.862500012      0.187027991    
   3.62500000      0.862500012      0.192603648    
   3.87500000      0.862500012      0.197504148    
   4.12500000      0.862500012      0.201805666    
   4.37500000      0.862500012      0.205583066    
   4.62500000      0.862500012      0.208907604    
   4.87500000      0.862500012      0.211845919    
   5.12500000      0.862500012      0.214458391    
   5.37500000      0.862500012      0.216799229    
   5.62500000      0.862500012      0.218915328    
   5.87500000      0.862500012      0.220847577    
   6.12500000      0.862500012      0.222630590    
   6.37500000      0.862500012      0.224293470    
   6.62500000      0.862500012      0.225860134    
   6.87500000      0.862500012      0.227350786    
   7.12500000      0.862500012      0.228781447    
   7.37500000      0.862500012      0.230165169    
   7.62500000      0.862500012      0.231512383    
   7.87500000      0.862500012      0.232831419    
   8.12500000      0.862500012      0.234129012    
   8.37500000      0.862500012      0.235410467    
   8.62500000      0.862500012      0.236680821    
   8.87500000      0.862500012      0.237952858    
   9.12500000      0.862500012      0.239319712    
   9.37500000      0.862500012      0.241644457    
   9.62500000      0.862500012      0.253407717    
   9.87500000      0.862500012      0.364310265    
   10.0000000      0.862500012       1.00000000    
 
   0.00000000      0.887500048       0.00000000    
  0.125000000      0.887500048       1.52644562E-02
  0.375000000      0.887500048       4.70954515E-02
  0.625000000      0.887500048       7.32519329E-02
  0.875000000      0.887500048       9.48695615E-02
   1.12500000      0.887500048      0.113275617    
   1.37500000      0.887500048      0.129322022    
   1.62500000      0.887500048      0.143524021    
   1.87500000      0.887500048      0.156195670    
   2.12500000      0.887500048      0.167534068    
   2.37500000      0.887500048      0.177670583    
   2.62500000      0.887500048      0.186702713    
   2.87500000      0.887500048      0.194713235    
   3.12500000      0.887500048      0.201781601    
   3.37500000      0.887500048      0.207988113    
   3.62500000      0.887500048      0.213415787    
   3.87500000      0.887500048      0.218149289    
   4.12500000      0.887500048      0.222272232    
   4.37500000      0.887500048      0.225865707    
   4.62500000      0.887500048      0.229005709    
   4.87500000      0.887500048      0.231762394    
   5.12500000      0.887500048      0.234198183    
   5.37500000      0.887500048      0.236368790    
   5.62500000      0.887500048      0.238321841    
   5.87500000      0.887500048      0.240098134    
   6.12500000      0.887500048      0.241732329    
   6.37500000      0.887500048      0.243252993    
   6.62500000      0.887500048      0.244683608    
   6.87500000      0.887500048      0.246043384    
   7.12500000      0.887500048      0.247347891    
   7.37500000      0.887500048      0.248609632    
   7.62500000      0.887500048      0.249838173    
   7.87500000      0.887500048      0.251041442    
   8.12500000      0.887500048      0.252225578    
   8.37500000      0.887500048      0.253395617    
   8.62500000      0.887500048      0.254556358    
   8.87500000      0.887500048      0.255722731    
   9.12500000      0.887500048      0.257008851    
   9.37500000      0.887500048      0.259460360    
   9.62500000      0.887500048      0.272927612    
   9.87500000      0.887500048      0.393155992    
   10.0000000      0.887500048       1.00000000    
 
   0.00000000      0.912500024       0.00000000    
  0.125000000      0.912500024       2.42157225E-02
  0.375000000      0.912500024       6.32403344E-02
  0.625000000      0.912500024       9.22561735E-02
  0.875000000      0.912500024      0.115258500    
   1.12500000      0.912500024      0.134453073    
   1.37500000      0.912500024      0.150992334    
   1.62500000      0.912500024      0.165512130    
   1.87500000      0.912500024      0.178381845    
   2.12500000      0.912500024      0.189827904    
   2.37500000      0.912500024      0.199999735    
   2.62500000      0.912500024      0.209008083    
   2.87500000      0.912500024      0.216947362    
   3.12500000      0.912500024      0.223907545    
   3.37500000      0.912500024      0.229978591    
   3.62500000      0.912500024      0.235252291    
   3.87500000      0.912500024      0.239820674    
   4.12500000      0.912500024      0.243773565    
   4.37500000      0.912500024      0.247196808    
   4.62500000      0.912500024      0.250170022    
   4.87500000      0.912500024      0.252765417    
   5.12500000      0.912500024      0.255047172    
   5.37500000      0.912500024      0.257071525    
   5.62500000      0.912500024      0.258886218    
   5.87500000      0.912500024      0.260531932    
   6.12500000      0.912500024      0.262042820    
   6.37500000      0.912500024      0.263446569    
   6.62500000      0.912500024      0.264766157    
   6.87500000      0.912500024      0.266020060    
   7.12500000      0.912500024      0.267222881    
   7.37500000      0.912500024      0.268386781    
   7.62500000      0.912500024      0.269520611    
   7.87500000      0.912500024      0.270631701    
   8.12500000      0.912500024      0.271725714    
   8.37500000      0.912500024      0.272807389    
   8.62500000      0.912500024      0.273881346    
   8.87500000      0.912500024      0.274964929    
   9.12500000      0.912500024      0.276194751    
   9.37500000      0.912500024      0.278811038    
   9.62500000      0.912500024      0.294122338    
   9.87500000      0.912500024      0.424252152    
   10.0000000      0.912500024       1.00000000    
 
   0.00000000      0.937500000       0.00000000    
  0.125000000      0.937500000       3.71280089E-02
  0.375000000      0.937500000       8.26016217E-02
  0.625000000      0.937500000      0.113639139    
  0.875000000      0.937500000      0.137527391    
   1.12500000      0.937500000      0.157202080    
   1.37500000      0.937500000      0.174028531    
   1.62500000      0.937500000      0.188721433    
   1.87500000      0.937500000      0.201684713    
   2.12500000      0.937500000      0.213162750    
   2.37500000      0.937500000      0.223316565    
   2.62500000      0.937500000      0.232265860    
   2.87500000      0.937500000      0.240113541    
   3.12500000      0.937500000      0.246957615    
   3.37500000      0.937500000      0.252895474    
   3.62500000      0.937500000      0.258025497    
   3.87500000      0.937500000      0.262445450    
   4.12500000      0.937500000      0.266249657    
   4.37500000      0.937500000      0.269527495    
   4.62500000      0.937500000      0.272360772    
   4.87500000      0.937500000      0.274823099    
   5.12500000      0.937500000      0.276979655    
   5.37500000      0.937500000      0.278886616    
   5.62500000      0.937500000      0.280591697    
   5.87500000      0.937500000      0.282135010    
   6.12500000      0.937500000      0.283549964    
   6.37500000      0.937500000      0.284863681    
   6.62500000      0.937500000      0.286098331    
   6.87500000      0.937500000      0.287271678    
   7.12500000      0.937500000      0.288397729    
   7.37500000      0.937500000      0.289487928    
   7.62500000      0.937500000      0.290550709    
   7.87500000      0.937500000      0.291592807    
   8.12500000      0.937500000      0.292619526    
   8.37500000      0.937500000      0.293635309    
   8.62500000      0.937500000      0.294644862    
   8.87500000      0.937500000      0.295667559    
   9.12500000      0.937500000      0.296862423    
   9.37500000      0.937500000      0.299660057    
   9.62500000      0.937500000      0.316800356    
   9.87500000      0.937500000      0.456690580    
   10.0000000      0.937500000       1.00000000    
 
   0.00000000      0.962499976       0.00000000    
  0.125000000      0.962499976       5.46791106E-02
  0.375000000      0.962499976      0.104772292    
  0.625000000      0.962499976      0.136914402    
  0.875000000      0.962499976      0.161244288    
   1.12500000      0.962499976      0.181146502    
   1.37500000      0.962499976      0.198100254    
   1.62500000      0.962499976      0.212859511    
   1.87500000      0.962499976      0.225844666    
   2.12500000      0.962499976      0.237308726    
   2.37500000      0.962499976      0.247418582    
   2.62500000      0.962499976      0.256299257    
   2.87500000      0.962499976      0.264059007    
   3.12500000      0.962499976      0.270801216    
   3.37500000      0.962499976      0.276628345    
   3.62500000      0.962499976      0.281643242    
   3.87500000      0.962499976      0.285947382    
   4.12500000      0.962499976      0.289637923    
   4.37500000      0.962499976      0.292806715    
   4.62500000      0.962499976      0.295536667    
   4.87500000      0.962499976      0.297902077    
   5.12500000      0.962499976      0.299968630    
   5.37500000      0.962499976      0.301792204    
   5.62500000      0.962499976      0.303420037    
   5.87500000      0.962499976      0.304892033    
   6.12500000      0.962499976      0.306240648    
   6.37500000      0.962499976      0.307492703    
   6.62500000      0.962499976      0.308669478    
   6.87500000      0.962499976      0.309788287    
   7.12500000      0.962499976      0.310862660    
   7.37500000      0.962499976      0.311903387    
   7.62500000      0.962499976      0.312918693    
   7.87500000      0.962499976      0.313914865    
   8.12500000      0.962499976      0.314896762    
   8.37500000      0.962499976      0.315868825    
   8.62500000      0.962499976      0.316835612    
   8.87500000      0.962499976      0.317818582    
   9.12500000      0.962499976      0.318995386    
   9.37500000      0.962499976      0.321958631    
   9.62500000      0.962499976      0.340672284    
   9.87500000      0.962499976      0.489006907    
   10.0000000      0.962499976       1.00000000    
 
   0.00000000      0.987500012       0.00000000    
  0.125000000      0.987500012       7.67700747E-02
  0.375000000      0.987500012      0.128931165    
  0.625000000      0.987500012      0.161430463    
  0.875000000      0.987500012      0.185890451    
   1.12500000      0.987500012      0.205854267    
   1.37500000      0.987500012      0.222836584    
   1.62500000      0.987500012      0.237602696    
   1.87500000      0.987500012      0.250577211    
   2.12500000      0.987500012      0.262015730    
   2.37500000      0.987500012      0.272086889    
   2.62500000      0.987500012      0.280918121    
   2.87500000      0.987500012      0.288619995    
   3.12500000      0.987500012      0.295298785    
   3.37500000      0.987500012      0.301059216    
   3.62500000      0.987500012      0.306006610    
   3.87500000      0.987500012      0.310244203    
   4.12500000      0.987500012      0.313870609    
   4.37500000      0.987500012      0.316978693    
   4.62500000      0.987500012      0.319651783    
   4.87500000      0.987500012      0.321964562    
   5.12500000      0.987500012      0.323982775    
   5.37500000      0.987500012      0.325761944    
   5.62500000      0.987500012      0.327349067    
   5.87500000      0.987500012      0.328783721    
   6.12500000      0.987500012      0.330098033    
   6.37500000      0.987500012      0.331318140    
   6.62500000      0.987500012      0.332465440    
   6.87500000      0.987500012      0.333556443    
   7.12500000      0.987500012      0.334604681    
   7.37500000      0.987500012      0.335620373    
   7.62500000      0.987500012      0.336611778    
   7.87500000      0.987500012      0.337584853    
   8.12500000      0.987500012      0.338544399    
   8.37500000      0.987500012      0.339494616    
   8.62500000      0.987500012      0.340440065    
   8.87500000      0.987500012      0.341403544    
   9.12500000      0.987500012      0.342574120    
   9.37500000      0.987500012      0.345644772    
   9.62500000      0.987500012      0.365345597    
   9.87500000      0.987500012      0.519072175    
   10.0000000      0.987500012       1.00000000    
 
   0.00000000       1.00000000       0.00000000    
  0.125000000       1.00000000       7.67700747E-02
  0.375000000       1.00000000      0.128931165    
  0.625000000       1.00000000      0.161430463    
  0.875000000       1.00000000      0.185890451    
   1.12500000       1.00000000      0.205854267    
   1.37500000       1.00000000      0.222836584    
   1.62500000       1.00000000      0.237602696    
   1.87500000       1.00000000      0.250577211    
   2.12500000       1.00000000      0.262015730    
   2.37500000       1.00000000      0.272086889    
   2.62500000       1.00000000      0.280918121    
   2.87500000       1.00000000      0.288619995    
   3.12500000       1.00000000      0.295298785    
   3.37500000       1.00000000      0.301059216    
   3.62500000       1.00000000      0.306006610    
   3.87500000       1.00000000      0.310244203    
   4.12500000       1.00000000      0.313870609    
   4.37500000       1.00000000      0.316978693    
   4.62500000       1.00000000      0.319651783    
   4.87500000       1.00000000      0.321964562    
   5.12500000       1.00000000      0.323982775    
   5.37500000       1.00000000      0.325761944    
   5.62500000       1.00000000      0.327349067    
   5.87500000       1.00000000      0.328783721    
   6.12500000       1.00000000      0.330098033    
   6.37500000       1.00000000      0.331318140    
   6.62500000       1.00000000      0.332465440    
   6.87500000       1.00000000      0.333556443    
   7.12500000       1.00000000      0.334604681    
   7.37500000       1.00000000      0.335620373    
   7.62500000       1.00000000      0.336611778    
   7.87500000       1.00000000      0.337584853    
   8.12500000       1.00000000      0.338544399    
   8.37500000       1.00000000      0.339494616    
   8.62500000       1.00000000      0.340440065    
   8.87500000       1.00000000      0.341403544    
   9.12500000       1.00000000      0.342574120    
   9.37500000       1.00000000      0.345644772    
   9.62500000       1.00000000      0.365345597    
   9.87500000       1.00000000      0.519072175    
   10.0000000       1.00000000       1.00000000    
 
