   0.00000000       0.00000000       0.00000000    
  0.125000000       0.00000000       1.25000002E-02
  0.375000000       0.00000000       3.75000015E-02
  0.625000000       0.00000000       6.25000000E-02
  0.875000000       0.00000000       8.74999985E-02
   1.12500000       0.00000000      0.112499997    
   1.37500000       0.00000000      0.137500003    
   1.62500000       0.00000000      0.162499994    
   1.87500000       0.00000000      0.187500000    
   2.12500000       0.00000000      0.212500006    
   2.37500000       0.00000000      0.237499997    
   2.62500000       0.00000000      0.262499988    
   2.87500000       0.00000000      0.287499994    
   3.12500000       0.00000000      0.312500000    
   3.37500000       0.00000000      0.337500006    
   3.62500000       0.00000000      0.362500012    
   3.87500000       0.00000000      0.387499988    
   4.12500000       0.00000000      0.412499994    
   4.37500000       0.00000000      0.437500000    
   4.62500000       0.00000000      0.462500006    
   4.87500000       0.00000000      0.487500012    
   5.12500000       0.00000000      0.512499988    
   5.37500000       0.00000000      0.537500024    
   5.62500000       0.00000000      0.562500000    
   5.87500000       0.00000000      0.587499976    
   6.12500000       0.00000000      0.612500012    
   6.37500000       0.00000000      0.637499988    
   6.62500000       0.00000000      0.662500024    
   6.87500000       0.00000000      0.687500000    
   7.12500000       0.00000000      0.712499976    
   7.37500000       0.00000000      0.737500012    
   7.62500000       0.00000000      0.762499988    
   7.87500000       0.00000000      0.787500024    
   8.12500000       0.00000000      0.812500000    
   8.37500000       0.00000000      0.837499976    
   8.62500000       0.00000000      0.862500012    
   8.87500000       0.00000000      0.887499988    
   9.12500000       0.00000000      0.912500024    
   9.37500000       0.00000000      0.937500000    
   9.62500000       0.00000000      0.962499976    
   9.87500000       0.00000000      0.987500012    
   10.0000000       0.00000000       1.00000000    
 
   0.00000000       1.25000002E-02   0.00000000    
  0.125000000       1.25000002E-02   1.08675351E-02
  0.375000000       1.25000002E-02   3.37851495E-02
  0.625000000       1.25000002E-02   5.69338761E-02
  0.875000000       1.25000002E-02   8.01412985E-02
   1.12500000       1.25000002E-02  0.103363380    
   1.37500000       1.25000002E-02  0.126588941    
   1.62500000       1.25000002E-02  0.149815217    
   1.87500000       1.25000002E-02  0.173041612    
   2.12500000       1.25000002E-02  0.196268052    
   2.37500000       1.25000002E-02  0.219494522    
   2.62500000       1.25000002E-02  0.242721006    
   2.87500000       1.25000002E-02  0.265947521    
   3.12500000       1.25000002E-02  0.289173961    
   3.37500000       1.25000002E-02  0.312400401    
   3.62500000       1.25000002E-02  0.335626900    
   3.87500000       1.25000002E-02  0.358853370    
   4.12500000       1.25000002E-02  0.382079780    
   4.37500000       1.25000002E-02  0.405306160    
   4.62500000       1.25000002E-02  0.428532690    
   4.87500000       1.25000002E-02  0.451759219    
   5.12500000       1.25000002E-02  0.474985629    
   5.37500000       1.25000002E-02  0.498212278    
   5.62500000       1.25000002E-02  0.521438599    
   5.87500000       1.25000002E-02  0.544665098    
   6.12500000       1.25000002E-02  0.567891538    
   6.37500000       1.25000002E-02  0.591118038    
   6.62500000       1.25000002E-02  0.614344418    
   6.87500000       1.25000002E-02  0.637570858    
   7.12500000       1.25000002E-02  0.660797358    
   7.37500000       1.25000002E-02  0.684023976    
   7.62500000       1.25000002E-02  0.707250357    
   7.87500000       1.25000002E-02  0.730476856    
   8.12500000       1.25000002E-02  0.753703356    
   8.37500000       1.25000002E-02  0.776929677    
   8.62500000       1.25000002E-02  0.800156295    
   8.87500000       1.25000002E-02  0.823382676    
   9.12500000       1.25000002E-02  0.846610069    
   9.37500000       1.25000002E-02  0.869861603    
   9.62500000       1.25000002E-02  0.893665373    
   9.87500000       1.25000002E-02  0.927048862    
   10.0000000       1.25000002E-02   1.00000000    
 
   0.00000000       3.75000015E-02   0.00000000    
  0.125000000       3.75000015E-02   7.86328595E-03
  0.375000000       3.75000015E-02   2.66690683E-02
  0.625000000       3.75000015E-02   4.61641550E-02
  0.875000000       3.75000015E-02   6.58396333E-02
   1.12500000       3.75000015E-02   8.55612382E-02
   1.37500000       3.75000015E-02  0.105293870    
   1.62500000       3.75000015E-02  0.125028968    
   1.87500000       3.75000015E-02  0.144764557    
   2.12500000       3.75000015E-02  0.164500192    
   2.37500000       3.75000015E-02  0.184235901    
   2.62500000       3.75000015E-02  0.203971565    
   2.87500000       3.75000015E-02  0.223707318    
   3.12500000       3.75000015E-02  0.243442982    
   3.37500000       3.75000015E-02  0.263178647    
   3.62500000       3.75000015E-02  0.282914430    
   3.87500000       3.75000015E-02  0.302650094    
   4.12500000       3.75000015E-02  0.322385848    
   4.37500000       3.75000015E-02  0.342121452    
   4.62500000       3.75000015E-02  0.361857116    
   4.87500000       3.75000015E-02  0.381592900    
   5.12500000       3.75000015E-02  0.401328504    
   5.37500000       3.75000015E-02  0.421064407    
   5.62500000       3.75000015E-02  0.440799952    
   5.87500000       3.75000015E-02  0.460535705    
   6.12500000       3.75000015E-02  0.480271250    
   6.37500000       3.75000015E-02  0.500007093    
   6.62500000       3.75000015E-02  0.519742668    
   6.87500000       3.75000015E-02  0.539478242    
   7.12500000       3.75000015E-02  0.559214234    
   7.37500000       3.75000015E-02  0.578949988    
   7.62500000       3.75000015E-02  0.598685622    
   7.87500000       3.75000015E-02  0.618421257    
   8.12500000       3.75000015E-02  0.638157070    
   8.37500000       3.75000015E-02  0.657892644    
   8.62500000       3.75000015E-02  0.677628279    
   8.87500000       3.75000015E-02  0.697364032    
   9.12500000       3.75000015E-02  0.717102408    
   9.37500000       3.75000015E-02  0.736910284    
   9.62500000       3.75000015E-02  0.758303761    
   9.87500000       3.75000015E-02  0.807431877    
   10.0000000       3.75000015E-02   1.00000000    
 
   0.00000000       6.25000000E-02   0.00000000    
  0.125000000       6.25000000E-02   5.40742418E-03
  0.375000000       6.25000000E-02   2.03181058E-02
  0.625000000       6.25000000E-02   3.63166705E-02
  0.875000000       6.25000000E-02   5.26184514E-02
   1.12500000       6.25000000E-02   6.90010488E-02
   1.37500000       6.25000000E-02   8.54036957E-02
   1.62500000       6.25000000E-02  0.101810917    
   1.87500000       6.25000000E-02  0.118219152    
   2.12500000       6.25000000E-02  0.134627521    
   2.37500000       6.25000000E-02  0.151035964    
   2.62500000       6.25000000E-02  0.167444438    
   2.87500000       6.25000000E-02  0.183852971    
   3.12500000       6.25000000E-02  0.200261325    
   3.37500000       6.25000000E-02  0.216669783    
   3.62500000       6.25000000E-02  0.233078271    
   3.87500000       6.25000000E-02  0.249486759    
   4.12500000       6.25000000E-02  0.265895247    
   4.37500000       6.25000000E-02  0.282303661    
   4.62500000       6.25000000E-02  0.298712045    
   4.87500000       6.25000000E-02  0.315120518    
   5.12500000       6.25000000E-02  0.331528991    
   5.37500000       6.25000000E-02  0.347937495    
   5.62500000       6.25000000E-02  0.364345878    
   5.87500000       6.25000000E-02  0.380754352    
   6.12500000       6.25000000E-02  0.397162735    
   6.37500000       6.25000000E-02  0.413571268    
   6.62500000       6.25000000E-02  0.429979593    
   6.87500000       6.25000000E-02  0.446388066    
   7.12500000       6.25000000E-02  0.462796658    
   7.37500000       6.25000000E-02  0.479205191    
   7.62500000       6.25000000E-02  0.495613486    
   7.87500000       6.25000000E-02  0.512021899    
   8.12500000       6.25000000E-02  0.528430641    
   8.37500000       6.25000000E-02  0.544838905    
   8.62500000       6.25000000E-02  0.561247230    
   8.87500000       6.25000000E-02  0.577655792    
   9.12500000       6.25000000E-02  0.594068408    
   9.37500000       6.25000000E-02  0.610587478    
   9.62500000       6.25000000E-02  0.629557669    
   9.87500000       6.25000000E-02  0.692039192    
   10.0000000       6.25000000E-02   1.00000000    
 
   0.00000000       8.75000060E-02   0.00000000    
  0.125000000       8.75000060E-02   3.56071140E-03
  0.375000000       8.75000060E-02   1.49687147E-02
  0.625000000       8.75000060E-02   2.77367570E-02
  0.875000000       8.75000060E-02   4.09174487E-02
   1.12500000       8.75000060E-02   5.42145595E-02
   1.37500000       8.75000060E-02   6.75419345E-02
   1.62500000       8.75000060E-02   8.08765665E-02
   1.87500000       8.75000060E-02   9.42127854E-02
   2.12500000       8.75000060E-02  0.107549287    
   2.37500000       8.75000060E-02  0.120885938    
   2.62500000       8.75000060E-02  0.134222582    
   2.87500000       8.75000060E-02  0.147559285    
   3.12500000       8.75000060E-02  0.160895824    
   3.37500000       8.75000060E-02  0.174232498    
   3.62500000       8.75000060E-02  0.187569171    
   3.87500000       8.75000060E-02  0.200905830    
   4.12500000       8.75000060E-02  0.214242458    
   4.37500000       8.75000060E-02  0.227579132    
   4.62500000       8.75000060E-02  0.240915626    
   4.87500000       8.75000060E-02  0.254252315    
   5.12500000       8.75000060E-02  0.267588973    
   5.37500000       8.75000060E-02  0.280925691    
   5.62500000       8.75000060E-02  0.294262230    
   5.87500000       8.75000060E-02  0.307598859    
   6.12500000       8.75000060E-02  0.320935398    
   6.37500000       8.75000060E-02  0.334272176    
   6.62500000       8.75000060E-02  0.347608805    
   6.87500000       8.75000060E-02  0.360945374    
   7.12500000       8.75000060E-02  0.374282092    
   7.37500000       8.75000060E-02  0.387618840    
   7.62500000       8.75000060E-02  0.400955349    
   7.87500000       8.75000060E-02  0.414291918    
   8.12500000       8.75000060E-02  0.427628636    
   8.37500000       8.75000060E-02  0.440965325    
   8.62500000       8.75000060E-02  0.454301775    
   8.87500000       8.75000060E-02  0.467638582    
   9.12500000       8.75000060E-02  0.480980277    
   9.37500000       8.75000060E-02  0.494455755    
   9.62500000       8.75000060E-02  0.511034489    
   9.87500000       8.75000060E-02  0.583874166    
   10.0000000       8.75000060E-02   1.00000000    
 
   0.00000000      0.112499997       0.00000000    
  0.125000000      0.112499997       2.25823815E-03
  0.375000000      0.112499997       1.06822411E-02
  0.625000000      0.112499997       2.05778703E-02
  0.875000000      0.112499997       3.09650153E-02
   1.12500000      0.112499997       4.15004157E-02
   1.37500000      0.112499997       5.20765074E-02
   1.62500000      0.112499997       6.26628250E-02
   1.87500000      0.112499997       7.32515082E-02
   2.12500000      0.112499997       8.38406682E-02
   2.37500000      0.112499997       9.44299772E-02
   2.62500000      0.112499997      0.105019309    
   2.87500000      0.112499997      0.115608700    
   3.12500000      0.112499997      0.126197964    
   3.37500000      0.112499997      0.136787325    
   3.62500000      0.112499997      0.147376642    
   3.87500000      0.112499997      0.157966003    
   4.12500000      0.112499997      0.168555349    
   4.37500000      0.112499997      0.179144636    
   4.62500000      0.112499997      0.189733922    
   4.87500000      0.112499997      0.200323239    
   5.12500000      0.112499997      0.210912570    
   5.37500000      0.112499997      0.221501976    
   5.62500000      0.112499997      0.232091293    
   5.87500000      0.112499997      0.242680579    
   6.12500000      0.112499997      0.253269821    
   6.37500000      0.112499997      0.263859302    
   6.62500000      0.112499997      0.274448574    
   6.87500000      0.112499997      0.285037905    
   7.12500000      0.112499997      0.295627177    
   7.37500000      0.112499997      0.306216657    
   7.62500000      0.112499997      0.316805840    
   7.87500000      0.112499997      0.327395260    
   8.12500000      0.112499997      0.337984562    
   8.37500000      0.112499997      0.348573953    
   8.62500000      0.112499997      0.359163076    
   8.87500000      0.112499997      0.369752586    
   9.12500000      0.112499997      0.380347550    
   9.37500000      0.112499997      0.391093373    
   9.62500000      0.112499997      0.405378670    
   9.87500000      0.112499997      0.485528320    
   10.0000000      0.112499997       1.00000000    
 
   0.00000000      0.137500003       0.00000000    
  0.125000000      0.137500003       1.38585584E-03
  0.375000000      0.137500003       7.39620393E-03
  0.625000000      0.137500003       1.48381963E-02
  0.875000000      0.137500003       2.28084717E-02
   1.12500000      0.137500003       3.09500135E-02
   1.37500000      0.137500003       3.91413905E-02
   1.62500000      0.137500003       4.73459549E-02
   1.87500000      0.137500003       5.55537045E-02
   2.12500000      0.137500003       6.37621656E-02
   2.37500000      0.137500003       7.19708353E-02
   2.62500000      0.137500003       8.01795200E-02
   2.87500000      0.137500003       8.83882344E-02
   3.12500000      0.137500003       9.65968668E-02
   3.37500000      0.137500003      0.104805574    
   3.62500000      0.137500003      0.113014244    
   3.87500000      0.137500003      0.121222943    
   4.12500000      0.137500003      0.129431620    
   4.37500000      0.137500003      0.137640297    
   4.62500000      0.137500003      0.145848930    
   4.87500000      0.137500003      0.154057622    
   5.12500000      0.137500003      0.162266329    
   5.37500000      0.137500003      0.170475036    
   5.62500000      0.137500003      0.178683758    
   5.87500000      0.137500003      0.186892390    
   6.12500000      0.137500003      0.195101008    
   6.37500000      0.137500003      0.203309774    
   6.62500000      0.137500003      0.211518452    
   6.87500000      0.137500003      0.219727099    
   7.12500000      0.137500003      0.227935746    
   7.37500000      0.137500003      0.236144543    
   7.62500000      0.137500003      0.244353071    
   7.87500000      0.137500003      0.252561808    
   8.12500000      0.137500003      0.260770530    
   8.37500000      0.137500003      0.268979192    
   8.62500000      0.137500003      0.277187914    
   8.87500000      0.137500003      0.285396636    
   9.12500000      0.137500003      0.293611139    
   9.37500000      0.137500003      0.301984638    
   9.62500000      0.137500003      0.314141631    
   9.87500000      0.137500003      0.398850143    
   10.0000000      0.137500003       1.00000000    
 
   0.00000000      0.162499994       0.00000000    
  0.125000000      0.162499994       8.26120144E-04
  0.375000000      0.162499994       4.97578410E-03
  0.625000000      0.162499994       1.04050636E-02
  0.875000000      0.162499994       1.63554978E-02
   1.12500000      0.162499994       2.24878490E-02
   1.37500000      0.162499994       2.86764428E-02
   1.62500000      0.162499994       3.48807201E-02
   1.87500000      0.162499994       4.10889760E-02
   2.12500000      0.162499994       4.72981706E-02
   2.37500000      0.162499994       5.35076186E-02
   2.62500000      0.162499994       5.97170927E-02
   2.87500000      0.162499994       6.59265891E-02
   3.12500000      0.162499994       7.21360445E-02
   3.37500000      0.162499994       7.83455297E-02
   3.62500000      0.162499994       8.45549926E-02
   3.87500000      0.162499994       9.07645151E-02
   4.12500000      0.162499994       9.69739705E-02
   4.37500000      0.162499994      0.103183419    
   4.62500000      0.162499994      0.109392904    
   4.87500000      0.162499994      0.115602396    
   5.12500000      0.162499994      0.121811882    
   5.37500000      0.162499994      0.128021359    
   5.62500000      0.162499994      0.134230867    
   5.87500000      0.162499994      0.140440315    
   6.12500000      0.162499994      0.146649763    
   6.37500000      0.162499994      0.152859271    
   6.62500000      0.162499994      0.159068719    
   6.87500000      0.162499994      0.165278196    
   7.12500000      0.162499994      0.171487659    
   7.37500000      0.162499994      0.177697226    
   7.62500000      0.162499994      0.183906630    
   7.87500000      0.162499994      0.190116137    
   8.12500000      0.162499994      0.196325630    
   8.37500000      0.162499994      0.202535093    
   8.62500000      0.162499994      0.208744600    
   8.87500000      0.162499994      0.214954168    
   9.12500000      0.162499994      0.221169397    
   9.37500000      0.162499994      0.227544546    
   9.62500000      0.162499994      0.237792164    
   9.87500000      0.162499994      0.324784219    
   10.0000000      0.162499994       1.00000000    
 
   0.00000000      0.187500000       0.00000000    
  0.125000000      0.187500000       4.79872047E-04
  0.375000000      0.187500000       3.25690466E-03
  0.625000000      0.187500000       7.09985662E-03
  0.875000000      0.187500000       1.14202285E-02
   1.12500000      0.187500000       1.59199294E-02
   1.37500000      0.187500000       2.04785410E-02
   1.62500000      0.187500000       2.50544734E-02
   1.87500000      0.187500000       2.96350289E-02
   2.12500000      0.187500000       3.42167206E-02
   2.37500000      0.187500000       3.87987047E-02
   2.62500000      0.187500000       4.33807373E-02
   2.87500000      0.187500000       4.79627885E-02
   3.12500000      0.187500000       5.25448136E-02
   3.37500000      0.187500000       5.71268536E-02
   3.62500000      0.187500000       6.17088787E-02
   3.87500000      0.187500000       6.62909597E-02
   4.12500000      0.187500000       7.08729699E-02
   4.37500000      0.187500000       7.54549950E-02
   4.62500000      0.187500000       8.00370201E-02
   4.87500000      0.187500000       8.46190900E-02
   5.12500000      0.187500000       8.92011449E-02
   5.37500000      0.187500000       9.37831700E-02
   5.62500000      0.187500000       9.83652249E-02
   5.87500000      0.187500000      0.102947265    
   6.12500000      0.187500000      0.107529268    
   6.37500000      0.187500000      0.112111330    
   6.62500000      0.187500000      0.116693348    
   6.87500000      0.187500000      0.121275388    
   7.12500000      0.187500000      0.125857398    
   7.37500000      0.187500000      0.130439490    
   7.62500000      0.187500000      0.135021478    
   7.87500000      0.187500000      0.139603525    
   8.12500000      0.187500000      0.144185603    
   8.37500000      0.187500000      0.148767635    
   8.62500000      0.187500000      0.153349668    
   8.87500000      0.187500000      0.157931820    
   9.12500000      0.187500000      0.162519336    
   9.37500000      0.187500000      0.167262763    
   9.62500000      0.187500000      0.175852865    
   9.87500000      0.187500000      0.263385117    
   10.0000000      0.187500000       1.00000000    
 
   0.00000000      0.212500006       0.00000000    
  0.125000000      0.212500006       2.72346078E-04
  0.375000000      0.212500006       2.07669265E-03
  0.625000000      0.212500006       4.71697934E-03
  0.875000000      0.212500006       7.76698394E-03
   1.12500000      0.212500006       1.09822517E-02
   1.37500000      0.212500006       1.42551456E-02
   1.62500000      0.212500006       1.75458919E-02
   1.87500000      0.212500006       2.08416376E-02
   2.12500000      0.212500006       2.41386630E-02
   2.37500000      0.212500006       2.74360236E-02
   2.62500000      0.212500006       3.07334345E-02
   2.87500000      0.212500006       3.40308696E-02
   3.12500000      0.212500006       3.73282954E-02
   3.37500000      0.212500006       4.06257249E-02
   3.62500000      0.212500006       4.39231582E-02
   3.87500000      0.212500006       4.72206138E-02
   4.12500000      0.212500006       5.05180284E-02
   4.37500000      0.212500006       5.38154356E-02
   4.62500000      0.212500006       5.71128689E-02
   4.87500000      0.212500006       6.04103170E-02
   5.12500000      0.212500006       6.37077689E-02
   5.37500000      0.212500006       6.70052022E-02
   5.62500000      0.212500006       7.03026429E-02
   5.87500000      0.212500006       7.36000538E-02
   6.12500000      0.212500006       7.68974721E-02
   6.37500000      0.212500006       8.01949203E-02
   6.62500000      0.212500006       8.34923387E-02
   6.87500000      0.212500006       8.67897868E-02
   7.12500000      0.212500006       9.00871903E-02
   7.37500000      0.212500006       9.33846161E-02
   7.62500000      0.212500006       9.66820493E-02
   7.87500000      0.212500006       9.99794826E-02
   8.12500000      0.212500006      0.103276908    
   8.37500000      0.212500006      0.106574379    
   8.62500000      0.212500006      0.109871797    
   8.87500000      0.212500006      0.113169365    
   9.12500000      0.212500006      0.116471924    
   9.37500000      0.212500006      0.119923115    
   9.62500000      0.212500006      0.127118424    
   9.87500000      0.212500006      0.213955387    
   10.0000000      0.212500006       1.00000000    
 
   0.00000000      0.237500012       0.00000000    
  0.125000000      0.237500012       1.51356813E-04
  0.375000000      0.237500012       1.29135523E-03
  0.625000000      0.237500012       3.05325864E-03
  0.875000000      0.237500012       5.14686853E-03
   1.12500000      0.237500012       7.38372235E-03
   1.37500000      0.237500012       9.67349391E-03
   1.62500000      0.237500012       1.19805112E-02
   1.87500000      0.237500012       1.42925866E-02
   2.12500000      0.237500012       1.66060217E-02
   2.37500000      0.237500012       1.89198051E-02
   2.62500000      0.237500012       2.12336536E-02
   2.87500000      0.237500012       2.35475246E-02
   3.12500000      0.237500012       2.58613937E-02
   3.37500000      0.237500012       2.81752646E-02
   3.62500000      0.237500012       3.04891467E-02
   3.87500000      0.237500012       3.28030325E-02
   4.12500000      0.237500012       3.51168998E-02
   4.37500000      0.237500012       3.74307595E-02
   4.62500000      0.237500012       3.97446305E-02
   4.87500000      0.237500012       4.20585088E-02
   5.12500000      0.237500012       4.43724021E-02
   5.37500000      0.237500012       4.66862805E-02
   5.62500000      0.237500012       4.90001515E-02
   5.87500000      0.237500012       5.13140149E-02
   6.12500000      0.237500012       5.36278859E-02
   6.37500000      0.237500012       5.59417643E-02
   6.62500000      0.237500012       5.82556091E-02
   6.87500000      0.237500012       6.05694987E-02
   7.12500000      0.237500012       6.28833622E-02
   7.37500000      0.237500012       6.51972666E-02
   7.62500000      0.237500012       6.75111115E-02
   7.87500000      0.237500012       6.98249862E-02
   8.12500000      0.237500012       7.21388608E-02
   8.37500000      0.237500012       7.44527280E-02
   8.62500000      0.237500012       7.67666027E-02
   8.87500000      0.237500012       7.90806264E-02
   9.12500000      0.237500012       8.13992545E-02
   9.37500000      0.237500012       8.38575736E-02
   9.62500000      0.237500012       8.99123400E-02
   9.87500000      0.237500012      0.175257549    
   10.0000000      0.237500012       1.00000000    
 
   0.00000000      0.262499988       0.00000000    
  0.125000000      0.262499988       8.25247917E-05
  0.375000000      0.262499988       7.83903059E-04
  0.625000000      0.262499988       1.92676054E-03
  0.875000000      0.262499988       3.32440436E-03
   1.12500000      0.262499988       4.83942684E-03
   1.37500000      0.262499988       6.40027737E-03
   1.62500000      0.262499988       7.97681324E-03
   1.87500000      0.262499988       9.55815706E-03
   2.12500000      0.262499988       1.11408457E-02
   2.37500000      0.262499988       1.27238901E-02
   2.62500000      0.262499988       1.43070100E-02
   2.87500000      0.262499988       1.58901419E-02
   3.12500000      0.262499988       1.74732860E-02
   3.37500000      0.262499988       1.90564282E-02
   3.62500000      0.262499988       2.06395760E-02
   3.87500000      0.262499988       2.22227238E-02
   4.12500000      0.262499988       2.38058623E-02
   4.37500000      0.262499988       2.53890026E-02
   4.62500000      0.262499988       2.69721467E-02
   4.87500000      0.262499988       2.85552945E-02
   5.12500000      0.262499988       3.01384404E-02
   5.37500000      0.262499988       3.17215882E-02
   5.62500000      0.262499988       3.33047286E-02
   5.87500000      0.262499988       3.48878726E-02
   6.12500000      0.262499988       3.64710130E-02
   6.37500000      0.262499988       3.80541570E-02
   6.62500000      0.262499988       3.96372974E-02
   6.87500000      0.262499988       4.12204303E-02
   7.12500000      0.262499988       4.28035706E-02
   7.37500000      0.262499988       4.43867296E-02
   7.62500000      0.262499988       4.59698625E-02
   7.87500000      0.262499988       4.75529991E-02
   8.12500000      0.262499988       4.91361469E-02
   8.37500000      0.262499988       5.07192872E-02
   8.62500000      0.262499988       5.23024313E-02
   8.87500000      0.262499988       5.38857058E-02
   9.12500000      0.262499988       5.54732084E-02
   9.37500000      0.262499988       5.71909584E-02
   9.62500000      0.262499988       6.23369254E-02
   9.87500000      0.262499988      0.145747080    
   10.0000000      0.262499988       1.00000000    
 
   0.00000000      0.287500024       0.00000000    
  0.125000000      0.287500024       4.42134187E-05
  0.375000000      0.287500024       4.64963494E-04
  0.625000000      0.287500024       1.18614663E-03
  0.875000000      0.287500024       2.09387788E-03
   1.12500000      0.287500024       3.09294765E-03
   1.37500000      0.287500024       4.12959978E-03
   1.62500000      0.287500024       5.17973024E-03
   1.87500000      0.287500024       6.23417413E-03
   2.12500000      0.287500024       7.28986971E-03
   2.37500000      0.287500024       8.34590383E-03
   2.62500000      0.287500024       9.40201618E-03
   2.87500000      0.287500024       1.04581481E-02
   3.12500000      0.287500024       1.15142856E-02
   3.37500000      0.287500024       1.25704231E-02
   3.62500000      0.287500024       1.36265606E-02
   3.87500000      0.287500024       1.46827009E-02
   4.12500000      0.287500024       1.57388356E-02
   4.37500000      0.287500024       1.67949703E-02
   4.62500000      0.287500024       1.78511143E-02
   4.87500000      0.287500024       1.89072508E-02
   5.12500000      0.287500024       1.99633893E-02
   5.37500000      0.287500024       2.10195296E-02
   5.62500000      0.287500024       2.20756698E-02
   5.87500000      0.287500024       2.31318045E-02
   6.12500000      0.287500024       2.41879430E-02
   6.37500000      0.287500024       2.52440814E-02
   6.62500000      0.287500024       2.63002161E-02
   6.87500000      0.287500024       2.73563433E-02
   7.12500000      0.287500024       2.84124855E-02
   7.37500000      0.287500024       2.94686258E-02
   7.62500000      0.287500024       3.05247623E-02
   7.87500000      0.287500024       3.15808952E-02
   8.12500000      0.287500024       3.26370336E-02
   8.37500000      0.287500024       3.36931683E-02
   8.62500000      0.287500024       3.47493142E-02
   8.87500000      0.287500024       3.58055681E-02
   9.12500000      0.287500024       3.68657038E-02
   9.37500000      0.287500024       3.80468741E-02
   9.62500000      0.287500024       4.24850695E-02
   9.87500000      0.287500024      0.123783492    
   10.0000000      0.287500024       1.00000000    
 
   0.00000000      0.312500000       0.00000000    
  0.125000000      0.312500000       2.33070205E-05
  0.375000000      0.312500000       2.69700075E-04
  0.625000000      0.312500000       7.12821726E-04
  0.875000000      0.312500000       1.28665462E-03
   1.12500000      0.312500000       1.92823831E-03
   1.37500000      0.312500000       2.59911711E-03
   1.62500000      0.312500000       3.28097725E-03
   1.87500000      0.312500000       3.96649446E-03
   2.12500000      0.312500000       4.65311296E-03
   2.37500000      0.312500000       5.34003740E-03
   2.62500000      0.312500000       6.02703914E-03
   2.87500000      0.312500000       6.71405811E-03
   3.12500000      0.312500000       7.40108173E-03
   3.37500000      0.312500000       8.08810536E-03
   3.62500000      0.312500000       8.77513085E-03
   3.87500000      0.312500000       9.46215633E-03
   4.12500000      0.312500000       1.01491781E-02
   4.37500000      0.312500000       1.08362027E-02
   4.62500000      0.312500000       1.15232291E-02
   4.87500000      0.312500000       1.22102527E-02
   5.12500000      0.312500000       1.28972782E-02
   5.37500000      0.312500000       1.35843046E-02
   5.62500000      0.312500000       1.42713329E-02
   5.87500000      0.312500000       1.49583574E-02
   6.12500000      0.312500000       1.56453773E-02
   6.37500000      0.312500000       1.63324028E-02
   6.62500000      0.312500000       1.70194283E-02
   6.87500000      0.312500000       1.77064519E-02
   7.12500000      0.312500000       1.83934718E-02
   7.37500000      0.312500000       1.90804955E-02
   7.62500000      0.312500000       1.97675191E-02
   7.87500000      0.312500000       2.04545446E-02
   8.12500000      0.312500000       2.11415701E-02
   8.37500000      0.312500000       2.18285881E-02
   8.62500000      0.312500000       2.25156229E-02
   8.87500000      0.312500000       2.32027508E-02
   9.12500000      0.312500000       2.38934364E-02
   9.37500000      0.312500000       2.46967319E-02
   9.62500000      0.312500000       2.85945591E-02
   9.87500000      0.312500000      0.107794352    
   10.0000000      0.312500000       1.00000000    
 
   0.00000000      0.337500006       0.00000000    
  0.125000000      0.337500006       1.21026287E-05
  0.375000000      0.337500006       1.53110697E-04
  0.625000000      0.337500006       4.18463926E-04
  0.875000000      0.337500006       7.71759020E-04
   1.12500000      0.337500006       1.17311848E-03
   1.37500000      0.337500006       1.59624813E-03
   1.62500000      0.337500006       2.02788389E-03
   1.87500000      0.337500006       2.46246089E-03
   2.12500000      0.337500006       2.89795524E-03
   2.37500000      0.337500006       3.33371083E-03
   2.62500000      0.337500006       3.76953534E-03
   2.87500000      0.337500006       4.20537591E-03
   3.12500000      0.337500006       4.64122090E-03
   3.37500000      0.337500006       5.07706590E-03
   3.62500000      0.337500006       5.51291183E-03
   3.87500000      0.337500006       5.94875682E-03
   4.12500000      0.337500006       6.38460228E-03
   4.37500000      0.337500006       6.82044774E-03
   4.62500000      0.337500006       7.25629414E-03
   4.87500000      0.337500006       7.69213820E-03
   5.12500000      0.337500006       8.12798552E-03
   5.37500000      0.337500006       8.56383145E-03
   5.62500000      0.337500006       8.99967924E-03
   5.87500000      0.337500006       9.43552610E-03
   6.12500000      0.337500006       9.87136830E-03
   6.37500000      0.337500006       1.03072142E-02
   6.62500000      0.337500006       1.07430601E-02
   6.87500000      0.337500006       1.11789061E-02
   7.12500000      0.337500006       1.16147492E-02
   7.37500000      0.337500006       1.20505933E-02
   7.62500000      0.337500006       1.24864401E-02
   7.87500000      0.337500006       1.29222842E-02
   8.12500000      0.337500006       1.33581329E-02
   8.37500000      0.337500006       1.37939714E-02
   8.62500000      0.337500006       1.42298238E-02
   8.87500000      0.337500006       1.46657601E-02
   9.12500000      0.337500006       1.51049830E-02
   9.37500000      0.337500006       1.56493913E-02
   9.62500000      0.337500006       1.91417523E-02
   9.87500000      0.337500006       9.63830277E-02
   10.0000000      0.337500006       1.00000000    
 
   0.00000000      0.362500012       0.00000000    
  0.125000000      0.362500012       6.19766433E-06
  0.375000000      0.362500012       8.51543809E-05
  0.625000000      0.362500012       2.40184047E-04
  0.875000000      0.362500012       4.52189677E-04
   1.12500000      0.362500012       6.96896692E-04
   1.37500000      0.362500012       9.57064098E-04
   1.62500000      0.362500012       1.22350780E-03
   1.87500000      0.362500012       1.49219716E-03
   2.12500000      0.362500012       1.76160957E-03
   2.37500000      0.362500012       2.03123339E-03
   2.62500000      0.362500012       2.30091461E-03
   2.87500000      0.362500012       2.57061049E-03
   3.12500000      0.362500012       2.84030940E-03
   3.37500000      0.362500012       3.11000901E-03
   3.62500000      0.362500012       3.37970885E-03
   3.87500000      0.362500012       3.64940753E-03
   4.12500000      0.362500012       3.91910737E-03
   4.37500000      0.362500012       4.18880628E-03
   4.62500000      0.362500012       4.45850659E-03
   4.87500000      0.362500012       4.72820597E-03
   5.12500000      0.362500012       4.99790628E-03
   5.37500000      0.362500012       5.26760612E-03
   5.62500000      0.362500012       5.53730689E-03
   5.87500000      0.362500012       5.80700813E-03
   6.12500000      0.362500012       6.07670518E-03
   6.37500000      0.362500012       6.34640595E-03
   6.62500000      0.362500012       6.61610533E-03
   6.87500000      0.362500012       6.88580424E-03
   7.12500000      0.362500012       7.15550361E-03
   7.37500000      0.362500012       7.42520206E-03
   7.62500000      0.362500012       7.69490376E-03
   7.87500000      0.362500012       7.96460267E-03
   8.12500000      0.362500012       8.23430158E-03
   8.37500000      0.362500012       8.50399956E-03
   8.62500000      0.362500012       8.77370406E-03
   8.87500000      0.362500012       9.04348586E-03
   9.12500000      0.362500012       9.31631681E-03
   9.37500000      0.362500012       9.68805142E-03
   9.62500000      0.362500012       1.28809484E-02
   9.87500000      0.362500012       8.83830562E-02
   10.0000000      0.362500012       1.00000000    
 
   0.00000000      0.387499988       0.00000000    
  0.125000000      0.387499988       3.13563123E-06
  0.375000000      0.387499988       4.64756777E-05
  0.625000000      0.387499988       1.34992108E-04
  0.875000000      0.387499988       2.59145803E-04
   1.12500000      0.387499988       4.04675608E-04
   1.37500000      0.387499988       5.60706249E-04
   1.62500000      0.387499988       7.21145363E-04
   1.87500000      0.387499988       8.83209752E-04
   2.12500000      0.387499988       1.04581192E-03
   2.37500000      0.387499988       1.20857416E-03
   2.62500000      0.387499988       1.37138111E-03
   2.87500000      0.387499988       1.53419934E-03
   3.12500000      0.387499988       1.69702037E-03
   3.37500000      0.387499988       1.85984210E-03
   3.62500000      0.387499988       2.02266360E-03
   3.87500000      0.387499988       2.18548509E-03
   4.12500000      0.387499988       2.34830682E-03
   4.37500000      0.387499988       2.51112785E-03
   4.62500000      0.387499988       2.67394958E-03
   4.87500000      0.387499988       2.83677154E-03
   5.12500000      0.387499988       2.99959374E-03
   5.37500000      0.387499988       3.16241523E-03
   5.62500000      0.387499988       3.32523719E-03
   5.87500000      0.387499988       3.48806032E-03
   6.12500000      0.387499988       3.65088088E-03
   6.37500000      0.387499988       3.81370215E-03
   6.62500000      0.387499988       3.97652388E-03
   6.87500000      0.387499988       4.13934560E-03
   7.12500000      0.387499988       4.30216640E-03
   7.37500000      0.387499988       4.46498860E-03
   7.62500000      0.387499988       4.62781079E-03
   7.87500000      0.387499988       4.79063159E-03
   8.12500000      0.387499988       4.95345285E-03
   8.37500000      0.387499988       5.11627458E-03
   8.62500000      0.387499988       5.27909817E-03
   8.87500000      0.387499988       5.44199813E-03
   9.12500000      0.387499988       5.60775399E-03
   9.37500000      0.387499988       5.86727867E-03
   9.62500000      0.387499988       8.84268992E-03
   9.87500000      0.387499988       8.28703046E-02
   10.0000000      0.387499988       1.00000000    
 
   0.00000000      0.412500024       0.00000000    
  0.125000000      0.412500024       1.57611214E-06
  0.375000000      0.412500024       2.50156445E-05
  0.625000000      0.412500024       7.46094956E-05
  0.875000000      0.412500024       1.45771046E-04
   1.12500000      0.412500024       2.30350706E-04
   1.37500000      0.412500024       3.21725762E-04
   1.62500000      0.412500024       4.16027062E-04
   1.87500000      0.412500024       5.11429680E-04
   2.12500000      0.412500024       6.07202819E-04
   2.37500000      0.412500024       7.03087891E-04
   2.62500000      0.412500024       7.99004280E-04
   2.87500000      0.412500024       8.94929050E-04
   3.12500000      0.412500024       9.90855508E-04
   3.37500000      0.412500024       1.08678243E-03
   3.62500000      0.412500024       1.18270924E-03
   3.87500000      0.412500024       1.27863605E-03
   4.12500000      0.412500024       1.37456309E-03
   4.37500000      0.412500024       1.47048978E-03
   4.62500000      0.412500024       1.56641658E-03
   4.87500000      0.412500024       1.66234362E-03
   5.12500000      0.412500024       1.75827101E-03
   5.37500000      0.412500024       1.85419817E-03
   5.62500000      0.412500024       1.95012521E-03
   5.87500000      0.412500024       2.04605283E-03
   6.12500000      0.412500024       2.14197906E-03
   6.37500000      0.412500024       2.23790575E-03
   6.62500000      0.412500024       2.33383221E-03
   6.87500000      0.412500024       2.42975936E-03
   7.12500000      0.412500024       2.52568629E-03
   7.37500000      0.412500024       2.62161344E-03
   7.62500000      0.412500024       2.71754060E-03
   7.87500000      0.412500024       2.81346706E-03
   8.12500000      0.412500024       2.90939375E-03
   8.37500000      0.412500024       3.00532044E-03
   8.62500000      0.412500024       3.10124992E-03
   8.87500000      0.412500024       3.19725065E-03
   9.12500000      0.412500024       3.29595990E-03
   9.37500000      0.412500024       3.48442374E-03
   9.62500000      0.412500024       6.30540913E-03
   9.87500000      0.412500024       7.91462064E-02
   10.0000000      0.412500024       1.00000000    
 
   0.00000000      0.437500000       0.00000000    
  0.125000000      0.437500000       8.05125694E-07
  0.375000000      0.437500000       1.35219407E-05
  0.625000000      0.437500000       4.11520450E-05
  0.875000000      0.437500000       8.14302621E-05
   1.12500000      0.437500000       1.29729262E-04
   1.37500000      0.437500000       1.82137926E-04
   1.62500000      0.437500000       2.36324981E-04
   1.87500000      0.437500000       2.91180477E-04
   2.12500000      0.437500000       3.46258632E-04
   2.37500000      0.437500000       4.01403173E-04
   2.62500000      0.437500000       4.56565875E-04
   2.87500000      0.437500000       5.11733291E-04
   3.12500000      0.437500000       5.66901523E-04
   3.37500000      0.437500000       6.22070220E-04
   3.62500000      0.437500000       6.77238742E-04
   3.87500000      0.437500000       7.32407323E-04
   4.12500000      0.437500000       7.87575904E-04
   4.37500000      0.437500000       8.42744077E-04
   4.62500000      0.437500000       8.97912658E-04
   4.87500000      0.437500000       9.53081239E-04
   5.12500000      0.437500000       1.00824982E-03
   5.37500000      0.437500000       1.06341869E-03
   5.62500000      0.437500000       1.11858721E-03
   5.87500000      0.437500000       1.17375609E-03
   6.12500000      0.437500000       1.22892426E-03
   6.37500000      0.437500000       1.28409278E-03
   6.62500000      0.437500000       1.33926084E-03
   6.87500000      0.437500000       1.39442959E-03
   7.12500000      0.437500000       1.44959812E-03
   7.37500000      0.437500000       1.50476687E-03
   7.62500000      0.437500000       1.55993551E-03
   7.87500000      0.437500000       1.61510380E-03
   8.12500000      0.437500000       1.67027221E-03
   8.37500000      0.437500000       1.72544061E-03
   8.62500000      0.437500000       1.78061158E-03
   8.87500000      0.437500000       1.83585018E-03
   9.12500000      0.437500000       1.89369067E-03
   9.37500000      0.437500000       2.03834451E-03
   9.62500000      0.437500000       4.75380523E-03
   9.87500000      0.437500000       7.67051131E-02
   10.0000000      0.437500000       1.00000000    
 
   0.00000000      0.462500006       0.00000000    
  0.125000000      0.462500006       4.57096434E-07
  0.375000000      0.462500006       7.83859559E-06
  0.625000000      0.462500006       2.38533212E-05
  0.875000000      0.462500006       4.70355408E-05
   1.12500000      0.462500006       7.46056758E-05
   1.37500000      0.462500006       1.04313884E-04
   1.62500000      0.462500006       1.34886141E-04
   1.87500000      0.462500006       1.65754362E-04
   2.12500000      0.462500006       1.96709298E-04
   2.37500000      0.462500006       2.27685727E-04
   2.62500000      0.462500006       2.58666551E-04
   2.87500000      0.462500006       2.89648073E-04
   3.12500000      0.462500006       3.20629595E-04
   3.37500000      0.462500006       3.51611030E-04
   3.62500000      0.462500006       3.82592494E-04
   3.87500000      0.462500006       4.13573900E-04
   4.12500000      0.462500006       4.44555451E-04
   4.37500000      0.462500006       4.75536741E-04
   4.62500000      0.462500006       5.06518176E-04
   4.87500000      0.462500006       5.37499494E-04
   5.12500000      0.462500006       5.68480988E-04
   5.37500000      0.462500006       5.99462481E-04
   5.62500000      0.462500006       6.30443974E-04
   5.87500000      0.462500006       6.61425467E-04
   6.12500000      0.462500006       6.92406786E-04
   6.37500000      0.462500006       7.23388104E-04
   6.62500000      0.462500006       7.54369365E-04
   6.87500000      0.462500006       7.85350916E-04
   7.12500000      0.462500006       8.16332235E-04
   7.37500000      0.462500006       8.47313902E-04
   7.62500000      0.462500006       8.78295279E-04
   7.87500000      0.462500006       9.09276598E-04
   8.12500000      0.462500006       9.40257916E-04
   8.37500000      0.462500006       9.71239409E-04
   8.62500000      0.462500006       1.00222288E-03
   8.87500000      0.462500006       1.03327236E-03
   9.12500000      0.462500006       1.06685411E-03
   9.37500000      0.462500006       1.18532975E-03
   9.62500000      0.462500006       3.83407925E-03
   9.87500000      0.462500006       7.51961544E-02
   10.0000000      0.462500006       1.00000000    
 
   0.00000000      0.487500012       0.00000000    
  0.125000000      0.487500012       3.65942384E-07
  0.375000000      0.487500012       5.82297434E-06
  0.625000000      0.487500012       1.67983144E-05
  0.875000000      0.487500012       3.15935067E-05
   1.12500000      0.487500012       4.81718489E-05
   1.37500000      0.487500012       6.52859890E-05
   1.62500000      0.487500012       8.24438757E-05
   1.87500000      0.487500012       9.95362861E-05
   2.12500000      0.487500012       1.16575073E-04
   2.37500000      0.487500012       1.33586465E-04
   2.62500000      0.487500012       1.50586799E-04
   2.87500000      0.487500012       1.67583232E-04
   3.12500000      0.487500012       1.84578515E-04
   3.37500000      0.487500012       2.01573421E-04
   3.62500000      0.487500012       2.18568253E-04
   3.87500000      0.487500012       2.35563042E-04
   4.12500000      0.487500012       2.52557860E-04
   4.37500000      0.487500012       2.69552605E-04
   4.62500000      0.487500012       2.86547322E-04
   4.87500000      0.487500012       3.03542038E-04
   5.12500000      0.487500012       3.20536899E-04
   5.37500000      0.487500012       3.37531732E-04
   5.62500000      0.487500012       3.54526535E-04
   5.87500000      0.487500012       3.71521339E-04
   6.12500000      0.487500012       3.88516084E-04
   6.37500000      0.487500012       4.05510771E-04
   6.62500000      0.487500012       4.22505545E-04
   6.87500000      0.487500012       4.39500291E-04
   7.12500000      0.487500012       4.56495094E-04
   7.37500000      0.487500012       4.73489927E-04
   7.62500000      0.487500012       4.90484759E-04
   7.87500000      0.487500012       5.07479417E-04
   8.12500000      0.487500012       5.24474191E-04
   8.37500000      0.487500012       5.41469082E-04
   8.62500000      0.487500012       5.58465370E-04
   8.87500000      0.487500012       5.75527549E-04
   9.12500000      0.487500012       5.95087942E-04
   9.37500000      0.487500012       6.98610209E-04
   9.62500000      0.487500012       3.31268832E-03
   9.87500000      0.487500012       7.43867308E-02
   10.0000000      0.487500012       1.00000000    
 
   0.00000000      0.512500048       0.00000000    
  0.125000000      0.512500048       4.97805274E-07
  0.375000000      0.512500048       6.76112541E-06
  0.625000000      0.512500048       1.75645582E-05
  0.875000000      0.512500048       2.99604962E-05
   1.12500000      0.512500048       4.18520540E-05
   1.37500000      0.512500048       5.26563272E-05
   1.62500000      0.512500048       6.26015171E-05
   1.87500000      0.512500048       7.20626558E-05
   2.12500000      0.512500048       8.13023289E-05
   2.37500000      0.512500048       9.04550034E-05
   2.62500000      0.512500048       9.95774681E-05
   2.87500000      0.512500048       1.08690481E-04
   3.12500000      0.512500048       1.17800802E-04
   3.37500000      0.512500048       1.26910338E-04
   3.62500000      0.512500048       1.36019735E-04
   3.87500000      0.512500048       1.45129103E-04
   4.12500000      0.512500048       1.54238485E-04
   4.37500000      0.512500048       1.63347766E-04
   4.62500000      0.512500048       1.72457076E-04
   4.87500000      0.512500048       1.81566415E-04
   5.12500000      0.512500048       1.90675753E-04
   5.37500000      0.512500048       1.99785107E-04
   5.62500000      0.512500048       2.08894475E-04
   5.87500000      0.512500048       2.18003785E-04
   6.12500000      0.512500048       2.27113080E-04
   6.37500000      0.512500048       2.36222462E-04
   6.62500000      0.512500048       2.45331728E-04
   6.87500000      0.512500048       2.54441024E-04
   7.12500000      0.512500048       2.63550348E-04
   7.37500000      0.512500048       2.72659760E-04
   7.62500000      0.512500048       2.81769113E-04
   7.87500000      0.512500048       2.90878379E-04
   8.12500000      0.512500048       2.99987703E-04
   8.37500000      0.512500048       3.09097086E-04
   8.62500000      0.512500048       3.18207982E-04
   8.87500000      0.512500048       3.27384740E-04
   9.12500000      0.512500048       3.39061429E-04
   9.37500000      0.512500048       4.34743502E-04
   9.62500000      0.512500048       3.04202083E-03
   9.87500000      0.512500048       7.41315186E-02
   10.0000000      0.512500048       1.00000000    
 
   0.00000000      0.537500024       0.00000000    
  0.125000000      0.537500024       9.44836529E-07
  0.375000000      0.537500024       1.12093194E-05
  0.625000000      0.537500024       2.66833231E-05
  0.875000000      0.537500024       4.17321025E-05
   1.12500000      0.537500024       5.35165600E-05
   1.37500000      0.537500024       6.20946594E-05
   1.62500000      0.537500024       6.86045896E-05
   1.87500000      0.537500024       7.40673349E-05
   2.12500000      0.537500024       7.90840495E-05
   2.37500000      0.537500024       8.39348359E-05
   2.62500000      0.537500024       8.87304777E-05
   2.87500000      0.537500024       9.35094649E-05
   3.12500000      0.537500024       9.82838537E-05
   3.37500000      0.537500024       1.03056998E-04
   3.62500000      0.537500024       1.07829888E-04
   3.87500000      0.537500024       1.12602698E-04
   4.12500000      0.537500024       1.17375494E-04
   4.37500000      0.537500024       1.22148282E-04
   4.62500000      0.537500024       1.26921092E-04
   4.87500000      0.537500024       1.31693872E-04
   5.12500000      0.537500024       1.36466668E-04
   5.37500000      0.537500024       1.41239507E-04
   5.62500000      0.537500024       1.46012273E-04
   5.87500000      0.537500024       1.50785054E-04
   6.12500000      0.537500024       1.55557820E-04
   6.37500000      0.537500024       1.60330615E-04
   6.62500000      0.537500024       1.65103425E-04
   6.87500000      0.537500024       1.69876192E-04
   7.12500000      0.537500024       1.74649002E-04
   7.37500000      0.537500024       1.79421826E-04
   7.62500000      0.537500024       1.84194621E-04
   7.87500000      0.537500024       1.88967388E-04
   8.12500000      0.537500024       1.93740154E-04
   8.37500000      0.537500024       1.98513022E-04
   8.62500000      0.537500024       2.03287374E-04
   8.87500000      0.537500024       2.08128637E-04
   9.12500000      0.537500024       2.15507680E-04
   9.37500000      0.537500024       3.07929266E-04
   9.62500000      0.537500024       2.93415110E-03
   9.87500000      0.537500024       7.43484125E-02
   10.0000000      0.537500024       1.00000000    
 
   0.00000000      0.562500000       0.00000000    
  0.125000000      0.562500000       1.98370481E-06
  0.375000000      0.562500000       2.12669456E-05
  0.625000000      0.562500000       4.79045120E-05
  0.875000000      0.562500000       7.12205438E-05
   1.12500000      0.562500000       8.70025178E-05
   1.37500000      0.562500000       9.63377679E-05
   1.62500000      0.562500000       1.01803009E-04
   1.87500000      0.562500000       1.05406289E-04
   2.12500000      0.562500000       1.08248336E-04
   2.37500000      0.562500000       1.10816960E-04
   2.62500000      0.562500000       1.13297436E-04
   2.87500000      0.562500000       1.15752067E-04
   3.12500000      0.562500000       1.18199707E-04
   3.37500000      0.562500000       1.20645564E-04
   3.62500000      0.562500000       1.23091013E-04
   3.87500000      0.562500000       1.25536360E-04
   4.12500000      0.562500000       1.27981693E-04
   4.37500000      0.562500000       1.30426968E-04
   4.62500000      0.562500000       1.32872345E-04
   4.87500000      0.562500000       1.35317649E-04
   5.12500000      0.562500000       1.37762967E-04
   5.37500000      0.562500000       1.40208271E-04
   5.62500000      0.562500000       1.42653545E-04
   5.87500000      0.562500000       1.45098878E-04
   6.12500000      0.562500000       1.47544197E-04
   6.37500000      0.562500000       1.49989530E-04
   6.62500000      0.562500000       1.52434877E-04
   6.87500000      0.562500000       1.54880152E-04
   7.12500000      0.562500000       1.57325499E-04
   7.37500000      0.562500000       1.59770876E-04
   7.62500000      0.562500000       1.62216180E-04
   7.87500000      0.562500000       1.64661484E-04
   8.12500000      0.562500000       1.67106788E-04
   8.37500000      0.562500000       1.69552120E-04
   8.62500000      0.562500000       1.71999083E-04
   8.87500000      0.562500000       1.74515211E-04
   9.12500000      0.562500000       1.79644820E-04
   9.37500000      0.562500000       2.71901925E-04
   9.62500000      0.562500000       2.94232112E-03
   9.87500000      0.562500000       7.50016421E-02
   10.0000000      0.562500000       1.00000000    
 
   0.00000000      0.587499976       0.00000000    
  0.125000000      0.587499976       4.23155689E-06
  0.375000000      0.587499976       4.13822272E-05
  0.625000000      0.587499976       8.93512188E-05
  0.875000000      0.587499976       1.28546337E-04
   1.12500000      0.587499976       1.52911118E-04
   1.37500000      0.587499976       1.65615027E-04
   1.62500000      0.587499976       1.71693522E-04
   1.87500000      0.587499976       1.74720117E-04
   2.12500000      0.587499976       1.76544432E-04
   2.37500000      0.587499976       1.77951093E-04
   2.62500000      0.587499976       1.79226990E-04
   2.87500000      0.587499976       1.80465548E-04
   3.12500000      0.587499976       1.81694268E-04
   3.37500000      0.587499976       1.82920572E-04
   3.62500000      0.587499976       1.84146353E-04
   3.87500000      0.587499976       1.85371915E-04
   4.12500000      0.587499976       1.86597536E-04
   4.37500000      0.587499976       1.87823054E-04
   4.62500000      0.587499976       1.89048704E-04
   4.87500000      0.587499976       1.90274252E-04
   5.12500000      0.587499976       1.91499857E-04
   5.37500000      0.587499976       1.92725405E-04
   5.62500000      0.587499976       1.93950895E-04
   5.87500000      0.587499976       1.95176530E-04
   6.12500000      0.587499976       1.96402078E-04
   6.37500000      0.587499976       1.97627742E-04
   6.62500000      0.587499976       1.98853289E-04
   6.87500000      0.587499976       2.00078866E-04
   7.12500000      0.587499976       2.01304443E-04
   7.37500000      0.587499976       2.02530064E-04
   7.62500000      0.587499976       2.03755641E-04
   7.87500000      0.587499976       2.04981203E-04
   8.12500000      0.587499976       2.06206809E-04
   8.37500000      0.587499976       2.07432357E-04
   8.62500000      0.587499976       2.08659665E-04
   8.87500000      0.587499976       2.09959733E-04
   9.12500000      0.587499976       2.13990977E-04
   9.37500000      0.587499976       3.08378338E-04
   9.62500000      0.587499976       3.04914755E-03
   9.87500000      0.587499976       7.60915279E-02
   10.0000000      0.587499976       1.00000000    
 
   0.00000000      0.612500012       0.00000000    
  0.125000000      0.612500012       8.97637437E-06
  0.375000000      0.612500012       7.99103364E-05
  0.625000000      0.612500012       1.65761376E-04
  0.875000000      0.612500012       2.31950471E-04
   1.12500000      0.612500012       2.70707358E-04
   1.37500000      0.612500012       2.89471325E-04
   1.62500000      0.612500012       2.97470659E-04
   1.87500000      0.612500012       3.00725369E-04
   2.12500000      0.612500012       3.02181288E-04
   2.37500000      0.612500012       3.03033594E-04
   2.62500000      0.612500012       3.03702604E-04
   2.87500000      0.612500012       3.04320856E-04
   3.12500000      0.612500012       3.04925896E-04
   3.37500000      0.612500012       3.05527908E-04
   3.62500000      0.612500012       3.06129310E-04
   3.87500000      0.612500012       3.06730362E-04
   4.12500000      0.612500012       3.07331531E-04
   4.37500000      0.612500012       3.07932612E-04
   4.62500000      0.612500012       3.08533752E-04
   4.87500000      0.612500012       3.09134863E-04
   5.12500000      0.612500012       3.09736031E-04
   5.37500000      0.612500012       3.10337055E-04
   5.62500000      0.612500012       3.10938194E-04
   5.87500000      0.612500012       3.11539305E-04
   6.12500000      0.612500012       3.12140357E-04
   6.37500000      0.612500012       3.12741613E-04
   6.62500000      0.612500012       3.13342724E-04
   6.87500000      0.612500012       3.13943805E-04
   7.12500000      0.612500012       3.14544945E-04
   7.37500000      0.612500012       3.15146026E-04
   7.62500000      0.612500012       3.15747166E-04
   7.87500000      0.612500012       3.16348247E-04
   8.12500000      0.612500012       3.16949358E-04
   8.37500000      0.612500012       3.17550555E-04
   8.62500000      0.612500012       3.18153412E-04
   8.87500000      0.612500012       3.18834122E-04
   9.12500000      0.612500012       3.22412001E-04
   9.37500000      0.612500012       4.20864439E-04
   9.62500000      0.612500012       3.26031307E-03
   9.87500000      0.612500012       7.76492357E-02
   10.0000000      0.612500012       1.00000000    
 
   0.00000000      0.637500048       0.00000000    
  0.125000000      0.637500048       1.88334470E-05
  0.375000000      0.637500048       1.51784261E-04
  0.625000000      0.637500048       3.02107976E-04
  0.875000000      0.637500048       4.11481305E-04
   1.12500000      0.637500048       4.72180778E-04
   1.37500000      0.637500048       4.99989372E-04
   1.62500000      0.637500048       5.11050108E-04
   1.87500000      0.637500048       5.15064225E-04
   2.12500000      0.637500048       5.16513421E-04
   2.37500000      0.637500048       5.17132576E-04
   2.62500000      0.637500048       5.17508015E-04
   2.87500000      0.637500048       5.17818029E-04
   3.12500000      0.637500048       5.18111337E-04
   3.37500000      0.637500048       5.18401095E-04
   3.62500000      0.637500048       5.18690096E-04
   3.87500000      0.637500048       5.18978573E-04
   4.12500000      0.637500048       5.19267400E-04
   4.37500000      0.637500048       5.19555761E-04
   4.62500000      0.637500048       5.19844471E-04
   4.87500000      0.637500048       5.20133181E-04
   5.12500000      0.637500048       5.20421949E-04
   5.37500000      0.637500048       5.20710426E-04
   5.62500000      0.637500048       5.20999019E-04
   5.87500000      0.637500048       5.21287788E-04
   6.12500000      0.637500048       5.21576323E-04
   6.37500000      0.637500048       5.21865149E-04
   6.62500000      0.637500048       5.22153743E-04
   6.87500000      0.637500048       5.22442337E-04
   7.12500000      0.637500048       5.22731047E-04
   7.37500000      0.637500048       5.23019582E-04
   7.62500000      0.637500048       5.23308350E-04
   7.87500000      0.637500048       5.23596827E-04
   8.12500000      0.637500048       5.23885479E-04
   8.37500000      0.637500048       5.24174247E-04
   8.62500000      0.637500048       5.24464878E-04
   8.87500000      0.637500048       5.24839910E-04
   9.12500000      0.637500048       5.28334873E-04
   9.37500000      0.637500048       6.32719311E-04
   9.62500000      0.637500048       3.60264932E-03
   9.87500000      0.637500048       7.97363147E-02
   10.0000000      0.637500048       1.00000000    
 
   0.00000000      0.662500024       0.00000000    
  0.125000000      0.662500024       3.90073001E-05
  0.375000000      0.662500024       2.82810157E-04
  0.625000000      0.662500024       5.38923545E-04
  0.875000000      0.662500024       7.14179419E-04
   1.12500000      0.662500024       8.06287804E-04
   1.37500000      0.662500024       8.46387935E-04
   1.62500000      0.662500024       8.61513021E-04
   1.87500000      0.662500024       8.66634655E-04
   2.12500000      0.662500024       8.68269068E-04
   2.37500000      0.662500024       8.68817442E-04
   2.62500000      0.662500024       8.69058131E-04
   2.87500000      0.662500024       8.69219075E-04
   3.12500000      0.662500024       8.69360287E-04
   3.37500000      0.662500024       8.69497191E-04
   3.62500000      0.662500024       8.69633397E-04
   3.87500000      0.662500024       8.69769079E-04
   4.12500000      0.662500024       8.69904878E-04
   4.37500000      0.662500024       8.70040327E-04
   4.62500000      0.662500024       8.70176184E-04
   4.87500000      0.662500024       8.70312040E-04
   5.12500000      0.662500024       8.70447839E-04
   5.37500000      0.662500024       8.70583404E-04
   5.62500000      0.662500024       8.70719086E-04
   5.87500000      0.662500024       8.70855059E-04
   6.12500000      0.662500024       8.70990509E-04
   6.37500000      0.662500024       8.71126715E-04
   6.62500000      0.662500024       8.71262513E-04
   6.87500000      0.662500024       8.71397962E-04
   7.12500000      0.662500024       8.71533935E-04
   7.37500000      0.662500024       8.71669559E-04
   7.62500000      0.662500024       8.71805532E-04
   7.87500000      0.662500024       8.71941156E-04
   8.12500000      0.662500024       8.72076838E-04
   8.37500000      0.662500024       8.72212462E-04
   8.62500000      0.662500024       8.72350240E-04
   8.87500000      0.662500024       8.72581557E-04
   9.12500000      0.662500024       8.76223843E-04
   9.37500000      0.662500024       9.88545595E-04
   9.62500000      0.662500024       4.12561698E-03
   9.87500000      0.662500024       8.24473649E-02
   10.0000000      0.662500024       1.00000000    
 
   0.00000000      0.687500000       0.00000000    
  0.125000000      0.687500000       7.96502281E-05
  0.375000000      0.687500000       5.16225526E-04
  0.625000000      0.687500000       9.39571590E-04
  0.875000000      0.687500000       1.21073518E-03
   1.12500000      0.687500000       1.34526577E-03
   1.37500000      0.687500000       1.40086748E-03
   1.62500000      0.687500000       1.42083096E-03
   1.87500000      0.687500000       1.42724358E-03
   2.12500000      0.687500000       1.42914371E-03
   2.37500000      0.687500000       1.42969459E-03
   2.62500000      0.687500000       1.42987759E-03
   2.87500000      0.687500000       1.42996805E-03
   3.12500000      0.687500000       1.43003650E-03
   3.37500000      0.687500000       1.43010018E-03
   3.62500000      0.687500000       1.43016304E-03
   3.87500000      0.687500000       1.43022544E-03
   4.12500000      0.687500000       1.43028831E-03
   4.37500000      0.687500000       1.43035047E-03
   4.62500000      0.687500000       1.43041322E-03
   4.87500000      0.687500000       1.43047585E-03
   5.12500000      0.687500000       1.43053813E-03
   5.37500000      0.687500000       1.43060065E-03
   5.62500000      0.687500000       1.43066316E-03
   5.87500000      0.687500000       1.43072591E-03
   6.12500000      0.687500000       1.43078831E-03
   6.37500000      0.687500000       1.43085152E-03
   6.62500000      0.687500000       1.43091416E-03
   6.87500000      0.687500000       1.43097620E-03
   7.12500000      0.687500000       1.43103895E-03
   7.37500000      0.687500000       1.43110147E-03
   7.62500000      0.687500000       1.43116410E-03
   7.87500000      0.687500000       1.43122661E-03
   8.12500000      0.687500000       1.43128913E-03
   8.37500000      0.687500000       1.43135153E-03
   8.62500000      0.687500000       1.43141660E-03
   8.87500000      0.687500000       1.43158645E-03
   9.12500000      0.687500000       1.43554155E-03
   9.37500000      0.687500000       1.55810709E-03
   9.62500000      0.687500000       4.90539707E-03
   9.87500000      0.687500000       8.59157443E-02
   10.0000000      0.687500000       1.00000000    
 
   0.00000000      0.712499976       0.00000000    
  0.125000000      0.712499976       1.60138748E-04
  0.375000000      0.712499976       9.22175182E-04
  0.625000000      0.712499976       1.59941788E-03
  0.875000000      0.712499976       2.00328277E-03
   1.12500000      0.712499976       2.19165371E-03
   1.37500000      0.712499976       2.26535788E-03
   1.62500000      0.712499976       2.29053199E-03
   1.87500000      0.712499976       2.29823729E-03
   2.12500000      0.712499976       2.30039912E-03
   2.37500000      0.712499976       2.30097421E-03
   2.62500000      0.712499976       2.30113254E-03
   2.87500000      0.712499976       2.30119005E-03
   3.12500000      0.712499976       2.30122404E-03
   3.37500000      0.712499976       2.30125361E-03
   3.62500000      0.712499976       2.30128178E-03
   3.87500000      0.712499976       2.30130949E-03
   4.12500000      0.712499976       2.30133859E-03
   4.37500000      0.712499976       2.30136630E-03
   4.62500000      0.712499976       2.30139517E-03
   4.87500000      0.712499976       2.30142311E-03
   5.12500000      0.712499976       2.30145128E-03
   5.37500000      0.712499976       2.30147922E-03
   5.62500000      0.712499976       2.30150763E-03
   5.87500000      0.712499976       2.30153603E-03
   6.12500000      0.712499976       2.30156491E-03
   6.37500000      0.712499976       2.30159354E-03
   6.62500000      0.712499976       2.30162195E-03
   6.87500000      0.712499976       2.30164989E-03
   7.12500000      0.712499976       2.30167760E-03
   7.37500000      0.712499976       2.30170600E-03
   7.62500000      0.712499976       2.30173394E-03
   7.87500000      0.712499976       2.30176281E-03
   8.12500000      0.712499976       2.30179075E-03
   8.37500000      0.712499976       2.30181939E-03
   8.62500000      0.712499976       2.30185012E-03
   8.87500000      0.712499976       2.30200053E-03
   9.12500000      0.712499976       2.30641477E-03
   9.37500000      0.712499976       2.44197412E-03
   9.62500000      0.712499976       6.05070312E-03
   9.87500000      0.712499976       9.03202146E-02
   10.0000000      0.712499976       1.00000000    
 
   0.00000000      0.737500012       0.00000000    
  0.125000000      0.737500012       3.16561986E-04
  0.375000000      0.737500012       1.61053566E-03
  0.625000000      0.737500012       2.65630963E-03
  0.875000000      0.737500012       3.23354150E-03
   1.12500000      0.737500012       3.48552247E-03
   1.37500000      0.737500012       3.57854366E-03
   1.62500000      0.737500012       3.60870012E-03
   1.87500000      0.737500012       3.61749530E-03
   2.12500000      0.737500012       3.61984759E-03
   2.37500000      0.737500012       3.62043711E-03
   2.62500000      0.737500012       3.62058217E-03
   2.87500000      0.737500012       3.62062384E-03
   3.12500000      0.737500012       3.62064200E-03
   3.37500000      0.737500012       3.62065551E-03
   3.62500000      0.737500012       3.62066738E-03
   3.87500000      0.737500012       3.62067972E-03
   4.12500000      0.737500012       3.62069253E-03
   4.37500000      0.737500012       3.62070487E-03
   4.62500000      0.737500012       3.62071767E-03
   4.87500000      0.737500012       3.62073025E-03
   5.12500000      0.737500012       3.62074305E-03
   5.37500000      0.737500012       3.62075446E-03
   5.62500000      0.737500012       3.62076750E-03
   5.87500000      0.737500012       3.62077984E-03
   6.12500000      0.737500012       3.62079334E-03
   6.37500000      0.737500012       3.62080638E-03
   6.62500000      0.737500012       3.62081942E-03
   6.87500000      0.737500012       3.62083083E-03
   7.12500000      0.737500012       3.62084317E-03
   7.37500000      0.737500012       3.62085481E-03
   7.62500000      0.737500012       3.62086855E-03
   7.87500000      0.737500012       3.62088089E-03
   8.12500000      0.737500012       3.62089276E-03
   8.37500000      0.737500012       3.62090580E-03
   8.62500000      0.737500012       3.62092140E-03
   8.87500000      0.737500012       3.62107554E-03
   9.12500000      0.737500012       3.62609839E-03
   9.37500000      0.737500012       3.77797987E-03
   9.62500000      0.737500012       7.70935649E-03
   9.87500000      0.737500012       9.58922952E-02
   10.0000000      0.737500012       1.00000000    
 
   0.00000000      0.762500048       0.00000000    
  0.125000000      0.762500048       6.14297460E-04
  0.375000000      0.762500048       2.74682837E-03
  0.625000000      0.762500048       4.30091284E-03
  0.875000000      0.762500048       5.08997170E-03
   1.12500000      0.762500048       5.41083328E-03
   1.37500000      0.762500048       5.52218221E-03
   1.62500000      0.762500048       5.55635337E-03
   1.87500000      0.762500048       5.56583749E-03
   2.12500000      0.762500048       5.56825800E-03
   2.37500000      0.762500048       5.56883495E-03
   2.62500000      0.762500048       5.56896580E-03
   2.87500000      0.762500048       5.56899700E-03
   3.12500000      0.762500048       5.56900911E-03
   3.37500000      0.762500048       5.56901516E-03
   3.62500000      0.762500048       5.56901935E-03
   3.87500000      0.762500048       5.56902494E-03
   4.12500000      0.762500048       5.56902960E-03
   4.37500000      0.762500048       5.56903612E-03
   4.62500000      0.762500048       5.56904124E-03
   4.87500000      0.762500048       5.56904683E-03
   5.12500000      0.762500048       5.56905242E-03
   5.37500000      0.762500048       5.56905754E-03
   5.62500000      0.762500048       5.56906266E-03
   5.87500000      0.762500048       5.56906778E-03
   6.12500000      0.762500048       5.56907430E-03
   6.37500000      0.762500048       5.56907989E-03
   6.62500000      0.762500048       5.56908688E-03
   6.87500000      0.762500048       5.56909153E-03
   7.12500000      0.762500048       5.56909572E-03
   7.37500000      0.762500048       5.56910131E-03
   7.62500000      0.762500048       5.56910736E-03
   7.87500000      0.762500048       5.56911156E-03
   8.12500000      0.762500048       5.56911668E-03
   8.37500000      0.762500048       5.56912320E-03
   8.62500000      0.762500048       5.56913204E-03
   8.87500000      0.762500048       5.56930387E-03
   9.12500000      0.762500048       5.57510648E-03
   9.37500000      0.762500048       5.74733457E-03
   9.62500000      0.762500048       1.00743156E-02
   9.87500000      0.762500048      0.102920845    
   10.0000000      0.762500048       1.00000000    
 
   0.00000000      0.787500024       0.00000000    
  0.125000000      0.787500024       1.16806536E-03
  0.375000000      0.787500024       4.56959149E-03
  0.625000000      0.787500024       6.78444235E-03
  0.875000000      0.787500024       7.81213446E-03
   1.12500000      0.787500024       8.19953252E-03
   1.37500000      0.787500024       8.32545199E-03
   1.62500000      0.787500024       8.36193189E-03
   1.87500000      0.787500024       8.37154780E-03
   2.12500000      0.787500024       8.37388542E-03
   2.37500000      0.787500024       8.37441627E-03
   2.62500000      0.787500024       8.37453268E-03
   2.87500000      0.787500024       8.37455597E-03
   3.12500000      0.787500024       8.37456528E-03
   3.37500000      0.787500024       8.37456807E-03
   3.62500000      0.787500024       8.37456901E-03
   3.87500000      0.787500024       8.37457273E-03
   4.12500000      0.787500024       8.37457273E-03
   4.37500000      0.787500024       8.37457646E-03
   4.62500000      0.787500024       8.37457646E-03
   4.87500000      0.787500024       8.37458018E-03
   5.12500000      0.787500024       8.37458391E-03
   5.37500000      0.787500024       8.37458484E-03
   5.62500000      0.787500024       8.37458577E-03
   5.87500000      0.787500024       8.37458763E-03
   6.12500000      0.787500024       8.37459043E-03
   6.37500000      0.787500024       8.37459415E-03
   6.62500000      0.787500024       8.37459881E-03
   6.87500000      0.787500024       8.37459881E-03
   7.12500000      0.787500024       8.37460160E-03
   7.37500000      0.787500024       8.37460253E-03
   7.62500000      0.787500024       8.37460440E-03
   7.87500000      0.787500024       8.37460719E-03
   8.12500000      0.787500024       8.37460905E-03
   8.37500000      0.787500024       8.37461185E-03
   8.62500000      0.787500024       8.37462023E-03
   8.87500000      0.787500024       8.37481953E-03
   9.12500000      0.787500024       8.38159956E-03
   9.37500000      0.787500024       8.57898127E-03
   9.62500000      0.787500024       1.33875059E-02
   9.87500000      0.787500024      0.111750916    
   10.0000000      0.787500024       1.00000000    
 
   0.00000000      0.812500000       0.00000000    
  0.125000000      0.812500000       2.17183656E-03
  0.375000000      0.812500000       7.40540121E-03
  0.625000000      0.812500000       1.04204305E-02
  0.875000000      0.812500000       1.16903111E-02
   1.12500000      0.812500000       1.21319229E-02
   1.37500000      0.812500000       1.22658843E-02
   1.62500000      0.812500000       1.23024182E-02
   1.87500000      0.812500000       1.23115452E-02
   2.12500000      0.812500000       1.23136621E-02
   2.37500000      0.812500000       1.23141194E-02
   2.62500000      0.812500000       1.23142144E-02
   2.87500000      0.812500000       1.23142367E-02
   3.12500000      0.812500000       1.23142414E-02
   3.37500000      0.812500000       1.23142432E-02
   3.62500000      0.812500000       1.23142432E-02
   3.87500000      0.812500000       1.23142432E-02
   4.12500000      0.812500000       1.23142432E-02
   4.37500000      0.812500000       1.23142442E-02
   4.62500000      0.812500000       1.23142470E-02
   4.87500000      0.812500000       1.23142470E-02
   5.12500000      0.812500000       1.23142479E-02
   5.37500000      0.812500000       1.23142479E-02
   5.62500000      0.812500000       1.23142479E-02
   5.87500000      0.812500000       1.23142479E-02
   6.12500000      0.812500000       1.23142479E-02
   6.37500000      0.812500000       1.23142516E-02
   6.62500000      0.812500000       1.23142535E-02
   6.87500000      0.812500000       1.23142535E-02
   7.12500000      0.812500000       1.23142544E-02
   7.37500000      0.812500000       1.23142553E-02
   7.62500000      0.812500000       1.23142553E-02
   7.87500000      0.812500000       1.23142553E-02
   8.12500000      0.812500000       1.23142553E-02
   8.37500000      0.812500000       1.23142581E-02
   8.62500000      0.812500000       1.23142647E-02
   8.87500000      0.812500000       1.23145003E-02
   9.12500000      0.812500000       1.23224910E-02
   9.37500000      0.812500000       1.25506148E-02
   9.62500000      0.812500000       1.79395527E-02
   9.87500000      0.812500000      0.122772910    
   10.0000000      0.812500000       1.00000000    
 
   0.00000000      0.837499976       0.00000000    
  0.125000000      0.837499976       3.93943954E-03
  0.375000000      0.837499976       1.16748856E-02
  0.625000000      0.837499976       1.55769689E-02
  0.875000000      0.837499976       1.70587730E-02
   1.12500000      0.837499976       1.75319482E-02
   1.37500000      0.837499976       1.76654495E-02
   1.62500000      0.837499976       1.76996440E-02
   1.87500000      0.837499976       1.77077241E-02
   2.12500000      0.837499976       1.77095048E-02
   2.37500000      0.837499976       1.77098718E-02
   2.62500000      0.837499976       1.77099463E-02
   2.87500000      0.837499976       1.77099667E-02
   3.12500000      0.837499976       1.77099667E-02
   3.37500000      0.837499976       1.77099686E-02
   3.62500000      0.837499976       1.77099705E-02
   3.87500000      0.837499976       1.77099705E-02
   4.12500000      0.837499976       1.77099705E-02
   4.37500000      0.837499976       1.77099705E-02
   4.62500000      0.837499976       1.77099723E-02
   4.87500000      0.837499976       1.77099723E-02
   5.12500000      0.837499976       1.77099723E-02
   5.37500000      0.837499976       1.77099723E-02
   5.62500000      0.837499976       1.77099723E-02
   5.87500000      0.837499976       1.77099723E-02
   6.12500000      0.837499976       1.77099723E-02
   6.37500000      0.837499976       1.77099723E-02
   6.62500000      0.837499976       1.77099723E-02
   6.87500000      0.837499976       1.77099723E-02
   7.12500000      0.837499976       1.77099723E-02
   7.37500000      0.837499976       1.77099723E-02
   7.62500000      0.837499976       1.77099723E-02
   7.87500000      0.837499976       1.77099723E-02
   8.12500000      0.837499976       1.77099723E-02
   8.37500000      0.837499976       1.77099742E-02
   8.62500000      0.837499976       1.77099817E-02
   8.87500000      0.837499976       1.77102592E-02
   9.12500000      0.837499976       1.77197158E-02
   9.37500000      0.837499976       1.79847926E-02
   9.62500000      0.837499976       2.40633059E-02
   9.87500000      0.837499976      0.136394098    
   10.0000000      0.837499976       1.00000000    
 
   0.00000000      0.862500012       0.00000000    
  0.125000000      0.862500012       6.95202779E-03
  0.375000000      0.862500012       1.78805832E-02
  0.625000000      0.862500012       2.26571020E-02
  0.875000000      0.862500012       2.42822319E-02
   1.12500000      0.862500012       2.47567296E-02
   1.37500000      0.862500012       2.48808712E-02
   1.62500000      0.862500012       2.49106679E-02
   1.87500000      0.862500012       2.49173064E-02
   2.12500000      0.862500012       2.49187015E-02
   2.37500000      0.862500012       2.49189790E-02
   2.62500000      0.862500012       2.49190312E-02
   2.87500000      0.862500012       2.49190424E-02
   3.12500000      0.862500012       2.49190424E-02
   3.37500000      0.862500012       2.49190424E-02
   3.62500000      0.862500012       2.49190424E-02
   3.87500000      0.862500012       2.49190424E-02
   4.12500000      0.862500012       2.49190424E-02
   4.37500000      0.862500012       2.49190424E-02
   4.62500000      0.862500012       2.49190424E-02
   4.87500000      0.862500012       2.49190424E-02
   5.12500000      0.862500012       2.49190424E-02
   5.37500000      0.862500012       2.49190424E-02
   5.62500000      0.862500012       2.49190424E-02
   5.87500000      0.862500012       2.49190424E-02
   6.12500000      0.862500012       2.49190424E-02
   6.37500000      0.862500012       2.49190424E-02
   6.62500000      0.862500012       2.49190424E-02
   6.87500000      0.862500012       2.49190424E-02
   7.12500000      0.862500012       2.49190424E-02
   7.37500000      0.862500012       2.49190424E-02
   7.62500000      0.862500012       2.49190424E-02
   7.87500000      0.862500012       2.49190424E-02
   8.12500000      0.862500012       2.49190424E-02
   8.37500000      0.862500012       2.49190424E-02
   8.62500000      0.862500012       2.49190498E-02
   8.87500000      0.862500012       2.49193814E-02
   9.12500000      0.862500012       2.49305740E-02
   9.37500000      0.862500012       2.52390206E-02
   9.62500000      0.862500012       3.21194641E-02
   9.87500000      0.862500012      0.152986676    
   10.0000000      0.862500012       1.00000000    
 
   0.00000000      0.887500048       0.00000000    
  0.125000000      0.887500048       1.18985381E-02
  0.375000000      0.887500048       2.65670288E-02
  0.625000000      0.887500048       3.20678912E-02
  0.875000000      0.887500048       3.37363258E-02
   1.12500000      0.887500048       3.41802500E-02
   1.37500000      0.887500048       3.42876688E-02
   1.62500000      0.887500048       3.43117714E-02
   1.87500000      0.887500048       3.43168378E-02
   2.12500000      0.887500048       3.43178622E-02
   2.37500000      0.887500048       3.43180485E-02
   2.62500000      0.887500048       3.43180820E-02
   2.87500000      0.887500048       3.43180895E-02
   3.12500000      0.887500048       3.43180895E-02
   3.37500000      0.887500048       3.43180895E-02
   3.62500000      0.887500048       3.43180895E-02
   3.87500000      0.887500048       3.43180895E-02
   4.12500000      0.887500048       3.43180895E-02
   4.37500000      0.887500048       3.43180895E-02
   4.62500000      0.887500048       3.43180895E-02
   4.87500000      0.887500048       3.43180895E-02
   5.12500000      0.887500048       3.43180895E-02
   5.37500000      0.887500048       3.43180895E-02
   5.62500000      0.887500048       3.43180895E-02
   5.87500000      0.887500048       3.43180895E-02
   6.12500000      0.887500048       3.43180895E-02
   6.37500000      0.887500048       3.43180895E-02
   6.62500000      0.887500048       3.43180895E-02
   6.87500000      0.887500048       3.43180895E-02
   7.12500000      0.887500048       3.43180895E-02
   7.37500000      0.887500048       3.43180895E-02
   7.62500000      0.887500048       3.43180895E-02
   7.87500000      0.887500048       3.43180895E-02
   8.12500000      0.887500048       3.43180895E-02
   8.37500000      0.887500048       3.43180895E-02
   8.62500000      0.887500048       3.43180969E-02
   8.87500000      0.887500048       3.43184881E-02
   9.12500000      0.887500048       3.43316495E-02
   9.37500000      0.887500048       3.46892513E-02
   9.62500000      0.887500048       4.24731150E-02
   9.87500000      0.887500048      0.172802836    
   10.0000000      0.887500048       1.00000000    
 
   0.00000000      0.912500024       0.00000000    
  0.125000000      0.912500024       1.96778476E-02
  0.375000000      0.912500024       3.82480137E-02
  0.625000000      0.912500024       4.41830344E-02
  0.875000000      0.912500024       4.57844213E-02
   1.12500000      0.912500024       4.61720489E-02
   1.37500000      0.912500024       4.62586470E-02
   1.62500000      0.912500024       4.62767817E-02
   1.87500000      0.912500024       4.62803654E-02
   2.12500000      0.912500024       4.62810509E-02
   2.37500000      0.912500024       4.62811776E-02
   2.62500000      0.912500024       4.62811962E-02
   2.87500000      0.912500024       4.62811962E-02
   3.12500000      0.912500024       4.62811962E-02
   3.37500000      0.912500024       4.62811962E-02
   3.62500000      0.912500024       4.62811962E-02
   3.87500000      0.912500024       4.62811962E-02
   4.12500000      0.912500024       4.62811962E-02
   4.37500000      0.912500024       4.62811962E-02
   4.62500000      0.912500024       4.62811962E-02
   4.87500000      0.912500024       4.62811962E-02
   5.12500000      0.912500024       4.62811962E-02
   5.37500000      0.912500024       4.62811962E-02
   5.62500000      0.912500024       4.62811962E-02
   5.87500000      0.912500024       4.62811962E-02
   6.12500000      0.912500024       4.62811962E-02
   6.37500000      0.912500024       4.62811962E-02
   6.62500000      0.912500024       4.62811962E-02
   6.87500000      0.912500024       4.62811962E-02
   7.12500000      0.912500024       4.62811962E-02
   7.37500000      0.912500024       4.62811962E-02
   7.62500000      0.912500024       4.62811962E-02
   7.87500000      0.912500024       4.62811962E-02
   8.12500000      0.912500024       4.62811962E-02
   8.37500000      0.912500024       4.62811962E-02
   8.62500000      0.912500024       4.62812148E-02
   8.87500000      0.912500024       4.62816544E-02
   9.12500000      0.912500024       4.62969393E-02
   9.37500000      0.912500024       4.67074625E-02
   9.62500000      0.912500024       5.54613732E-02
   9.87500000      0.912500024      0.195850432    
   10.0000000      0.912500024       1.00000000    
 
   0.00000000      0.937500000       0.00000000    
  0.125000000      0.937500000       3.13072391E-02
  0.375000000      0.937500000       5.33079617E-02
  0.625000000      0.937500000       5.93074672E-02
  0.875000000      0.937500000       6.07534200E-02
   1.12500000      0.937500000       6.10724017E-02
   1.37500000      0.937500000       6.11381568E-02
   1.62500000      0.937500000       6.11509979E-02
   1.87500000      0.937500000       6.11533709E-02
   2.12500000      0.937500000       6.11538030E-02
   2.37500000      0.937500000       6.11538701E-02
   2.62500000      0.937500000       6.11538924E-02
   2.87500000      0.937500000       6.11538924E-02
   3.12500000      0.937500000       6.11538924E-02
   3.37500000      0.937500000       6.11538924E-02
   3.62500000      0.937500000       6.11538924E-02
   3.87500000      0.937500000       6.11538924E-02
   4.12500000      0.937500000       6.11538924E-02
   4.37500000      0.937500000       6.11538924E-02
   4.62500000      0.937500000       6.11538924E-02
   4.87500000      0.937500000       6.11538924E-02
   5.12500000      0.937500000       6.11538924E-02
   5.37500000      0.937500000       6.11538924E-02
   5.62500000      0.937500000       6.11538924E-02
   5.87500000      0.937500000       6.11538924E-02
   6.12500000      0.937500000       6.11538924E-02
   6.37500000      0.937500000       6.11538924E-02
   6.62500000      0.937500000       6.11538924E-02
   6.87500000      0.937500000       6.11538924E-02
   7.12500000      0.937500000       6.11538924E-02
   7.37500000      0.937500000       6.11538924E-02
   7.62500000      0.937500000       6.11538924E-02
   7.87500000      0.937500000       6.11538924E-02
   8.12500000      0.937500000       6.11538924E-02
   8.37500000      0.937500000       6.11538924E-02
   8.62500000      0.937500000       6.11539185E-02
   8.87500000      0.937500000       6.11544289E-02
   9.12500000      0.937500000       6.11718036E-02
   9.37500000      0.937500000       6.16349541E-02
   9.62500000      0.937500000       7.13543743E-02
   9.87500000      0.937500000      0.221727818    
   10.0000000      0.937500000       1.00000000    
 
   0.00000000      0.962499976       0.00000000    
  0.125000000      0.962499976       4.76594716E-02
  0.375000000      0.962499976       7.19030201E-02
  0.625000000      0.962499976       7.76531026E-02
  0.875000000      0.962499976       7.89111704E-02
   1.12500000      0.962499976       7.91665688E-02
   1.37500000      0.962499976       7.92153925E-02
   1.62500000      0.962499976       7.92243034E-02
   1.87500000      0.962499976       7.92258456E-02
   2.12500000      0.962499976       7.92261213E-02
   2.37500000      0.962499976       7.92261511E-02
   2.62500000      0.962499976       7.92261660E-02
   2.87500000      0.962499976       7.92261660E-02
   3.12500000      0.962499976       7.92261660E-02
   3.37500000      0.962499976       7.92261660E-02
   3.62500000      0.962499976       7.92261660E-02
   3.87500000      0.962499976       7.92261660E-02
   4.12500000      0.962499976       7.92261660E-02
   4.37500000      0.962499976       7.92261660E-02
   4.62500000      0.962499976       7.92261660E-02
   4.87500000      0.962499976       7.92261660E-02
   5.12500000      0.962499976       7.92261660E-02
   5.37500000      0.962499976       7.92261660E-02
   5.62500000      0.962499976       7.92261660E-02
   5.87500000      0.962499976       7.92261660E-02
   6.12500000      0.962499976       7.92261660E-02
   6.37500000      0.962499976       7.92261660E-02
   6.62500000      0.962499976       7.92261660E-02
   6.87500000      0.962499976       7.92261660E-02
   7.12500000      0.962499976       7.92261660E-02
   7.37500000      0.962499976       7.92261660E-02
   7.62500000      0.962499976       7.92261660E-02
   7.87500000      0.962499976       7.92261660E-02
   8.12500000      0.962499976       7.92261660E-02
   8.37500000      0.962499976       7.92261660E-02
   8.62500000      0.962499976       7.92261809E-02
   8.87500000      0.962499976       7.92267621E-02
   9.12500000      0.962499976       7.92459622E-02
   9.37500000      0.962499976       7.97546953E-02
   9.62500000      0.962499976       9.03147459E-02
   9.87500000      0.962499976      0.249428347    
   10.0000000      0.962499976       1.00000000    
 
   0.00000000      0.987500012       0.00000000    
  0.125000000      0.987500012       6.89491853E-02
  0.375000000      0.987500012       9.39025283E-02
  0.625000000      0.987500012       9.93276238E-02
  0.875000000      0.987500012      0.100445658    
   1.12500000      0.987500012      0.100660443    
   1.37500000      0.987500012      0.100699417    
   1.62500000      0.987500012      0.100706175    
   1.87500000      0.987500012      0.100707293    
   2.12500000      0.987500012      0.100707471    
   2.37500000      0.987500012      0.100707479    
   2.62500000      0.987500012      0.100707479    
   2.87500000      0.987500012      0.100707479    
   3.12500000      0.987500012      0.100707479    
   3.37500000      0.987500012      0.100707479    
   3.62500000      0.987500012      0.100707479    
   3.87500000      0.987500012      0.100707479    
   4.12500000      0.987500012      0.100707479    
   4.37500000      0.987500012      0.100707479    
   4.62500000      0.987500012      0.100707479    
   4.87500000      0.987500012      0.100707479    
   5.12500000      0.987500012      0.100707479    
   5.37500000      0.987500012      0.100707479    
   5.62500000      0.987500012      0.100707479    
   5.87500000      0.987500012      0.100707479    
   6.12500000      0.987500012      0.100707479    
   6.37500000      0.987500012      0.100707479    
   6.62500000      0.987500012      0.100707479    
   6.87500000      0.987500012      0.100707479    
   7.12500000      0.987500012      0.100707479    
   7.37500000      0.987500012      0.100707479    
   7.62500000      0.987500012      0.100707479    
   7.87500000      0.987500012      0.100707479    
   8.12500000      0.987500012      0.100707479    
   8.37500000      0.987500012      0.100707479    
   8.62500000      0.987500012      0.100707524    
   8.87500000      0.987500012      0.100708172    
   9.12500000      0.987500012      0.100728489    
   9.37500000      0.987500012      0.101266153    
   9.62500000      0.987500012      0.112363443    
   9.87500000      0.987500012      0.277145833    
   10.0000000      0.987500012       1.00000000    
 
   0.00000000       1.00000000       0.00000000    
  0.125000000       1.00000000       6.89491853E-02
  0.375000000       1.00000000       9.39025283E-02
  0.625000000       1.00000000       9.93276238E-02
  0.875000000       1.00000000      0.100445658    
   1.12500000       1.00000000      0.100660443    
   1.37500000       1.00000000      0.100699417    
   1.62500000       1.00000000      0.100706175    
   1.87500000       1.00000000      0.100707293    
   2.12500000       1.00000000      0.100707471    
   2.37500000       1.00000000      0.100707479    
   2.62500000       1.00000000      0.100707479    
   2.87500000       1.00000000      0.100707479    
   3.12500000       1.00000000      0.100707479    
   3.37500000       1.00000000      0.100707479    
   3.62500000       1.00000000      0.100707479    
   3.87500000       1.00000000      0.100707479    
   4.12500000       1.00000000      0.100707479    
   4.37500000       1.00000000      0.100707479    
   4.62500000       1.00000000      0.100707479    
   4.87500000       1.00000000      0.100707479    
   5.12500000       1.00000000      0.100707479    
   5.37500000       1.00000000      0.100707479    
   5.62500000       1.00000000      0.100707479    
   5.87500000       1.00000000      0.100707479    
   6.12500000       1.00000000      0.100707479    
   6.37500000       1.00000000      0.100707479    
   6.62500000       1.00000000      0.100707479    
   6.87500000       1.00000000      0.100707479    
   7.12500000       1.00000000      0.100707479    
   7.37500000       1.00000000      0.100707479    
   7.62500000       1.00000000      0.100707479    
   7.87500000       1.00000000      0.100707479    
   8.12500000       1.00000000      0.100707479    
   8.37500000       1.00000000      0.100707479    
   8.62500000       1.00000000      0.100707524    
   8.87500000       1.00000000      0.100708172    
   9.12500000       1.00000000      0.100728489    
   9.37500000       1.00000000      0.101266153    
   9.62500000       1.00000000      0.112363443    
   9.87500000       1.00000000      0.277145833    
   10.0000000       1.00000000       1.00000000    
 
