   3.33333351E-02   8.49007368E-02
  0.100000009       8.49427581E-02
  0.166666687       8.50356221E-02
  0.233333349       8.51826668E-02
  0.300000012       8.53856206E-02
  0.366666675       8.56542587E-02
  0.433333367       8.59992504E-02
  0.500000000       8.64435434E-02
  0.566666722       8.70143771E-02
  0.633333325       8.77662897E-02
  0.700000048       8.87848139E-02
  0.766666710       9.02469754E-02
  0.833333373       9.25666094E-02
  0.900000095       9.72753763E-02
  0.966666698      0.118134499    
   1.03333330      -7.44858980E-02
   1.10000014      -8.26286077E-02
