   3.33333351E-02   5.32727269E-03
  0.100000009       1.07188756E-02
  0.166666687       1.62362549E-02
  0.233333349       2.19526011E-02
  0.300000012       2.79511437E-02
  0.366666675       3.43354903E-02
  0.433333367       4.12384719E-02
  0.500000000       4.88415100E-02
  0.566666722       5.74038774E-02
  0.633333325       6.73204884E-02
  0.700000048       7.92490914E-02
  0.766666710       9.44127291E-02
  0.833333373      0.115526006    
  0.900000095      0.151127949    
  0.966666698      0.301146090    
   1.03333330      0.178805470    
   1.10000014      0.136350721    
