  0.0000000E+00  0.0000000E+00  0.7500000      0.0000000E+00
  0.0000000E+00  0.1000000      0.7743750      0.0000000E+00
  0.0000000E+00  0.3000000      0.8193750      0.0000000E+00
  0.0000000E+00  0.5000000      0.8593750      0.0000000E+00
  0.0000000E+00  0.7000000      0.8943750      0.0000000E+00
  0.0000000E+00  0.9000000      0.9243750      0.0000000E+00
  0.0000000E+00   1.100000      0.9493750      0.0000000E+00
  0.0000000E+00   1.300000      0.9693750      0.0000000E+00
  0.0000000E+00   1.500000      0.9843750      0.0000000E+00
  0.0000000E+00   1.700000      0.9943750      0.0000000E+00
  0.0000000E+00   1.900000      0.9993750      0.0000000E+00
  0.0000000E+00   2.100000      0.9993750      0.0000000E+00
  0.0000000E+00   2.300000      0.9943750      0.0000000E+00
  0.0000000E+00   2.500000      0.9843750      0.0000000E+00
  0.0000000E+00   2.700000      0.9693750      0.0000000E+00
  0.0000000E+00   2.900000      0.9493750      0.0000000E+00
  0.0000000E+00   3.100000      0.9243750      0.0000000E+00
  0.0000000E+00   3.300000      0.8943750      0.0000000E+00
  0.0000000E+00   3.500000      0.8593750      0.0000000E+00
  0.0000000E+00   3.700000      0.8193750      0.0000000E+00
  0.0000000E+00   3.900000      0.7743750      0.0000000E+00
  0.0000000E+00   4.000000      0.7500000      0.0000000E+00
