   1.25000002E-02  0.112231672    
   3.75000015E-02  0.112239957    
   6.25000000E-02  0.112265944    
   8.75000060E-02  0.112310052    
  0.112499997      0.112366199    
  0.137500003      0.112437248    
  0.162499994      0.112523973    
  0.187500000      0.112628043    
  0.212500006      0.112746060    
  0.237500012      0.112881184    
  0.262499988      0.113033712    
  0.287500024      0.113205075    
  0.312500000      0.113393664    
  0.337500006      0.113602817    
  0.362500012      0.113833308    
  0.387499988      0.114086807    
  0.412500024      0.114366353    
  0.437500000      0.114670038    
  0.462500006      0.115004241    
  0.487500012      0.115371585    
  0.512500048      0.115774512    
  0.537500024      0.116217256    
  0.562500000      0.116704941    
  0.587499976      0.117243409    
  0.612500012      0.117839754    
  0.637500048      0.118503273    
  0.662500024      0.119245648    
  0.687500000      0.120065928    
  0.712499976      0.121074498    
  0.737500012      0.121983469    
  0.762500048      0.123738945    
  0.787500024      0.124242544    
  0.812500000      0.127662599    
  0.837499976      0.128331304    
  0.862500012      0.131504238    
  0.887500048      0.137254775    
  0.912500024      0.141213298    
  0.937500000      0.148450911    
  0.962499976      0.172095239    
  0.987500012      0.276683867    
   1.01250005      -9.94180441E-02
   1.03750002     -0.111807585    
