   1.25000002E-02  0.117061973    
   3.75000015E-02  0.117092490    
   6.25000000E-02  0.117115855    
   8.75000060E-02  0.117150903    
  0.112499997      0.117196858    
  0.137500003      0.117256105    
  0.162499994      0.117326498    
  0.187500000      0.117411077    
  0.212500006      0.117507219    
  0.237500012      0.117619216    
  0.262499988      0.117746294    
  0.287500024      0.117887557    
  0.312500000      0.118045270    
  0.337500006      0.118222892    
  0.362500012      0.118417203    
  0.387499988      0.118635774    
  0.412500024      0.118875086    
  0.437500000      0.119140685    
  0.462500006      0.119432628    
  0.487500012      0.119755089    
  0.512500048      0.120111942    
  0.537500024      0.120507717    
  0.562500000      0.120946825    
  0.587499976      0.121435404    
  0.612500012      0.121981025    
  0.637500048      0.122593820    
  0.662500024      0.123286307    
  0.687500000      0.124069631    
  0.712499976      0.124972939    
  0.737500012      0.125993669    
  0.762500048      0.127275527    
  0.787500024      0.128566504    
  0.812500000      0.130633175    
  0.837499976      0.132430971    
  0.862500012      0.135517657    
  0.887500048      0.139289320    
  0.912500024      0.145331800    
  0.937500000      0.152764320    
  0.962499976      0.172787845    
  0.987500012      0.277292073    
   1.01250005      -9.65046883E-02
   1.03750002     -0.108198881    
