   1.25000002E-02  0.114961863    
   3.75000015E-02  0.114973605    
   6.25000000E-02  0.114998281    
   8.75000060E-02  0.115042806    
  0.112499997      0.115100980    
  0.137500003      0.115172386    
  0.162499994      0.115258157    
  0.187500000      0.115363181    
  0.212500006      0.115481615    
  0.237500012      0.115616202    
  0.262499988      0.115770221    
  0.287500024      0.115942240    
  0.312500000      0.116130173    
  0.337500006      0.116343558    
  0.362500012      0.116575480    
  0.387499988      0.116830587    
  0.412500024      0.117110074    
  0.437500000      0.117413878    
  0.462500006      0.117750347    
  0.487500012      0.118119836    
  0.512500048      0.118522108    
  0.537500024      0.118969142    
  0.562500000      0.119457543    
  0.587499976      0.119998217    
  0.612500012      0.120595753    
  0.637500048      0.121262670    
  0.662500024      0.122013688    
  0.687500000      0.122851551    
  0.712499976      0.123821974    
  0.737500012      0.124909341    
  0.762500048      0.126216948    
  0.787500024      0.127695799    
  0.812500000      0.129648864    
  0.837499976      0.131642044    
  0.862500012      0.135066509    
  0.887500048      0.138437986    
  0.912500024      0.144488454    
  0.937500000      0.153669357    
  0.962499976      0.173633695    
  0.987500012      0.276341200    
   1.01250005      -9.58366394E-02
   1.03750002     -0.106094122    
