   1.25000002E-02  0.886081755    
   3.75000015E-02  0.886069715    
   6.25000000E-02  0.886045754    
   8.75000060E-02  0.886002004    
  0.112499997      0.885944307    
  0.137500003      0.885873497    
  0.162499994      0.885787547    
  0.187500000      0.885684013    
  0.212500006      0.885566354    
  0.237500012      0.885433257    
  0.262499988      0.885280073    
  0.287500024      0.885111570    
  0.312500000      0.884923577    
  0.337500006      0.884714365    
  0.362500012      0.884484351    
  0.387499988      0.884231806    
  0.412500024      0.883953571    
  0.437500000      0.883651555    
  0.462500006      0.883319855    
  0.487500012      0.882953405    
  0.512500048      0.882552922    
  0.537500024      0.882112503    
  0.562500000      0.881625772    
  0.587499976      0.881089389    
  0.612500012      0.880494714    
  0.637500048      0.879832268    
  0.662500024      0.879085004    
  0.687500000      0.878262579    
  0.712499976      0.877259314    
  0.737500012      0.876306176    
  0.762500048      0.874654055    
  0.787500024      0.873941958    
  0.812500000      0.870753527    
  0.837499976      0.870020866    
  0.862500012      0.866506159    
  0.887500048      0.861295223    
  0.912500024      0.857294619    
  0.937500000      0.849262714    
  0.962499976      0.825986683    
  0.987500012      0.721743047    
   1.01250005       1.09825563    
   1.03750002       1.10972011    
   1.06250000       1.10804987    
   1.08750010       1.11188889    
   1.11249995       1.11954820    
   1.36249995       1.11954820    
