   1.25000002E-02  0.886029243    
   3.75000015E-02  0.886016250    
   6.25000000E-02  0.885989130    
   8.75000060E-02  0.885943532    
  0.112499997      0.885884762    
  0.137500003      0.885810256    
  0.162499994      0.885719061    
  0.187500000      0.885609746    
  0.212500006      0.885486603    
  0.237500012      0.885345399    
  0.262499988      0.885184526    
  0.287500024      0.885006070    
  0.312500000      0.884810865    
  0.337500006      0.884591162    
  0.362500012      0.884349763    
  0.387499988      0.884086013    
  0.412500024      0.883796453    
  0.437500000      0.883480787    
  0.462500006      0.883135378    
  0.487500012      0.882755876    
  0.512500048      0.882340968    
  0.537500024      0.881883562    
  0.562500000      0.881381691    
  0.587499976      0.880829811    
  0.612500012      0.880217195    
  0.637500048      0.879537046    
  0.662500024      0.878773689    
  0.687500000      0.877922595    
  0.712499976      0.876927912    
  0.737500012      0.875877380    
  0.762500048      0.874378383    
  0.787500024      0.873358667    
  0.812500000      0.870430350    
  0.837499976      0.869802713    
  0.862500012      0.865293145    
  0.887500048      0.861472607    
  0.912500024      0.857391059    
  0.937500000      0.847290337    
  0.962499976      0.825051665    
  0.987500012      0.724093020    
   1.01250005       1.09840679    
   1.03750002       1.10710979    
   1.06250000       1.10618281    
   1.08750010       1.11352003    
   1.11249995       1.12261808    
   1.36249995       1.12261808    
