   1.25000002E-02  0.888718128    
   3.75000015E-02  0.888714433    
   6.25000000E-02  0.888690233    
   8.75000060E-02  0.888647377    
  0.112499997      0.888591826    
  0.137500003      0.888521850    
  0.162499994      0.888438344    
  0.187500000      0.888340652    
  0.212500006      0.888227403    
  0.237500012      0.888097405    
  0.262499988      0.887951434    
  0.287500024      0.887786686    
  0.312500000      0.887603998    
  0.337500006      0.887401819    
  0.362500012      0.887179792    
  0.387499988      0.886934102    
  0.412500024      0.886663795    
  0.437500000      0.886367679    
  0.462500006      0.886042416    
  0.487500012      0.885685086    
  0.512500048      0.885293365    
  0.537500024      0.884861469    
  0.562500000      0.884384692    
  0.587499976      0.883858681    
  0.612500012      0.883272290    
  0.637500048      0.882620752    
  0.662500024      0.881888449    
  0.687500000      0.881065845    
  0.712499976      0.880114555    
  0.737500012      0.879048288    
  0.762500048      0.877776027    
  0.787500024      0.876223624    
  0.812500000      0.874650002    
  0.837499976      0.871902406    
  0.862500012      0.869554281    
  0.887500048      0.865701139    
  0.912500024      0.858888268    
  0.937500000      0.851082444    
  0.962499976      0.831149220    
  0.987500012      0.727789164    
   1.01250005       1.09869111    
   1.03750002       1.11067975    
   1.06250000       1.11327600    
   1.08750010       1.11752868    
   1.11249995       1.12062466    
   1.36249995       1.12062466    
