   1.25000002E-02   2.72593251E-03
   3.75000015E-02   5.45623619E-03
   6.25000000E-02   8.19521118E-03
   8.75000060E-02   1.09462980E-02
  0.112499997       1.37136830E-02
  0.137500003       1.65037625E-02
  0.162499994       1.93192568E-02
  0.187500000       2.21653711E-02
  0.212500006       2.50473898E-02
  0.237500012       2.79712360E-02
  0.262499988       3.09423991E-02
  0.287500024       3.39668877E-02
  0.312500000       3.70512493E-02
  0.337500006       4.02037576E-02
  0.362500012       4.34314422E-02
  0.387499988       4.67435196E-02
  0.412500024       5.01499847E-02
  0.437500000       5.36616221E-02
  0.462500006       5.72904833E-02
  0.487500012       6.10504672E-02
  0.512500048       6.49567246E-02
  0.537500024       6.90255463E-02
  0.562500000       7.32779130E-02
  0.587499976       7.77389705E-02
  0.612500012       8.24392736E-02
  0.637500048       8.74173939E-02
  0.662500024       9.27168280E-02
  0.687500000       9.83891338E-02
  0.712499976      0.104516365    
  0.737500012      0.111147955    
  0.762500048      0.118489884    
  0.787500024      0.126491949    
  0.812500000      0.135789216    
  0.837499976      0.145965859    
  0.862500012      0.158385888    
  0.887500048      0.173707888    
  0.912500024      0.191576347    
  0.937500000      0.219049811    
  0.962499976      0.260499835    
  0.987500012      0.493479848    
   1.01250005      0.366048813    
   1.03750002      0.292859674    
