   1.25000002E-02   2.73655588E-03
   3.75000015E-02   5.47738606E-03
   6.25000000E-02   8.22717138E-03
   8.75000060E-02   1.09899640E-02
  0.112499997       1.37684569E-02
  0.137500003       1.65691115E-02
  0.162499994       1.93960350E-02
  0.187500000       2.22537275E-02
  0.212500006       2.51478832E-02
  0.237500012       2.80832145E-02
  0.262499988       3.10658067E-02
  0.287500024       3.41020636E-02
  0.312500000       3.71982530E-02
  0.337500006       4.03625928E-02
  0.362500012       4.36025150E-02
  0.387499988       4.69263643E-02
  0.412500024       5.03449515E-02
  0.437500000       5.38685247E-02
  0.462500006       5.75100817E-02
  0.487500012       6.12829104E-02
  0.512500048       6.52038157E-02
  0.537500024       6.92907497E-02
  0.562500000       7.35653192E-02
  0.587499976       7.80520961E-02
  0.612500012       8.27814415E-02
  0.637500048       8.77888575E-02
  0.662500024       9.31185409E-02
  0.687500000       9.88225788E-02
  0.712499976      0.104971722    
  0.737500012      0.111645602    
  0.762500048      0.118967704    
  0.787500024      0.127066061    
  0.812500000      0.136258662    
  0.837499976      0.146510005    
  0.862500012      0.159043372    
  0.887500048      0.174066067    
  0.912500024      0.192097530    
  0.937500000      0.219613239    
  0.962499976      0.261481404    
  0.987500012      0.493745327    
   1.01250005      0.365940452    
   1.03750002      0.293090105    
