   0.00000000       100.000000       100.000000    
   2.50000004E-02   90.0781403       90.6006546    
   7.50000030E-02   74.6142960       74.9859238    
  0.125000000       62.5638618       62.8257523    
  0.175000012       53.1736755       53.3561592    
  0.224999994       45.8568497       45.9822044    
  0.275000006       40.1560707       40.2406120    
  0.324999988       35.7150497       35.7706604    
  0.375000000       32.2562256       32.2915230    
  0.425000012       29.5634174       29.5846100    
  0.475000024       27.4683266       27.4798660    
  0.524999976       25.8400059       25.8450527    
  0.575000048       24.5766888       24.5774612    
  0.625000000       23.5994148       23.5974560    
  0.675000012       22.8471050       22.8434639    
  0.725000024       22.2727413       22.2681141    
  0.774999976       21.8404274       21.8352623    
  0.825000048       21.5231400       21.5177135    
  0.875000000       21.3010502       21.2955170    
  0.925000012       21.1602783       21.1547127    
  0.975000024       21.0920258       21.0864563    
   1.00000000       21.0920258       21.0780220    
