   0.00000000       0.00000000       0.00000000    
   1.25000002E-02   0.00000000       0.00000000    
   3.75000015E-02   0.00000000       0.00000000    
   6.25000000E-02   0.00000000       0.00000000    
   8.75000060E-02   0.00000000       0.00000000    
  0.112499997       0.00000000       0.00000000    
  0.137500003       0.00000000       0.00000000    
  0.162499994       0.00000000       0.00000000    
  0.187500000       0.00000000       0.00000000    
  0.212500006       0.00000000       0.00000000    
  0.237500012       0.00000000       0.00000000    
  0.262499988       0.00000000       0.00000000    
  0.287500024       0.00000000       0.00000000    
  0.312500000       0.00000000       0.00000000    
  0.337500006       0.00000000       0.00000000    
  0.362500012       0.00000000       0.00000000    
  0.387499988       0.00000000       0.00000000    
  0.412500024       0.00000000       0.00000000    
  0.437500000       0.00000000       0.00000000    
  0.462500006       0.00000000       0.00000000    
  0.487500012       0.00000000       0.00000000    
  0.512500048       0.00000000       0.00000000    
  0.537500024       0.00000000       0.00000000    
  0.562500000       0.00000000       0.00000000    
  0.587499976       0.00000000       0.00000000    
  0.612500012       0.00000000       0.00000000    
  0.637500048       0.00000000       0.00000000    
  0.662500024       0.00000000       0.00000000    
  0.687500000       0.00000000       0.00000000    
  0.712499976       0.00000000       0.00000000    
  0.737500012       0.00000000       0.00000000    
  0.762500048       0.00000000       0.00000000    
  0.787500024       0.00000000       0.00000000    
  0.812500000       0.00000000       0.00000000    
  0.837499976       0.00000000       0.00000000    
  0.862500012       0.00000000       0.00000000    
  0.887500048       0.00000000       0.00000000    
  0.912500024       0.00000000       0.00000000    
  0.937500000       0.00000000       0.00000000    
  0.962499976       0.00000000       0.00000000    
  0.987500012       0.00000000       0.00000000    
   1.00000000       0.00000000       0.00000000    
 
   0.00000000       1.25000002E-02   4.75747447E-06
   1.25000002E-02   1.25000002E-02   4.75747447E-06
   3.75000015E-02   1.25000002E-02   4.75747629E-06
   6.25000000E-02   1.25000002E-02   4.75747811E-06
   8.75000060E-02   1.25000002E-02   4.75747947E-06
  0.112499997       1.25000002E-02   4.75747993E-06
  0.137500003       1.25000002E-02   4.75748038E-06
  0.162499994       1.25000002E-02   4.75748038E-06
  0.187500000       1.25000002E-02   4.75748129E-06
  0.212500006       1.25000002E-02   4.75748311E-06
  0.237500012       1.25000002E-02   4.75748675E-06
  0.262499988       1.25000002E-02   4.75749039E-06
  0.287500024       1.25000002E-02   4.75749721E-06
  0.312500000       1.25000002E-02   4.75750630E-06
  0.337500006       1.25000002E-02   4.75752040E-06
  0.362500012       1.25000002E-02   4.75753995E-06
  0.387499988       1.25000002E-02   4.75756588E-06
  0.412500024       1.25000002E-02   4.75759862E-06
  0.437500000       1.25000002E-02   4.75764227E-06
  0.462500006       1.25000002E-02   4.75769775E-06
  0.487500012       1.25000002E-02   4.75776869E-06
  0.512500048       1.25000002E-02   4.75785509E-06
  0.537500024       1.25000002E-02   4.75796014E-06
  0.562500000       1.25000002E-02   4.75808974E-06
  0.587499976       1.25000002E-02   4.75824390E-06
  0.612500012       1.25000002E-02   4.75842944E-06
  0.637500048       1.25000002E-02   4.75864908E-06
  0.662500024       1.25000002E-02   4.75890783E-06
  0.687500000       1.25000002E-02   4.75920797E-06
  0.712499976       1.25000002E-02   4.75955358E-06
  0.737500012       1.25000002E-02   4.75995284E-06
  0.762500048       1.25000002E-02   4.76040714E-06
  0.787500024       1.25000002E-02   4.76092237E-06
  0.812500000       1.25000002E-02   4.76150080E-06
  0.837499976       1.25000002E-02   4.76214609E-06
  0.862500012       1.25000002E-02   4.76286414E-06
  0.887500048       1.25000002E-02   4.76365722E-06
  0.912500024       1.25000002E-02   4.76452897E-06
  0.937500000       1.25000002E-02   4.76547848E-06
  0.962499976       1.25000002E-02   4.76650985E-06
  0.987500012       1.25000002E-02   4.76762307E-06
   1.00000000       1.25000002E-02   4.76762307E-06
 
   0.00000000       3.75000015E-02   1.53338442E-05
   1.25000002E-02   3.75000015E-02   1.53338442E-05
   3.75000015E-02   3.75000015E-02   1.53338478E-05
   6.25000000E-02   3.75000015E-02   1.53338533E-05
   8.75000060E-02   3.75000015E-02   1.53338569E-05
  0.112499997       3.75000015E-02   1.53338588E-05
  0.137500003       3.75000015E-02   1.53338624E-05
  0.162499994       3.75000015E-02   1.53338624E-05
  0.187500000       3.75000015E-02   1.53338624E-05
  0.212500006       3.75000015E-02   1.53338697E-05
  0.237500012       3.75000015E-02   1.53338824E-05
  0.262499988       3.75000015E-02   1.53338988E-05
  0.287500024       3.75000015E-02   1.53339242E-05
  0.312500000       3.75000015E-02   1.53339588E-05
  0.337500006       3.75000015E-02   1.53340079E-05
  0.362500012       3.75000015E-02   1.53340770E-05
  0.387499988       3.75000015E-02   1.53341680E-05
  0.412500024       3.75000015E-02   1.53342862E-05
  0.437500000       3.75000015E-02   1.53344427E-05
  0.462500006       3.75000015E-02   1.53346373E-05
  0.487500012       3.75000015E-02   1.53348810E-05
  0.512500048       3.75000015E-02   1.53351793E-05
  0.537500024       3.75000015E-02   1.53355450E-05
  0.562500000       3.75000015E-02   1.53359852E-05
  0.587499976       3.75000015E-02   1.53365163E-05
  0.612500012       3.75000015E-02   1.53371420E-05
  0.637500048       3.75000015E-02   1.53378896E-05
  0.662500024       3.75000015E-02   1.53387609E-05
  0.687500000       3.75000015E-02   1.53397668E-05
  0.712499976       3.75000015E-02   1.53409273E-05
  0.737500012       3.75000015E-02   1.53422570E-05
  0.762500048       3.75000015E-02   1.53437650E-05
  0.787500024       3.75000015E-02   1.53454675E-05
  0.812500000       3.75000015E-02   1.53473775E-05
  0.837499976       3.75000015E-02   1.53495002E-05
  0.862500012       3.75000015E-02   1.53518540E-05
  0.887500048       3.75000015E-02   1.53544497E-05
  0.912500024       3.75000015E-02   1.53572910E-05
  0.937500000       3.75000015E-02   1.53603833E-05
  0.962499976       3.75000015E-02   1.53637375E-05
  0.987500012       3.75000015E-02   1.53673409E-05
   1.00000000       3.75000015E-02   1.53673409E-05
 
   0.00000000       6.25000000E-02   2.92806471E-05
   1.25000002E-02   6.25000000E-02   2.92806471E-05
   3.75000015E-02   6.25000000E-02   2.92806708E-05
   6.25000000E-02   6.25000000E-02   2.92806799E-05
   8.75000060E-02   6.25000000E-02   2.92806799E-05
  0.112499997       6.25000000E-02   2.92806835E-05
  0.137500003       6.25000000E-02   2.92806908E-05
  0.162499994       6.25000000E-02   2.92806908E-05
  0.187500000       6.25000000E-02   2.92806999E-05
  0.212500006       6.25000000E-02   2.92807126E-05
  0.237500012       6.25000000E-02   2.92807490E-05
  0.262499988       6.25000000E-02   2.92807945E-05
  0.287500024       6.25000000E-02   2.92808527E-05
  0.312500000       6.25000000E-02   2.92809345E-05
  0.337500006       6.25000000E-02   2.92810546E-05
  0.362500012       6.25000000E-02   2.92812147E-05
  0.387499988       6.25000000E-02   2.92814257E-05
  0.412500024       6.25000000E-02   2.92816912E-05
  0.437500000       6.25000000E-02   2.92820296E-05
  0.462500006       6.25000000E-02   2.92824570E-05
  0.487500012       6.25000000E-02   2.92829900E-05
  0.512500048       6.25000000E-02   2.92836339E-05
  0.537500024       6.25000000E-02   2.92844143E-05
  0.562500000       6.25000000E-02   2.92853601E-05
  0.587499976       6.25000000E-02   2.92864770E-05
  0.612500012       6.25000000E-02   2.92877940E-05
  0.637500048       6.25000000E-02   2.92893419E-05
  0.662500024       6.25000000E-02   2.92911427E-05
  0.687500000       6.25000000E-02   2.92932018E-05
  0.712499976       6.25000000E-02   2.92955738E-05
  0.737500012       6.25000000E-02   2.92982695E-05
  0.762500048       6.25000000E-02   2.93012981E-05
  0.787500024       6.25000000E-02   2.93047033E-05
  0.812500000       6.25000000E-02   2.93084977E-05
  0.837499976       6.25000000E-02   2.93127105E-05
  0.862500012       6.25000000E-02   2.93173453E-05
  0.887500048       6.25000000E-02   2.93224239E-05
  0.912500024       6.25000000E-02   2.93279700E-05
  0.937500000       6.25000000E-02   2.93339763E-05
  0.962499976       6.25000000E-02   2.93404555E-05
  0.987500012       6.25000000E-02   2.93474022E-05
   1.00000000       6.25000000E-02   2.93474022E-05
 
   0.00000000       8.75000060E-02   4.94878077E-05
   1.25000002E-02   8.75000060E-02   4.94878077E-05
   3.75000015E-02   8.75000060E-02   4.94878113E-05
   6.25000000E-02   8.75000060E-02   4.94878077E-05
   8.75000060E-02   8.75000060E-02   4.94878004E-05
  0.112499997       8.75000060E-02   4.94877968E-05
  0.137500003       8.75000060E-02   4.94878077E-05
  0.162499994       8.75000060E-02   4.94878113E-05
  0.187500000       8.75000060E-02   4.94878404E-05
  0.212500006       8.75000060E-02   4.94878841E-05
  0.237500012       8.75000060E-02   4.94879496E-05
  0.262499988       8.75000060E-02   4.94880514E-05
  0.287500024       8.75000060E-02   4.94881824E-05
  0.312500000       8.75000060E-02   4.94883679E-05
  0.337500006       8.75000060E-02   4.94886226E-05
  0.362500012       8.75000060E-02   4.94889646E-05
  0.387499988       8.75000060E-02   4.94894011E-05
  0.412500024       8.75000060E-02   4.94899577E-05
  0.437500000       8.75000060E-02   4.94906453E-05
  0.462500006       8.75000060E-02   4.94915148E-05
  0.487500012       8.75000060E-02   4.94925625E-05
  0.512500048       8.75000060E-02   4.94938358E-05
  0.537500024       8.75000060E-02   4.94953638E-05
  0.562500000       8.75000060E-02   4.94971900E-05
  0.587499976       8.75000060E-02   4.94993292E-05
  0.612500012       8.75000060E-02   4.95018285E-05
  0.637500048       8.75000060E-02   4.95047425E-05
  0.662500024       8.75000060E-02   4.95080858E-05
  0.687500000       8.75000060E-02   4.95118911E-05
  0.712499976       8.75000060E-02   4.95162203E-05
  0.737500012       8.75000060E-02   4.95211243E-05
  0.762500048       8.75000060E-02   4.95265886E-05
  0.787500024       8.75000060E-02   4.95326822E-05
  0.812500000       8.75000060E-02   4.95394233E-05
  0.837499976       8.75000060E-02   4.95468666E-05
  0.862500012       8.75000060E-02   4.95549866E-05
  0.887500048       8.75000060E-02   4.95638560E-05
  0.912500024       8.75000060E-02   4.95734603E-05
  0.937500000       8.75000060E-02   4.95838030E-05
  0.962499976       8.75000060E-02   4.95949171E-05
  0.987500012       8.75000060E-02   4.96067660E-05
   1.00000000       8.75000060E-02   4.96067660E-05
 
   0.00000000      0.112499997       7.98889960E-05
   1.25000002E-02  0.112499997       7.98889960E-05
   3.75000015E-02  0.112499997       7.98889887E-05
   6.25000000E-02  0.112499997       7.98889814E-05
   8.75000060E-02  0.112499997       7.98889596E-05
  0.112499997      0.112499997       7.98889378E-05
  0.137500003      0.112499997       7.98889596E-05
  0.162499994      0.112499997       7.98889887E-05
  0.187500000      0.112499997       7.98890615E-05
  0.212500006      0.112499997       7.98891560E-05
  0.237500012      0.112499997       7.98892870E-05
  0.262499988      0.112499997       7.98895271E-05
  0.287500024      0.112499997       7.98898036E-05
  0.312500000      0.112499997       7.98902038E-05
  0.337500006      0.112499997       7.98907422E-05
  0.362500012      0.112499997       7.98914334E-05
  0.387499988      0.112499997       7.98923356E-05
  0.412500024      0.112499997       7.98934416E-05
  0.437500000      0.112499997       7.98948240E-05
  0.462500006      0.112499997       7.98964829E-05
  0.487500012      0.112499997       7.98985056E-05
  0.512500048      0.112499997       7.99009285E-05
  0.537500024      0.112499997       7.99038098E-05
  0.562500000      0.112499997       7.99072222E-05
  0.587499976      0.112499997       7.99111658E-05
  0.612500012      0.112499997       7.99157351E-05
  0.637500048      0.112499997       7.99209956E-05
  0.662500024      0.112499997       7.99269910E-05
  0.687500000      0.112499997       7.99337213E-05
  0.712499976      0.112499997       7.99413247E-05
  0.737500012      0.112499997       7.99498739E-05
  0.762500048      0.112499997       7.99593181E-05
  0.787500024      0.112499997       7.99697664E-05
  0.812500000      0.112499997       7.99812551E-05
  0.837499976      0.112499997       7.99938134E-05
  0.862500012      0.112499997       8.00074558E-05
  0.887500048      0.112499997       8.00222042E-05
  0.912500024      0.112499997       8.00380876E-05
  0.937500000      0.112499997       8.00550915E-05
  0.962499976      0.112499997       8.00732450E-05
  0.987500012      0.112499997       8.00925045E-05
   1.00000000      0.112499997       8.00925045E-05
 
   0.00000000      0.137500003       1.26041821E-04
   1.25000002E-02  0.137500003       1.26041821E-04
   3.75000015E-02  0.137500003       1.26041763E-04
   6.25000000E-02  0.137500003       1.26041748E-04
   8.75000060E-02  0.137500003       1.26041748E-04
  0.112499997      0.137500003       1.26041748E-04
  0.137500003      0.137500003       1.26041763E-04
  0.162499994      0.137500003       1.26041865E-04
  0.187500000      0.137500003       1.26041981E-04
  0.212500006      0.137500003       1.26042185E-04
  0.237500012      0.137500003       1.26042520E-04
  0.262499988      0.137500003       1.26042985E-04
  0.287500024      0.137500003       1.26043597E-04
  0.312500000      0.137500003       1.26044455E-04
  0.337500006      0.137500003       1.26045517E-04
  0.362500012      0.137500003       1.26046914E-04
  0.387499988      0.137500003       1.26048690E-04
  0.412500024      0.137500003       1.26050858E-04
  0.437500000      0.137500003       1.26053550E-04
  0.462500006      0.137500003       1.26056737E-04
  0.487500012      0.137500003       1.26060535E-04
  0.512500048      0.137500003       1.26065061E-04
  0.537500024      0.137500003       1.26070358E-04
  0.562500000      0.137500003       1.26076542E-04
  0.587499976      0.137500003       1.26083673E-04
  0.612500012      0.137500003       1.26091822E-04
  0.637500048      0.137500003       1.26101091E-04
  0.662500024      0.137500003       1.26111525E-04
  0.687500000      0.137500003       1.26123225E-04
  0.712499976      0.137500003       1.26136263E-04
  0.737500012      0.137500003       1.26150786E-04
  0.762500048      0.137500003       1.26166735E-04
  0.787500024      0.137500003       1.26184183E-04
  0.812500000      0.137500003       1.26203260E-04
  0.837499976      0.137500003       1.26223880E-04
  0.862500012      0.137500003       1.26246130E-04
  0.887500048      0.137500003       1.26270083E-04
  0.912500024      0.137500003       1.26295679E-04
  0.937500000      0.137500003       1.26322921E-04
  0.962499976      0.137500003       1.26351792E-04
  0.987500012      0.137500003       1.26382263E-04
   1.00000000      0.137500003       1.26382263E-04
 
   0.00000000      0.162499994       1.95877990E-04
   1.25000002E-02  0.162499994       1.95877990E-04
   3.75000015E-02  0.162499994       1.95877932E-04
   6.25000000E-02  0.162499994       1.95877903E-04
   8.75000060E-02  0.162499994       1.95877903E-04
  0.112499997      0.162499994       1.95877918E-04
  0.137500003      0.162499994       1.95877990E-04
  0.162499994      0.162499994       1.95878180E-04
  0.187500000      0.162499994       1.95878441E-04
  0.212500006      0.162499994       1.95878951E-04
  0.237500012      0.162499994       1.95879620E-04
  0.262499988      0.162499994       1.95880610E-04
  0.287500024      0.162499994       1.95881934E-04
  0.312500000      0.162499994       1.95883636E-04
  0.337500006      0.162499994       1.95885834E-04
  0.362500012      0.162499994       1.95888628E-04
  0.387499988      0.162499994       1.95892047E-04
  0.412500024      0.162499994       1.95896209E-04
  0.437500000      0.162499994       1.95901259E-04
  0.462500006      0.162499994       1.95907225E-04
  0.487500012      0.162499994       1.95914312E-04
  0.512500048      0.162499994       1.95922563E-04
  0.537500024      0.162499994       1.95932138E-04
  0.562500000      0.162499994       1.95943139E-04
  0.587499976      0.162499994       1.95955698E-04
  0.612500012      0.162499994       1.95969958E-04
  0.637500048      0.162499994       1.95985980E-04
  0.662500024      0.162499994       1.96003850E-04
  0.687500000      0.162499994       1.96023728E-04
  0.712499976      0.162499994       1.96045687E-04
  0.737500012      0.162499994       1.96069785E-04
  0.762500048      0.162499994       1.96096124E-04
  0.787500024      0.162499994       1.96124733E-04
  0.812500000      0.162499994       1.96155655E-04
  0.837499976      0.162499994       1.96188936E-04
  0.862500012      0.162499994       1.96224588E-04
  0.887500048      0.162499994       1.96262612E-04
  0.912500024      0.162499994       1.96302994E-04
  0.937500000      0.162499994       1.96345776E-04
  0.962499976      0.162499994       1.96390800E-04
  0.987500012      0.162499994       1.96438108E-04
   1.00000000      0.162499994       1.96438108E-04
 
   0.00000000      0.187500000       3.00683081E-04
   1.25000002E-02  0.187500000       3.00683081E-04
   3.75000015E-02  0.187500000       3.00682965E-04
   6.25000000E-02  0.187500000       3.00682936E-04
   8.75000060E-02  0.187500000       3.00682936E-04
  0.112499997      0.187500000       3.00683023E-04
  0.137500003      0.187500000       3.00683256E-04
  0.162499994      0.187500000       3.00683663E-04
  0.187500000      0.187500000       3.00684274E-04
  0.212500006      0.187500000       3.00685322E-04
  0.237500012      0.187500000       3.00686748E-04
  0.262499988      0.187500000       3.00688786E-04
  0.287500024      0.187500000       3.00691463E-04
  0.312500000      0.187500000       3.00694926E-04
  0.337500006      0.187500000       3.00699350E-04
  0.362500012      0.187500000       3.00704764E-04
  0.387499988      0.187500000       3.00711283E-04
  0.412500024      0.187500000       3.00719083E-04
  0.437500000      0.187500000       3.00728454E-04
  0.462500006      0.187500000       3.00739397E-04
  0.487500012      0.187500000       3.00752290E-04
  0.512500048      0.187500000       3.00767133E-04
  0.537500024      0.187500000       3.00783984E-04
  0.562500000      0.187500000       3.00803193E-04
  0.587499976      0.187500000       3.00824991E-04
  0.612500012      0.187500000       3.00849439E-04
  0.637500048      0.187500000       3.00876534E-04
  0.662500024      0.187500000       3.00906628E-04
  0.687500000      0.187500000       3.00939690E-04
  0.712499976      0.187500000       3.00975895E-04
  0.737500012      0.187500000       3.01015156E-04
  0.762500048      0.187500000       3.01057822E-04
  0.787500024      0.187500000       3.01103806E-04
  0.812500000      0.187500000       3.01152962E-04
  0.837499976      0.187500000       3.01205611E-04
  0.862500012      0.187500000       3.01261665E-04
  0.887500048      0.187500000       3.01320979E-04
  0.912500024      0.187500000       3.01383610E-04
  0.937500000      0.187500000       3.01449472E-04
  0.962499976      0.187500000       3.01518448E-04
  0.987500012      0.187500000       3.01590451E-04
   1.00000000      0.187500000       3.01590451E-04
 
   0.00000000      0.212500006       4.56368842E-04
   1.25000002E-02  0.212500006       4.56368842E-04
   3.75000015E-02  0.212500006       4.56368725E-04
   6.25000000E-02  0.212500006       4.56368638E-04
   8.75000060E-02  0.212500006       4.56368696E-04
  0.112499997      0.212500006       4.56368842E-04
  0.137500003      0.212500006       4.56369453E-04
  0.162499994      0.212500006       4.56370297E-04
  0.187500000      0.212500006       4.56371810E-04
  0.212500006      0.212500006       4.56373993E-04
  0.237500012      0.212500006       4.56376962E-04
  0.262499988      0.212500006       4.56381124E-04
  0.287500024      0.212500006       4.56386479E-04
  0.312500000      0.212500006       4.56393405E-04
  0.337500006      0.212500006       4.56401845E-04
  0.362500012      0.212500006       4.56412090E-04
  0.387499988      0.212500006       4.56424430E-04
  0.412500024      0.212500006       4.56438836E-04
  0.437500000      0.212500006       4.56455833E-04
  0.462500006      0.212500006       4.56475624E-04
  0.487500012      0.212500006       4.56498354E-04
  0.512500048      0.212500006       4.56524314E-04
  0.537500024      0.212500006       4.56553738E-04
  0.562500000      0.212500006       4.56586684E-04
  0.587499976      0.212500006       4.56623617E-04
  0.612500012      0.212500006       4.56664508E-04
  0.637500048      0.212500006       4.56709589E-04
  0.662500024      0.212500006       4.56759066E-04
  0.687500000      0.212500006       4.56812995E-04
  0.712499976      0.212500006       4.56871407E-04
  0.737500012      0.212500006       4.56934271E-04
  0.762500048      0.212500006       4.57002083E-04
  0.787500024      0.212500006       4.57074464E-04
  0.812500000      0.212500006       4.57151531E-04
  0.837499976      0.212500006       4.57233342E-04
  0.862500012      0.212500006       4.57319664E-04
  0.887500048      0.212500006       4.57410439E-04
  0.912500024      0.212500006       4.57505696E-04
  0.937500000      0.212500006       4.57605405E-04
  0.962499976      0.212500006       4.57709277E-04
  0.987500012      0.212500006       4.57817165E-04
   1.00000000      0.212500006       4.57817165E-04
 
   0.00000000      0.237500012       6.85103470E-04
   1.25000002E-02  0.237500012       6.85103470E-04
   3.75000015E-02  0.237500012       6.85103412E-04
   6.25000000E-02  0.237500012       6.85103412E-04
   8.75000060E-02  0.237500012       6.85103529E-04
  0.112499997      0.237500012       6.85104111E-04
  0.137500003      0.237500012       6.85105333E-04
  0.162499994      0.237500012       6.85107370E-04
  0.187500000      0.237500012       6.85110455E-04
  0.212500006      0.237500012       6.85115112E-04
  0.237500012      0.237500012       6.85121457E-04
  0.262499988      0.237500012       6.85129780E-04
  0.287500024      0.237500012       6.85140316E-04
  0.312500000      0.237500012       6.85153354E-04
  0.337500006      0.237500012       6.85169362E-04
  0.362500012      0.237500012       6.85188454E-04
  0.387499988      0.237500012       6.85211096E-04
  0.412500024      0.237500012       6.85237057E-04
  0.437500000      0.237500012       6.85267441E-04
  0.462500006      0.237500012       6.85302250E-04
  0.487500012      0.237500012       6.85341656E-04
  0.512500048      0.237500012       6.85386301E-04
  0.537500024      0.237500012       6.85436185E-04
  0.562500000      0.237500012       6.85491716E-04
  0.587499976      0.237500012       6.85553066E-04
  0.612500012      0.237500012       6.85620471E-04
  0.637500048      0.237500012       6.85693638E-04
  0.662500024      0.237500012       6.85773266E-04
  0.687500000      0.237500012       6.85859239E-04
  0.712499976      0.237500012       6.85951789E-04
  0.737500012      0.237500012       6.86050626E-04
  0.762500048      0.237500012       6.86156214E-04
  0.787500024      0.237500012       6.86268031E-04
  0.812500000      0.237500012       6.86386426E-04
  0.837499976      0.237500012       6.86510932E-04
  0.862500012      0.237500012       6.86641550E-04
  0.887500048      0.237500012       6.86777988E-04
  0.912500024      0.237500012       6.86920423E-04
  0.937500000      0.237500012       6.87068619E-04
  0.962499976      0.237500012       6.87222229E-04
  0.987500012      0.237500012       6.87380962E-04
   1.00000000      0.237500012       6.87380962E-04
 
   0.00000000      0.262499988       1.01736852E-03
   1.25000002E-02  0.262499988       1.01736852E-03
   3.75000015E-02  0.262499988       1.01736852E-03
   6.25000000E-02  0.262499988       1.01736886E-03
   8.75000060E-02  0.262499988       1.01736945E-03
  0.112499997      0.262499988       1.01737084E-03
  0.137500003      0.262499988       1.01737364E-03
  0.162499994      0.262499988       1.01737829E-03
  0.187500000      0.262499988       1.01738470E-03
  0.212500006      0.262499988       1.01739436E-03
  0.237500012      0.262499988       1.01740716E-03
  0.262499988      0.262499988       1.01742311E-03
  0.287500024      0.262499988       1.01744349E-03
  0.312500000      0.262499988       1.01746805E-03
  0.337500006      0.262499988       1.01749750E-03
  0.362500012      0.262499988       1.01753208E-03
  0.387499988      0.262499988       1.01757259E-03
  0.412500024      0.262499988       1.01761869E-03
  0.437500000      0.262499988       1.01767189E-03
  0.462500006      0.262499988       1.01773173E-03
  0.487500012      0.262499988       1.01779890E-03
  0.512500048      0.262499988       1.01787364E-03
  0.537500024      0.262499988       1.01795676E-03
  0.562500000      0.262499988       1.01804791E-03
  0.587499976      0.262499988       1.01814768E-03
  0.612500012      0.262499988       1.01825572E-03
  0.637500048      0.262499988       1.01837248E-03
  0.662500024      0.262499988       1.01849798E-03
  0.687500000      0.262499988       1.01863267E-03
  0.712499976      0.262499988       1.01877644E-03
  0.737500012      0.262499988       1.01892871E-03
  0.762500048      0.262499988       1.01908937E-03
  0.787500024      0.262499988       1.01925898E-03
  0.812500000      0.262499988       1.01943733E-03
  0.837499976      0.262499988       1.01962313E-03
  0.862500012      0.262499988       1.01981708E-03
  0.887500048      0.262499988       1.02001871E-03
  0.912500024      0.262499988       1.02022791E-03
  0.937500000      0.262499988       1.02044409E-03
  0.962499976      0.262499988       1.02066726E-03
  0.987500012      0.262499988       1.02089660E-03
   1.00000000      0.262499988       1.02089660E-03
 
   0.00000000      0.287500024       1.49449462E-03
   1.25000002E-02  0.287500024       1.49449462E-03
   3.75000015E-02  0.287500024       1.49449462E-03
   6.25000000E-02  0.287500024       1.49449497E-03
   8.75000060E-02  0.287500024       1.49449694E-03
  0.112499997      0.287500024       1.49450009E-03
  0.137500003      0.287500024       1.49450626E-03
  0.162499994      0.287500024       1.49451604E-03
  0.187500000      0.287500024       1.49453012E-03
  0.212500006      0.287500024       1.49454898E-03
  0.237500012      0.287500024       1.49457413E-03
  0.262499988      0.287500024       1.49460509E-03
  0.287500024      0.287500024       1.49464293E-03
  0.312500000      0.287500024       1.49468798E-03
  0.337500006      0.287500024       1.49474118E-03
  0.362500012      0.287500024       1.49480277E-03
  0.387499988      0.287500024       1.49487320E-03
  0.412500024      0.287500024       1.49495353E-03
  0.437500000      0.287500024       1.49504386E-03
  0.462500006      0.287500024       1.49514468E-03
  0.487500012      0.287500024       1.49525632E-03
  0.512500048      0.287500024       1.49537937E-03
  0.537500024      0.287500024       1.49551395E-03
  0.562500000      0.287500024       1.49566040E-03
  0.587499976      0.287500024       1.49581907E-03
  0.612500012      0.287500024       1.49598951E-03
  0.637500048      0.287500024       1.49617146E-03
  0.662500024      0.287500024       1.49636529E-03
  0.687500000      0.287500024       1.49657135E-03
  0.712499976      0.287500024       1.49678928E-03
  0.737500012      0.287500024       1.49701897E-03
  0.762500048      0.287500024       1.49725948E-03
  0.787500024      0.287500024       1.49751117E-03
  0.812500000      0.287500024       1.49777392E-03
  0.837499976      0.287500024       1.49804633E-03
  0.862500012      0.287500024       1.49832910E-03
  0.887500048      0.287500024       1.49862166E-03
  0.912500024      0.287500024       1.49892271E-03
  0.937500000      0.287500024       1.49923272E-03
  0.962499976      0.287500024       1.49955135E-03
  0.987500012      0.287500024       1.49987789E-03
   1.00000000      0.287500024       1.49987789E-03
 
   0.00000000      0.312500000       2.17172084E-03
   1.25000002E-02  0.312500000       2.17172084E-03
   3.75000015E-02  0.312500000       2.17172061E-03
   6.25000000E-02  0.312500000       2.17172247E-03
   8.75000060E-02  0.312500000       2.17172643E-03
  0.112499997      0.312500000       2.17173481E-03
  0.137500003      0.312500000       2.17174808E-03
  0.162499994      0.312500000       2.17176904E-03
  0.187500000      0.312500000       2.17179675E-03
  0.212500006      0.312500000       2.17183423E-03
  0.237500012      0.312500000       2.17188173E-03
  0.262499988      0.312500000       2.17193924E-03
  0.287500024      0.312500000       2.17200886E-03
  0.312500000      0.312500000       2.17208965E-03
  0.337500006      0.312500000       2.17218278E-03
  0.362500012      0.312500000       2.17228988E-03
  0.387499988      0.312500000       2.17241072E-03
  0.412500024      0.312500000       2.17254530E-03
  0.437500000      0.312500000       2.17269640E-03
  0.462500006      0.312500000       2.17286148E-03
  0.487500012      0.312500000       2.17304332E-03
  0.512500048      0.312500000       2.17324053E-03
  0.537500024      0.312500000       2.17345450E-03
  0.562500000      0.312500000       2.17368407E-03
  0.587499976      0.312500000       2.17392971E-03
  0.612500012      0.312500000       2.17419257E-03
  0.637500048      0.312500000       2.17446918E-03
  0.662500024      0.312500000       2.17476231E-03
  0.687500000      0.312500000       2.17507104E-03
  0.712499976      0.312500000       2.17539468E-03
  0.737500012      0.312500000       2.17573321E-03
  0.762500048      0.312500000       2.17608549E-03
  0.787500024      0.312500000       2.17645220E-03
  0.812500000      0.312500000       2.17683148E-03
  0.837499976      0.312500000       2.17722356E-03
  0.862500012      0.312500000       2.17762776E-03
  0.887500048      0.312500000       2.17804359E-03
  0.912500024      0.312500000       2.17846967E-03
  0.937500000      0.312500000       2.17890576E-03
  0.962499976      0.312500000       2.17935280E-03
  0.987500012      0.312500000       2.17980845E-03
   1.00000000      0.312500000       2.17980845E-03
 
   0.00000000      0.337500006       3.12178931E-03
   1.25000002E-02  0.337500006       3.12178931E-03
   3.75000015E-02  0.337500006       3.12178954E-03
   6.25000000E-02  0.337500006       3.12179350E-03
   8.75000060E-02  0.337500006       3.12180351E-03
  0.112499997      0.337500006       3.12182214E-03
  0.137500003      0.337500006       3.12185148E-03
  0.162499994      0.337500006       3.12189315E-03
  0.187500000      0.337500006       3.12194834E-03
  0.212500006      0.337500006       3.12201935E-03
  0.237500012      0.337500006       3.12210759E-03
  0.262499988      0.337500006       3.12221260E-03
  0.287500024      0.337500006       3.12233530E-03
  0.312500000      0.337500006       3.12247756E-03
  0.337500006      0.337500006       3.12263751E-03
  0.362500012      0.337500006       3.12281842E-03
  0.387499988      0.337500006       3.12302005E-03
  0.412500024      0.337500006       3.12324218E-03
  0.437500000      0.337500006       3.12348618E-03
  0.462500006      0.337500006       3.12375184E-03
  0.487500012      0.337500006       3.12403869E-03
  0.512500048      0.337500006       3.12434719E-03
  0.537500024      0.337500006       3.12467781E-03
  0.562500000      0.337500006       3.12502938E-03
  0.587499976      0.337500006       3.12540331E-03
  0.612500012      0.337500006       3.12579679E-03
  0.637500048      0.337500006       3.12621007E-03
  0.662500024      0.337500006       3.12664267E-03
  0.687500000      0.337500006       3.12709482E-03
  0.712499976      0.337500006       3.12756561E-03
  0.737500012      0.337500006       3.12805362E-03
  0.762500048      0.337500006       3.12855910E-03
  0.787500024      0.337500006       3.12908110E-03
  0.812500000      0.337500006       3.12961917E-03
  0.837499976      0.337500006       3.13017098E-03
  0.862500012      0.337500006       3.13073769E-03
  0.887500048      0.337500006       3.13131791E-03
  0.912500024      0.337500006       3.13190930E-03
  0.937500000      0.337500006       3.13251372E-03
  0.962499976      0.337500006       3.13312840E-03
  0.987500012      0.337500006       3.13375331E-03
   1.00000000      0.337500006       3.13375331E-03
 
   0.00000000      0.362500012       4.43904009E-03
   1.25000002E-02  0.362500012       4.43904009E-03
   3.75000015E-02  0.362500012       4.43904242E-03
   6.25000000E-02  0.362500012       4.43905266E-03
   8.75000060E-02  0.362500012       4.43907548E-03
  0.112499997      0.362500012       4.43911692E-03
  0.137500003      0.362500012       4.43917699E-03
  0.162499994      0.362500012       4.43925895E-03
  0.187500000      0.362500012       4.43936605E-03
  0.212500006      0.362500012       4.43949783E-03
  0.237500012      0.362500012       4.43965662E-03
  0.262499988      0.362500012       4.43984382E-03
  0.287500024      0.362500012       4.44005523E-03
  0.312500000      0.362500012       4.44029504E-03
  0.337500006      0.362500012       4.44056327E-03
  0.362500012      0.362500012       4.44086222E-03
  0.387499988      0.362500012       4.44118958E-03
  0.412500024      0.362500012       4.44154534E-03
  0.437500000      0.362500012       4.44193045E-03
  0.462500006      0.362500012       4.44234582E-03
  0.487500012      0.362500012       4.44278866E-03
  0.512500048      0.362500012       4.44325898E-03
  0.537500024      0.362500012       4.44375770E-03
  0.562500000      0.362500012       4.44428343E-03
  0.587499976      0.362500012       4.44483617E-03
  0.612500012      0.362500012       4.44541359E-03
  0.637500048      0.362500012       4.44601243E-03
  0.662500024      0.362500012       4.44663782E-03
  0.687500000      0.362500012       4.44728369E-03
  0.712499976      0.362500012       4.44795331E-03
  0.737500012      0.362500012       4.44864342E-03
  0.762500048      0.362500012       4.44935309E-03
  0.787500024      0.362500012       4.45008138E-03
  0.812500000      0.362500012       4.45082784E-03
  0.837499976      0.362500012       4.45159012E-03
  0.862500012      0.362500012       4.45237011E-03
  0.887500048      0.362500012       4.45316313E-03
  0.912500024      0.362500012       4.45396965E-03
  0.937500000      0.362500012       4.45479015E-03
  0.962499976      0.362500012       4.45562182E-03
  0.987500012      0.362500012       4.45646560E-03
   1.00000000      0.362500012       4.45646560E-03
 
   0.00000000      0.387499988       6.24393485E-03
   1.25000002E-02  0.387499988       6.24393485E-03
   3.75000015E-02  0.387499988       6.24394231E-03
   6.25000000E-02  0.387499988       6.24396978E-03
   8.75000060E-02  0.387499988       6.24402240E-03
  0.112499997      0.387499988       6.24410855E-03
  0.137500003      0.387499988       6.24423055E-03
  0.162499994      0.387499988       6.24438981E-03
  0.187500000      0.387499988       6.24458818E-03
  0.212500006      0.387499988       6.24482380E-03
  0.237500012      0.387499988       6.24510180E-03
  0.262499988      0.387499988       6.24542125E-03
  0.287500024      0.387499988       6.24577841E-03
  0.312500000      0.387499988       6.24617562E-03
  0.337500006      0.387499988       6.24661148E-03
  0.362500012      0.387499988       6.24708924E-03
  0.387499988      0.387499988       6.24760566E-03
  0.412500024      0.387499988       6.24815980E-03
  0.437500000      0.387499988       6.24875212E-03
  0.462500006      0.387499988       6.24938123E-03
  0.487500012      0.387499988       6.25004666E-03
  0.512500048      0.387499988       6.25074655E-03
  0.537500024      0.387499988       6.25147857E-03
  0.562500000      0.387499988       6.25224411E-03
  0.587499976      0.387499988       6.25304086E-03
  0.612500012      0.387499988       6.25386508E-03
  0.637500048      0.387499988       6.25471864E-03
  0.662500024      0.387499988       6.25559827E-03
  0.687500000      0.387499988       6.25650212E-03
  0.712499976      0.387499988       6.25743344E-03
  0.737500012      0.387499988       6.25838619E-03
  0.762500048      0.387499988       6.25936035E-03
  0.787500024      0.387499988       6.26035593E-03
  0.812500000      0.387499988       6.26137108E-03
  0.837499976      0.387499988       6.26240391E-03
  0.862500012      0.387499988       6.26345212E-03
  0.887500048      0.387499988       6.26451848E-03
  0.912500024      0.387499988       6.26559695E-03
  0.937500000      0.387499988       6.26669079E-03
  0.962499976      0.387499988       6.26779674E-03
  0.987500012      0.387499988       6.26891619E-03
   1.00000000      0.387499988       6.26891619E-03
 
   0.00000000      0.412500024       8.68781097E-03
   1.25000002E-02  0.412500024       8.68781097E-03
   3.75000015E-02  0.412500024       8.68783426E-03
   6.25000000E-02  0.412500024       8.68789945E-03
   8.75000060E-02  0.412500024       8.68801493E-03
  0.112499997      0.412500024       8.68819281E-03
  0.137500003      0.412500024       8.68842937E-03
  0.162499994      0.412500024       8.68872833E-03
  0.187500000      0.412500024       8.68908223E-03
  0.212500006      0.412500024       8.68949573E-03
  0.237500012      0.412500024       8.68996698E-03
  0.262499988      0.412500024       8.69049784E-03
  0.287500024      0.412500024       8.69107898E-03
  0.312500000      0.412500024       8.69171508E-03
  0.337500006      0.412500024       8.69240612E-03
  0.362500012      0.412500024       8.69314559E-03
  0.387499988      0.412500024       8.69393814E-03
  0.412500024      0.412500024       8.69477633E-03
  0.437500000      0.412500024       8.69566016E-03
  0.462500006      0.412500024       8.69658776E-03
  0.487500012      0.412500024       8.69755726E-03
  0.512500048      0.412500024       8.69856961E-03
  0.537500024      0.412500024       8.69961642E-03
  0.562500000      0.412500024       8.70070048E-03
  0.587499976      0.412500024       8.70181993E-03
  0.612500012      0.412500024       8.70296918E-03
  0.637500048      0.412500024       8.70415196E-03
  0.662500024      0.412500024       8.70536268E-03
  0.687500000      0.412500024       8.70659761E-03
  0.712499976      0.412500024       8.70786421E-03
  0.737500012      0.412500024       8.70915037E-03
  0.762500048      0.412500024       8.71046074E-03
  0.787500024      0.412500024       8.71179160E-03
  0.812500000      0.412500024       8.71314295E-03
  0.837499976      0.412500024       8.71451292E-03
  0.862500012      0.412500024       8.71589873E-03
  0.887500048      0.412500024       8.71730316E-03
  0.912500024      0.412500024       8.71871877E-03
  0.937500000      0.412500024       8.72015301E-03
  0.962499976      0.412500024       8.72159656E-03
  0.987500012      0.412500024       8.72305315E-03
   1.00000000      0.412500024       8.72305315E-03
 
   0.00000000      0.437500000       1.19576780E-02
   1.25000002E-02  0.437500000       1.19576780E-02
   3.75000015E-02  0.437500000       1.19577404E-02
   6.25000000E-02  0.437500000       1.19578950E-02
   8.75000060E-02  0.437500000       1.19581483E-02
  0.112499997      0.437500000       1.19585013E-02
  0.137500003      0.437500000       1.19589437E-02
  0.162499994      0.437500000       1.19594792E-02
  0.187500000      0.437500000       1.19600920E-02
  0.212500006      0.437500000       1.19607886E-02
  0.237500012      0.437500000       1.19615626E-02
  0.262499988      0.437500000       1.19624119E-02
  0.287500024      0.437500000       1.19633358E-02
  0.312500000      0.437500000       1.19643221E-02
  0.337500006      0.437500000       1.19653773E-02
  0.362500012      0.437500000       1.19664911E-02
  0.387499988      0.437500000       1.19676637E-02
  0.412500024      0.437500000       1.19688921E-02
  0.437500000      0.437500000       1.19701717E-02
  0.462500006      0.437500000       1.19714998E-02
  0.487500012      0.437500000       1.19728735E-02
  0.512500048      0.437500000       1.19742928E-02
  0.537500024      0.437500000       1.19757531E-02
  0.562500000      0.437500000       1.19772488E-02
  0.587499976      0.437500000       1.19787781E-02
  0.612500012      0.437500000       1.19803427E-02
  0.637500048      0.437500000       1.19819371E-02
  0.662500024      0.437500000       1.19835632E-02
  0.687500000      0.437500000       1.19852135E-02
  0.712499976      0.437500000       1.19868899E-02
  0.737500012      0.437500000       1.19885942E-02
  0.762500048      0.437500000       1.19903162E-02
  0.787500024      0.437500000       1.19920606E-02
  0.812500000      0.437500000       1.19938245E-02
  0.837499976      0.437500000       1.19956061E-02
  0.862500012      0.437500000       1.19974008E-02
  0.887500048      0.437500000       1.19992150E-02
  0.912500024      0.437500000       1.20010404E-02
  0.937500000      0.437500000       1.20028807E-02
  0.962499976      0.437500000       1.20047349E-02
  0.987500012      0.437500000       1.20065995E-02
   1.00000000      0.437500000       1.20065995E-02
 
   0.00000000      0.462500006       1.62806362E-02
   1.25000002E-02  0.462500006       1.62806362E-02
   3.75000015E-02  0.462500006       1.62808131E-02
   6.25000000E-02  0.462500006       1.62811708E-02
   8.75000060E-02  0.462500006       1.62816904E-02
  0.112499997      0.462500006       1.62823629E-02
  0.137500003      0.462500006       1.62831582E-02
  0.162499994      0.462500006       1.62840746E-02
  0.187500000      0.462500006       1.62850972E-02
  0.212500006      0.462500006       1.62862279E-02
  0.237500012      0.462500006       1.62874516E-02
  0.262499988      0.462500006       1.62887685E-02
  0.287500024      0.462500006       1.62901711E-02
  0.312500000      0.462500006       1.62916556E-02
  0.337500006      0.462500006       1.62932109E-02
  0.362500012      0.462500006       1.62948295E-02
  0.387499988      0.462500006       1.62965134E-02
  0.412500024      0.462500006       1.62982512E-02
  0.437500000      0.462500006       1.63000505E-02
  0.462500006      0.462500006       1.63018964E-02
  0.487500012      0.462500006       1.63037796E-02
  0.512500048      0.462500006       1.63057130E-02
  0.537500024      0.462500006       1.63076892E-02
  0.562500000      0.462500006       1.63096972E-02
  0.587499976      0.462500006       1.63117312E-02
  0.612500012      0.462500006       1.63138062E-02
  0.637500048      0.462500006       1.63159072E-02
  0.662500024      0.462500006       1.63180381E-02
  0.687500000      0.462500006       1.63201913E-02
  0.712499976      0.462500006       1.63223632E-02
  0.737500012      0.462500006       1.63245630E-02
  0.762500048      0.462500006       1.63267776E-02
  0.787500024      0.462500006       1.63290184E-02
  0.812500000      0.462500006       1.63312722E-02
  0.837499976      0.462500006       1.63335465E-02
  0.862500012      0.462500006       1.63358301E-02
  0.887500048      0.462500006       1.63381323E-02
  0.912500024      0.462500006       1.63404364E-02
  0.937500000      0.462500006       1.63427610E-02
  0.962499976      0.462500006       1.63450949E-02
  0.987500012      0.462500006       1.63474474E-02
   1.00000000      0.462500006       1.63474474E-02
 
   0.00000000      0.487500012       2.19275635E-02
   1.25000002E-02  0.487500012       2.19275635E-02
   3.75000015E-02  0.487500012       2.19280459E-02
   6.25000000E-02  0.487500012       2.19288394E-02
   8.75000060E-02  0.487500012       2.19298489E-02
  0.112499997      0.487500012       2.19310485E-02
  0.137500003      0.487500012       2.19324138E-02
  0.162499994      0.487500012       2.19339170E-02
  0.187500000      0.487500012       2.19355524E-02
  0.212500006      0.487500012       2.19373107E-02
  0.237500012      0.487500012       2.19391752E-02
  0.262499988      0.487500012       2.19411384E-02
  0.287500024      0.487500012       2.19431967E-02
  0.312500000      0.487500012       2.19453368E-02
  0.337500006      0.487500012       2.19475497E-02
  0.362500012      0.487500012       2.19498277E-02
  0.387499988      0.487500012       2.19521597E-02
  0.412500024      0.487500012       2.19545383E-02
  0.437500000      0.487500012       2.19569784E-02
  0.462500006      0.487500012       2.19594613E-02
  0.487500012      0.487500012       2.19619758E-02
  0.512500048      0.487500012       2.19645295E-02
  0.537500024      0.487500012       2.19671186E-02
  0.562500000      0.487500012       2.19697356E-02
  0.587499976      0.487500012       2.19723843E-02
  0.612500012      0.487500012       2.19750591E-02
  0.637500048      0.487500012       2.19777618E-02
  0.662500024      0.487500012       2.19804794E-02
  0.687500000      0.487500012       2.19832249E-02
  0.712499976      0.487500012       2.19859853E-02
  0.737500012      0.487500012       2.19887625E-02
  0.762500048      0.487500012       2.19915565E-02
  0.787500024      0.487500012       2.19943710E-02
  0.812500000      0.487500012       2.19971947E-02
  0.837499976      0.487500012       2.20000353E-02
  0.862500012      0.487500012       2.20028814E-02
  0.887500048      0.487500012       2.20057424E-02
  0.912500024      0.487500012       2.20086146E-02
  0.937500000      0.487500012       2.20114924E-02
  0.962499976      0.487500012       2.20143758E-02
  0.987500012      0.487500012       2.20173094E-02
   1.00000000      0.487500012       2.20173094E-02
 
   0.00000000      0.512500048       2.92154718E-02
   1.25000002E-02  0.512500048       2.92154718E-02
   3.75000015E-02  0.512500048       2.92168148E-02
   6.25000000E-02  0.512500048       2.92184260E-02
   8.75000060E-02  0.512500048       2.92202607E-02
  0.112499997      0.512500048       2.92222854E-02
  0.137500003      0.512500048       2.92244852E-02
  0.162499994      0.512500048       2.92268358E-02
  0.187500000      0.512500048       2.92293392E-02
  0.212500006      0.512500048       2.92319506E-02
  0.237500012      0.512500048       2.92346720E-02
  0.262499988      0.512500048       2.92374901E-02
  0.287500024      0.512500048       2.92403828E-02
  0.312500000      0.512500048       2.92433519E-02
  0.337500006      0.512500048       2.92463787E-02
  0.362500012      0.512500048       2.92494521E-02
  0.387499988      0.512500048       2.92525701E-02
  0.412500024      0.512500048       2.92557236E-02
  0.437500000      0.512500048       2.92589180E-02
  0.462500006      0.512500048       2.92621441E-02
  0.487500012      0.512500048       2.92653944E-02
  0.512500048      0.512500048       2.92686746E-02
  0.537500024      0.512500048       2.92719752E-02
  0.562500000      0.512500048       2.92752963E-02
  0.587499976      0.512500048       2.92786472E-02
  0.612500012      0.512500048       2.92820111E-02
  0.637500048      0.512500048       2.92853843E-02
  0.662500024      0.512500048       2.92887874E-02
  0.687500000      0.512500048       2.92922053E-02
  0.712499976      0.512500048       2.92956252E-02
  0.737500012      0.512500048       2.92990617E-02
  0.762500048      0.512500048       2.93025188E-02
  0.787500024      0.512500048       2.93059759E-02
  0.812500000      0.512500048       2.93094460E-02
  0.837499976      0.512500048       2.93129236E-02
  0.862500012      0.512500048       2.93164067E-02
  0.887500048      0.512500048       2.93199010E-02
  0.912500024      0.512500048       2.93234065E-02
  0.937500000      0.512500048       2.93269139E-02
  0.962499976      0.512500048       2.93304008E-02
  0.987500012      0.512500048       2.93340329E-02
   1.00000000      0.512500048       2.93340329E-02
 
   0.00000000      0.537500024       3.85101438E-02
   1.25000002E-02  0.537500024       3.85101438E-02
   3.75000015E-02  0.537500024       3.85122299E-02
   6.25000000E-02  0.537500024       3.85146067E-02
   8.75000060E-02  0.537500024       3.85172218E-02
  0.112499997      0.537500024       3.85200568E-02
  0.137500003      0.537500024       3.85230966E-02
  0.162499994      0.537500024       3.85263115E-02
  0.187500000      0.537500024       3.85296680E-02
  0.212500006      0.537500024       3.85331511E-02
  0.237500012      0.537500024       3.85367423E-02
  0.262499988      0.537500024       3.85404192E-02
  0.287500024      0.537500024       3.85441706E-02
  0.312500000      0.537500024       3.85479815E-02
  0.337500006      0.537500024       3.85518447E-02
  0.362500012      0.537500024       3.85557413E-02
  0.387499988      0.537500024       3.85596678E-02
  0.412500024      0.537500024       3.85636203E-02
  0.437500000      0.537500024       3.85675989E-02
  0.462500006      0.537500024       3.85716036E-02
  0.487500012      0.537500024       3.85756269E-02
  0.512500048      0.537500024       3.85796465E-02
  0.537500024      0.537500024       3.85837033E-02
  0.562500000      0.537500024       3.85877676E-02
  0.587499976      0.537500024       3.85918431E-02
  0.612500012      0.537500024       3.85959372E-02
  0.637500048      0.537500024       3.86000276E-02
  0.662500024      0.537500024       3.86041440E-02
  0.687500000      0.537500024       3.86082679E-02
  0.712499976      0.537500024       3.86123993E-02
  0.737500012      0.537500024       3.86165380E-02
  0.762500048      0.537500024       3.86206955E-02
  0.787500024      0.537500024       3.86248566E-02
  0.812500000      0.537500024       3.86290066E-02
  0.837499976      0.537500024       3.86331640E-02
  0.862500012      0.537500024       3.86373401E-02
  0.887500048      0.537500024       3.86415087E-02
  0.912500024      0.537500024       3.86456922E-02
  0.937500000      0.537500024       3.86498794E-02
  0.962499976      0.537500024       3.86540517E-02
  0.987500012      0.537500024       3.86584029E-02
   1.00000000      0.537500024       3.86584029E-02
 
   0.00000000      0.562500000       5.02196327E-02
   1.25000002E-02  0.562500000       5.02196327E-02
   3.75000015E-02  0.562500000       5.02224378E-02
   6.25000000E-02  0.562500000       5.02255447E-02
   8.75000060E-02  0.562500000       5.02289347E-02
  0.112499997      0.562500000       5.02325743E-02
  0.137500003      0.562500000       5.02364561E-02
  0.162499994      0.562500000       5.02405129E-02
  0.187500000      0.562500000       5.02447449E-02
  0.212500006      0.562500000       5.02490997E-02
  0.237500012      0.562500000       5.02535664E-02
  0.262499988      0.562500000       5.02581187E-02
  0.287500024      0.562500000       5.02627529E-02
  0.312500000      0.562500000       5.02674207E-02
  0.337500006      0.562500000       5.02721295E-02
  0.362500012      0.562500000       5.02768755E-02
  0.387499988      0.562500000       5.02816439E-02
  0.412500024      0.562500000       5.02864085E-02
  0.437500000      0.562500000       5.02911992E-02
  0.462500006      0.562500000       5.02959974E-02
  0.487500012      0.562500000       5.03008179E-02
  0.512500048      0.562500000       5.03056161E-02
  0.537500024      0.562500000       5.03104441E-02
  0.562500000      0.562500000       5.03152683E-02
  0.587499976      0.562500000       5.03201112E-02
  0.612500012      0.562500000       5.03249578E-02
  0.637500048      0.562500000       5.03298156E-02
  0.662500024      0.562500000       5.03346734E-02
  0.687500000      0.562500000       5.03395312E-02
  0.712499976      0.562500000       5.03444076E-02
  0.737500012      0.562500000       5.03492840E-02
  0.762500048      0.562500000       5.03541678E-02
  0.787500024      0.562500000       5.03590479E-02
  0.812500000      0.562500000       5.03639244E-02
  0.837499976      0.562500000       5.03688194E-02
  0.862500012      0.562500000       5.03737144E-02
  0.887500048      0.562500000       5.03786057E-02
  0.912500024      0.562500000       5.03835194E-02
  0.937500000      0.562500000       5.03884219E-02
  0.962499976      0.562500000       5.03933281E-02
  0.987500012      0.562500000       5.03984280E-02
   1.00000000      0.562500000       5.03984280E-02
 
   0.00000000      0.587499976       6.47913218E-02
   1.25000002E-02  0.587499976       6.47913218E-02
   3.75000015E-02  0.587499976       6.47948086E-02
   6.25000000E-02  0.587499976       6.47986457E-02
   8.75000060E-02  0.587499976       6.48027882E-02
  0.112499997      0.587499976       6.48072213E-02
  0.137500003      0.587499976       6.48119375E-02
  0.162499994      0.587499976       6.48168623E-02
  0.187500000      0.587499976       6.48219660E-02
  0.212500006      0.587499976       6.48271888E-02
  0.237500012      0.587499976       6.48325458E-02
  0.262499988      0.587499976       6.48379773E-02
  0.287500024      0.587499976       6.48434758E-02
  0.312500000      0.587499976       6.48490116E-02
  0.337500006      0.587499976       6.48545995E-02
  0.362500012      0.587499976       6.48601949E-02
  0.387499988      0.587499976       6.48657903E-02
  0.412500024      0.587499976       6.48713931E-02
  0.437500000      0.587499976       6.48770109E-02
  0.462500006      0.587499976       6.48826286E-02
  0.487500012      0.587499976       6.48882389E-02
  0.512500048      0.587499976       6.48938492E-02
  0.537500024      0.587499976       6.48994669E-02
  0.562500000      0.587499976       6.49050623E-02
  0.587499976      0.587499976       6.49106950E-02
  0.612500012      0.587499976       6.49163052E-02
  0.637500048      0.587499976       6.49219602E-02
  0.662500024      0.587499976       6.49275631E-02
  0.687500000      0.587499976       6.49331883E-02
  0.712499976      0.587499976       6.49388060E-02
  0.737500012      0.587499976       6.49444535E-02
  0.762500048      0.587499976       6.49500862E-02
  0.787500024      0.587499976       6.49557114E-02
  0.812500000      0.587499976       6.49613366E-02
  0.837499976      0.587499976       6.49669617E-02
  0.862500012      0.587499976       6.49726167E-02
  0.887500048      0.587499976       6.49782494E-02
  0.912500024      0.587499976       6.49839118E-02
  0.937500000      0.587499976       6.49895668E-02
  0.962499976      0.587499976       6.49952143E-02
  0.987500012      0.587499976       6.50010929E-02
   1.00000000      0.587499976       6.50010929E-02
 
   0.00000000      0.612500012       8.27033445E-02
   1.25000002E-02  0.612500012       8.27033445E-02
   3.75000015E-02  0.612500012       8.27074647E-02
   6.25000000E-02  0.612500012       8.27119797E-02
   8.75000060E-02  0.612500012       8.27168822E-02
  0.112499997      0.612500012       8.27221051E-02
  0.137500003      0.612500012       8.27276185E-02
  0.162499994      0.612500012       8.27333853E-02
  0.187500000      0.612500012       8.27393532E-02
  0.212500006      0.612500012       8.27454552E-02
  0.237500012      0.612500012       8.27516839E-02
  0.262499988      0.612500012       8.27579945E-02
  0.287500024      0.612500012       8.27643648E-02
  0.312500000      0.612500012       8.27707574E-02
  0.337500006      0.612500012       8.27772021E-02
  0.362500012      0.612500012       8.27836543E-02
  0.387499988      0.612500012       8.27900842E-02
  0.412500024      0.612500012       8.27965140E-02
  0.437500000      0.612500012       8.28029215E-02
  0.462500006      0.612500012       8.28093439E-02
  0.487500012      0.612500012       8.28157663E-02
  0.512500048      0.612500012       8.28221664E-02
  0.537500024      0.612500012       8.28285813E-02
  0.562500000      0.612500012       8.28349590E-02
  0.587499976      0.612500012       8.28413591E-02
  0.612500012      0.612500012       8.28477442E-02
  0.637500048      0.612500012       8.28541368E-02
  0.662500024      0.612500012       8.28605220E-02
  0.687500000      0.612500012       8.28668997E-02
  0.712499976      0.612500012       8.28732848E-02
  0.737500012      0.612500012       8.28796774E-02
  0.762500048      0.612500012       8.28860700E-02
  0.787500024      0.612500012       8.28924477E-02
  0.812500000      0.612500012       8.28988180E-02
  0.837499976      0.612500012       8.29052031E-02
  0.862500012      0.612500012       8.29115883E-02
  0.887500048      0.612500012       8.29179585E-02
  0.912500024      0.612500012       8.29243585E-02
  0.937500000      0.612500012       8.29307586E-02
  0.962499976      0.612500012       8.29371363E-02
  0.987500012      0.612500012       8.29437971E-02
   1.00000000      0.612500012       8.29437971E-02
 
   0.00000000      0.637500048      0.104451731    
   1.25000002E-02  0.637500048      0.104451731    
   3.75000015E-02  0.637500048      0.104456462    
   6.25000000E-02  0.637500048      0.104461648    
   8.75000060E-02  0.637500048      0.104467250    
  0.112499997      0.637500048      0.104473218    
  0.137500003      0.637500048      0.104479536    
  0.162499994      0.637500048      0.104486108    
  0.187500000      0.637500048      0.104492903    
  0.212500006      0.637500048      0.104499847    
  0.237500012      0.637500048      0.104506895    
  0.262499988      0.637500048      0.104514062    
  0.287500024      0.637500048      0.104521267    
  0.312500000      0.637500048      0.104528479    
  0.337500006      0.637500048      0.104535766    
  0.362500012      0.637500048      0.104543030    
  0.387499988      0.637500048      0.104550257    
  0.412500024      0.637500048      0.104557462    
  0.437500000      0.637500048      0.104564689    
  0.462500006      0.637500048      0.104571871    
  0.487500012      0.637500048      0.104579069    
  0.512500048      0.637500048      0.104586236    
  0.537500024      0.637500048      0.104593396    
  0.562500000      0.637500048      0.104600541    
  0.587499976      0.637500048      0.104607679    
  0.612500012      0.637500048      0.104614809    
  0.637500048      0.637500048      0.104621939    
  0.662500024      0.637500048      0.104629055    
  0.687500000      0.637500048      0.104636163    
  0.712499976      0.637500048      0.104643293    
  0.737500012      0.637500048      0.104650401    
  0.762500048      0.637500048      0.104657516    
  0.787500024      0.637500048      0.104664616    
  0.812500000      0.637500048      0.104671687    
  0.837499976      0.637500048      0.104678817    
  0.862500012      0.637500048      0.104685903    
  0.887500048      0.637500048      0.104692981    
  0.912500024      0.637500048      0.104700096    
  0.937500000      0.637500048      0.104707211    
  0.962499976      0.637500048      0.104714312    
  0.987500012      0.637500048      0.104721688    
   1.00000000      0.637500048      0.104721688    
 
   0.00000000      0.662500024      0.130533755    
   1.25000002E-02  0.662500024      0.130533755    
   3.75000015E-02  0.662500024      0.130539060    
   6.25000000E-02  0.662500024      0.130544871    
   8.75000060E-02  0.662500024      0.130551130    
  0.112499997      0.662500024      0.130557790    
  0.137500003      0.662500024      0.130564809    
  0.162499994      0.662500024      0.130572140    
  0.187500000      0.662500024      0.130579740    
  0.212500006      0.662500024      0.130587459    
  0.237500012      0.662500024      0.130595297    
  0.262499988      0.662500024      0.130603194    
  0.287500024      0.662500024      0.130611211    
  0.312500000      0.662500024      0.130619198    
  0.337500006      0.662500024      0.130627215    
  0.362500012      0.662500024      0.130635276    
  0.387499988      0.662500024      0.130643249    
  0.412500024      0.662500024      0.130651176    
  0.437500000      0.662500024      0.130659118    
  0.462500006      0.662500024      0.130667016    
  0.487500012      0.662500024      0.130674943    
  0.512500048      0.662500024      0.130682796    
  0.537500024      0.662500024      0.130690664    
  0.562500000      0.662500024      0.130698517    
  0.587499976      0.662500024      0.130706340    
  0.612500012      0.662500024      0.130714118    
  0.637500048      0.662500024      0.130721971    
  0.662500024      0.662500024      0.130729750    
  0.687500000      0.662500024      0.130737528    
  0.712499976      0.662500024      0.130745307    
  0.737500012      0.662500024      0.130753070    
  0.762500048      0.662500024      0.130760863    
  0.787500024      0.662500024      0.130768642    
  0.812500000      0.662500024      0.130776331    
  0.837499976      0.662500024      0.130784169    
  0.862500012      0.662500024      0.130791858    
  0.887500048      0.662500024      0.130799621    
  0.912500024      0.662500024      0.130807385    
  0.937500000      0.662500024      0.130815133    
  0.962499976      0.662500024      0.130822867    
  0.987500012      0.662500024      0.130830929    
   1.00000000      0.662500024      0.130830929    
 
   0.00000000      0.687500000      0.161428049    
   1.25000002E-02  0.687500000      0.161428049    
   3.75000015E-02  0.687500000      0.161433876    
   6.25000000E-02  0.687500000      0.161440209    
   8.75000060E-02  0.687500000      0.161447033    
  0.112499997      0.687500000      0.161454320    
  0.137500003      0.687500000      0.161461964    
  0.162499994      0.687500000      0.161470011    
  0.187500000      0.687500000      0.161478236    
  0.212500006      0.687500000      0.161486641    
  0.237500012      0.687500000      0.161495194    
  0.262499988      0.687500000      0.161503822    
  0.287500024      0.687500000      0.161512494    
  0.312500000      0.687500000      0.161521137    
  0.337500006      0.687500000      0.161529824    
  0.362500012      0.687500000      0.161538586    
  0.387499988      0.687500000      0.161547214    
  0.412500024      0.687500000      0.161555767    
  0.437500000      0.687500000      0.161564320    
  0.462500006      0.687500000      0.161572903    
  0.487500012      0.687500000      0.161581427    
  0.512500048      0.687500000      0.161589921    
  0.537500024      0.687500000      0.161598340    
  0.562500000      0.687500000      0.161606789    
  0.587499976      0.687500000      0.161615223    
  0.612500012      0.687500000      0.161623627    
  0.637500048      0.687500000      0.161632016    
  0.662500024      0.687500000      0.161640376    
  0.687500000      0.687500000      0.161648750    
  0.712499976      0.687500000      0.161657140    
  0.737500012      0.687500000      0.161665455    
  0.762500048      0.687500000      0.161673769    
  0.787500024      0.687500000      0.161682114    
  0.812500000      0.687500000      0.161690399    
  0.837499976      0.687500000      0.161698729    
  0.862500012      0.687500000      0.161707014    
  0.887500048      0.687500000      0.161715299    
  0.912500024      0.687500000      0.161723599    
  0.937500000      0.687500000      0.161731914    
  0.962499976      0.687500000      0.161740229    
  0.987500012      0.687500000      0.161748871    
   1.00000000      0.687500000      0.161748871    
 
   0.00000000      0.712499976      0.197570994    
   1.25000002E-02  0.712499976      0.197570994    
   3.75000015E-02  0.712499976      0.197577238    
   6.25000000E-02  0.712499976      0.197584048    
   8.75000060E-02  0.712499976      0.197591364    
  0.112499997      0.712499976      0.197599128    
  0.137500003      0.712499976      0.197607338    
  0.162499994      0.712499976      0.197615877    
  0.187500000      0.712499976      0.197624624    
  0.212500006      0.712499976      0.197633624    
  0.237500012      0.712499976      0.197642744    
  0.262499988      0.712499976      0.197651923    
  0.287500024      0.712499976      0.197661161    
  0.312500000      0.712499976      0.197670370    
  0.337500006      0.712499976      0.197679624    
  0.362500012      0.712499976      0.197688788    
  0.387499988      0.712499976      0.197698027    
  0.412500024      0.712499976      0.197707132    
  0.437500000      0.712499976      0.197716191    
  0.462500006      0.712499976      0.197725281    
  0.487500012      0.712499976      0.197734281    
  0.512500048      0.712499976      0.197743237    
  0.537500024      0.712499976      0.197752193    
  0.562500000      0.712499976      0.197761074    
  0.587499976      0.712499976      0.197769985    
  0.612500012      0.712499976      0.197778851    
  0.637500048      0.712499976      0.197787702    
  0.662500024      0.712499976      0.197796524    
  0.687500000      0.712499976      0.197805300    
  0.712499976      0.712499976      0.197814122    
  0.737500012      0.712499976      0.197822884    
  0.762500048      0.712499976      0.197831661    
  0.787500024      0.712499976      0.197840363    
  0.812500000      0.712499976      0.197849125    
  0.837499976      0.712499976      0.197857872    
  0.862500012      0.712499976      0.197866604    
  0.887500048      0.712499976      0.197875291    
  0.912500024      0.712499976      0.197883993    
  0.937500000      0.712499976      0.197892711    
  0.962499976      0.712499976      0.197901458    
  0.987500012      0.712499976      0.197910547    
   1.00000000      0.712499976      0.197910547    
 
   0.00000000      0.737500012      0.239331111    
   1.25000002E-02  0.737500012      0.239331111    
   3.75000015E-02  0.737500012      0.239337608    
   6.25000000E-02  0.737500012      0.239344761    
   8.75000060E-02  0.737500012      0.239352405    
  0.112499997      0.737500012      0.239360556    
  0.137500003      0.737500012      0.239369109    
  0.162499994      0.737500012      0.239378005    
  0.187500000      0.737500012      0.239387199    
  0.212500006      0.737500012      0.239396557    
  0.237500012      0.737500012      0.239406139    
  0.262499988      0.737500012      0.239415735    
  0.287500024      0.737500012      0.239425302    
  0.312500000      0.737500012      0.239434972    
  0.337500006      0.737500012      0.239444539    
  0.362500012      0.737500012      0.239454120    
  0.387499988      0.737500012      0.239463642    
  0.412500024      0.737500012      0.239473119    
  0.437500000      0.737500012      0.239482507    
  0.462500006      0.737500012      0.239491954    
  0.487500012      0.737500012      0.239501283    
  0.512500048      0.737500012      0.239510551    
  0.537500024      0.737500012      0.239519849    
  0.562500000      0.737500012      0.239529103    
  0.587499976      0.737500012      0.239538312    
  0.612500012      0.737500012      0.239547461    
  0.637500048      0.737500012      0.239556655    
  0.662500024      0.737500012      0.239565730    
  0.687500000      0.737500012      0.239574715    
  0.712499976      0.737500012      0.239583880    
  0.737500012      0.737500012      0.239592910    
  0.762500048      0.737500012      0.239601895    
  0.787500024      0.737500012      0.239610836    
  0.812500000      0.737500012      0.239619926    
  0.837499976      0.737500012      0.239628956    
  0.862500012      0.737500012      0.239637882    
  0.887500048      0.737500012      0.239646807    
  0.912500024      0.737500012      0.239655763    
  0.937500000      0.737500012      0.239664763    
  0.962499976      0.737500012      0.239673689    
  0.987500012      0.737500012      0.239683002    
   1.00000000      0.737500012      0.239683002    
 
   0.00000000      0.762500048      0.286983341    
   1.25000002E-02  0.762500048      0.286983341    
   3.75000015E-02  0.762500048      0.286990106    
   6.25000000E-02  0.762500048      0.286997378    
   8.75000060E-02  0.762500048      0.287005275    
  0.112499997      0.762500048      0.287013590    
  0.137500003      0.762500048      0.287022263    
  0.162499994      0.762500048      0.287031353    
  0.187500000      0.762500048      0.287040710    
  0.212500006      0.762500048      0.287050366    
  0.237500012      0.762500048      0.287060112    
  0.262499988      0.762500048      0.287069827    
  0.287500024      0.762500048      0.287079662    
  0.312500000      0.762500048      0.287089437    
  0.337500006      0.762500048      0.287099242    
  0.362500012      0.762500048      0.287109017    
  0.387499988      0.762500048      0.287118793    
  0.412500024      0.762500048      0.287128329    
  0.437500000      0.762500048      0.287137866    
  0.462500006      0.762500048      0.287147522    
  0.487500012      0.762500048      0.287156999    
  0.512500048      0.762500048      0.287166387    
  0.537500024      0.762500048      0.287175834    
  0.562500000      0.762500048      0.287185162    
  0.587499976      0.762500048      0.287194520    
  0.612500012      0.762500048      0.287203729    
  0.637500048      0.762500048      0.287212998    
  0.662500024      0.762500048      0.287222147    
  0.687500000      0.762500048      0.287231296    
  0.712499976      0.762500048      0.287240535    
  0.737500012      0.762500048      0.287249625    
  0.762500048      0.762500048      0.287258685    
  0.787500024      0.762500048      0.287267655    
  0.812500000      0.762500048      0.287276834    
  0.837499976      0.762500048      0.287285924    
  0.862500012      0.762500048      0.287294894    
  0.887500048      0.762500048      0.287303895    
  0.912500024      0.762500048      0.287312925    
  0.937500000      0.762500048      0.287321866    
  0.962499976      0.762500048      0.287330866    
  0.987500012      0.762500048      0.287340283    
   1.00000000      0.762500048      0.287340283    
 
   0.00000000      0.787500024      0.340684056    
   1.25000002E-02  0.787500024      0.340684056    
   3.75000015E-02  0.787500024      0.340690821    
   6.25000000E-02  0.787500024      0.340698093    
   8.75000060E-02  0.787500024      0.340705931    
  0.112499997      0.787500024      0.340714246    
  0.137500003      0.787500024      0.340722919    
  0.162499994      0.787500024      0.340732038    
  0.187500000      0.787500024      0.340741336    
  0.212500006      0.787500024      0.340750962    
  0.237500012      0.787500024      0.340760678    
  0.262499988      0.787500024      0.340770423    
  0.287500024      0.787500024      0.340780199    
  0.312500000      0.787500024      0.340789974    
  0.337500006      0.787500024      0.340799659    
  0.362500012      0.787500024      0.340809405    
  0.387499988      0.787500024      0.340819091    
  0.412500024      0.787500024      0.340828627    
  0.437500000      0.787500024      0.340838194    
  0.462500006      0.787500024      0.340847611    
  0.487500012      0.787500024      0.340857029    
  0.512500048      0.787500024      0.340866417    
  0.537500024      0.787500024      0.340875655    
  0.562500000      0.787500024      0.340884954    
  0.587499976      0.787500024      0.340894133    
  0.612500012      0.787500024      0.340903312    
  0.637500048      0.787500024      0.340912372    
  0.662500024      0.787500024      0.340921402    
  0.687500000      0.787500024      0.340930462    
  0.712499976      0.787500024      0.340939552    
  0.737500012      0.787500024      0.340948522    
  0.762500048      0.787500024      0.340957463    
  0.787500024      0.787500024      0.340966374    
  0.812500000      0.787500024      0.340975285    
  0.837499976      0.787500024      0.340984195    
  0.862500012      0.787500024      0.340992987    
  0.887500048      0.787500024      0.341001749    
  0.912500024      0.787500024      0.341010630    
  0.937500000      0.787500024      0.341019452    
  0.962499976      0.787500024      0.341028184    
  0.987500012      0.787500024      0.341037333    
   1.00000000      0.787500024      0.341037333    
 
   0.00000000      0.812500000      0.400448024    
   1.25000002E-02  0.812500000      0.400448024    
   3.75000015E-02  0.812500000      0.400454670    
   6.25000000E-02  0.812500000      0.400461793    
   8.75000060E-02  0.812500000      0.400469333    
  0.112499997      0.812500000      0.400477409    
  0.137500003      0.812500000      0.400485963    
  0.162499994      0.812500000      0.400494754    
  0.187500000      0.812500000      0.400503844    
  0.212500006      0.812500000      0.400513083    
  0.237500012      0.812500000      0.400522590    
  0.262499988      0.812500000      0.400532156    
  0.287500024      0.812500000      0.400541633    
  0.312500000      0.812500000      0.400551051    
  0.337500006      0.812500000      0.400560468    
  0.362500012      0.812500000      0.400569826    
  0.387499988      0.812500000      0.400579214    
  0.412500024      0.812500000      0.400588453    
  0.437500000      0.812500000      0.400597692    
  0.462500006      0.812500000      0.400606841    
  0.487500012      0.812500000      0.400615931    
  0.512500048      0.812500000      0.400624990    
  0.537500024      0.812500000      0.400633931    
  0.562500000      0.812500000      0.400642872    
  0.587499976      0.812500000      0.400651783    
  0.612500012      0.812500000      0.400660634    
  0.637500048      0.812500000      0.400669277    
  0.662500024      0.812500000      0.400678009    
  0.687500000      0.812500000      0.400686771    
  0.712499976      0.812500000      0.400695384    
  0.737500012      0.812500000      0.400703967    
  0.762500048      0.812500000      0.400712579    
  0.787500024      0.812500000      0.400721043    
  0.812500000      0.812500000      0.400729597    
  0.837499976      0.812500000      0.400738060    
  0.862500012      0.812500000      0.400746435    
  0.887500048      0.812500000      0.400754809    
  0.912500024      0.812500000      0.400763273    
  0.937500000      0.812500000      0.400771558    
  0.962499976      0.812500000      0.400779933    
  0.987500012      0.812500000      0.400788605    
   1.00000000      0.812500000      0.400788605    
 
   0.00000000      0.837499976      0.466130644    
   1.25000002E-02  0.837499976      0.466130644    
   3.75000015E-02  0.837499976      0.466136754    
   6.25000000E-02  0.837499976      0.466143519    
   8.75000060E-02  0.837499976      0.466150552    
  0.112499997      0.837499976      0.466158301    
  0.137500003      0.837499976      0.466166288    
  0.162499994      0.837499976      0.466174543    
  0.187500000      0.837499976      0.466183186    
  0.212500006      0.837499976      0.466191977    
  0.237500012      0.837499976      0.466200858    
  0.262499988      0.837499976      0.466209918    
  0.287500024      0.837499976      0.466218889    
  0.312500000      0.837499976      0.466227770    
  0.337500006      0.837499976      0.466236621    
  0.362500012      0.837499976      0.466245413    
  0.387499988      0.837499976      0.466254145    
  0.412500024      0.837499976      0.466262847    
  0.437500000      0.837499976      0.466271639    
  0.462500006      0.837499976      0.466280162    
  0.487500012      0.837499976      0.466288686    
  0.512500048      0.837499976      0.466297090    
  0.537500024      0.837499976      0.466305405    
  0.562500000      0.837499976      0.466313928    
  0.587499976      0.837499976      0.466322303    
  0.612500012      0.837499976      0.466330469    
  0.637500048      0.837499976      0.466338545    
  0.662500024      0.837499976      0.466346711    
  0.687500000      0.837499976      0.466354877    
  0.712499976      0.837499976      0.466362923    
  0.737500012      0.837499976      0.466370851    
  0.762500048      0.837499976      0.466378778    
  0.787500024      0.837499976      0.466386735    
  0.812500000      0.837499976      0.466394663    
  0.837499976      0.837499976      0.466402382    
  0.862500012      0.837499976      0.466410130    
  0.887500048      0.837499976      0.466417909    
  0.912500024      0.837499976      0.466425627    
  0.937500000      0.837499976      0.466433257    
  0.962499976      0.837499976      0.466440856    
  0.987500012      0.837499976      0.466448933    
   1.00000000      0.837499976      0.466448933    
 
   0.00000000      0.862500012      0.537417054    
   1.25000002E-02  0.862500012      0.537417054    
   3.75000015E-02  0.862500012      0.537422776    
   6.25000000E-02  0.862500012      0.537428617    
   8.75000060E-02  0.862500012      0.537435293    
  0.112499997      0.862500012      0.537442148    
  0.137500003      0.862500012      0.537449479    
  0.162499994      0.862500012      0.537457049    
  0.187500000      0.862500012      0.537465036    
  0.212500006      0.862500012      0.537472963    
  0.237500012      0.862500012      0.537481010    
  0.262499988      0.862500012      0.537489295    
  0.287500024      0.862500012      0.537497401    
  0.312500000      0.862500012      0.537505448    
  0.337500006      0.862500012      0.537513494    
  0.362500012      0.862500012      0.537521422    
  0.387499988      0.862500012      0.537529349    
  0.412500024      0.862500012      0.537537277    
  0.437500000      0.862500012      0.537545204    
  0.462500006      0.862500012      0.537552893    
  0.487500012      0.862500012      0.537560582    
  0.512500048      0.862500012      0.537568271    
  0.537500024      0.862500012      0.537575841    
  0.562500000      0.862500012      0.537583470    
  0.587499976      0.862500012      0.537591040    
  0.612500012      0.862500012      0.537598491    
  0.637500048      0.862500012      0.537605822    
  0.662500024      0.862500012      0.537613094    
  0.687500000      0.862500012      0.537620366    
  0.712499976      0.862500012      0.537627578    
  0.737500012      0.862500012      0.537634730    
  0.762500048      0.862500012      0.537641883    
  0.787500024      0.862500012      0.537648976    
  0.812500000      0.862500012      0.537656128    
  0.837499976      0.862500012      0.537662983    
  0.862500012      0.862500012      0.537669957    
  0.887500048      0.862500012      0.537676692    
  0.912500024      0.862500012      0.537683427    
  0.937500000      0.862500012      0.537690163    
  0.962499976      0.862500012      0.537696898    
  0.987500012      0.862500012      0.537703931    
   1.00000000      0.862500012      0.537703931    
 
   0.00000000      0.887500048      0.613819242    
   1.25000002E-02  0.887500048      0.613819242    
   3.75000015E-02  0.887500048      0.613824308    
   6.25000000E-02  0.887500048      0.613829374    
   8.75000060E-02  0.887500048      0.613834977    
  0.112499997      0.887500048      0.613840997    
  0.137500003      0.887500048      0.613847494    
  0.162499994      0.887500048      0.613854051    
  0.187500000      0.887500048      0.613860965    
  0.212500006      0.887500048      0.613867819    
  0.237500012      0.887500048      0.613874912    
  0.262499988      0.887500048      0.613881886    
  0.287500024      0.887500048      0.613889098    
  0.312500000      0.887500048      0.613896072    
  0.337500006      0.887500048      0.613903105    
  0.362500012      0.887500048      0.613909900    
  0.387499988      0.887500048      0.613916874    
  0.412500024      0.887500048      0.613923609    
  0.437500000      0.887500048      0.613930404    
  0.462500006      0.887500048      0.613937140    
  0.487500012      0.887500048      0.613943636    
  0.512500048      0.887500048      0.613950431    
  0.537500024      0.887500048      0.613956988    
  0.562500000      0.887500048      0.613963485    
  0.587499976      0.887500048      0.613970220    
  0.612500012      0.887500048      0.613976538    
  0.637500048      0.887500048      0.613982916    
  0.662500024      0.887500048      0.613989174    
  0.687500000      0.887500048      0.613995314    
  0.712499976      0.887500048      0.614001632    
  0.737500012      0.887500048      0.614007652    
  0.762500048      0.887500048      0.614013553    
  0.787500024      0.887500048      0.614019930    
  0.812500000      0.887500048      0.614026010    
  0.837499976      0.887500048      0.614031792    
  0.862500012      0.887500048      0.614037633    
  0.887500048      0.887500048      0.614043415    
  0.912500024      0.887500048      0.614048958    
  0.937500000      0.887500048      0.614054680    
  0.962499976      0.887500048      0.614060283    
  0.987500012      0.887500048      0.614066005    
   1.00000000      0.887500048      0.614066005    
 
   0.00000000      0.912500024      0.694680274    
   1.25000002E-02  0.912500024      0.694680274    
   3.75000015E-02  0.912500024      0.694684327    
   6.25000000E-02  0.912500024      0.694688559    
   8.75000060E-02  0.912500024      0.694693029    
  0.112499997      0.912500024      0.694698095    
  0.137500003      0.912500024      0.694703281    
  0.162499994      0.912500024      0.694708765    
  0.187500000      0.912500024      0.694714308    
  0.212500006      0.912500024      0.694719911    
  0.237500012      0.912500024      0.694725573    
  0.262499988      0.912500024      0.694731474    
  0.287500024      0.912500024      0.694737196    
  0.312500000      0.912500024      0.694743037    
  0.337500006      0.912500024      0.694748640    
  0.362500012      0.912500024      0.694754362    
  0.387499988      0.912500024      0.694759965    
  0.412500024      0.912500024      0.694765389    
  0.437500000      0.912500024      0.694771051    
  0.462500006      0.912500024      0.694776416    
  0.487500012      0.912500024      0.694781601    
  0.512500048      0.912500024      0.694787323    
  0.537500024      0.912500024      0.694792509    
  0.562500000      0.912500024      0.694797754    
  0.587499976      0.912500024      0.694803298    
  0.612500012      0.912500024      0.694808543    
  0.637500048      0.912500024      0.694813430    
  0.662500024      0.912500024      0.694818676    
  0.687500000      0.912500024      0.694823563    
  0.712499976      0.912500024      0.694828510    
  0.737500012      0.912500024      0.694833577    
  0.762500048      0.912500024      0.694838524    
  0.787500024      0.912500024      0.694843352    
  0.812500000      0.912500024      0.694848180    
  0.837499976      0.912500024      0.694853067    
  0.862500012      0.912500024      0.694857597    
  0.887500048      0.912500024      0.694862127    
  0.912500024      0.912500024      0.694866478    
  0.937500000      0.912500024      0.694870770    
  0.962499976      0.912500024      0.694875121    
  0.987500012      0.912500024      0.694879413    
   1.00000000      0.912500024      0.694879413    
 
   0.00000000      0.937500000      0.779189229    
   1.25000002E-02  0.937500000      0.779189229    
   3.75000015E-02  0.937500000      0.779192150    
   6.25000000E-02  0.937500000      0.779195309    
   8.75000060E-02  0.937500000      0.779198766    
  0.112499997      0.937500000      0.779202402    
  0.137500003      0.937500000      0.779206276    
  0.162499994      0.937500000      0.779210389    
  0.187500000      0.937500000      0.779214382    
  0.212500006      0.937500000      0.779218733    
  0.237500012      0.937500000      0.779222906    
  0.262499988      0.937500000      0.779227138    
  0.287500024      0.937500000      0.779231310    
  0.312500000      0.937500000      0.779235542    
  0.337500006      0.937500000      0.779239833    
  0.362500012      0.937500000      0.779244065    
  0.387499988      0.937500000      0.779248238    
  0.412500024      0.937500000      0.779252231    
  0.437500000      0.937500000      0.779256403    
  0.462500006      0.937500000      0.779260516    
  0.487500012      0.937500000      0.779264271    
  0.512500048      0.937500000      0.779268384    
  0.537500024      0.937500000      0.779272258    
  0.562500000      0.937500000      0.779276073    
  0.587499976      0.937500000      0.779280186    
  0.612500012      0.937500000      0.779284060    
  0.637500048      0.937500000      0.779287755    
  0.662500024      0.937500000      0.779291451    
  0.687500000      0.937500000      0.779295206    
  0.712499976      0.937500000      0.779298782    
  0.737500012      0.937500000      0.779302478    
  0.762500048      0.937500000      0.779306054    
  0.787500024      0.937500000      0.779309750    
  0.812500000      0.937500000      0.779313266    
  0.837499976      0.937500000      0.779316783    
  0.862500012      0.937500000      0.779319942    
  0.887500048      0.937500000      0.779323280    
  0.912500024      0.937500000      0.779326320    
  0.937500000      0.937500000      0.779329360    
  0.962499976      0.937500000      0.779332221    
  0.987500012      0.937500000      0.779335201    
   1.00000000      0.937500000      0.779335201    
 
   0.00000000      0.962499976      0.866403222    
   1.25000002E-02  0.962499976      0.866403222    
   3.75000015E-02  0.962499976      0.866405010    
   6.25000000E-02  0.962499976      0.866406798    
   8.75000060E-02  0.962499976      0.866409004    
  0.112499997      0.962499976      0.866411090    
  0.137500003      0.962499976      0.866413534    
  0.162499994      0.962499976      0.866416156    
  0.187500000      0.962499976      0.866418660    
  0.212500006      0.962499976      0.866421103    
  0.237500012      0.962499976      0.866423845    
  0.262499988      0.962499976      0.866426408    
  0.287500024      0.962499976      0.866429031    
  0.312500000      0.962499976      0.866431415    
  0.337500006      0.962499976      0.866434157    
  0.362500012      0.962499976      0.866436839    
  0.387499988      0.962499976      0.866439462    
  0.412500024      0.962499976      0.866441786    
  0.437500000      0.962499976      0.866444349    
  0.462500006      0.962499976      0.866446972    
  0.487500012      0.962499976      0.866449237    
  0.512500048      0.962499976      0.866451740    
  0.537500024      0.962499976      0.866454244    
  0.562500000      0.962499976      0.866456449    
  0.587499976      0.962499976      0.866459072    
  0.612500012      0.962499976      0.866461277    
  0.637500048      0.962499976      0.866463780    
  0.662500024      0.962499976      0.866465807    
  0.687500000      0.962499976      0.866468251    
  0.712499976      0.962499976      0.866470337    
  0.737500012      0.962499976      0.866472542    
  0.762500048      0.962499976      0.866474867    
  0.787500024      0.962499976      0.866477013    
  0.812500000      0.962499976      0.866479158    
  0.837499976      0.962499976      0.866481423    
  0.862500012      0.962499976      0.866483212    
  0.887500048      0.962499976      0.866485178    
  0.912500024      0.962499976      0.866486907    
  0.937500000      0.962499976      0.866488695    
  0.962499976      0.962499976      0.866490364    
  0.987500012      0.962499976      0.866491795    
   1.00000000      0.962499976      0.866491795    
 
   0.00000000      0.987500012      0.955281019    
   1.25000002E-02  0.987500012      0.955281019    
   3.75000015E-02  0.987500012      0.955281675    
   6.25000000E-02  0.987500012      0.955282092    
   8.75000060E-02  0.987500012      0.955282807    
  0.112499997      0.987500012      0.955283642    
  0.137500003      0.987500012      0.955284417    
  0.162499994      0.987500012      0.955285251    
  0.187500000      0.987500012      0.955285966    
  0.212500006      0.987500012      0.955286920    
  0.237500012      0.987500012      0.955288053    
  0.262499988      0.987500012      0.955288887    
  0.287500024      0.987500012      0.955289602    
  0.312500000      0.987500012      0.955290496    
  0.337500006      0.987500012      0.955291212    
  0.362500012      0.987500012      0.955292284    
  0.387499988      0.987500012      0.955293298    
  0.412500024      0.987500012      0.955294132    
  0.437500000      0.987500012      0.955294847    
  0.462500006      0.987500012      0.955295682    
  0.487500012      0.987500012      0.955296397    
  0.512500048      0.987500012      0.955297112    
  0.537500024      0.987500012      0.955298126    
  0.562500000      0.987500012      0.955298841    
  0.587499976      0.987500012      0.955299973    
  0.612500012      0.987500012      0.955300510    
  0.637500048      0.987500012      0.955301404    
  0.662500024      0.987500012      0.955302238    
  0.687500000      0.987500012      0.955302954    
  0.712499976      0.987500012      0.955303550    
  0.737500012      0.987500012      0.955304384    
  0.762500048      0.987500012      0.955305219    
  0.787500024      0.987500012      0.955305934    
  0.812500000      0.987500012      0.955306470    
  0.837499976      0.987500012      0.955307484    
  0.862500012      0.987500012      0.955308020    
  0.887500048      0.987500012      0.955308437    
  0.912500024      0.987500012      0.955309153    
  0.937500000      0.987500012      0.955309868    
  0.962499976      0.987500012      0.955310285    
  0.987500012      0.987500012      0.955310643    
   1.00000000      0.987500012      0.955310643    
 
   0.00000000       1.00000000       1.00000000    
   1.25000002E-02   1.00000000       1.00000000    
   3.75000015E-02   1.00000000       1.00000000    
   6.25000000E-02   1.00000000       1.00000000    
   8.75000060E-02   1.00000000       1.00000000    
  0.112499997       1.00000000       1.00000000    
  0.137500003       1.00000000       1.00000000    
  0.162499994       1.00000000       1.00000000    
  0.187500000       1.00000000       1.00000000    
  0.212500006       1.00000000       1.00000000    
  0.237500012       1.00000000       1.00000000    
  0.262499988       1.00000000       1.00000000    
  0.287500024       1.00000000       1.00000000    
  0.312500000       1.00000000       1.00000000    
  0.337500006       1.00000000       1.00000000    
  0.362500012       1.00000000       1.00000000    
  0.387499988       1.00000000       1.00000000    
  0.412500024       1.00000000       1.00000000    
  0.437500000       1.00000000       1.00000000    
  0.462500006       1.00000000       1.00000000    
  0.487500012       1.00000000       1.00000000    
  0.512500048       1.00000000       1.00000000    
  0.537500024       1.00000000       1.00000000    
  0.562500000       1.00000000       1.00000000    
  0.587499976       1.00000000       1.00000000    
  0.612500012       1.00000000       1.00000000    
  0.637500048       1.00000000       1.00000000    
  0.662500024       1.00000000       1.00000000    
  0.687500000       1.00000000       1.00000000    
  0.712499976       1.00000000       1.00000000    
  0.737500012       1.00000000       1.00000000    
  0.762500048       1.00000000       1.00000000    
  0.787500024       1.00000000       1.00000000    
  0.812500000       1.00000000       1.00000000    
  0.837499976       1.00000000       1.00000000    
  0.862500012       1.00000000       1.00000000    
  0.887500048       1.00000000       1.00000000    
  0.912500024       1.00000000       1.00000000    
  0.937500000       1.00000000       1.00000000    
  0.962499976       1.00000000       1.00000000    
  0.987500012       1.00000000       1.00000000    
   1.00000000       1.00000000       1.00000000    
 
