   3.33333351E-02   4.70280647E-05
  0.100000009      -1.06096268E-05
  0.166666687      -6.43730164E-06
  0.233333349      -2.07424164E-05
  0.300000012      -2.74181366E-06
  0.366666675      -2.15768814E-05
  0.433333367      -1.66893005E-06
  0.500000000       4.47034836E-06
  0.566666722      -8.34465027E-06
  0.633333325       4.76837158E-07
  0.700000048      -2.74181366E-06
  0.766666710       8.94069672E-07
  0.833333373      -1.54972076E-06
  0.900000095       9.17911530E-06
  0.966666698      -5.96046448E-07
   1.03333330      -1.07288361E-06
   1.10000014       4.17232513E-07
