  0.0000000E+00  0.0000000E+00  0.0000000E+00
  0.1250000      0.0000000E+00  1.2499999E-02
  0.3750000      0.0000000E+00  3.7499998E-02
  0.6250000      0.0000000E+00  6.2499996E-02
  0.8750000      0.0000000E+00  8.7499991E-02
   1.125000      0.0000000E+00  0.1125000    
   1.375000      0.0000000E+00  0.1375000    
   1.625000      0.0000000E+00  0.1625000    
   1.875000      0.0000000E+00  0.1875000    
   2.125000      0.0000000E+00  0.2125000    
   2.375000      0.0000000E+00  0.2375000    
   2.625000      0.0000000E+00  0.2625000    
   2.875000      0.0000000E+00  0.2875000    
   3.125000      0.0000000E+00  0.3125000    
   3.375000      0.0000000E+00  0.3375000    
   3.625000      0.0000000E+00  0.3625000    
   3.875000      0.0000000E+00  0.3875000    
   4.125000      0.0000000E+00  0.4125000    
   4.375000      0.0000000E+00  0.4375000    
   4.625000      0.0000000E+00  0.4625000    
   4.875000      0.0000000E+00  0.4875000    
   5.125000      0.0000000E+00  0.5125000    
   5.375000      0.0000000E+00  0.5375000    
   5.625000      0.0000000E+00  0.5624999    
   5.875000      0.0000000E+00  0.5875000    
   6.125000      0.0000000E+00  0.6125000    
   6.375000      0.0000000E+00  0.6375000    
   6.625000      0.0000000E+00  0.6625000    
   6.875000      0.0000000E+00  0.6874999    
   7.125000      0.0000000E+00  0.7125000    
   7.375000      0.0000000E+00  0.7375000    
   7.625000      0.0000000E+00  0.7624999    
   7.875000      0.0000000E+00  0.7875000    
   8.125000      0.0000000E+00  0.8124999    
   8.375000      0.0000000E+00  0.8375000    
   8.625000      0.0000000E+00  0.8625000    
   8.875000      0.0000000E+00  0.8874999    
   9.125000      0.0000000E+00  0.9125000    
   9.375000      0.0000000E+00  0.9374999    
   9.625000      0.0000000E+00  0.9624999    
   9.875000      0.0000000E+00  0.9875000    
   10.00000      0.0000000E+00   1.000000    
 
  0.0000000E+00  1.2500000E-02  0.0000000E+00
  0.1250000      1.2500000E-02  1.3451570E-02
  0.3750000      1.2500000E-02  4.0616110E-02
  0.6250000      1.2500000E-02  6.7616880E-02
  0.8750000      1.2500000E-02  9.4265871E-02
   1.125000      1.2500000E-02  0.1205455    
   1.375000      1.2500000E-02  0.1465082    
   1.625000      1.2500000E-02  0.1722211    
   1.875000      1.2500000E-02  0.1977450    
   2.125000      1.2500000E-02  0.2231286    
   2.375000      1.2500000E-02  0.2484088    
   2.625000      1.2500000E-02  0.2736133    
   2.875000      1.2500000E-02  0.2987626    
   3.125000      1.2500000E-02  0.3238714    
   3.375000      1.2500000E-02  0.3489507    
   3.625000      1.2500000E-02  0.3740086    
   3.875000      1.2500000E-02  0.3990508    
   4.125000      1.2500000E-02  0.4240814    
   4.375000      1.2500000E-02  0.4491037    
   4.625000      1.2500000E-02  0.4741200    
   4.875000      1.2500000E-02  0.4991316    
   5.125000      1.2500000E-02  0.5241398    
   5.375000      1.2500000E-02  0.5491453    
   5.625000      1.2500000E-02  0.5741487    
   5.875000      1.2500000E-02  0.5991502    
   6.125000      1.2500000E-02  0.6241493    
   6.375000      1.2500000E-02  0.6491460    
   6.625000      1.2500000E-02  0.6741390    
   6.875000      1.2500000E-02  0.6991267    
   7.125000      1.2500000E-02  0.7241057    
   7.375000      1.2500000E-02  0.7490712    
   7.625000      1.2500000E-02  0.7740148    
   7.875000      1.2500000E-02  0.7989234    
   8.125000      1.2500000E-02  0.8237752    
   8.375000      1.2500000E-02  0.8485358    
   8.625000      1.2500000E-02  0.8731495    
   8.875000      1.2500000E-02  0.8975300    
   9.125000      1.2500000E-02  0.9215459    
   9.375000      1.2500000E-02  0.9450124    
   9.625000      1.2500000E-02  0.9677088    
   9.875000      1.2500000E-02  0.9894770    
   10.00000      1.2500000E-02   1.000000    
 
  0.0000000E+00  3.7500001E-02  0.0000000E+00
  0.1250000      3.7500001E-02  1.5355434E-02
  0.3750000      3.7500001E-02  4.6853315E-02
  0.6250000      3.7500001E-02  7.7857487E-02
  0.8750000      3.7500001E-02  0.1078046    
   1.125000      3.7500001E-02  0.1366429    
   1.375000      3.7500001E-02  0.1645302    
   1.625000      3.7500001E-02  0.1916685    
   1.875000      3.7500001E-02  0.2182397    
   2.125000      3.7500001E-02  0.2443900    
   2.375000      3.7500001E-02  0.2702303    
   2.625000      3.7500001E-02  0.2958437    
   2.875000      3.7500001E-02  0.3212912    
   3.125000      3.7500001E-02  0.3466176    
   3.375000      3.7500001E-02  0.3718557    
   3.625000      3.7500001E-02  0.3970291    
   3.875000      3.7500001E-02  0.4221556    
   4.125000      3.7500001E-02  0.4472476    
   4.375000      3.7500001E-02  0.4723145    
   4.625000      3.7500001E-02  0.4973631    
   4.875000      3.7500001E-02  0.5223980    
   5.125000      3.7500001E-02  0.5474225    
   5.375000      3.7500001E-02  0.5724391    
   5.625000      3.7500001E-02  0.5974493    
   5.875000      3.7500001E-02  0.6224536    
   6.125000      3.7500001E-02  0.6474513    
   6.375000      3.7500001E-02  0.6724412    
   6.625000      3.7500001E-02  0.6974204    
   6.875000      3.7500001E-02  0.7223832    
   7.125000      3.7500001E-02  0.7473204    
   7.375000      3.7500001E-02  0.7722170    
   7.625000      3.7500001E-02  0.7970482    
   7.875000      3.7500001E-02  0.8217741    
   8.125000      3.7500001E-02  0.8463299    
   8.375000      3.7500001E-02  0.8706120    
   8.625000      3.7500001E-02  0.8944541    
   8.875000      3.7500001E-02  0.9175968    
   9.125000      3.7500001E-02  0.9396462    
   9.375000      3.7500001E-02  0.9600479    
   9.625000      3.7500001E-02  0.9781383    
   9.875000      3.7500001E-02  0.9934409    
   10.00000      3.7500001E-02   1.000000    
 
  0.0000000E+00  6.2500000E-02  0.0000000E+00
  0.1250000      6.2500000E-02  1.7262658E-02
  0.3750000      6.2500000E-02  5.3106744E-02
  0.6250000      6.2500000E-02  8.8119671E-02
  0.8750000      6.2500000E-02  0.1213651    
   1.125000      6.2500000E-02  0.1527601    
   1.375000      6.2500000E-02  0.1825697    
   1.625000      6.2500000E-02  0.2111312    
   1.875000      6.2500000E-02  0.2387482    
   2.125000      6.2500000E-02  0.2656638    
   2.375000      6.2500000E-02  0.2920634    
   2.625000      6.2500000E-02  0.3180850    
   2.875000      6.2500000E-02  0.3438303    
   3.125000      6.2500000E-02  0.3693739    
   3.375000      6.2500000E-02  0.3947704    
   3.625000      6.2500000E-02  0.4200593    
   3.875000      6.2500000E-02  0.4452699    
   4.125000      6.2500000E-02  0.4704232    
   4.375000      6.2500000E-02  0.4955346    
   4.625000      6.2500000E-02  0.5206154    
   4.875000      6.2500000E-02  0.5456735    
   5.125000      6.2500000E-02  0.5707145    
   5.375000      6.2500000E-02  0.5957422    
   5.625000      6.2500000E-02  0.6207591    
   5.875000      6.2500000E-02  0.6457661    
   6.125000      6.2500000E-02  0.6707625    
   6.375000      6.2500000E-02  0.6957458    
   6.625000      6.2500000E-02  0.7207111    
   6.875000      6.2500000E-02  0.7456492    
   7.125000      6.2500000E-02  0.7705446    
   7.375000      6.2500000E-02  0.7953725    
   7.625000      6.2500000E-02  0.8200915    
   7.875000      6.2500000E-02  0.8446354    
   8.125000      6.2500000E-02  0.8688964    
   8.375000      6.2500000E-02  0.8927014    
   8.625000      6.2500000E-02  0.9157745    
   8.875000      6.2500000E-02  0.9376829    
   9.125000      6.2500000E-02  0.9577708    
   9.375000      6.2500000E-02  0.9751136    
   9.625000      6.2500000E-02  0.9886019    
   9.875000      6.2500000E-02  0.9974319    
   10.00000      6.2500000E-02   1.000000    
 
  0.0000000E+00  8.7500006E-02  0.0000000E+00
  0.1250000      8.7500006E-02  1.9177316E-02
  0.3750000      8.7500006E-02  5.9389245E-02
  0.6250000      8.7500006E-02  9.8419532E-02
  0.8750000      8.7500006E-02  0.1349630    
   1.125000      8.7500006E-02  0.1689110    
   1.375000      8.7500006E-02  0.2006387    
   1.625000      8.7500006E-02  0.2306198    
   1.875000      8.7500006E-02  0.2592796    
   2.125000      8.7500006E-02  0.2869585    
   2.375000      8.7500006E-02  0.3139156    
   2.625000      8.7500006E-02  0.3403442    
   2.875000      8.7500006E-02  0.3663864    
   3.125000      8.7500006E-02  0.3921466    
   3.375000      8.7500006E-02  0.4177010    
   3.625000      8.7500006E-02  0.4431050    
   3.875000      8.7500006E-02  0.4683995    
   4.125000      8.7500006E-02  0.4936139    
   4.375000      8.7500006E-02  0.5187697    
   4.625000      8.7500006E-02  0.5438827    
   4.875000      8.7500006E-02  0.5689639    
   5.125000      8.7500006E-02  0.5940212    
   5.375000      8.7500006E-02  0.6190600    
   5.625000      8.7500006E-02  0.6440837    
   5.875000      8.7500006E-02  0.6690935    
   6.125000      8.7500006E-02  0.6940884    
   6.375000      8.7500006E-02  0.7190651    
   6.625000      8.7500006E-02  0.7440166    
   6.875000      8.7500006E-02  0.7689301    
   7.125000      8.7500006E-02  0.7937843    
   7.375000      8.7500006E-02  0.8185437    
   7.625000      8.7500006E-02  0.8431513    
   7.875000      8.7500006E-02  0.8675140    
   8.125000      8.7500006E-02  0.8914815    
   8.375000      8.7500006E-02  0.9148120    
   8.625000      8.7500006E-02  0.9371197    
   8.875000      8.7500006E-02  0.9577996    
   9.125000      8.7500006E-02  0.9759340    
   9.375000      8.7500006E-02  0.9902269    
   9.625000      8.7500006E-02  0.9991187    
   9.875000      8.7500006E-02   1.001464    
   10.00000      8.7500006E-02   1.000000    
 
  0.0000000E+00  0.1125000      0.0000000E+00
  0.1250000      0.1125000      2.1104764E-02
  0.3750000      0.1125000      6.5715201E-02
  0.6250000      0.1125000      0.1087744    
  0.8750000      0.1125000      0.1486149    
   1.125000      0.1125000      0.1851104    
   1.375000      0.1125000      0.2187499    
   1.625000      0.1125000      0.2501451    
   1.875000      0.1125000      0.2798434    
   2.125000      0.1125000      0.3082821    
   2.375000      0.1125000      0.3357944    
   2.625000      0.1125000      0.3626282    
   2.875000      0.1125000      0.3889661    
   3.125000      0.1125000      0.4149419    
   3.375000      0.1125000      0.4406535    
   3.625000      0.1125000      0.4661721    
   3.875000      0.1125000      0.4915500    
   4.125000      0.1125000      0.5168253    
   4.375000      0.1125000      0.5420253    
   4.625000      0.1125000      0.5671703    
   4.875000      0.1125000      0.5922746    
   5.125000      0.1125000      0.6173481    
   5.375000      0.1125000      0.6423980    
   5.625000      0.1125000      0.6674284    
   5.875000      0.1125000      0.6924410    
   6.125000      0.1125000      0.7174345    
   6.375000      0.1125000      0.7424047    
   6.625000      0.1125000      0.7673426    
   6.875000      0.1125000      0.7922316    
   7.125000      0.1125000      0.8170446    
   7.375000      0.1125000      0.8417361    
   7.625000      0.1125000      0.8662329    
   7.875000      0.1125000      0.8904158    
   8.125000      0.1125000      0.9140918    
   8.375000      0.1125000      0.9369510    
   8.625000      0.1125000      0.9584984    
   8.875000      0.1125000      0.9779572    
   9.125000      0.1125000      0.9941486    
   9.375000      0.1125000       1.005404    
   9.625000      0.1125000       1.009706    
   9.875000      0.1125000       1.005549    
   10.00000      0.1125000       1.000000    
 
  0.0000000E+00  0.1375000      0.0000000E+00
  0.1250000      0.1375000      2.3051549E-02
  0.3750000      0.1375000      7.2100438E-02
  0.6250000      0.1375000      0.1192029    
  0.8750000      0.1375000      0.1623385    
   1.125000      0.1375000      0.2013734    
   1.375000      0.1375000      0.2369160    
   1.625000      0.1375000      0.2697179    
   1.875000      0.1375000      0.3004487    
   2.125000      0.1375000      0.3296430    
   2.375000      0.1375000      0.3577072    
   2.625000      0.1375000      0.3849438    
   2.875000      0.1375000      0.4115755    
   3.125000      0.1375000      0.4377657    
   3.375000      0.1375000      0.4636335    
   3.625000      0.1375000      0.4892660    
   3.875000      0.1375000      0.5147269    
   4.125000      0.1375000      0.5400627    
   4.375000      0.1375000      0.5653067    
   4.625000      0.1375000      0.5904835    
   4.875000      0.1375000      0.6156107    
   5.125000      0.1375000      0.6407003    
   5.375000      0.1375000      0.6657612    
   5.625000      0.1375000      0.6907983    
   5.875000      0.1375000      0.7158137    
   6.125000      0.1375000      0.7408058    
   6.375000      0.1375000      0.7657696    
   6.625000      0.1375000      0.7906939    
   6.875000      0.1375000      0.8155586    
   7.125000      0.1375000      0.8403308    
   7.375000      0.1375000      0.8649550    
   7.625000      0.1375000      0.8893421    
   7.875000      0.1375000      0.9133466    
   8.125000      0.1375000      0.9367337    
   8.375000      0.1375000      0.9591255    
   8.625000      0.1375000      0.9799185    
   8.875000      0.1375000      0.9981653    
   9.125000      0.1375000       1.012426    
   9.375000      0.1375000       1.020658    
   9.625000      0.1375000       1.020377    
   9.875000      0.1375000       1.009695    
   10.00000      0.1375000       1.000000    
 
  0.0000000E+00  0.1625000      0.0000000E+00
  0.1250000      0.1625000      2.5025303E-02
  0.3750000      0.1625000      7.8562155E-02
  0.6250000      0.1625000      0.1297246    
  0.8750000      0.1625000      0.1761518    
   1.125000      0.1625000      0.2177155    
   1.375000      0.1625000      0.2551500    
   1.625000      0.1625000      0.2893490    
   1.875000      0.1625000      0.3211050    
   2.125000      0.1625000      0.3510492    
   2.375000      0.1625000      0.3796611    
   2.625000      0.1625000      0.4072973    
   2.875000      0.1625000      0.4342206    
   3.125000      0.1625000      0.4606235    
   3.375000      0.1625000      0.4866464    
   3.625000      0.1625000      0.5123920    
   3.875000      0.1625000      0.5379353    
   4.125000      0.1625000      0.5633311    
   4.375000      0.1625000      0.5886186    
   4.625000      0.1625000      0.6138270    
   4.875000      0.1625000      0.6389769    
   5.125000      0.1625000      0.6640826    
   5.375000      0.1625000      0.6891544    
   5.625000      0.1625000      0.7141981    
   5.875000      0.1625000      0.7392163    
   6.125000      0.1625000      0.7642071    
   6.375000      0.1625000      0.7891645    
   6.625000      0.1625000      0.8140752    
   6.875000      0.1625000      0.8389161    
   7.125000      0.1625000      0.8636479    
   7.375000      0.1625000      0.8882055    
   7.625000      0.1625000      0.9124838    
   7.875000      0.1625000      0.9363118    
   8.125000      0.1625000      0.9594126    
   8.375000      0.1625000      0.9813415    
   8.625000      0.1625000       1.001387    
   8.875000      0.1625000       1.018433    
   9.125000      0.1625000       1.030777    
   9.375000      0.1625000       1.036001    
   9.625000      0.1625000       1.031146    
   9.875000      0.1625000       1.013911    
   10.00000      0.1625000       1.000000    
 
  0.0000000E+00  0.1875000      0.0000000E+00
  0.1250000      0.1875000      2.7034681E-02
  0.3750000      0.1875000      8.5118867E-02
  0.6250000      0.1875000      0.1403600    
  0.8750000      0.1875000      0.1900736    
   1.125000      0.1875000      0.2341527    
   1.375000      0.1875000      0.2734651    
   1.625000      0.1875000      0.3090495    
   1.875000      0.1875000      0.3418214    
   2.125000      0.1875000      0.3725086    
   2.375000      0.1875000      0.4016630    
   2.625000      0.1875000      0.4296952    
   2.875000      0.1875000      0.4569073    
   3.125000      0.1875000      0.4835208    
   3.375000      0.1875000      0.5096974    
   3.625000      0.1875000      0.5355549    
   3.875000      0.1875000      0.5611799    
   4.125000      0.1875000      0.5866350    
   4.375000      0.1875000      0.6119657    
   4.625000      0.1875000      0.6372054    
   4.875000      0.1875000      0.6623778    
   5.125000      0.1875000      0.6874995    
   5.375000      0.1875000      0.7125821    
   5.625000      0.1875000      0.7376323    
   5.875000      0.1875000      0.7626532    
   6.125000      0.1875000      0.7876427    
   6.375000      0.1875000      0.8125938    
   6.625000      0.1875000      0.8374913    
   6.875000      0.1875000      0.8623084    
   7.125000      0.1875000      0.8870003    
   7.375000      0.1875000      0.9114920    
   7.625000      0.1875000      0.9356627    
   7.875000      0.1875000      0.9593163    
   8.125000      0.1875000      0.9821340    
   8.375000      0.1875000       1.003605    
   8.625000      0.1875000       1.022911    
   8.875000      0.1875000       1.038767    
   9.125000      0.1875000       1.049212    
   9.375000      0.1875000       1.051446    
   9.625000      0.1875000       1.042024    
   9.875000      0.1875000       1.018202    
   10.00000      0.1875000       1.000000    
 
  0.0000000E+00  0.2125000      0.0000000E+00
  0.1250000      0.2125000      2.9089343E-02
  0.3750000      0.2125000      9.1790341E-02
  0.6250000      0.2125000      0.1511307    
  0.8750000      0.2125000      0.2041233    
   1.125000      0.2125000      0.2507011    
   1.375000      0.2125000      0.2918746    
   1.625000      0.2125000      0.3288302    
   1.875000      0.2125000      0.3626071    
   2.125000      0.2125000      0.3940289    
   2.375000      0.2125000      0.4237198    
   2.625000      0.2125000      0.4521433    
   2.875000      0.2125000      0.4796411    
   3.125000      0.2125000      0.5064628    
   3.375000      0.2125000      0.5327912    
   3.625000      0.2125000      0.5587595    
   3.875000      0.2125000      0.5844651    
   4.125000      0.2125000      0.6099790    
   4.375000      0.2125000      0.6353524    
   4.625000      0.2125000      0.6606230    
   4.875000      0.2125000      0.6858176    
   5.125000      0.2125000      0.7109551    
   5.375000      0.2125000      0.7360483    
   5.625000      0.2125000      0.7611051    
   5.875000      0.2125000      0.7861287    
   6.125000      0.2125000      0.8111169    
   6.375000      0.2125000      0.8360618    
   6.625000      0.2125000      0.8609461    
   6.875000      0.2125000      0.8857398    
   7.125000      0.2125000      0.9103922    
   7.375000      0.2125000      0.9348189    
   7.625000      0.2125000      0.9588835    
   7.875000      0.2125000      0.9823645    
   8.125000      0.2125000       1.004903    
   8.375000      0.2125000       1.025921    
   8.625000      0.2125000       1.044497    
   8.875000      0.2125000       1.059176    
   9.125000      0.2125000       1.067739    
   9.375000      0.2125000       1.067002    
   9.625000      0.2125000       1.053021    
   9.875000      0.2125000       1.022574    
   10.00000      0.2125000       1.000000    
 
  0.0000000E+00  0.2375000      0.0000000E+00
  0.1250000      0.2375000      3.1199927E-02
  0.3750000      0.2375000      9.8597534E-02
  0.6250000      0.2375000      0.1620588    
  0.8750000      0.2375000      0.2183204    
   1.125000      0.2375000      0.2673769    
   1.375000      0.2375000      0.3103917    
   1.625000      0.2375000      0.3487018    
   1.875000      0.2375000      0.3834708    
   2.125000      0.2375000      0.4156177    
   2.375000      0.2375000      0.4458378    
   2.625000      0.2375000      0.4746476    
   2.875000      0.2375000      0.5024270    
   3.125000      0.2375000      0.5294543    
   3.375000      0.2375000      0.5559324    
   3.625000      0.2375000      0.5820099    
   3.875000      0.2375000      0.6077951    
   4.125000      0.2375000      0.6333669    
   4.375000      0.2375000      0.6587825    
   4.625000      0.2375000      0.6840836    
   4.875000      0.2375000      0.7093002    
   5.125000      0.2375000      0.7344531    
   5.375000      0.2375000      0.7595569    
   5.625000      0.2375000      0.7846201    
   5.875000      0.2375000      0.8096464    
   6.125000      0.2375000      0.8346333    
   6.375000      0.2375000      0.8595720    
   6.625000      0.2375000      0.8844435    
   6.875000      0.2375000      0.9092140    
   7.125000      0.2375000      0.9338276    
   7.375000      0.2375000      0.9581901    
   7.625000      0.2375000      0.9821499    
   7.875000      0.2375000       1.005461    
   8.125000      0.2375000       1.027723    
   8.375000      0.2375000       1.048295    
   8.625000      0.2375000       1.066149    
   8.875000      0.2375000       1.079665    
   9.125000      0.2375000       1.086365    
   9.375000      0.2375000       1.082679    
   9.625000      0.2375000       1.064145    
   9.875000      0.2375000       1.027029    
   10.00000      0.2375000       1.000000    
 
  0.0000000E+00  0.2625000      0.0000000E+00
  0.1250000      0.2625000      3.3378061E-02
  0.3750000      0.2625000      0.1055626    
  0.6250000      0.2625000      0.1731674    
  0.8750000      0.2625000      0.2326849    
   1.125000      0.2625000      0.2841966    
   1.375000      0.2625000      0.3290295    
   1.625000      0.2625000      0.3686751    
   1.875000      0.2625000      0.4044214    
   2.125000      0.2625000      0.4372823    
   2.375000      0.2625000      0.4680235    
   2.625000      0.2625000      0.4972135    
   2.875000      0.2625000      0.5252701    
   3.125000      0.2625000      0.5524997    
   3.375000      0.2625000      0.5791252    
   3.625000      0.2625000      0.6053102    
   3.875000      0.2625000      0.6311738    
   4.125000      0.2625000      0.6568027    
   4.375000      0.2625000      0.6822596    
   4.625000      0.2625000      0.7075908    
   4.875000      0.2625000      0.7328290    
   5.125000      0.2625000      0.7579972    
   5.375000      0.2625000      0.7831113    
   5.625000      0.2625000      0.8081810    
   5.875000      0.2625000      0.8332099    
   6.125000      0.2625000      0.8581955    
   6.375000      0.2625000      0.8831281    
   6.625000      0.2625000      0.9079869    
   6.875000      0.2625000      0.9327347    
   7.125000      0.2625000      0.9573100    
   7.375000      0.2625000      0.9816092    
   7.625000      0.2625000       1.005466    
   7.875000      0.2625000       1.028609    
   8.125000      0.2625000       1.050600    
   8.375000      0.2625000       1.070731    
   8.625000      0.2625000       1.087873    
   8.875000      0.2625000       1.100241    
   9.125000      0.2625000       1.105097    
   9.375000      0.2625000       1.098484    
   9.625000      0.2625000       1.075405    
   9.875000      0.2625000       1.031571    
   10.00000      0.2625000       1.000000    
 
  0.0000000E+00  0.2875000      0.0000000E+00
  0.1250000      0.2875000      3.5636406E-02
  0.3750000      0.2875000      0.1127088    
  0.6250000      0.2875000      0.1844799    
  0.8750000      0.2875000      0.2472370    
   1.125000      0.2875000      0.3011763    
   1.375000      0.2875000      0.3478009    
   1.625000      0.2875000      0.3887604    
   1.875000      0.2875000      0.4254673    
   2.125000      0.2875000      0.4590296    
   2.375000      0.2875000      0.4902827    
   2.625000      0.2875000      0.5198461    
   2.875000      0.2875000      0.5481751    
   3.125000      0.2875000      0.5756032    
   3.375000      0.2875000      0.6023736    
   3.625000      0.2875000      0.6286642    
   3.875000      0.2875000      0.6546047    
   4.125000      0.2875000      0.6802897    
   4.375000      0.2875000      0.7057873    
   4.625000      0.2875000      0.7311479    
   4.875000      0.2875000      0.7564074    
   5.125000      0.2875000      0.7815905    
   5.375000      0.2875000      0.8067149    
   5.625000      0.2875000      0.8317907    
   5.875000      0.2875000      0.8568222    
   6.125000      0.2875000      0.8818066    
   6.375000      0.2875000      0.9067332    
   6.625000      0.2875000      0.9315795    
   6.875000      0.2875000      0.9563050    
   7.125000      0.2875000      0.9808424    
   7.375000      0.2875000       1.005079    
   7.625000      0.2875000       1.028834    
   7.875000      0.2875000       1.051812    
   8.125000      0.2875000       1.073535    
   8.375000      0.2875000       1.093233    
   8.625000      0.2875000       1.109674    
   8.875000      0.2875000       1.120909    
   9.125000      0.2875000       1.123943    
   9.375000      0.2875000       1.114424    
   9.625000      0.2875000       1.086808    
   9.875000      0.2875000       1.036202    
   10.00000      0.2875000       1.000000    
 
  0.0000000E+00  0.3125000      0.0000000E+00
  0.1250000      0.3125000      3.7988700E-02
  0.3750000      0.3125000      0.1200604    
  0.6250000      0.3125000      0.1960204    
  0.8750000      0.3125000      0.2619968    
   1.125000      0.3125000      0.3183322    
   1.375000      0.3125000      0.3667187    
   1.625000      0.3125000      0.4089677    
   1.875000      0.3125000      0.4466166    
   2.125000      0.3125000      0.4808664    
   2.375000      0.3125000      0.5126212    
   2.625000      0.3125000      0.5425504    
   2.875000      0.3125000      0.5711463    
   3.125000      0.3125000      0.5987689    
   3.375000      0.3125000      0.6256812    
   3.625000      0.3125000      0.6520752    
   3.875000      0.3125000      0.6780911    
   4.125000      0.3125000      0.7038310    
   4.375000      0.3125000      0.7293685    
   4.625000      0.3125000      0.7547580    
   4.875000      0.3125000      0.7800383    
   5.125000      0.3125000      0.8052361    
   5.375000      0.3125000      0.8303704    
   5.625000      0.3125000      0.8554522    
   5.875000      0.3125000      0.8804862    
   6.125000      0.3125000      0.9054694    
   6.375000      0.3125000      0.9303902    
   6.625000      0.3125000      0.9552242    
   6.875000      0.3125000      0.9799277    
   7.125000      0.3125000       1.004428    
   7.375000      0.3125000       1.028604    
   7.625000      0.3125000       1.052259    
   7.875000      0.3125000       1.075074    
   8.125000      0.3125000       1.096534    
   8.375000      0.3125000       1.115805    
   8.625000      0.3125000       1.131554    
   8.875000      0.3125000       1.141673    
   9.125000      0.3125000       1.142908    
   9.375000      0.3125000       1.130508    
   9.625000      0.3125000       1.098360    
   9.875000      0.3125000       1.040926    
   10.00000      0.3125000       1.000000    
 
  0.0000000E+00  0.3375000      0.0000000E+00
  0.1250000      0.3375000      4.0449832E-02
  0.3750000      0.3375000      0.1276429    
  0.6250000      0.3375000      0.2078132    
  0.8750000      0.3375000      0.2769845    
   1.125000      0.3375000      0.3356801    
   1.375000      0.3375000      0.3857954    
   1.625000      0.3375000      0.4293070    
   1.875000      0.3375000      0.4678772    
   2.125000      0.3375000      0.5027992    
   2.375000      0.3375000      0.5350442    
   2.625000      0.3375000      0.5653310    
   2.875000      0.3375000      0.5941877    
   3.125000      0.3375000      0.6220005    
   3.375000      0.3375000      0.6490514    
   3.625000      0.3375000      0.6755465    
   3.875000      0.3375000      0.7016360    
   4.125000      0.3375000      0.7274295    
   4.375000      0.3375000      0.7530060    
   4.625000      0.3375000      0.7784238    
   4.875000      0.3375000      0.8037243    
   5.125000      0.3375000      0.8289366    
   5.375000      0.3375000      0.8540806    
   5.625000      0.3375000      0.8791683    
   5.875000      0.3375000      0.9042047    
   6.125000      0.3375000      0.9291866    
   6.375000      0.3375000      0.9541016    
   6.625000      0.3375000      0.9789234    
   6.875000      0.3375000       1.003605    
   7.125000      0.3375000       1.028069    
   7.375000      0.3375000       1.052185    
   7.625000      0.3375000       1.075741    
   7.875000      0.3375000       1.098397    
   8.125000      0.3375000       1.119598    
   8.375000      0.3375000       1.138450    
   8.625000      0.3375000       1.153520    
   8.875000      0.3375000       1.162539    
   9.125000      0.3375000       1.161997    
   9.375000      0.3375000       1.146742    
   9.625000      0.3375000       1.110070    
   9.875000      0.3375000       1.045744    
   10.00000      0.3375000       1.000000    
 
  0.0000000E+00  0.3625000      0.0000000E+00
  0.1250000      0.3625000      4.3035951E-02
  0.3750000      0.3625000      0.1354828    
  0.6250000      0.3625000      0.2198829    
  0.8750000      0.3625000      0.2922198    
   1.125000      0.3625000      0.3532355    
   1.375000      0.3625000      0.4050427    
   1.625000      0.3625000      0.4497874    
   1.875000      0.3625000      0.4892566    
   2.125000      0.3625000      0.5248339    
   2.375000      0.3625000      0.5575567    
   2.625000      0.3625000      0.5881920    
   2.875000      0.3625000      0.6173029    
   3.125000      0.3625000      0.6453010    
   3.375000      0.3625000      0.6724870    
   3.625000      0.3625000      0.6990806    
   3.875000      0.3625000      0.7252420    
   4.125000      0.3625000      0.7510877    
   4.375000      0.3625000      0.7767022    
   4.625000      0.3625000      0.8021475    
   4.875000      0.3625000      0.8274678    
   5.125000      0.3625000      0.8526940    
   5.375000      0.3625000      0.8778474    
   5.625000      0.3625000      0.9029410    
   5.875000      0.3625000      0.9279798    
   6.125000      0.3625000      0.9529604    
   6.375000      0.3625000      0.9778696    
   6.625000      0.3625000       1.002680    
   6.875000      0.3625000       1.027340    
   7.125000      0.3625000       1.051768    
   7.375000      0.3625000       1.075824    
   7.625000      0.3625000       1.099285    
   7.875000      0.3625000       1.121784    
   8.125000      0.3625000       1.142731    
   8.375000      0.3625000       1.161170    
   8.625000      0.3625000       1.175573    
   8.875000      0.3625000       1.183510    
   9.125000      0.3625000       1.181216    
   9.375000      0.3625000       1.163132    
   9.625000      0.3625000       1.121943    
   9.875000      0.3625000       1.050660    
   10.00000      0.3625000       1.000000    
 
  0.0000000E+00  0.3875000      0.0000000E+00
  0.1250000      0.3875000      4.5764603E-02
  0.3750000      0.3875000      0.1436075    
  0.6250000      0.3875000      0.2322544    
  0.8750000      0.3875000      0.3077225    
   1.125000      0.3875000      0.3710134    
   1.375000      0.3875000      0.4244723    
   1.625000      0.3875000      0.4704180    
   1.875000      0.3875000      0.5107616    
   2.125000      0.3875000      0.5469760    
   2.375000      0.3875000      0.5801635    
   2.625000      0.3875000      0.6111375    
   2.875000      0.3875000      0.6404952    
   3.125000      0.3875000      0.6686735    
   3.375000      0.3875000      0.6959908    
   3.625000      0.3875000      0.7226801    
   3.875000      0.3875000      0.7489112    
   4.125000      0.3875000      0.7748078    
   4.375000      0.3875000      0.8004591    
   4.625000      0.3875000      0.8259312    
   4.875000      0.3875000      0.8512707    
   5.125000      0.3875000      0.8765105    
   5.375000      0.3875000      0.9016731    
   5.625000      0.3875000      0.9267722    
   5.875000      0.3875000      0.9518133    
   6.125000      0.3875000      0.9767926    
   6.375000      0.3875000       1.001696    
   6.625000      0.3875000       1.026495    
   6.875000      0.3875000       1.051134    
   7.125000      0.3875000       1.075527    
   7.375000      0.3875000       1.099525    
   7.625000      0.3875000       1.122891    
   7.875000      0.3875000       1.145237    
   8.125000      0.3875000       1.165934    
   8.375000      0.3875000       1.183969    
   8.625000      0.3875000       1.197716    
   8.875000      0.3875000       1.204590    
   9.125000      0.3875000       1.200570    
   9.375000      0.3875000       1.179684    
   9.625000      0.3875000       1.133987    
   9.875000      0.3875000       1.055677    
   10.00000      0.3875000       1.000000    
 
  0.0000000E+00  0.4125000      0.0000000E+00
  0.1250000      0.4125000      4.8654854E-02
  0.3750000      0.4125000      0.1520455    
  0.6250000      0.4125000      0.2449525    
  0.8750000      0.4125000      0.3235117    
   1.125000      0.4125000      0.3890282    
   1.375000      0.4125000      0.4440950    
   1.625000      0.4125000      0.4912071    
   1.875000      0.4125000      0.5323988    
   2.125000      0.4125000      0.5692310    
   2.375000      0.4125000      0.6028685    
   2.625000      0.4125000      0.6341708    
   2.875000      0.4125000      0.6637678    
   3.125000      0.4125000      0.6921205    
   3.375000      0.4125000      0.7195650    
   3.625000      0.4125000      0.7463471    
   3.875000      0.4125000      0.7726458    
   4.125000      0.4125000      0.7985915    
   4.375000      0.4125000      0.8242787    
   4.625000      0.4125000      0.8497766    
   4.875000      0.4125000      0.8751346    
   5.125000      0.4125000      0.9003876    
   5.375000      0.4125000      0.9255591    
   5.625000      0.4125000      0.9506637    
   5.875000      0.4125000      0.9757069    
   6.125000      0.4125000       1.000685    
   6.375000      0.4125000       1.025583    
   6.625000      0.4125000       1.050370    
   6.875000      0.4125000       1.074989    
   7.125000      0.4125000       1.099347    
   7.375000      0.4125000       1.123289    
   7.625000      0.4125000       1.146562    
   7.875000      0.4125000       1.168757    
   8.125000      0.4125000       1.189210    
   8.375000      0.4125000       1.206849    
   8.625000      0.4125000       1.219953    
   8.875000      0.4125000       1.225782    
   9.125000      0.4125000       1.220062    
   9.375000      0.4125000       1.196406    
   9.625000      0.4125000       1.146210    
   9.875000      0.4125000       1.060799    
   10.00000      0.4125000       1.000000    
 
  0.0000000E+00  0.4375000      0.0000000E+00
  0.1250000      0.4375000      5.1727496E-02
  0.3750000      0.4375000      0.1608262    
  0.6250000      0.4375000      0.2580018    
  0.8750000      0.4375000      0.3396059    
   1.125000      0.4375000      0.4072936    
   1.375000      0.4375000      0.4639212    
   1.625000      0.4375000      0.5121623    
   1.875000      0.4375000      0.5541742    
   2.125000      0.4375000      0.5916032    
   2.375000      0.4375000      0.6256756    
   2.625000      0.4375000      0.6572949    
   2.875000      0.4375000      0.6871230    
   3.125000      0.4375000      0.7156442    
   3.375000      0.4375000      0.7432116    
   3.625000      0.4375000      0.7700832    
   3.875000      0.4375000      0.7964472    
   4.125000      0.4375000      0.8224403    
   4.375000      0.4375000      0.8481621    
   4.625000      0.4375000      0.8736850    
   4.875000      0.4375000      0.8990610    
   5.125000      0.4375000      0.9243268    
   5.375000      0.4375000      0.9495069    
   5.625000      0.4375000      0.9746165    
   5.875000      0.4375000      0.9996618    
   6.125000      0.4375000       1.024639    
   6.375000      0.4375000       1.049531    
   6.625000      0.4375000       1.074307    
   6.875000      0.4375000       1.098906    
   7.125000      0.4375000       1.123230    
   7.375000      0.4375000       1.147117    
   7.625000      0.4375000       1.170299    
   7.875000      0.4375000       1.192347    
   8.125000      0.4375000       1.212560    
   8.375000      0.4375000       1.229811    
   8.625000      0.4375000       1.242285    
   8.875000      0.4375000       1.247090    
   9.125000      0.4375000       1.239699    
   9.375000      0.4375000       1.213303    
   9.625000      0.4375000       1.158621    
   9.875000      0.4375000       1.066033    
   10.00000      0.4375000       1.000000    
 
  0.0000000E+00  0.4625000      0.0000000E+00
  0.1250000      0.4625000      5.5005241E-02
  0.3750000      0.4625000      0.1699799    
  0.6250000      0.4625000      0.2714269    
  0.8750000      0.4625000      0.3560229    
   1.125000      0.4625000      0.4258226    
   1.375000      0.4625000      0.4839602    
   1.625000      0.4625000      0.5332909    
   1.875000      0.4625000      0.5760932    
   2.125000      0.4625000      0.6140970    
   2.375000      0.4625000      0.6485880    
   2.625000      0.4625000      0.6805125    
   2.875000      0.4625000      0.7105631    
   3.125000      0.4625000      0.7392465    
   3.375000      0.4625000      0.7669322    
   3.625000      0.4625000      0.7938900    
   3.875000      0.4625000      0.8203167    
   4.125000      0.4625000      0.8463557    
   4.375000      0.4625000      0.8721105    
   4.625000      0.4625000      0.8976576    
   4.875000      0.4625000      0.9230509    
   5.125000      0.4625000      0.9483289    
   5.375000      0.4625000      0.9735172    
   5.625000      0.4625000      0.9986318    
   5.875000      0.4625000       1.023679    
   6.125000      0.4625000       1.048654    
   6.375000      0.4625000       1.073542    
   6.625000      0.4625000       1.098306    
   6.875000      0.4625000       1.122886    
   7.125000      0.4625000       1.147177    
   7.375000      0.4625000       1.171009    
   7.625000      0.4625000       1.194103    
   7.875000      0.4625000       1.216007    
   8.125000      0.4625000       1.235986    
   8.375000      0.4625000       1.252858    
   8.625000      0.4625000       1.264716    
   8.875000      0.4625000       1.268517    
   9.125000      0.4625000       1.259484    
   9.375000      0.4625000       1.230384    
   9.625000      0.4625000       1.171230    
   9.875000      0.4625000       1.071385    
   10.00000      0.4625000       1.000000    
 
  0.0000000E+00  0.4875000      0.0000000E+00
  0.1250000      0.4875000      5.8513004E-02
  0.3750000      0.4875000      0.1795379    
  0.6250000      0.4875000      0.2852517    
  0.8750000      0.4875000      0.3727799    
   1.125000      0.4875000      0.4446273    
   1.375000      0.4875000      0.5042210    
   1.625000      0.4875000      0.5545994    
   1.875000      0.4875000      0.5981606    
   2.125000      0.4875000      0.6367161    
   2.375000      0.4875000      0.6716087    
   2.625000      0.4875000      0.7038260    
   2.875000      0.4875000      0.7340900    
   3.125000      0.4875000      0.7629288    
   3.375000      0.4875000      0.7907280    
   3.625000      0.4875000      0.8177685    
   3.875000      0.4875000      0.8442554    
   4.125000      0.4875000      0.8703383    
   4.375000      0.4875000      0.8961251    
   4.625000      0.4875000      0.9216952    
   4.875000      0.4875000      0.9471051    
   5.125000      0.4875000      0.9723946    
   5.375000      0.4875000      0.9975908    
   5.625000      0.4875000       1.022710    
   5.875000      0.4875000       1.047759    
   6.125000      0.4875000       1.072733    
   6.375000      0.4875000       1.097615    
   6.625000      0.4875000       1.122369    
   6.875000      0.4875000       1.146929    
   7.125000      0.4875000       1.171189    
   7.375000      0.4875000       1.194968    
   7.625000      0.4875000       1.217975    
   7.875000      0.4875000       1.239738    
   8.125000      0.4875000       1.259489    
   8.375000      0.4875000       1.275991    
   8.625000      0.4875000       1.287246    
   8.875000      0.4875000       1.290066    
   9.125000      0.4875000       1.279422    
   9.375000      0.4875000       1.247656    
   9.625000      0.4875000       1.184048    
   9.875000      0.4875000       1.076864    
   10.00000      0.4875000       1.000000    
 
  0.0000000E+00  0.5125000      0.0000000E+00
  0.1250000      0.5125000      6.2278159E-02
  0.3750000      0.5125000      0.1895323    
  0.6250000      0.5125000      0.2994998    
  0.8750000      0.5125000      0.3898928    
   1.125000      0.5125000      0.4637187    
   1.375000      0.5125000      0.5247113    
   1.625000      0.5125000      0.5760934    
   1.875000      0.5125000      0.6203807    
   2.125000      0.5125000      0.6594636    
   2.375000      0.5125000      0.6947400    
   2.625000      0.5125000      0.7272370    
   2.875000      0.5125000      0.7577049    
   3.125000      0.5125000      0.7866924    
   3.375000      0.5125000      0.8146000    
   3.625000      0.5125000      0.8417194    
   3.875000      0.5125000      0.8682638    
   4.125000      0.5125000      0.8943886    
   4.375000      0.5125000      0.9202059    
   4.625000      0.5125000      0.9457980    
   4.875000      0.5125000      0.9712238    
   5.125000      0.5125000      0.9965245    
   5.375000      0.5125000       1.021728    
   5.625000      0.5125000       1.046852    
   5.875000      0.5125000       1.071903    
   6.125000      0.5125000       1.096875    
   6.375000      0.5125000       1.121752    
   6.625000      0.5125000       1.146495    
   6.875000      0.5125000       1.171037    
   7.125000      0.5125000       1.195265    
   7.375000      0.5125000       1.218992    
   7.625000      0.5125000       1.241915    
   7.875000      0.5125000       1.263541    
   8.125000      0.5125000       1.283070    
   8.375000      0.5125000       1.299210    
   8.625000      0.5125000       1.309879    
   8.875000      0.5125000       1.311740    
   9.125000      0.5125000       1.299518    
   9.375000      0.5125000       1.265127    
   9.625000      0.5125000       1.197089    
   9.875000      0.5125000       1.082484    
   10.00000      0.5125000       1.000000    
 
  0.0000000E+00  0.5375000      0.0000000E+00
  0.1250000      0.5375000      6.6330902E-02
  0.3750000      0.5375000      0.1999959    
  0.6250000      0.5375000      0.3141940    
  0.8750000      0.5375000      0.4073765    
   1.125000      0.5375000      0.4831069    
   1.375000      0.5375000      0.5454381    
   1.625000      0.5375000      0.5977780    
   1.875000      0.5375000      0.6427571    
   2.125000      0.5375000      0.6823421    
   2.375000      0.5375000      0.7179838    
   2.625000      0.5375000      0.7507470    
   2.875000      0.5375000      0.7814090    
   3.125000      0.5375000      0.8105379    
   3.375000      0.5375000      0.8385486    
   3.625000      0.5375000      0.8657432    
   3.875000      0.5375000      0.8923423    
   4.125000      0.5375000      0.9185070    
   4.375000      0.5375000      0.9443533    
   4.625000      0.5375000      0.9699664    
   4.875000      0.5375000      0.9954072    
   5.125000      0.5375000       1.020718    
   5.375000      0.5375000       1.045929    
   5.625000      0.5375000       1.071057    
   5.875000      0.5375000       1.096110    
   6.125000      0.5375000       1.121081    
   6.375000      0.5375000       1.145953    
   6.625000      0.5375000       1.170685    
   6.875000      0.5375000       1.195209    
   7.125000      0.5375000       1.219406    
   7.375000      0.5375000       1.243083    
   7.625000      0.5375000       1.265924    
   7.875000      0.5375000       1.287417    
   8.125000      0.5375000       1.306730    
   8.375000      0.5375000       1.322519    
   8.625000      0.5375000       1.332615    
   8.875000      0.5375000       1.333541    
   9.125000      0.5375000       1.319779    
   9.375000      0.5375000       1.282807    
   9.625000      0.5375000       1.210367    
   9.875000      0.5375000       1.088258    
   10.00000      0.5375000       1.000000    
 
  0.0000000E+00  0.5625000      0.0000000E+00
  0.1250000      0.5625000      7.0704661E-02
  0.3750000      0.5625000      0.2109623    
  0.6250000      0.5625000      0.3293560    
  0.8750000      0.5625000      0.4252447    
   1.125000      0.5625000      0.5028006    
   1.375000      0.5625000      0.5664073    
   1.625000      0.5625000      0.6196571    
   1.875000      0.5625000      0.6652925    
   2.125000      0.5625000      0.7053535    
   2.375000      0.5625000      0.7413416    
   2.625000      0.5625000      0.7743570    
   2.875000      0.5625000      0.8052027    
   3.125000      0.5625000      0.8344656    
   3.375000      0.5625000      0.8625740    
   3.625000      0.5625000      0.8898398    
   3.875000      0.5625000      0.9164909    
   4.125000      0.5625000      0.9426932    
   4.375000      0.5625000      0.9685670    
   4.625000      0.5625000      0.9941999    
   4.875000      0.5625000       1.019655    
   5.125000      0.5625000       1.044976    
   5.375000      0.5625000       1.070194    
   5.625000      0.5625000       1.095326    
   5.875000      0.5625000       1.120379    
   6.125000      0.5625000       1.145349    
   6.375000      0.5625000       1.170216    
   6.625000      0.5625000       1.194938    
   6.875000      0.5625000       1.219444    
   7.125000      0.5625000       1.243612    
   7.375000      0.5625000       1.267240    
   7.625000      0.5625000       1.290002    
   7.875000      0.5625000       1.311365    
   8.125000      0.5625000       1.330468    
   8.375000      0.5625000       1.345916    
   8.625000      0.5625000       1.355457    
   8.875000      0.5625000       1.355474    
   9.125000      0.5625000       1.340208    
   9.375000      0.5625000       1.300705    
   9.625000      0.5625000       1.223900    
   9.875000      0.5625000       1.094205    
   10.00000      0.5625000       1.000000    
 
  0.0000000E+00  0.5875000      0.0000000E+00
  0.1250000      0.5875000      7.5436518E-02
  0.3750000      0.5875000      0.2224655    
  0.6250000      0.5875000      0.3450069    
  0.8750000      0.5875000      0.4435097    
   1.125000      0.5875000      0.5228077    
   1.375000      0.5875000      0.5876241    
   1.625000      0.5875000      0.6417342    
   1.875000      0.5875000      0.6879891    
   2.125000      0.5875000      0.7284993    
   2.375000      0.5875000      0.7648140    
   2.625000      0.5875000      0.7980673    
   2.875000      0.5875000      0.8290864    
   3.125000      0.5875000      0.8584755    
   3.375000      0.5875000      0.8866761    
   3.625000      0.5875000      0.9140091    
   3.875000      0.5875000      0.9407091    
   4.125000      0.5875000      0.9669470    
   4.375000      0.5875000      0.9928465    
   4.625000      0.5875000       1.018498    
   4.875000      0.5875000       1.043967    
   5.125000      0.5875000       1.069297    
   5.375000      0.5875000       1.094521    
   5.625000      0.5875000       1.119657    
   5.875000      0.5875000       1.144712    
   6.125000      0.5875000       1.169680    
   6.375000      0.5875000       1.194542    
   6.625000      0.5875000       1.219255    
   6.875000      0.5875000       1.243743    
   7.125000      0.5875000       1.267882    
   7.375000      0.5875000       1.291463    
   7.625000      0.5875000       1.314148    
   7.875000      0.5875000       1.335386    
   8.125000      0.5875000       1.354286    
   8.375000      0.5875000       1.369403    
   8.625000      0.5875000       1.378406    
   8.875000      0.5875000       1.377541    
   9.125000      0.5875000       1.360812    
   9.375000      0.5875000       1.318834    
   9.625000      0.5875000       1.237709    
   9.875000      0.5875000       1.100347    
   10.00000      0.5875000       1.000000    
 
  0.0000000E+00  0.6125000      0.0000000E+00
  0.1250000      0.6125000      8.0567800E-02
  0.3750000      0.6125000      0.2345404    
  0.6250000      0.6125000      0.3611660    
  0.8750000      0.6125000      0.4621822    
   1.125000      0.6125000      0.5431342    
   1.375000      0.6125000      0.6090920    
   1.625000      0.6125000      0.6640114    
   1.875000      0.6125000      0.7108484    
   2.125000      0.6125000      0.7517802    
   2.375000      0.6125000      0.7884014    
   2.625000      0.6125000      0.8218779    
   2.875000      0.6125000      0.8530596    
   3.125000      0.6125000      0.8825672    
   3.375000      0.6125000      0.9108542    
   3.625000      0.6125000      0.9382502    
   3.875000      0.6125000      0.9649960    
   4.125000      0.6125000      0.9912674    
   4.375000      0.6125000       1.017191    
   4.625000      0.6125000       1.042861    
   4.875000      0.6125000       1.068342    
   5.125000      0.6125000       1.093681    
   5.375000      0.6125000       1.118911    
   5.625000      0.6125000       1.144050    
   5.875000      0.6125000       1.169106    
   6.125000      0.6125000       1.194072    
   6.375000      0.6125000       1.218930    
   6.625000      0.6125000       1.243633    
   6.875000      0.6125000       1.268105    
   7.125000      0.6125000       1.292216    
   7.375000      0.6125000       1.315752    
   7.625000      0.6125000       1.338362    
   7.875000      0.6125000       1.359479    
   8.125000      0.6125000       1.378183    
   8.375000      0.6125000       1.392981    
   8.625000      0.6125000       1.401464    
   8.875000      0.6125000       1.399745    
   9.125000      0.6125000       1.381598    
   9.375000      0.6125000       1.337204    
   9.625000      0.6125000       1.251814    
   9.875000      0.6125000       1.106714    
   10.00000      0.6125000       1.000000    
 
  0.0000000E+00  0.6375000      0.0000000E+00
  0.1250000      0.6375000      8.6144678E-02
  0.3750000      0.6375000      0.2472217    
  0.6250000      0.6375000      0.3778514    
  0.8750000      0.6375000      0.4812714    
   1.125000      0.6375000      0.5637850    
   1.375000      0.6375000      0.6308138    
   1.625000      0.6375000      0.6864902    
   1.875000      0.6375000      0.7338710    
   2.125000      0.6375000      0.7751964    
   2.375000      0.6375000      0.8121036    
   2.625000      0.6375000      0.8457882    
   2.875000      0.6375000      0.8771216    
   3.125000      0.6375000      0.9067398    
   3.375000      0.6375000      0.9351074    
   3.625000      0.6375000      0.9625621    
   3.875000      0.6375000      0.9893508    
   4.125000      0.6375000       1.015653    
   4.375000      0.6375000       1.041600    
   4.625000      0.6375000       1.067285    
   4.875000      0.6375000       1.092778    
   5.125000      0.6375000       1.118126    
   5.375000      0.6375000       1.143361    
   5.625000      0.6375000       1.168504    
   5.875000      0.6375000       1.193560    
   6.125000      0.6375000       1.218525    
   6.375000      0.6375000       1.243378    
   6.625000      0.6375000       1.268072    
   6.875000      0.6375000       1.292528    
   7.125000      0.6375000       1.316612    
   7.375000      0.6375000       1.340104    
   7.625000      0.6375000       1.362643    
   7.875000      0.6375000       1.383644    
   8.125000      0.6375000       1.402159    
   8.375000      0.6375000       1.416650    
   8.625000      0.6375000       1.424632    
   8.875000      0.6375000       1.422091    
   9.125000      0.6375000       1.402572    
   9.375000      0.6375000       1.355831    
   9.625000      0.6375000       1.266244    
   9.875000      0.6375000       1.113338    
   10.00000      0.6375000       1.000000    
 
  0.0000000E+00  0.6625000      0.0000000E+00
  0.1250000      0.6625000      9.2218883E-02
  0.3750000      0.6625000      0.2605446    
  0.6250000      0.6625000      0.3950793    
  0.8750000      0.6625000      0.5007845    
   1.125000      0.6625000      0.5847636    
   1.375000      0.6625000      0.6527910    
   1.625000      0.6625000      0.7091712    
   1.875000      0.6625000      0.7570568    
   2.125000      0.6625000      0.7987472    
   2.375000      0.6625000      0.8359197    
   2.625000      0.6625000      0.8697973    
   2.875000      0.6625000      0.9012713    
   3.125000      0.6625000      0.9309921    
   3.375000      0.6625000      0.9594344    
   3.625000      0.6625000      0.9869435    
   3.875000      0.6625000       1.013772    
   4.125000      0.6625000       1.040103    
   4.375000      0.6625000       1.066071    
   4.625000      0.6625000       1.091771    
   4.875000      0.6625000       1.117275    
   5.125000      0.6625000       1.142630    
   5.375000      0.6625000       1.167871    
   5.625000      0.6625000       1.193016    
   5.875000      0.6625000       1.218073    
   6.125000      0.6625000       1.243037    
   6.375000      0.6625000       1.267885    
   6.625000      0.6625000       1.292570    
   6.875000      0.6625000       1.317011    
   7.125000      0.6625000       1.341070    
   7.375000      0.6625000       1.364519    
   7.625000      0.6625000       1.386990    
   7.875000      0.6625000       1.407879    
   8.125000      0.6625000       1.426213    
   8.375000      0.6625000       1.440410    
   8.625000      0.6625000       1.447912    
   8.875000      0.6625000       1.444580    
   9.125000      0.6625000       1.423742    
   9.375000      0.6625000       1.374730    
   9.625000      0.6625000       1.281027    
   9.875000      0.6625000       1.120262    
   10.00000      0.6625000       1.000000    
 
  0.0000000E+00  0.6875000      0.0000000E+00
  0.1250000      0.6875000      9.8848596E-02
  0.3750000      0.6875000      0.2745440    
  0.6250000      0.6875000      0.4128642    
  0.8750000      0.6875000      0.5207270    
   1.125000      0.6875000      0.6060716    
   1.375000      0.6875000      0.6750237    
   1.625000      0.6875000      0.7320538    
   1.875000      0.6875000      0.7804046    
   2.125000      0.6875000      0.8224314    
   2.375000      0.6875000      0.8598483    
   2.625000      0.6875000      0.8939036    
   2.875000      0.6875000      0.9255071    
   3.125000      0.6875000      0.9553223    
   3.375000      0.6875000      0.9838333    
   3.625000      0.6875000       1.011393    
   3.875000      0.6875000       1.038258    
   4.125000      0.6875000       1.064615    
   4.375000      0.6875000       1.090602    
   4.625000      0.6875000       1.116317    
   4.875000      0.6875000       1.141831    
   5.125000      0.6875000       1.167193    
   5.375000      0.6875000       1.192438    
   5.625000      0.6875000       1.217585    
   5.875000      0.6875000       1.242644    
   6.125000      0.6875000       1.267606    
   6.375000      0.6875000       1.292449    
   6.625000      0.6875000       1.317126    
   6.875000      0.6875000       1.341552    
   7.125000      0.6875000       1.365587    
   7.375000      0.6875000       1.388996    
   7.625000      0.6875000       1.411401    
   7.875000      0.6875000       1.432184    
   8.125000      0.6875000       1.450345    
   8.375000      0.6875000       1.464262    
   8.625000      0.6875000       1.471305    
   8.875000      0.6875000       1.467218    
   9.125000      0.6875000       1.445116    
   9.375000      0.6875000       1.393915    
   9.625000      0.6875000       1.296196    
   9.875000      0.6875000       1.127535    
   10.00000      0.6875000       1.000000    
 
  0.0000000E+00  0.7125000      0.0000000E+00
  0.1250000      0.7125000      0.1060994    
  0.3750000      0.7125000      0.2892545    
  0.6250000      0.7125000      0.4312181    
  0.8750000      0.7125000      0.5411022    
   1.125000      0.7125000      0.6277094    
   1.375000      0.7125000      0.6975111    
   1.625000      0.7125000      0.7551364    
   1.875000      0.7125000      0.8039129    
   2.125000      0.7125000      0.8462472    
   2.375000      0.7125000      0.8838873    
   2.625000      0.7125000      0.9181051    
   2.875000      0.7125000      0.9498268    
   3.125000      0.7125000      0.9797282    
   3.375000      0.7125000       1.008302    
   3.625000      0.7125000       1.035907    
   3.875000      0.7125000       1.062806    
   4.125000      0.7125000       1.089188    
   4.375000      0.7125000       1.115192    
   4.625000      0.7125000       1.140920    
   4.875000      0.7125000       1.166443    
   5.125000      0.7125000       1.191811    
   5.375000      0.7125000       1.217060    
   5.625000      0.7125000       1.242210    
   5.875000      0.7125000       1.267269    
   6.125000      0.7125000       1.292230    
   6.375000      0.7125000       1.317069    
   6.625000      0.7125000       1.341738    
   6.875000      0.7125000       1.366150    
   7.125000      0.7125000       1.390161    
   7.375000      0.7125000       1.413532    
   7.625000      0.7125000       1.435875    
   7.875000      0.7125000       1.456557    
   8.125000      0.7125000       1.474555    
   8.375000      0.7125000       1.488204    
   8.625000      0.7125000       1.494812    
   8.875000      0.7125000       1.490008    
   9.125000      0.7125000       1.466702    
   9.375000      0.7125000       1.413406    
   9.625000      0.7125000       1.311788    
   9.875000      0.7125000       1.135217    
   10.00000      0.7125000       1.000000    
 
  0.0000000E+00  0.7375000      0.0000000E+00
  0.1250000      0.7375000      0.1140457    
  0.3750000      0.7375000      0.3047100    
  0.6250000      0.7375000      0.4501509    
  0.8750000      0.7375000      0.5619115    
   1.125000      0.7375000      0.6496756    
   1.375000      0.7375000      0.7202509    
   1.625000      0.7375000      0.7784166    
   1.875000      0.7375000      0.8275790    
   2.125000      0.7375000      0.8701920    
   2.375000      0.7375000      0.9080343    
   2.625000      0.7375000      0.9423990    
   2.875000      0.7375000      0.9742280    
   3.125000      0.7375000       1.004207    
   3.375000      0.7375000       1.032838    
   3.625000      0.7375000       1.060485    
   3.875000      0.7375000       1.087413    
   4.125000      0.7375000       1.113818    
   4.375000      0.7375000       1.139838    
   4.625000      0.7375000       1.165577    
   4.875000      0.7375000       1.191108    
   5.125000      0.7375000       1.216482    
   5.375000      0.7375000       1.241735    
   5.625000      0.7375000       1.266887    
   5.875000      0.7375000       1.291946    
   6.125000      0.7375000       1.316905    
   6.375000      0.7375000       1.341740    
   6.625000      0.7375000       1.366402    
   6.875000      0.7375000       1.390801    
   7.125000      0.7375000       1.414790    
   7.375000      0.7375000       1.438126    
   7.625000      0.7375000       1.460410    
   7.875000      0.7375000       1.480997    
   8.125000      0.7375000       1.498840    
   8.375000      0.7375000       1.512238    
   8.625000      0.7375000       1.518435    
   8.875000      0.7375000       1.512955    
   9.125000      0.7375000       1.488510    
   9.375000      0.7375000       1.433222    
   9.625000      0.7375000       1.327845    
   9.875000      0.7375000       1.143379    
   10.00000      0.7375000       1.000000    
 
  0.0000000E+00  0.7625000      0.0000000E+00
  0.1250000      0.7625000      0.1227715    
  0.3750000      0.7625000      0.3209431    
  0.6250000      0.7625000      0.4696695    
  0.8750000      0.7625000      0.5831540    
   1.125000      0.7625000      0.6719670    
   1.375000      0.7625000      0.7432395    
   1.625000      0.7625000      0.8018909    
   1.875000      0.7625000      0.8513996    
   2.125000      0.7625000      0.8942624    
   2.375000      0.7625000      0.9322860    
   2.625000      0.7625000      0.9667826    
   2.875000      0.7625000      0.9987075    
   3.125000      0.7625000       1.028757    
   3.375000      0.7625000       1.057439    
   3.625000      0.7625000       1.085122    
   3.875000      0.7625000       1.112078    
   4.125000      0.7625000       1.138502    
   4.375000      0.7625000       1.164537    
   4.625000      0.7625000       1.190286    
   4.875000      0.7625000       1.215825    
   5.125000      0.7625000       1.241204    
   5.375000      0.7625000       1.266460    
   5.625000      0.7625000       1.291614    
   5.875000      0.7625000       1.316673    
   6.125000      0.7625000       1.341631    
   6.375000      0.7625000       1.366462    
   6.625000      0.7625000       1.391116    
   6.875000      0.7625000       1.415503    
   7.125000      0.7625000       1.439472    
   7.375000      0.7625000       1.462774    
   7.625000      0.7625000       1.485003    
   7.875000      0.7625000       1.505502    
   8.125000      0.7625000       1.523200    
   8.375000      0.7625000       1.536364    
   8.625000      0.7625000       1.542177    
   8.875000      0.7625000       1.536062    
   9.125000      0.7625000       1.510550    
   9.375000      0.7625000       1.453383    
   9.625000      0.7625000       1.344413    
   9.875000      0.7625000       1.152109    
   10.00000      0.7625000       1.000000    
 
  0.0000000E+00  0.7875000      0.0000000E+00
  0.1250000      0.7875000      0.1323729    
  0.3750000      0.7875000      0.3379847    
  0.6250000      0.7875000      0.4897779    
  0.8750000      0.7875000      0.6048265    
   1.125000      0.7875000      0.6945787    
   1.375000      0.7875000      0.7664720    
   1.625000      0.7875000      0.8255544    
   1.875000      0.7875000      0.8753704    
   2.125000      0.7875000      0.9184546    
   2.375000      0.7875000      0.9566387    
   2.625000      0.7875000      0.9912521    
   2.875000      0.7875000       1.023262    
   3.125000      0.7875000       1.053374    
   3.375000      0.7875000       1.082101    
   3.625000      0.7875000       1.109817    
   3.875000      0.7875000       1.136797    
   4.125000      0.7875000       1.163238    
   4.375000      0.7875000       1.189286    
   4.625000      0.7875000       1.215044    
   4.875000      0.7875000       1.240589    
   5.125000      0.7875000       1.265973    
   5.375000      0.7875000       1.291232    
   5.625000      0.7875000       1.316387    
   5.875000      0.7875000       1.341447    
   6.125000      0.7875000       1.366403    
   6.375000      0.7875000       1.391231    
   6.625000      0.7875000       1.415878    
   6.875000      0.7875000       1.440254    
   7.125000      0.7875000       1.464203    
   7.375000      0.7875000       1.487474    
   7.625000      0.7875000       1.509653    
   7.875000      0.7875000       1.530069    
   8.125000      0.7875000       1.547634    
   8.375000      0.7875000       1.560580    
   8.625000      0.7875000       1.566037    
   8.875000      0.7875000       1.559335    
   9.125000      0.7875000       1.532831    
   9.375000      0.7875000       1.473912    
   9.625000      0.7875000       1.361541    
   9.875000      0.7875000       1.161508    
   10.00000      0.7875000       1.000000    
 
  0.0000000E+00  0.8125000      0.0000000E+00
  0.1250000      0.8125000      0.1429592    
  0.3750000      0.8125000      0.3558636    
  0.6250000      0.8125000      0.5104771    
  0.8750000      0.8125000      0.6269233    
   1.125000      0.8125000      0.7175044    
   1.375000      0.8125000      0.7899422    
   1.625000      0.8125000      0.8494020    
   1.875000      0.8125000      0.8994862    
   2.125000      0.8125000      0.9427638    
   2.375000      0.8125000      0.9810882    
   2.625000      0.8125000       1.015803    
   2.875000      0.8125000       1.047888    
   3.125000      0.8125000       1.078053    
   3.375000      0.8125000       1.106820    
   3.625000      0.8125000       1.134565    
   3.875000      0.8125000       1.161566    
   4.125000      0.8125000       1.188022    
   4.375000      0.8125000       1.214081    
   4.625000      0.8125000       1.239847    
   4.875000      0.8125000       1.265398    
   5.125000      0.8125000       1.290786    
   5.375000      0.8125000       1.316047    
   5.625000      0.8125000       1.341204    
   5.875000      0.8125000       1.366263    
   6.125000      0.8125000       1.391218    
   6.375000      0.8125000       1.416043    
   6.625000      0.8125000       1.440684    
   6.875000      0.8125000       1.465049    
   7.125000      0.8125000       1.488981    
   7.375000      0.8125000       1.512224    
   7.625000      0.8125000       1.534356    
   7.875000      0.8125000       1.554697    
   8.125000      0.8125000       1.572140    
   8.375000      0.8125000       1.584886    
   8.625000      0.8125000       1.590019    
   8.875000      0.8125000       1.582778    
   9.125000      0.8125000       1.555365    
   9.375000      0.8125000       1.494832    
   9.625000      0.8125000       1.379285    
   9.875000      0.8125000       1.171700    
   10.00000      0.8125000       1.000000    
 
  0.0000000E+00  0.8375000      0.0000000E+00
  0.1250000      0.8375000      0.1546555    
  0.3750000      0.8375000      0.3746055    
  0.6250000      0.8375000      0.5317646    
  0.8750000      0.8375000      0.6494365    
   1.125000      0.8375000      0.7407358    
   1.375000      0.8375000      0.8136428    
   1.625000      0.8375000      0.8734267    
   1.875000      0.8375000      0.9237414    
   2.125000      0.8375000      0.9671848    
   2.375000      0.8375000       1.005629    
   2.625000      0.8375000       1.040432    
   2.875000      0.8375000       1.072580    
   3.125000      0.8375000       1.102792    
   3.375000      0.8375000       1.131592    
   3.625000      0.8375000       1.159362    
   3.875000      0.8375000       1.186381    
   4.125000      0.8375000       1.212850    
   4.375000      0.8375000       1.238918    
   4.625000      0.8375000       1.264691    
   4.875000      0.8375000       1.290247    
   5.125000      0.8375000       1.315638    
   5.375000      0.8375000       1.340902    
   5.625000      0.8375000       1.366060    
   5.875000      0.8375000       1.391119    
   6.125000      0.8375000       1.416073    
   6.375000      0.8375000       1.440894    
   6.625000      0.8375000       1.465530    
   6.875000      0.8375000       1.489886    
   7.125000      0.8375000       1.513802    
   7.375000      0.8375000       1.537019    
   7.625000      0.8375000       1.559110    
   7.875000      0.8375000       1.579383    
   8.125000      0.8375000       1.596715    
   8.375000      0.8375000       1.609283    
   8.625000      0.8375000       1.614122    
   8.875000      0.8375000       1.606397    
   9.125000      0.8375000       1.578163    
   9.375000      0.8375000       1.516169    
   9.625000      0.8375000       1.397703    
   9.875000      0.8375000       1.182830    
   10.00000      0.8375000       1.000000    
 
  0.0000000E+00  0.8625000      0.0000000E+00
  0.1250000      0.8625000      0.1676057    
  0.3750000      0.8625000      0.3942319    
  0.6250000      0.8625000      0.5536339    
  0.8750000      0.8625000      0.6723558    
   1.125000      0.8625000      0.7642628    
   1.375000      0.8625000      0.8375649    
   1.625000      0.8625000      0.8976213    
   1.875000      0.8625000      0.9481292    
   2.125000      0.8625000      0.9917116    
   2.375000      0.8625000       1.030257    
   2.625000      0.8625000       1.065133    
   2.875000      0.8625000       1.097334    
   3.125000      0.8625000       1.127585    
   3.375000      0.8625000       1.156414    
   3.625000      0.8625000       1.184204    
   3.875000      0.8625000       1.211238    
   4.125000      0.8625000       1.237718    
   4.375000      0.8625000       1.263794    
   4.625000      0.8625000       1.289573    
   4.875000      0.8625000       1.315133    
   5.125000      0.8625000       1.340527    
   5.375000      0.8625000       1.365792    
   5.625000      0.8625000       1.390951    
   5.875000      0.8625000       1.416010    
   6.125000      0.8625000       1.440963    
   6.375000      0.8625000       1.465781    
   6.625000      0.8625000       1.490412    
   6.875000      0.8625000       1.514760    
   7.125000      0.8625000       1.538662    
   7.375000      0.8625000       1.561856    
   7.625000      0.8625000       1.583911    
   7.875000      0.8625000       1.604124    
   8.125000      0.8625000       1.621359    
   8.375000      0.8625000       1.633769    
   8.625000      0.8625000       1.638349    
   8.875000      0.8625000       1.630196    
   9.125000      0.8625000       1.601238    
   9.375000      0.8625000       1.537947    
   9.625000      0.8625000       1.416858    
   9.875000      0.8625000       1.195073    
   10.00000      0.8625000       1.000000    
 
  0.0000000E+00  0.8875000      0.0000000E+00
  0.1250000      0.8875000      0.1819748    
  0.3750000      0.8875000      0.4147594    
  0.6250000      0.8875000      0.5760751    
  0.8750000      0.8875000      0.6956682    
   1.125000      0.8875000      0.7880740    
   1.375000      0.8875000      0.8616987    
   1.625000      0.8875000      0.9219769    
   1.875000      0.8875000      0.9726420    
   2.125000      0.8875000       1.016338    
   2.375000      0.8875000       1.054965    
   2.625000      0.8875000       1.089900    
   2.875000      0.8875000       1.122145    
   3.125000      0.8875000       1.152428    
   3.375000      0.8875000       1.181279    
   3.625000      0.8875000       1.209087    
   3.875000      0.8875000       1.236133    
   4.125000      0.8875000       1.262622    
   4.375000      0.8875000       1.288704    
   4.625000      0.8875000       1.314488    
   4.875000      0.8875000       1.340050    
   5.125000      0.8875000       1.365447    
   5.375000      0.8875000       1.390714    
   5.625000      0.8875000       1.415873    
   5.875000      0.8875000       1.440932    
   6.125000      0.8875000       1.465884    
   6.375000      0.8875000       1.490700    
   6.625000      0.8875000       1.515327    
   6.875000      0.8875000       1.539667    
   7.125000      0.8875000       1.563558    
   7.375000      0.8875000       1.586732    
   7.625000      0.8875000       1.608755    
   7.875000      0.8875000       1.628917    
   8.125000      0.8875000       1.646069    
   8.375000      0.8875000       1.658343    
   8.625000      0.8875000       1.662702    
   8.875000      0.8875000       1.654182    
   9.125000      0.8875000       1.624601    
   9.375000      0.8875000       1.560195    
   9.625000      0.8875000       1.436818    
   9.875000      0.8875000       1.208637    
   10.00000      0.8875000       1.000000    
 
  0.0000000E+00  0.9125000      0.0000000E+00
  0.1250000      0.9125000      0.1979536    
  0.3750000      0.9125000      0.4361984    
  0.6250000      0.9125000      0.5990738    
  0.8750000      0.9125000      0.7193583    
   1.125000      0.9125000      0.8121559    
   1.375000      0.9125000      0.8860329    
   1.625000      0.9125000      0.9464841    
   1.875000      0.9125000      0.9972718    
   2.125000      0.9125000       1.041056    
   2.375000      0.9125000       1.079747    
   2.625000      0.9125000       1.114728    
   2.875000      0.9125000       1.147007    
   3.125000      0.9125000       1.177314    
   3.375000      0.9125000       1.206183    
   3.625000      0.9125000       1.234004    
   3.875000      0.9125000       1.261060    
   4.125000      0.9125000       1.287556    
   4.375000      0.9125000       1.313643    
   4.625000      0.9125000       1.339430    
   4.875000      0.9125000       1.364995    
   5.125000      0.9125000       1.390394    
   5.375000      0.9125000       1.415661    
   5.625000      0.9125000       1.440821    
   5.875000      0.9125000       1.465880    
   6.125000      0.9125000       1.490831    
   6.375000      0.9125000       1.515645    
   6.625000      0.9125000       1.540269    
   6.875000      0.9125000       1.564603    
   7.125000      0.9125000       1.588484    
   7.375000      0.9125000       1.611642    
   7.625000      0.9125000       1.633639    
   7.875000      0.9125000       1.653759    
   8.125000      0.9125000       1.670843    
   8.375000      0.9125000       1.683005    
   8.625000      0.9125000       1.687181    
   8.875000      0.9125000       1.678360    
   9.125000      0.9125000       1.648266    
   9.375000      0.9125000       1.582938    
   9.625000      0.9125000       1.457649    
   9.875000      0.9125000       1.223770    
   10.00000      0.9125000       1.000000    
 
  0.0000000E+00  0.9375000      0.0000000E+00
  0.1250000      0.9375000      0.2157621    
  0.3750000      0.9375000      0.4585513    
  0.6250000      0.9375000      0.6226114    
  0.8750000      0.9375000      0.7434084    
   1.125000      0.9375000      0.8364937    
   1.375000      0.9375000      0.9105551    
   1.625000      0.9375000      0.9711325    
   1.875000      0.9375000       1.022009    
   2.125000      0.9375000       1.065857    
   2.375000      0.9375000       1.104595    
   2.625000      0.9375000       1.139610    
   2.875000      0.9375000       1.171914    
   3.125000      0.9375000       1.202239    
   3.375000      0.9375000       1.231121    
   3.625000      0.9375000       1.258951    
   3.875000      0.9375000       1.286013    
   4.125000      0.9375000       1.312515    
   4.375000      0.9375000       1.338606    
   4.625000      0.9375000       1.364395    
   4.875000      0.9375000       1.389963    
   5.125000      0.9375000       1.415362    
   5.375000      0.9375000       1.440631    
   5.625000      0.9375000       1.465791    
   5.875000      0.9375000       1.490850    
   6.125000      0.9375000       1.515799    
   6.375000      0.9375000       1.540613    
   6.625000      0.9375000       1.565233    
   6.875000      0.9375000       1.589562    
   7.125000      0.9375000       1.613436    
   7.375000      0.9375000       1.636583    
   7.625000      0.9375000       1.658559    
   7.875000      0.9375000       1.678647    
   8.125000      0.9375000       1.695677    
   8.375000      0.9375000       1.707754    
   8.625000      0.9375000       1.711789    
   8.875000      0.9375000       1.702735    
   9.125000      0.9375000       1.672246    
   9.375000      0.9375000       1.606205    
   9.625000      0.9375000       1.479424    
   9.875000      0.9375000       1.240768    
   10.00000      0.9375000       1.000000    
 
  0.0000000E+00  0.9625000      0.0000000E+00
  0.1250000      0.9625000      0.2356556    
  0.3750000      0.9625000      0.4818107    
  0.6250000      0.9625000      0.6466653    
  0.8750000      0.9625000      0.7677984    
   1.125000      0.9625000      0.8610708    
   1.375000      0.9625000      0.9352517    
   1.625000      0.9625000      0.9959106    
   1.875000      0.9625000       1.046845    
   2.125000      0.9625000       1.090734    
   2.375000      0.9625000       1.129502    
   2.625000      0.9625000       1.164539    
   2.875000      0.9625000       1.196859    
   3.125000      0.9625000       1.227195    
   3.375000      0.9625000       1.256086    
   3.625000      0.9625000       1.283922    
   3.875000      0.9625000       1.310989    
   4.125000      0.9625000       1.337494    
   4.375000      0.9625000       1.363587    
   4.625000      0.9625000       1.389378    
   4.875000      0.9625000       1.414947    
   5.125000      0.9625000       1.440347    
   5.375000      0.9625000       1.465616    
   5.625000      0.9625000       1.490776    
   5.875000      0.9625000       1.515835    
   6.125000      0.9625000       1.540784    
   6.375000      0.9625000       1.565596    
   6.625000      0.9625000       1.590215    
   6.875000      0.9625000       1.614541    
   7.125000      0.9625000       1.638410    
   7.375000      0.9625000       1.661548    
   7.625000      0.9625000       1.683511    
   7.875000      0.9625000       1.703576    
   8.125000      0.9625000       1.720570    
   8.375000      0.9625000       1.732588    
   8.625000      0.9625000       1.736527    
   8.875000      0.9625000       1.727313    
   9.125000      0.9625000       1.696552    
   9.375000      0.9625000       1.630024    
   9.625000      0.9625000       1.502211    
   9.875000      0.9625000       1.259983    
   10.00000      0.9625000       1.000000    
 
  0.0000000E+00  0.9875000      0.0000000E+00
  0.1250000      0.9875000      0.2579301    
  0.3750000      0.9875000      0.5059574    
  0.6250000      0.9875000      0.6712080    
  0.8750000      0.9875000      0.7925057    
   1.125000      0.9875000      0.8858691    
   1.375000      0.9875000      0.9601078    
   1.625000      0.9875000       1.020806    
   1.875000      0.9875000       1.071769    
   2.125000      0.9875000       1.115678    
   2.375000      0.9875000       1.154460    
   2.625000      0.9875000       1.189508    
   2.875000      0.9875000       1.221835    
   3.125000      0.9875000       1.252177    
   3.375000      0.9875000       1.281072    
   3.625000      0.9875000       1.308911    
   3.875000      0.9875000       1.335980    
   4.125000      0.9875000       1.362486    
   4.375000      0.9875000       1.388580    
   4.625000      0.9875000       1.414372    
   4.875000      0.9875000       1.439942    
   5.125000      0.9875000       1.465342    
   5.375000      0.9875000       1.490612    
   5.625000      0.9875000       1.515772    
   5.875000      0.9875000       1.540831    
   6.125000      0.9875000       1.565780    
   6.375000      0.9875000       1.590591    
   6.625000      0.9875000       1.615209    
   6.875000      0.9875000       1.639534    
   7.125000      0.9875000       1.663399    
   7.375000      0.9875000       1.686533    
   7.625000      0.9875000       1.708489    
   7.875000      0.9875000       1.728543    
   8.125000      0.9875000       1.745518    
   8.375000      0.9875000       1.757506    
   8.625000      0.9875000       1.761395    
   8.875000      0.9875000       1.752099    
   9.125000      0.9875000       1.721199    
   9.375000      0.9875000       1.654420    
   9.625000      0.9875000       1.526075    
   9.875000      0.9875000       1.281839    
   10.00000      0.9875000       1.000000    
 
  0.0000000E+00   1.000000      0.0000000E+00
  0.1250000       1.000000      0.2579301    
  0.3750000       1.000000      0.5059574    
  0.6250000       1.000000      0.6712080    
  0.8750000       1.000000      0.7925057    
   1.125000       1.000000      0.8858691    
   1.375000       1.000000      0.9601078    
   1.625000       1.000000       1.020806    
   1.875000       1.000000       1.071769    
   2.125000       1.000000       1.115678    
   2.375000       1.000000       1.154460    
   2.625000       1.000000       1.189508    
   2.875000       1.000000       1.221835    
   3.125000       1.000000       1.252177    
   3.375000       1.000000       1.281072    
   3.625000       1.000000       1.308911    
   3.875000       1.000000       1.335980    
   4.125000       1.000000       1.362486    
   4.375000       1.000000       1.388580    
   4.625000       1.000000       1.414372    
   4.875000       1.000000       1.439942    
   5.125000       1.000000       1.465342    
   5.375000       1.000000       1.490612    
   5.625000       1.000000       1.515772    
   5.875000       1.000000       1.540831    
   6.125000       1.000000       1.565780    
   6.375000       1.000000       1.590591    
   6.625000       1.000000       1.615209    
   6.875000       1.000000       1.639534    
   7.125000       1.000000       1.663399    
   7.375000       1.000000       1.686533    
   7.625000       1.000000       1.708489    
   7.875000       1.000000       1.728543    
   8.125000       1.000000       1.745518    
   8.375000       1.000000       1.757506    
   8.625000       1.000000       1.761395    
   8.875000       1.000000       1.752099    
   9.125000       1.000000       1.721199    
   9.375000       1.000000       1.654420    
   9.625000       1.000000       1.526075    
   9.875000       1.000000       1.281839    
   10.00000       1.000000       1.000000    
 
