  0.0000000E+00  0.0000000E+00  0.0000000E+00
  0.1250000      0.0000000E+00  1.2499999E-02
  0.3750000      0.0000000E+00  3.7499998E-02
  0.6250000      0.0000000E+00  6.2499996E-02
  0.8750000      0.0000000E+00  8.7499991E-02
   1.125000      0.0000000E+00  0.1125000    
   1.375000      0.0000000E+00  0.1375000    
   1.625000      0.0000000E+00  0.1625000    
   1.875000      0.0000000E+00  0.1875000    
   2.125000      0.0000000E+00  0.2125000    
   2.375000      0.0000000E+00  0.2375000    
   2.625000      0.0000000E+00  0.2625000    
   2.875000      0.0000000E+00  0.2875000    
   3.125000      0.0000000E+00  0.3125000    
   3.375000      0.0000000E+00  0.3375000    
   3.625000      0.0000000E+00  0.3625000    
   3.875000      0.0000000E+00  0.3875000    
   4.125000      0.0000000E+00  0.4125000    
   4.375000      0.0000000E+00  0.4375000    
   4.625000      0.0000000E+00  0.4625000    
   4.875000      0.0000000E+00  0.4875000    
   5.125000      0.0000000E+00  0.5125000    
   5.375000      0.0000000E+00  0.5375000    
   5.625000      0.0000000E+00  0.5624999    
   5.875000      0.0000000E+00  0.5875000    
   6.125000      0.0000000E+00  0.6125000    
   6.375000      0.0000000E+00  0.6375000    
   6.625000      0.0000000E+00  0.6625000    
   6.875000      0.0000000E+00  0.6874999    
   7.125000      0.0000000E+00  0.7125000    
   7.375000      0.0000000E+00  0.7375000    
   7.625000      0.0000000E+00  0.7624999    
   7.875000      0.0000000E+00  0.7875000    
   8.125000      0.0000000E+00  0.8124999    
   8.375000      0.0000000E+00  0.8375000    
   8.625000      0.0000000E+00  0.8625000    
   8.875000      0.0000000E+00  0.8874999    
   9.125000      0.0000000E+00  0.9125000    
   9.375000      0.0000000E+00  0.9374999    
   9.625000      0.0000000E+00  0.9624999    
   9.875000      0.0000000E+00  0.9875000    
   10.00000      0.0000000E+00   1.000000    
 
  0.0000000E+00  1.2500000E-02  0.0000000E+00
  0.1250000      1.2500000E-02  1.1626706E-02
  0.3750000      1.2500000E-02  3.5599940E-02
  0.6250000      1.2500000E-02  5.9857301E-02
  0.8750000      1.2500000E-02  8.4301054E-02
   1.125000      1.2500000E-02  0.1088863    
   1.375000      1.2500000E-02  0.1335816    
   1.625000      1.2500000E-02  0.1583612    
   1.875000      1.2500000E-02  0.1832039    
   2.125000      1.2500000E-02  0.2080923    
   2.375000      1.2500000E-02  0.2330126    
   2.625000      1.2500000E-02  0.2579539    
   2.875000      1.2500000E-02  0.2829076    
   3.125000      1.2500000E-02  0.3078666    
   3.375000      1.2500000E-02  0.3328256    
   3.625000      1.2500000E-02  0.3577801    
   3.875000      1.2500000E-02  0.3827263    
   4.125000      1.2500000E-02  0.4076614    
   4.375000      1.2500000E-02  0.4325834    
   4.625000      1.2500000E-02  0.4574905    
   4.875000      1.2500000E-02  0.4823820    
   5.125000      1.2500000E-02  0.5072572    
   5.375000      1.2500000E-02  0.5321167    
   5.625000      1.2500000E-02  0.5569606    
   5.875000      1.2500000E-02  0.5817904    
   6.125000      1.2500000E-02  0.6066067    
   6.375000      1.2500000E-02  0.6314114    
   6.625000      1.2500000E-02  0.6562056    
   6.875000      1.2500000E-02  0.6809911    
   7.125000      1.2500000E-02  0.7057691    
   7.375000      1.2500000E-02  0.7305410    
   7.625000      1.2500000E-02  0.7553078    
   7.875000      1.2500000E-02  0.7800710    
   8.125000      1.2500000E-02  0.8048310    
   8.375000      1.2500000E-02  0.8295891    
   8.625000      1.2500000E-02  0.8543460    
   8.875000      1.2500000E-02  0.8791051    
   9.125000      1.2500000E-02  0.9038801    
   9.375000      1.2500000E-02  0.9287397    
   9.625000      1.2500000E-02  0.9540430    
   9.875000      1.2500000E-02  0.9815602    
   10.00000      1.2500000E-02   1.000000    
 
  0.0000000E+00  3.7500001E-02  0.0000000E+00
  0.1250000      3.7500001E-02  9.9303247E-03
  0.3750000      3.7500001E-02  3.1856157E-02
  0.6250000      3.7500001E-02  5.4629911E-02
  0.8750000      3.7500001E-02  7.7962101E-02
   1.125000      3.7500001E-02  0.1017185    
   1.375000      3.7500001E-02  0.1258048    
   1.625000      3.7500001E-02  0.1501442    
   1.875000      3.7500001E-02  0.1746726    
   2.125000      3.7500001E-02  0.1993382    
   2.375000      3.7500001E-02  0.2240994    
   2.625000      3.7500001E-02  0.2489236    
   2.875000      3.7500001E-02  0.2737849    
   3.125000      3.7500001E-02  0.2986624    
   3.375000      3.7500001E-02  0.3235397    
   3.625000      3.7500001E-02  0.3484034    
   3.875000      3.7500001E-02  0.3732426    
   4.125000      3.7500001E-02  0.3980486    
   4.375000      3.7500001E-02  0.4228149    
   4.625000      3.7500001E-02  0.4475370    
   4.875000      3.7500001E-02  0.4722120    
   5.125000      3.7500001E-02  0.4968387    
   5.375000      3.7500001E-02  0.5214176    
   5.625000      3.7500001E-02  0.5459504    
   5.875000      3.7500001E-02  0.5704401    
   6.125000      3.7500001E-02  0.5948901    
   6.375000      3.7500001E-02  0.6193046    
   6.625000      3.7500001E-02  0.6436880    
   6.875000      3.7500001E-02  0.6680449    
   7.125000      3.7500001E-02  0.6923795    
   7.375000      3.7500001E-02  0.7166957    
   7.625000      3.7500001E-02  0.7409970    
   7.875000      3.7500001E-02  0.7652869    
   8.125000      3.7500001E-02  0.7895676    
   8.375000      3.7500001E-02  0.8138420    
   8.625000      3.7500001E-02  0.8381134    
   8.875000      3.7500001E-02  0.8623909    
   9.125000      3.7500001E-02  0.8867154    
   9.375000      3.7500001E-02  0.9112912    
   9.625000      3.7500001E-02  0.9371839    
   9.875000      3.7500001E-02  0.9696649    
   10.00000      3.7500001E-02   1.000000    
 
  0.0000000E+00  6.2500000E-02  0.0000000E+00
  0.1250000      6.2500000E-02  8.3566615E-03
  0.3750000      6.2500000E-02  2.8262177E-02
  0.6250000      6.2500000E-02  4.9561355E-02
  0.8750000      6.2500000E-02  7.1787350E-02
   1.125000      6.2500000E-02  9.4718933E-02
   1.375000      6.2500000E-02  0.1181995    
   1.625000      6.2500000E-02  0.1421011    
   1.875000      6.2500000E-02  0.1663173    
   2.125000      6.2500000E-02  0.1907617    
   2.375000      6.2500000E-02  0.2153652    
   2.625000      6.2500000E-02  0.2400735    
   2.875000      6.2500000E-02  0.2648433    
   3.125000      6.2500000E-02  0.2896403    
   3.375000      6.2500000E-02  0.3144371    
   3.625000      6.2500000E-02  0.3392113    
   3.875000      6.2500000E-02  0.3639447    
   4.125000      6.2500000E-02  0.3886230    
   4.375000      6.2500000E-02  0.4132354    
   4.625000      6.2500000E-02  0.4377742    
   4.875000      6.2500000E-02  0.4622345    
   5.125000      6.2500000E-02  0.4866146    
   5.375000      6.2500000E-02  0.5109150    
   5.625000      6.2500000E-02  0.5351386    
   5.875000      6.2500000E-02  0.5592903    
   6.125000      6.2500000E-02  0.5833758    
   6.375000      6.2500000E-02  0.6074021    
   6.625000      6.2500000E-02  0.6313764    
   6.875000      6.2500000E-02  0.6553068    
   7.125000      6.2500000E-02  0.6791996    
   7.375000      6.2500000E-02  0.7030616    
   7.625000      6.2500000E-02  0.7268988    
   7.875000      6.2500000E-02  0.7507169    
   8.125000      6.2500000E-02  0.7745197    
   8.375000      6.2500000E-02  0.7983118    
   8.625000      6.2500000E-02  0.8220987    
   8.875000      6.2500000E-02  0.8458956    
   9.125000      6.2500000E-02  0.8697690    
   9.375000      6.2500000E-02  0.8940526    
   9.625000      6.2500000E-02  0.9204895    
   9.875000      6.2500000E-02  0.9577515    
   10.00000      6.2500000E-02   1.000000    
 
  0.0000000E+00  8.7500006E-02  0.0000000E+00
  0.1250000      8.7500006E-02  6.9469386E-03
  0.3750000      8.7500006E-02  2.4887543E-02
  0.6250000      8.7500006E-02  4.4733152E-02
  0.8750000      8.7500006E-02  6.5866023E-02
   1.125000      8.7500006E-02  8.7982684E-02
   1.375000      8.7500006E-02  0.1108654    
   1.625000      8.7500006E-02  0.1343353    
   1.875000      8.7500006E-02  0.1582440    
   2.125000      8.7500006E-02  0.1824709    
   2.375000      8.7500006E-02  0.2069196    
   2.625000      8.7500006E-02  0.2315142    
   2.875000      8.7500006E-02  0.2561947    
   3.125000      8.7500006E-02  0.2809131    
   3.375000      8.7500006E-02  0.3056312    
   3.625000      8.7500006E-02  0.3303176    
   3.875000      8.7500006E-02  0.3549474    
   4.125000      8.7500006E-02  0.3795002    
   4.375000      8.7500006E-02  0.4039610    
   4.625000      8.7500006E-02  0.4283191    
   4.875000      8.7500006E-02  0.4525675    
   5.125000      8.7500006E-02  0.4767037    
   5.375000      8.7500006E-02  0.5007286    
   5.625000      8.7500006E-02  0.5246460    
   5.875000      8.7500006E-02  0.5484627    
   6.125000      8.7500006E-02  0.5721867    
   6.375000      8.7500006E-02  0.5958276    
   6.625000      8.7500006E-02  0.6193959    
   6.875000      8.7500006E-02  0.6429021    
   7.125000      8.7500006E-02  0.6663558    
   7.375000      8.7500006E-02  0.6897662    
   7.625000      8.7500006E-02  0.7131417    
   7.875000      8.7500006E-02  0.7364902    
   8.125000      8.7500006E-02  0.7598173    
   8.375000      8.7500006E-02  0.7831293    
   8.625000      8.7500006E-02  0.8064340    
   8.875000      8.7500006E-02  0.8297517    
   9.125000      8.7500006E-02  0.8531732    
   9.375000      8.7500006E-02  0.8771529    
   9.625000      8.7500006E-02  0.9040687    
   9.875000      8.7500006E-02  0.9458514    
   10.00000      8.7500006E-02   1.000000    
 
  0.0000000E+00  0.1125000      0.0000000E+00
  0.1250000      0.1125000      5.7186158E-03
  0.3750000      0.1125000      2.1780359E-02
  0.6250000      0.1125000      4.0208999E-02
  0.8750000      0.1125000      6.0272388E-02
   1.125000      0.1125000      8.1592068E-02
   1.375000      0.1125000      0.1038910    
   1.625000      0.1125000      0.1269403    
   1.875000      0.1125000      0.1505500    
   2.125000      0.1125000      0.1745659    
   2.375000      0.1125000      0.1988647    
   2.625000      0.1125000      0.2233497    
   2.875000      0.1125000      0.2479440    
   3.125000      0.1125000      0.2725866    
   3.375000      0.1125000      0.2972284    
   3.625000      0.1125000      0.3218297    
   3.875000      0.1125000      0.3463582    
   4.125000      0.1125000      0.3707884    
   4.375000      0.1125000      0.3951005    
   4.625000      0.1125000      0.4192809    
   4.875000      0.1125000      0.4433208    
   5.125000      0.1125000      0.4672167    
   5.375000      0.1125000      0.4909696    
   5.625000      0.1125000      0.5145847    
   5.875000      0.1125000      0.5380699    
   6.125000      0.1125000      0.5614362    
   6.375000      0.1125000      0.5846955    
   6.625000      0.1125000      0.6078613    
   6.875000      0.1125000      0.6309469    
   7.125000      0.1125000      0.6539650    
   7.375000      0.1125000      0.6769271    
   7.625000      0.1125000      0.6998442    
   7.875000      0.1125000      0.7227262    
   8.125000      0.1125000      0.7455806    
   8.375000      0.1125000      0.7684155    
   8.625000      0.1125000      0.7912405    
   8.875000      0.1125000      0.8140815    
   9.125000      0.1125000      0.8370507    
   9.375000      0.1125000      0.8607131    
   9.625000      0.1125000      0.8880304    
   9.875000      0.1125000      0.9340225    
   10.00000      0.1125000       1.000000    
 
  0.0000000E+00  0.1375000      0.0000000E+00
  0.1250000      0.1375000      4.6724351E-03
  0.3750000      0.1375000      1.8970240E-02
  0.6250000      0.1375000      3.6036510E-02
  0.8750000      0.1375000      5.5066872E-02
   1.125000      0.1375000      7.5617500E-02
   1.375000      0.1375000      9.7354561E-02
   1.625000      0.1375000      0.1200004    
   1.875000      0.1375000      0.1433243    
   2.125000      0.1375000      0.1671390    
   2.375000      0.1375000      0.1912956    
   2.625000      0.1375000      0.2156766    
   2.875000      0.1375000      0.2401891    
   3.125000      0.1375000      0.2647596    
   3.375000      0.1375000      0.2893284    
   3.625000      0.1375000      0.3138475    
   3.875000      0.1375000      0.3382779    
   4.125000      0.1375000      0.3625884    
   4.375000      0.1375000      0.3867551    
   4.625000      0.1375000      0.4107613    
   4.875000      0.1375000      0.4345964    
   5.125000      0.1375000      0.4582558    
   5.375000      0.1375000      0.4817409    
   5.625000      0.1375000      0.5050577    
   5.875000      0.1375000      0.5282158    
   6.125000      0.1375000      0.5512287    
   6.375000      0.1375000      0.5741108    
   6.625000      0.1375000      0.5968782    
   6.875000      0.1375000      0.6195476    
   7.125000      0.1375000      0.6421341    
   7.375000      0.1375000      0.6646520    
   7.625000      0.1375000      0.6871146    
   7.875000      0.1375000      0.7095340    
   8.125000      0.1375000      0.7319196    
   8.375000      0.1375000      0.7542809    
   8.625000      0.1375000      0.7766298    
   8.875000      0.1375000      0.7989972    
   9.125000      0.1375000      0.8215143    
   9.375000      0.1375000      0.8448449    
   9.625000      0.1375000      0.8724806    
   9.875000      0.1375000      0.9223419    
   10.00000      0.1375000       1.000000    
 
  0.0000000E+00  0.1625000      0.0000000E+00
  0.1250000      0.1625000      3.7983751E-03
  0.3750000      0.1625000      1.6471572E-02
  0.6250000      0.1625000      3.2249205E-02
  0.8750000      0.1625000      5.0297614E-02
   1.125000      0.1625000      7.0118673E-02
   1.375000      0.1625000      9.1324978E-02
   1.625000      0.1625000      0.1135914    
   1.875000      0.1625000      0.1366479    
   2.125000      0.1625000      0.1602754    
   2.375000      0.1625000      0.1843000    
   2.625000      0.1625000      0.2085847    
   2.875000      0.1625000      0.2330215    
   3.125000      0.1625000      0.2575245    
   3.375000      0.1625000      0.2820242    
   3.625000      0.1625000      0.3064646    
   3.875000      0.1625000      0.3308001    
   4.125000      0.1625000      0.3549943    
   4.375000      0.1625000      0.3790191    
   4.625000      0.1625000      0.4028547    
   4.875000      0.1625000      0.4264888    
   5.125000      0.1625000      0.4499159    
   5.375000      0.1625000      0.4731374    
   5.625000      0.1625000      0.4961603    
   5.875000      0.1625000      0.5189962    
   6.125000      0.1625000      0.5416602    
   6.375000      0.1625000      0.5641699    
   6.625000      0.1625000      0.5865439    
   6.875000      0.1625000      0.6088017    
   7.125000      0.1625000      0.6309614    
   7.375000      0.1625000      0.6530396    
   7.625000      0.1625000      0.6750525    
   7.875000      0.1625000      0.6970139    
   8.125000      0.1625000      0.7189350    
   8.375000      0.1625000      0.7408271    
   8.625000      0.1625000      0.7627044    
   8.875000      0.1625000      0.7846016    
   9.125000      0.1625000      0.8066677    
   9.375000      0.1625000      0.8296531    
   9.625000      0.1625000      0.8575231    
   9.875000      0.1625000      0.9108998    
   10.00000      0.1625000       1.000000    
 
  0.0000000E+00  0.1875000      0.0000000E+00
  0.1250000      0.1875000      3.0803247E-03
  0.3750000      0.1875000      1.4286815E-02
  0.6250000      0.1875000      2.8868675E-02
  0.8750000      0.1875000      4.6001963E-02
   1.125000      0.1875000      6.5145664E-02
   1.375000      0.1875000      8.5862353E-02
   1.625000      0.1875000      0.1077814    
   1.875000      0.1875000      0.1305946    
   2.125000      0.1875000      0.1540530    
   2.375000      0.1875000      0.1779590    
   2.625000      0.1875000      0.2021575    
   2.875000      0.1875000      0.2265259    
   3.125000      0.1875000      0.2509670    
   3.375000      0.1875000      0.2754021    
   3.625000      0.1875000      0.2997677    
   3.875000      0.1875000      0.3240118    
   4.125000      0.1875000      0.3480929    
   4.375000      0.1875000      0.3719792    
   4.625000      0.1875000      0.3956478    
   4.875000      0.1875000      0.4190846    
   5.125000      0.1875000      0.4422836    
   5.375000      0.1875000      0.4652458    
   5.625000      0.1875000      0.4879795    
   5.875000      0.1875000      0.5104979    
   6.125000      0.1875000      0.5328181    
   6.375000      0.1875000      0.5549602    
   6.625000      0.1875000      0.5769461    
   6.875000      0.1875000      0.5987975    
   7.125000      0.1875000      0.6205356    
   7.375000      0.1875000      0.6421795    
   7.625000      0.1875000      0.6637478    
   7.875000      0.1875000      0.6852562    
   8.125000      0.1875000      0.7067181    
   8.375000      0.1875000      0.7281463    
   8.625000      0.1875000      0.7495567    
   8.875000      0.1875000      0.7709883    
   9.125000      0.1875000      0.7926052    
   9.375000      0.1875000      0.8152332    
   9.625000      0.1875000      0.8432564    
   9.875000      0.1875000      0.8997936    
   10.00000      0.1875000       1.000000    
 
  0.0000000E+00  0.2125000      0.0000000E+00
  0.1250000      0.2125000      2.4995229E-03
  0.3750000      0.2125000      1.2409760E-02
  0.6250000      0.2125000      2.5906945E-02
  0.8750000      0.2125000      4.2208314E-02
   1.125000      0.2125000      6.0740396E-02
   1.375000      0.2125000      8.1019312E-02
   1.625000      0.2125000      0.1026310    
   1.875000      0.2125000      0.1252313    
   2.125000      0.2125000      0.1485431    
   2.375000      0.2125000      0.1723471    
   2.625000      0.2125000      0.1964714    
   2.875000      0.2125000      0.2207804    
   3.125000      0.2125000      0.2451663    
   3.375000      0.2125000      0.2695420    
   3.625000      0.2125000      0.2938368    
   3.875000      0.2125000      0.3179930    
   4.125000      0.2125000      0.3419644    
   4.375000      0.2125000      0.3657154    
   4.625000      0.2125000      0.3892204    
   4.875000      0.2125000      0.4124635    
   5.125000      0.2125000      0.4354381    
   5.375000      0.2125000      0.4581454    
   5.625000      0.2125000      0.4805943    
   5.875000      0.2125000      0.5027998    
   6.125000      0.2125000      0.5247813    
   6.375000      0.2125000      0.5465614    
   6.625000      0.2125000      0.5681644    
   6.875000      0.2125000      0.5896149    
   7.125000      0.2125000      0.6109371    
   7.375000      0.2125000      0.6321524    
   7.625000      0.2125000      0.6532819    
   7.875000      0.2125000      0.6743432    
   8.125000      0.2125000      0.6953515    
   8.375000      0.2125000      0.7163214    
   8.625000      0.2125000      0.7372705    
   8.875000      0.2125000      0.7582420    
   9.125000      0.2125000      0.7794125    
   9.375000      0.2125000      0.8016732    
   9.625000      0.2125000      0.8297741    
   9.875000      0.2125000      0.8891239    
   10.00000      0.2125000       1.000000    
 
  0.0000000E+00  0.2375000      0.0000000E+00
  0.1250000      0.2375000      2.0369221E-03
  0.3750000      0.2375000      1.0828530E-02
  0.6250000      0.2375000      2.3368943E-02
  0.8750000      0.2375000      3.8938053E-02
   1.125000      0.2375000      5.6938149E-02
   1.375000      0.2375000      7.6842122E-02
   1.625000      0.2375000      9.8194852E-02
   1.875000      0.2375000      0.1206189    
   2.125000      0.2375000      0.1438112    
   2.375000      0.2375000      0.1675330    
   2.625000      0.2375000      0.1915975    
   2.875000      0.2375000      0.2158574    
   3.125000      0.2375000      0.2401956    
   3.375000      0.2375000      0.2645174    
   3.625000      0.2375000      0.2887457    
   3.875000      0.2375000      0.3128176    
   4.125000      0.2375000      0.3366822    
   4.375000      0.2375000      0.3603009    
   4.625000      0.2375000      0.3836452    
   4.875000      0.2375000      0.4066981    
   5.125000      0.2375000      0.4294518    
   5.375000      0.2375000      0.4519079    
   5.625000      0.2375000      0.4740764    
   5.875000      0.2375000      0.4959737    
   6.125000      0.2375000      0.5176216    
   6.375000      0.2375000      0.5390448    
   6.625000      0.2375000      0.5602705    
   6.875000      0.2375000      0.5813261    
   7.125000      0.2375000      0.6022382    
   7.375000      0.2375000      0.6230313    
   7.625000      0.2375000      0.6437280    
   7.875000      0.2375000      0.6643485    
   8.125000      0.2375000      0.6849095    
   8.375000      0.2375000      0.7054275    
   8.625000      0.2375000      0.7259218    
   8.875000      0.2375000      0.7464391    
   9.125000      0.2375000      0.7671673    
   9.375000      0.2375000      0.7890531    
   9.625000      0.2375000      0.8171636    
   9.875000      0.2375000      0.8789909    
   10.00000      0.2375000       1.000000    
 
  0.0000000E+00  0.2625000      0.0000000E+00
  0.1250000      0.2625000      1.6746941E-03
  0.3750000      0.2625000      9.5282467E-03
  0.6250000      0.2625000      2.1254897E-02
  0.8750000      0.2625000      3.6207490E-02
   1.125000      0.2625000      5.3769048E-02
   1.375000      0.2625000      7.3371865E-02
   1.625000      0.2625000      9.4522379E-02
   1.875000      0.2625000      0.1168127    
   2.125000      0.2625000      0.1399169    
   2.375000      0.2625000      0.1635793    
   2.625000      0.2625000      0.1876003    
   2.875000      0.2625000      0.2118228    
   3.125000      0.2625000      0.2361217    
   3.375000      0.2625000      0.2603955    
   3.625000      0.2625000      0.2845617    
   3.875000      0.2625000      0.3085525    
   4.125000      0.2625000      0.3323133    
   4.375000      0.2625000      0.3558021    
   4.625000      0.2625000      0.3789884    
   4.875000      0.2625000      0.4018537    
   5.125000      0.2625000      0.4243897    
   5.375000      0.2625000      0.4465983    
   5.625000      0.2625000      0.4684903    
   5.875000      0.2625000      0.4900839    
   6.125000      0.2625000      0.5114029    
   6.375000      0.2625000      0.5324745    
   6.625000      0.2625000      0.5533286    
   6.875000      0.2625000      0.5739952    
   7.125000      0.2625000      0.5945035    
   7.375000      0.2625000      0.6148805    
   7.625000      0.2625000      0.6351513    
   7.875000      0.2625000      0.6553377    
   8.125000      0.2625000      0.6754585    
   8.375000      0.2625000      0.6955316    
   8.625000      0.2625000      0.7155782    
   8.875000      0.2625000      0.7356479    
   9.125000      0.2625000      0.7559390    
   9.375000      0.2625000      0.7774451    
   9.625000      0.2625000      0.8055061    
   9.875000      0.2625000      0.8694910    
   10.00000      0.2625000       1.000000    
 
  0.0000000E+00  0.2875000      0.0000000E+00
  0.1250000      0.2875000      1.3971104E-03
  0.3750000      0.2875000      8.4933219E-03
  0.6250000      0.2875000      1.9562673E-02
  0.8750000      0.2875000      3.4029890E-02
   1.125000      0.2875000      5.1259760E-02
   1.375000      0.2875000      7.0645668E-02
   1.625000      0.2875000      9.1658488E-02
   1.875000      0.2875000      0.1138633    
   2.125000      0.2875000      0.1369147    
   2.375000      0.2875000      0.1605433    
   2.625000      0.2875000      0.1845390    
   2.875000      0.2875000      0.2087369    
   3.125000      0.2875000      0.2330053    
   3.375000      0.2875000      0.2572374    
   3.625000      0.2875000      0.2813458    
   3.875000      0.2875000      0.3052587    
   4.125000      0.2875000      0.3289180    
   4.375000      0.2875000      0.3522790    
   4.625000      0.2875000      0.3753094    
   4.875000      0.2875000      0.3979892    
   5.125000      0.2875000      0.4203100    
   5.375000      0.2875000      0.4422739    
   5.625000      0.2875000      0.4638930    
   5.875000      0.2875000      0.4851871    
   6.125000      0.2875000      0.5061818    
   6.375000      0.2875000      0.5269069    
   6.625000      0.2875000      0.5473952    
   6.875000      0.2875000      0.5676789    
   7.125000      0.2875000      0.5877898    
   7.375000      0.2875000      0.6077576    
   7.625000      0.2875000      0.6276094    
   7.875000      0.2875000      0.6473690    
   8.125000      0.2875000      0.6670569    
   8.375000      0.2875000      0.6866927    
   8.625000      0.2875000      0.7062990    
   8.875000      0.2875000      0.7259288    
   9.125000      0.2875000      0.7457892    
   9.375000      0.2875000      0.7669138    
   9.625000      0.2875000      0.7948752    
   9.875000      0.2875000      0.8607154    
   10.00000      0.2875000       1.000000    
 
  0.0000000E+00  0.3125000      0.0000000E+00
  0.1250000      0.3125000      1.1909839E-03
  0.3750000      0.3125000      7.7094003E-03
  0.6250000      0.3125000      1.8290013E-02
  0.8750000      0.3125000      3.2417491E-02
   1.125000      0.3125000      4.9435079E-02
   1.375000      0.3125000      6.8698004E-02
   1.625000      0.3125000      8.9644678E-02
   1.875000      0.3125000      0.1118171    
   2.125000      0.3125000      0.1348546    
   2.375000      0.3125000      0.1584772    
   2.625000      0.3125000      0.1824673    
   2.875000      0.3125000      0.2066543    
   3.125000      0.3125000      0.2309017    
   3.375000      0.3125000      0.2550983    
   3.625000      0.3125000      0.2791530    
   3.875000      0.3125000      0.3029906    
   4.125000      0.3125000      0.3265503    
   4.375000      0.3125000      0.3497850    
   4.625000      0.3125000      0.3726608    
   4.875000      0.3125000      0.3951567    
   5.125000      0.3125000      0.4172642    
   5.375000      0.3125000      0.4389861    
   5.625000      0.3125000      0.4603352    
   5.875000      0.3125000      0.4813333    
   6.125000      0.3125000      0.5020081    
   6.375000      0.3125000      0.5223920    
   6.625000      0.3125000      0.5425198    
   6.875000      0.3125000      0.5624267    
   7.125000      0.3125000      0.5821471    
   7.375000      0.3125000      0.6017127    
   7.625000      0.3125000      0.6211528    
   7.875000      0.3125000      0.6404933    
   8.125000      0.3125000      0.6597562    
   8.375000      0.3125000      0.6789627    
   8.625000      0.3125000      0.6981372    
   8.875000      0.3125000      0.7173353    
   9.125000      0.3125000      0.7367725    
   9.375000      0.3125000      0.7575166    
   9.625000      0.3125000      0.7853372    
   9.875000      0.3125000      0.8527480    
   10.00000      0.3125000       1.000000    
 
  0.0000000E+00  0.3375000      0.0000000E+00
  0.1250000      0.3375000      1.0458449E-03
  0.3750000      0.3375000      7.1649631E-03
  0.6250000      0.3375000      1.7436577E-02
  0.8750000      0.3375000      3.1383377E-02
   1.125000      0.3375000      4.8319511E-02
   1.375000      0.3375000      6.7561910E-02
   1.625000      0.3375000      8.8519961E-02
   1.875000      0.3375000      0.1107173    
   2.125000      0.3375000      0.1337824    
   2.375000      0.3375000      0.1574285    
   2.625000      0.3375000      0.1814339    
   2.875000      0.3375000      0.2056243    
   3.125000      0.3375000      0.2298601    
   3.375000      0.3375000      0.2540275    
   3.625000      0.3375000      0.2780323    
   3.875000      0.3375000      0.3017969    
   4.125000      0.3375000      0.3252583    
   4.375000      0.3375000      0.3483675    
   4.625000      0.3375000      0.3710894    
   4.875000      0.3375000      0.3934023    
   5.125000      0.3375000      0.4152978    
   5.375000      0.3375000      0.4367794    
   5.625000      0.3375000      0.4578612    
   5.875000      0.3375000      0.4785667    
   6.125000      0.3375000      0.4989256    
   6.375000      0.3375000      0.5189729    
   6.625000      0.3375000      0.5387459    
   6.875000      0.3375000      0.5582823    
   7.125000      0.3375000      0.5776187    
   7.375000      0.3375000      0.5967896    
   7.625000      0.3375000      0.6158259    
   7.875000      0.3375000      0.6347554    
   8.125000      0.3375000      0.6536016    
   8.375000      0.3375000      0.6723874    
   8.625000      0.3375000      0.6911389    
   8.875000      0.3375000      0.7099144    
   9.125000      0.3375000      0.7289371    
   9.375000      0.3375000      0.7493046    
   9.625000      0.3375000      0.7769520    
   9.875000      0.3375000      0.8456658    
   10.00000      0.3375000       1.000000    
 
  0.0000000E+00  0.3625000      0.0000000E+00
  0.1250000      0.3625000      9.5397141E-04
  0.3750000      0.3625000      6.8526575E-03
  0.6250000      0.3625000      1.7005786E-02
  0.8750000      0.3625000      3.0943219E-02
   1.125000      0.3625000      4.7938615E-02
   1.375000      0.3625000      6.7269899E-02
   1.625000      0.3625000      8.8321477E-02
   1.875000      0.3625000      0.1106040    
   2.125000      0.3625000      0.1337400    
   2.375000      0.3625000      0.1574404    
   2.625000      0.3625000      0.1814823    
   2.875000      0.3625000      0.2056905    
   3.125000      0.3625000      0.2299243    
   3.375000      0.3625000      0.2540683    
   3.625000      0.3625000      0.2780267    
   3.875000      0.3625000      0.3017201    
   4.125000      0.3625000      0.3250838    
   4.375000      0.3625000      0.3480675    
   4.625000      0.3625000      0.3706354    
   4.875000      0.3625000      0.3927656    
   5.125000      0.3625000      0.4144496    
   5.375000      0.3625000      0.4356921    
   5.625000      0.3625000      0.4565085    
   5.875000      0.3625000      0.4769243    
   6.125000      0.3625000      0.4969711    
   6.375000      0.3625000      0.5166866    
   6.625000      0.3625000      0.5361101    
   6.875000      0.3625000      0.5552824    
   7.125000      0.3625000      0.5742418    
   7.375000      0.3625000      0.5930254    
   7.625000      0.3625000      0.6116659    
   7.875000      0.3625000      0.6301928    
   8.125000      0.3625000      0.6486314    
   8.375000      0.3625000      0.6670055    
   8.625000      0.3625000      0.6853434    
   8.875000      0.3625000      0.7037060    
   9.125000      0.3625000      0.7223243    
   9.375000      0.3625000      0.7423218    
   9.625000      0.3625000      0.7697720    
   9.875000      0.3625000      0.8395370    
   10.00000      0.3625000       1.000000    
 
  0.0000000E+00  0.3875000      0.0000000E+00
  0.1250000      0.3875000      9.1037544E-04
  0.3750000      0.3875000      6.7704571E-03
  0.6250000      0.3875000      1.7006489E-02
  0.8750000      0.3875000      3.1116832E-02
   1.125000      0.3875000      4.8320275E-02
   1.375000      0.3875000      6.7854978E-02
   1.625000      0.3875000      8.9085199E-02
   1.875000      0.3875000      0.1115147    
   2.125000      0.3875000      0.1347657    
   2.375000      0.3875000      0.1585514    
   2.625000      0.3875000      0.1826511    
   2.875000      0.3875000      0.2068914    
   3.125000      0.3875000      0.2311324    
   3.375000      0.3875000      0.2552585    
   3.625000      0.3875000      0.2791733    
   3.875000      0.3875000      0.3027964    
   4.125000      0.3875000      0.3260624    
   4.375000      0.3875000      0.3489201    
   4.625000      0.3875000      0.3713332    
   4.875000      0.3875000      0.3932799    
   5.125000      0.3875000      0.4147524    
   5.375000      0.3875000      0.4357564    
   5.625000      0.3875000      0.4563091    
   5.875000      0.3875000      0.4764374    
   6.125000      0.3875000      0.4961757    
   6.375000      0.3875000      0.5155637    
   6.625000      0.3875000      0.5346433    
   6.875000      0.3875000      0.5534576    
   7.125000      0.3875000      0.5720472    
   7.375000      0.3875000      0.5904512    
   7.625000      0.3875000      0.6087043    
   7.875000      0.3875000      0.6268375    
   8.125000      0.3875000      0.6448777    
   8.375000      0.3875000      0.6628499    
   8.625000      0.3875000      0.6807842    
   8.875000      0.3875000      0.6987443    
   9.125000      0.3875000      0.7169692    
   9.375000      0.3875000      0.7366062    
   9.625000      0.3875000      0.7638428    
   9.875000      0.3875000      0.8344215    
   10.00000      0.3875000       1.000000    
 
  0.0000000E+00  0.4125000      0.0000000E+00
  0.1250000      0.4125000      9.1281737E-04
  0.3750000      0.4125000      6.9226874E-03
  0.6250000      0.4125000      1.7454408E-02
  0.8750000      0.4125000      3.1929500E-02
   1.125000      0.4125000      4.9495660E-02
   1.375000      0.4125000      6.9351241E-02
   1.625000      0.4125000      9.0846337E-02
   1.875000      0.4125000      0.1134848    
   2.125000      0.4125000      0.1368946    
   2.375000      0.4125000      0.1607960    
   2.625000      0.4125000      0.1849743    
   2.875000      0.4125000      0.2092603    
   3.125000      0.4125000      0.2335168    
   3.375000      0.4125000      0.2576297    
   3.625000      0.4125000      0.2815030    
   3.875000      0.4125000      0.3050562    
   4.125000      0.4125000      0.3282236    
   4.375000      0.4125000      0.3509538    
   4.625000      0.4125000      0.3732107    
   4.875000      0.4125000      0.3949725    
   5.125000      0.4125000      0.4162328    
   5.375000      0.4125000      0.4369985    
   5.625000      0.4125000      0.4572882    
   5.875000      0.4125000      0.4771313    
   6.125000      0.4125000      0.4965641    
   6.375000      0.4125000      0.5156291    
   6.625000      0.4125000      0.5343701    
   6.875000      0.4125000      0.5528326    
   7.125000      0.4125000      0.5710598    
   7.375000      0.4125000      0.5890921    
   7.625000      0.4125000      0.6069666    
   7.875000      0.4125000      0.6247153    
   8.125000      0.4125000      0.6423669    
   8.375000      0.4125000      0.6599475    
   8.625000      0.4125000      0.6774885    
   8.875000      0.4125000      0.6950575    
   9.125000      0.4125000      0.7129009    
   9.375000      0.4125000      0.7321892    
   9.625000      0.4125000      0.7592028    
   9.875000      0.4125000      0.8303701    
   10.00000      0.4125000       1.000000    
 
  0.0000000E+00  0.4375000      0.0000000E+00
  0.1250000      0.4375000      9.6190599E-04
  0.3750000      0.4375000      7.3210159E-03
  0.6250000      0.4375000      1.8373439E-02
  0.8750000      0.4375000      3.3413067E-02
   1.125000      0.4375000      5.1500052E-02
   1.375000      0.4375000      7.1794450E-02
   1.625000      0.4375000      9.3639694E-02
   1.875000      0.4375000      0.1165475    
   2.125000      0.4375000      0.1401585    
   2.375000      0.4375000      0.1642047    
   2.625000      0.4375000      0.1884810    
   2.875000      0.4375000      0.2128252    
   3.125000      0.4375000      0.2371048    
   3.375000      0.4375000      0.2612084    
   3.625000      0.4375000      0.2850413    
   3.875000      0.4375000      0.3085242    
   4.125000      0.4375000      0.3315913    
   4.375000      0.4375000      0.3541918    
   4.625000      0.4375000      0.3762901    
   4.875000      0.4375000      0.3978654    
   5.125000      0.4375000      0.4189121    
   5.375000      0.4375000      0.4394388    
   5.625000      0.4375000      0.4594663    
   5.875000      0.4375000      0.4790259    
   6.125000      0.4375000      0.4981564    
   6.375000      0.4375000      0.5169023    
   6.625000      0.4375000      0.5353101    
   6.875000      0.4375000      0.5534273    
   7.125000      0.4375000      0.5712994    
   7.375000      0.4375000      0.5889685    
   7.625000      0.4375000      0.6064733    
   7.875000      0.4375000      0.6238473    
   8.125000      0.4375000      0.6411204    
   8.375000      0.4375000      0.6583199    
   8.625000      0.4375000      0.6754791    
   8.875000      0.4375000      0.6926687    
   9.125000      0.4375000      0.7101440    
   9.375000      0.4375000      0.7290978    
   9.625000      0.4375000      0.7558852    
   9.875000      0.4375000      0.8274258    
   10.00000      0.4375000       1.000000    
 
  0.0000000E+00  0.4625000      0.0000000E+00
  0.1250000      0.4625000      1.0613323E-03
  0.3750000      0.4625000      7.9854252E-03
  0.6250000      0.4625000      1.9796677E-02
  0.8750000      0.4625000      3.5606634E-02
   1.125000      0.4625000      5.4373108E-02
   1.375000      0.4625000      7.5222068E-02
   1.625000      0.4625000      9.7499572E-02
   1.875000      0.4625000      0.1207342    
   2.125000      0.4625000      0.1445859    
   2.375000      0.4625000      0.1688036    
   2.625000      0.4625000      0.1931956    
   2.875000      0.4625000      0.2176090    
   3.125000      0.4625000      0.2419178    
   3.375000      0.4625000      0.2660148    
   3.625000      0.4625000      0.2898078    
   3.875000      0.4625000      0.3132188    
   4.125000      0.4625000      0.3361833    
   4.375000      0.4625000      0.3586513    
   4.625000      0.4625000      0.3805880    
   4.875000      0.4625000      0.4019741    
   5.125000      0.4625000      0.4228054    
   5.375000      0.4625000      0.4430924    
   5.625000      0.4625000      0.4628579    
   5.875000      0.4625000      0.4821355    
   6.125000      0.4625000      0.5009664    
   6.375000      0.4625000      0.5193975    
   6.625000      0.4625000      0.5374775    
   6.875000      0.4625000      0.5552562    
   7.125000      0.4625000      0.5727808    
   7.375000      0.4625000      0.5900953    
   7.625000      0.4625000      0.6072397    
   7.875000      0.4625000      0.6242491    
   8.125000      0.4625000      0.6411544    
   8.375000      0.4625000      0.6579840    
   8.625000      0.4625000      0.6747730    
   8.875000      0.4625000      0.6915960    
   9.125000      0.4625000      0.7087175    
   9.375000      0.4625000      0.7273533    
   9.625000      0.4625000      0.7539166    
   9.875000      0.4625000      0.8256235    
   10.00000      0.4625000       1.000000    
 
  0.0000000E+00  0.4875000      0.0000000E+00
  0.1250000      0.4875000      1.2182834E-03
  0.3750000      0.4875000      8.9452500E-03
  0.6250000      0.4875000      2.1767272E-02
  0.8750000      0.4875000      3.8556952E-02
   1.125000      0.4875000      5.8158971E-02
   1.375000      0.4875000      7.9673149E-02
   1.625000      0.4875000      0.1024596    
   1.875000      0.4875000      0.1260736    
   2.125000      0.4875000      0.1502016    
   2.375000      0.4875000      0.1746146    
   2.625000      0.4875000      0.1991374    
   2.875000      0.4875000      0.2236292    
   3.125000      0.4875000      0.2479720    
   3.375000      0.4875000      0.2720638    
   3.625000      0.4875000      0.2958160    
   3.875000      0.4875000      0.3191529    
   4.125000      0.4875000      0.3420116    
   4.375000      0.4875000      0.3643435    
   4.625000      0.4875000      0.3861152    
   4.875000      0.4875000      0.4073091    
   5.125000      0.4875000      0.4279228    
   5.375000      0.4875000      0.4479688    
   5.625000      0.4875000      0.4674724    
   5.875000      0.4875000      0.4864695    
   6.125000      0.4875000      0.5050036    
   6.375000      0.4875000      0.5231241    
   6.625000      0.4875000      0.5408819    
   6.875000      0.4875000      0.5583288    
   7.125000      0.4875000      0.5755138    
   7.375000      0.4875000      0.5924827    
   7.625000      0.4875000      0.6092767    
   7.875000      0.4875000      0.6259320    
   8.125000      0.4875000      0.6424806    
   8.375000      0.4875000      0.6589519    
   8.625000      0.4875000      0.6753831    
   8.875000      0.4875000      0.6918526    
   9.125000      0.4875000      0.7086355    
   9.375000      0.4875000      0.7269720    
   9.625000      0.4875000      0.7533182    
   9.875000      0.4875000      0.8249896    
   10.00000      0.4875000       1.000000    
 
  0.0000000E+00  0.5125000      0.0000000E+00
  0.1250000      0.5125000      1.4440863E-03
  0.3750000      0.5125000      1.0240264E-02
  0.6250000      0.5125000      2.4338996E-02
  0.8750000      0.5125000      4.2318374E-02
   1.125000      0.5125000      6.2905833E-02
   1.375000      0.5125000      8.5187793E-02
   1.625000      0.5125000      0.1085523    
   1.875000      0.5125000      0.1325919    
   2.125000      0.5125000      0.1570268    
   2.375000      0.5125000      0.1816548    
   2.625000      0.5125000      0.2063207    
   2.875000      0.5125000      0.2308977    
   3.125000      0.5125000      0.2552773    
   3.375000      0.5125000      0.2793642    
   3.625000      0.5125000      0.3030738    
   3.875000      0.5125000      0.3263334    
   4.125000      0.5125000      0.3490824    
   4.375000      0.5125000      0.3712740    
   4.625000      0.5125000      0.3928767    
   4.875000      0.5125000      0.4138750    
   5.125000      0.5125000      0.4342685    
   5.375000      0.5125000      0.4540723    
   5.625000      0.5125000      0.4733139    
   5.875000      0.5125000      0.4920319    
   6.125000      0.5125000      0.5102721    
   6.375000      0.5125000      0.5280864    
   6.625000      0.5125000      0.5455278    
   6.875000      0.5125000      0.5626499    
   7.125000      0.5125000      0.5795037    
   7.375000      0.5125000      0.5961365    
   7.625000      0.5125000      0.6125902    
   7.875000      0.5125000      0.6289024    
   8.125000      0.5125000      0.6451058    
   8.375000      0.5125000      0.6612312    
   8.625000      0.5125000      0.6773173    
   8.875000      0.5125000      0.6934472    
   9.125000      0.5125000      0.7099081    
   9.375000      0.5125000      0.7279658    
   9.625000      0.5125000      0.7541060    
   9.875000      0.5125000      0.8255432    
   10.00000      0.5125000       1.000000    
 
  0.0000000E+00  0.5375000      0.0000000E+00
  0.1250000      0.5375000      1.7551312E-03
  0.3750000      0.5375000      1.1921822E-02
  0.6250000      0.5375000      2.7576532E-02
  0.8750000      0.5375000      4.6952441E-02
   1.125000      0.5375000      6.8665162E-02
   1.375000      0.5375000      9.1806374E-02
   1.625000      0.5375000      0.1158083    
   1.875000      0.5375000      0.1403119    
   2.125000      0.5375000      0.1650781    
   2.375000      0.5375000      0.1899365    
   2.625000      0.5375000      0.2147544    
   2.875000      0.5375000      0.2394209    
   3.125000      0.5375000      0.2638385    
   3.375000      0.5375000      0.2879190    
   3.625000      0.5375000      0.3115830    
   3.875000      0.5375000      0.3347614    
   4.125000      0.5375000      0.3573960    
   4.375000      0.5375000      0.3794428    
   4.625000      0.5375000      0.4008722    
   4.875000      0.5375000      0.4216711    
   5.125000      0.5375000      0.4418420    
   5.375000      0.5375000      0.4614021    
   5.625000      0.5375000      0.4803818    
   5.875000      0.5375000      0.4988221    
   6.125000      0.5375000      0.5167716    
   6.375000      0.5375000      0.5342842    
   6.625000      0.5375000      0.5514154    
   6.875000      0.5375000      0.5682204    
   7.125000      0.5375000      0.5847517    
   7.375000      0.5375000      0.6010579    
   7.625000      0.5375000      0.6171821    
   7.875000      0.5375000      0.6331627    
   8.125000      0.5375000      0.6490331    
   8.375000      0.5375000      0.6648253    
   8.625000      0.5375000      0.6805797    
   8.875000      0.5375000      0.6963847    
   9.125000      0.5375000      0.7125410    
   9.375000      0.5375000      0.7303424    
   9.625000      0.5375000      0.7562911    
   9.875000      0.5375000      0.8272963    
   10.00000      0.5375000       1.000000    
 
  0.0000000E+00  0.5625000      0.0000000E+00
  0.1250000      0.5625000      2.1741425E-03
  0.3750000      0.5625000      1.4054021E-02
  0.6250000      0.5625000      3.1555332E-02
  0.8750000      0.5625000      5.2526843E-02
   1.125000      0.5625000      7.5490519E-02
   1.375000      0.5625000      9.9568434E-02
   1.625000      0.5625000      0.1242554    
   1.875000      0.5625000      0.1492522    
   2.125000      0.5625000      0.1743677    
   2.375000      0.5625000      0.1994668    
   2.625000      0.5625000      0.2244419    
   2.875000      0.5625000      0.2491995    
   3.125000      0.5625000      0.2736541    
   3.375000      0.5625000      0.2977256    
   3.625000      0.5625000      0.3213400    
   3.875000      0.5625000      0.3444323    
   4.125000      0.5625000      0.3669476    
   4.375000      0.5625000      0.3888443    
   4.625000      0.5625000      0.4100960    
   4.875000      0.5625000      0.4306920    
   5.125000      0.5625000      0.4506375    
   5.375000      0.5625000      0.4699527    
   5.625000      0.5625000      0.4886707    
   5.875000      0.5625000      0.5068353    
   6.125000      0.5625000      0.5244977    
   6.375000      0.5625000      0.5417138    
   6.625000      0.5625000      0.5585412    
   6.875000      0.5625000      0.5750371    
   7.125000      0.5625000      0.5912551    
   7.375000      0.5625000      0.6072450    
   7.625000      0.5625000      0.6230509    
   7.875000      0.5625000      0.6387119    
   8.125000      0.5625000      0.6542620    
   8.375000      0.5625000      0.6697342    
   8.625000      0.5625000      0.6851708    
   8.875000      0.5625000      0.7006663    
   9.125000      0.5625000      0.7165363    
   9.375000      0.5625000      0.7341058    
   9.625000      0.5625000      0.7598801    
   9.875000      0.5625000      0.8302545    
   10.00000      0.5625000       1.000000    
 
  0.0000000E+00  0.5875000      0.0000000E+00
  0.1250000      0.5875000      2.7318604E-03
  0.3750000      0.5875000      1.6714763E-02
  0.6250000      0.5875000      3.6360975E-02
  0.8750000      0.5875000      5.9113897E-02
   1.125000      0.5875000      8.3435811E-02
   1.375000      0.5875000      0.1085111    
   1.625000      0.5875000      0.1339175    
   1.875000      0.5875000      0.1594268    
   2.125000      0.5875000      0.1849021    
   2.375000      0.5875000      0.2102468    
   2.625000      0.5875000      0.2353804    
   2.875000      0.5875000      0.2602281    
   3.125000      0.5875000      0.2847167    
   3.375000      0.5875000      0.3087749    
   3.625000      0.5875000      0.3323348    
   3.875000      0.5875000      0.3553356    
   4.125000      0.5875000      0.3777260    
   4.375000      0.5875000      0.3994678    
   4.625000      0.5875000      0.4205371    
   4.875000      0.5875000      0.4409266    
   5.125000      0.5875000      0.4606445    
   5.375000      0.5875000      0.4797139    
   5.625000      0.5875000      0.4981709    
   5.875000      0.5875000      0.5160622    
   6.125000      0.5875000      0.5334412    
   6.375000      0.5875000      0.5503665    
   6.625000      0.5875000      0.5668973    
   6.875000      0.5875000      0.5830925    
   7.125000      0.5875000      0.5990070    
   7.375000      0.5875000      0.6146914    
   7.625000      0.5875000      0.6301908    
   7.875000      0.5875000      0.6455448    
   8.125000      0.5875000      0.6607878    
   8.375000      0.5875000      0.6759539    
   8.625000      0.5875000      0.6910871    
   8.875000      0.5875000      0.7062890    
   9.125000      0.5875000      0.7218921    
   9.375000      0.5875000      0.7392558    
   9.625000      0.5875000      0.7648752    
   9.875000      0.5875000      0.8344163    
   10.00000      0.5875000       1.000000    
 
  0.0000000E+00  0.6125000      0.0000000E+00
  0.1250000      0.6125000      3.4692141E-03
  0.3750000      0.6125000      1.9996665E-02
  0.6250000      0.6125000      4.2087965E-02
  0.8750000      0.6125000      6.6788502E-02
   1.125000      0.6125000      9.2553362E-02
   1.375000      0.6125000      0.1186677    
   1.625000      0.6125000      0.1448132    
   1.875000      0.6125000      0.1708438    
   2.125000      0.6125000      0.1966817    
   2.375000      0.6125000      0.2222715    
   2.625000      0.6125000      0.2475612    
   2.875000      0.6125000      0.2724950    
   3.125000      0.6125000      0.2970129    
   3.375000      0.6125000      0.3210524    
   3.625000      0.6125000      0.3445520    
   3.875000      0.6125000      0.3674554    
   4.125000      0.6125000      0.3897153    
   4.375000      0.6125000      0.4112968    
   4.625000      0.6125000      0.4321796    
   4.875000      0.6125000      0.4523594    
   5.125000      0.6125000      0.4718479    
   5.375000      0.6125000      0.4906711    
   5.625000      0.6125000      0.5088685    
   5.875000      0.6125000      0.5264894    
   6.125000      0.6125000      0.5435897    
   6.375000      0.6125000      0.5602304    
   6.625000      0.6125000      0.5764725    
   6.875000      0.6125000      0.5923761    
   7.125000      0.6125000      0.6079976    
   7.375000      0.6125000      0.6233881    
   7.625000      0.6125000      0.6385933    
   7.875000      0.6125000      0.6536533    
   8.125000      0.6125000      0.6686029    
   8.375000      0.6125000      0.6834771    
   8.625000      0.6125000      0.6983224    
   8.875000      0.6125000      0.7132473    
   9.125000      0.6125000      0.7286036    
   9.375000      0.6125000      0.7457892    
   9.625000      0.6125000      0.7712746    
   9.875000      0.6125000      0.8397746    
   10.00000      0.6125000       1.000000    
 
  0.0000000E+00  0.6375000      0.0000000E+00
  0.1250000      0.6375000      4.4400422E-03
  0.3750000      0.6375000      2.4007518E-02
  0.6250000      0.6375000      4.8837695E-02
  0.8750000      0.6375000      7.5625442E-02
   1.125000      0.6375000      0.1028915    
   1.375000      0.6375000      0.1300655    
   1.625000      0.6375000      0.1569548    
   1.875000      0.6375000      0.1835045    
   2.125000      0.6375000      0.2097000    
   2.375000      0.6375000      0.2355291    
   2.625000      0.6375000      0.2609686    
   2.875000      0.6375000      0.2859821    
   3.125000      0.6375000      0.3105228    
   3.375000      0.6375000      0.3345370    
   3.625000      0.6375000      0.3579697    
   3.875000      0.6375000      0.3807696    
   4.125000      0.6375000      0.4028934    
   4.375000      0.6375000      0.4243098    
   4.625000      0.6375000      0.4450022    
   4.875000      0.6375000      0.4649698    
   5.125000      0.6375000      0.4842275    
   5.375000      0.6375000      0.5028050    
   5.625000      0.6375000      0.5207448    
   5.875000      0.6375000      0.5380992    
   6.125000      0.6375000      0.5549264    
   6.375000      0.6375000      0.5712897    
   6.625000      0.6375000      0.5872515    
   6.875000      0.6375000      0.6028736    
   7.125000      0.6375000      0.6182131    
   7.375000      0.6375000      0.6333217    
   7.625000      0.6375000      0.6482458    
   7.875000      0.6375000      0.6630255    
   8.125000      0.6375000      0.6776962    
   8.375000      0.6375000      0.6922933    
   8.625000      0.6375000      0.7068663    
   8.875000      0.6375000      0.7215313    
   9.125000      0.6375000      0.7366622    
   9.375000      0.6375000      0.7536984    
   9.625000      0.6375000      0.7790720    
   9.875000      0.6375000      0.8463167    
   10.00000      0.6375000       1.000000    
 
  0.0000000E+00  0.6625000      0.0000000E+00
  0.1250000      0.6625000      5.7144309E-03
  0.3750000      0.6625000      2.8870197E-02
  0.6250000      0.6625000      5.6715690E-02
  0.8750000      0.6625000      8.5696213E-02
   1.125000      0.6625000      0.1144918    
   1.375000      0.6625000      0.1427243    
   1.625000      0.6625000      0.1703464    
   1.875000      0.6625000      0.1974024    
   2.125000      0.6625000      0.2239435    
   2.375000      0.6625000      0.2500009    
   2.625000      0.6625000      0.2755804    
   2.875000      0.6625000      0.3006649    
   3.125000      0.6625000      0.3252202    
   3.375000      0.6625000      0.3492017    
   3.625000      0.6625000      0.3725608    
   3.875000      0.6625000      0.3952510    
   4.125000      0.6625000      0.4172333    
   4.375000      0.6625000      0.4384803    
   4.625000      0.6625000      0.4589791    
   4.875000      0.6625000      0.4787326    
   5.125000      0.6625000      0.4977595    
   5.375000      0.6625000      0.5160927    
   5.625000      0.6625000      0.5337780    
   5.875000      0.6625000      0.5508706    
   6.125000      0.6625000      0.5674313    
   6.375000      0.6625000      0.5835251    
   6.625000      0.6625000      0.5992163    
   6.875000      0.6625000      0.6145676    
   7.125000      0.6625000      0.6296369    
   7.375000      0.6625000      0.6444767    
   7.625000      0.6625000      0.6591333    
   7.875000      0.6625000      0.6736470    
   8.125000      0.6625000      0.6880537    
   8.375000      0.6625000      0.7023893    
   8.625000      0.6625000      0.7167060    
   8.875000      0.6625000      0.7311291    
   9.125000      0.6625000      0.7460563    
   9.375000      0.6625000      0.7629731    
   9.625000      0.6625000      0.7882575    
   9.875000      0.6625000      0.8540255    
   10.00000      0.6625000       1.000000    
 
  0.0000000E+00  0.6875000      0.0000000E+00
  0.1250000      0.6875000      7.3826453E-03
  0.3750000      0.6875000      3.4721561E-02
  0.6250000      0.6875000      6.5827794E-02
  0.8750000      0.6875000      9.7065419E-02
   1.125000      0.6875000      0.1273867    
   1.375000      0.6875000      0.1566542    
   1.625000      0.6875000      0.1849832    
   1.875000      0.6875000      0.2125226    
   2.125000      0.6875000      0.2393902    
   2.375000      0.6875000      0.2656605    
   2.625000      0.6875000      0.2913673    
   2.875000      0.6875000      0.3165118    
   3.125000      0.6875000      0.3410727    
   3.375000      0.6875000      0.3650135    
   3.625000      0.6875000      0.3882920    
   3.875000      0.6875000      0.4108666    
   4.125000      0.6875000      0.4327027    
   4.375000      0.6875000      0.4537768    
   4.625000      0.6875000      0.4740798    
   4.875000      0.6875000      0.4936186    
   5.125000      0.6875000      0.5124155    
   5.375000      0.6875000      0.5305071    
   5.625000      0.6875000      0.5479423    
   5.875000      0.6875000      0.5647792    
   6.125000      0.6875000      0.5810810    
   6.375000      0.6875000      0.5969145    
   6.625000      0.6875000      0.6123455    
   6.875000      0.6875000      0.6274377    
   7.125000      0.6875000      0.6422496    
   7.375000      0.6875000      0.6568341    
   7.625000      0.6875000      0.6712376    
   7.875000      0.6875000      0.6855004    
   8.125000      0.6875000      0.6996586    
   8.375000      0.6875000      0.7137486    
   8.625000      0.6875000      0.7278259    
   8.875000      0.6875000      0.7420253    
   9.125000      0.6875000      0.7567714    
   9.375000      0.6875000      0.7735994    
   9.625000      0.6875000      0.7988179    
   9.875000      0.6875000      0.8628794    
   10.00000      0.6875000       1.000000    
 
  0.0000000E+00  0.7125000      0.0000000E+00
  0.1250000      0.7125000      9.5595801E-03
  0.3750000      0.7125000      4.1710049E-02
  0.6250000      0.7125000      7.6275446E-02
  0.8750000      0.7125000      0.1097867    
   1.125000      0.7125000      0.1415964    
   1.375000      0.7125000      0.1718535    
   1.625000      0.7125000      0.2008497    
   1.875000      0.7125000      0.2288405    
   2.125000      0.7125000      0.2560098    
   2.375000      0.7125000      0.2824734    
   2.625000      0.7125000      0.3082921    
   2.875000      0.7125000      0.3334846    
   3.125000      0.7125000      0.3580409    
   3.375000      0.7125000      0.3819329    
   3.625000      0.7125000      0.4051242    
   3.875000      0.7125000      0.4275780    
   4.125000      0.7125000      0.4492640    
   4.375000      0.7125000      0.4701627    
   4.625000      0.7125000      0.4902690    
   4.875000      0.7125000      0.5095939    
   5.125000      0.7125000      0.5281632    
   5.375000      0.7125000      0.5460173    
   5.625000      0.7125000      0.5632082    
   5.875000      0.7125000      0.5797967    
   6.125000      0.7125000      0.5958484    
   6.375000      0.7125000      0.6114321    
   6.625000      0.7125000      0.6266145    
   6.875000      0.7125000      0.6414603    
   7.125000      0.7125000      0.6560284    
   7.375000      0.7125000      0.6703722    
   7.625000      0.7125000      0.6845377    
   7.875000      0.7125000      0.6985652    
   8.125000      0.7125000      0.7124909    
   8.375000      0.7125000      0.7263519    
   8.625000      0.7125000      0.7402071    
   8.875000      0.7125000      0.7542017    
   9.125000      0.7125000      0.7687895    
   9.375000      0.7125000      0.7855600    
   9.625000      0.7125000      0.8107351    
   9.875000      0.7125000      0.8728550    
   10.00000      0.7125000       1.000000    
 
  0.0000000E+00  0.7375000      0.0000000E+00
  0.1250000      0.7375000      1.2389500E-02
  0.3750000      0.7375000      4.9991649E-02
  0.6250000      0.7375000      8.8150024E-02
  0.8750000      0.7375000      0.1238985    
   1.125000      0.7375000      0.1571263    
   1.375000      0.7375000      0.1883079    
   1.625000      0.7375000      0.2179192    
   1.875000      0.7375000      0.2463217    
   2.125000      0.7375000      0.2737628    
   2.375000      0.7375000      0.3003973    
   2.625000      0.7375000      0.3263108    
   2.875000      0.7375000      0.3515379    
   3.125000      0.7375000      0.3760794    
   3.375000      0.7375000      0.3999147    
   3.625000      0.7375000      0.4230126    
   3.875000      0.7375000      0.4453414    
   4.125000      0.7375000      0.4668746    
   4.375000      0.7375000      0.4875969    
   4.625000      0.7375000      0.5075074    
   4.875000      0.7375000      0.5266205    
   5.125000      0.7375000      0.5449665    
   5.375000      0.7375000      0.5625888    
   5.625000      0.7375000      0.5795428    
   5.875000      0.7375000      0.5958920    
   6.125000      0.7375000      0.6117041    
   6.375000      0.7375000      0.6270494    
   6.625000      0.7375000      0.6419961    
   6.875000      0.7375000      0.6566094    
   7.125000      0.7375000      0.6709484    
   7.375000      0.7375000      0.6850666    
   7.625000      0.7375000      0.6990099    
   7.875000      0.7375000      0.7128184    
   8.125000      0.7375000      0.7265282    
   8.375000      0.7375000      0.7401772    
   8.625000      0.7375000      0.7538280    
   8.875000      0.7375000      0.7676370    
   9.125000      0.7375000      0.7820897    
   9.375000      0.7375000      0.7988335    
   9.625000      0.7375000      0.8239877    
   9.875000      0.7375000      0.8839268    
   10.00000      0.7375000       1.000000    
 
  0.0000000E+00  0.7625000      0.0000000E+00
  0.1250000      0.7625000      1.6050614E-02
  0.3750000      0.7625000      5.9723694E-02
  0.6250000      0.7625000      0.1015265    
  0.8750000      0.7625000      0.1394205    
   1.125000      0.7625000      0.1739647    
   1.375000      0.7625000      0.2059884    
   1.625000      0.7625000      0.2361527    
   1.875000      0.7625000      0.2649213    
   2.125000      0.7625000      0.2926006    
   2.375000      0.7625000      0.3193814    
   2.625000      0.7625000      0.3453713    
   2.875000      0.7625000      0.3706195    
   3.125000      0.7625000      0.3951362    
   3.375000      0.7625000      0.4189074    
   3.625000      0.7625000      0.4419071    
   3.875000      0.7625000      0.4641078    
   4.125000      0.7625000      0.4854872    
   4.375000      0.7625000      0.5060340    
   4.625000      0.7625000      0.5257510    
   4.875000      0.7625000      0.5446568    
   5.125000      0.7625000      0.5627854    
   5.375000      0.7625000      0.5801837    
   5.625000      0.7625000      0.5969101    
   5.875000      0.7625000      0.6130306    
   6.125000      0.7625000      0.6286151    
   6.375000      0.7625000      0.6437352    
   6.625000      0.7625000      0.6584603    
   6.875000      0.7625000      0.6728559    
   7.125000      0.7625000      0.6869813    
   7.375000      0.7625000      0.7008902    
   7.625000      0.7625000      0.7146279    
   7.875000      0.7625000      0.7282344    
   8.125000      0.7625000      0.7417454    
   8.375000      0.7625000      0.7552002    
   8.625000      0.7625000      0.7686645    
   8.875000      0.7625000      0.7823074    
   9.125000      0.7625000      0.7966481    
   9.375000      0.7625000      0.8133955    
   9.625000      0.7625000      0.8385501    
   9.875000      0.7625000      0.8960712    
   10.00000      0.7625000       1.000000    
 
  0.0000000E+00  0.7875000      0.0000000E+00
  0.1250000      0.7875000      2.0758694E-02
  0.3750000      0.7875000      7.1056351E-02
  0.6250000      0.7875000      0.1164564    
  0.8750000      0.7875000      0.1563493    
   1.125000      0.7875000      0.1920813    
   1.375000      0.7875000      0.2248506    
   1.625000      0.7875000      0.2554985    
   1.875000      0.7875000      0.2845834    
   2.125000      0.7875000      0.3124652    
   2.375000      0.7875000      0.3393665    
   2.625000      0.7875000      0.3654144    
   2.875000      0.7875000      0.3906703    
   3.125000      0.7875000      0.4151528    
   3.375000      0.7875000      0.4388538    
   3.625000      0.7875000      0.4617517    
   3.875000      0.7875000      0.4838232    
   4.125000      0.7875000      0.5050497    
   4.375000      0.7875000      0.5254237    
   4.625000      0.7875000      0.5449522    
   4.875000      0.7875000      0.5636572    
   5.125000      0.7875000      0.5815767    
   5.375000      0.7875000      0.5987609    
   5.625000      0.7875000      0.6152709    
   5.875000      0.7875000      0.6311752    
   6.125000      0.7875000      0.6465458    
   6.375000      0.7875000      0.6614554    
   6.625000      0.7875000      0.6759743    
   6.875000      0.7875000      0.6901681    
   7.125000      0.7875000      0.7040969    
   7.375000      0.7875000      0.7178136    
   7.625000      0.7875000      0.7313629    
   7.875000      0.7875000      0.7447849    
   8.125000      0.7875000      0.7581151    
   8.375000      0.7875000      0.7713935    
   8.625000      0.7875000      0.7846899    
   8.875000      0.7875000      0.7981863    
   9.125000      0.7875000      0.8124372    
   9.375000      0.7875000      0.8292170    
   9.625000      0.7875000      0.8543924    
   9.875000      0.7875000      0.9092687    
   10.00000      0.7875000       1.000000    
 
  0.0000000E+00  0.8125000      0.0000000E+00
  0.1250000      0.8125000      2.6768539E-02
  0.3750000      0.8125000      8.4121525E-02
  0.6250000      0.8125000      0.1329613    
  0.8750000      0.8125000      0.1746558    
   1.125000      0.8125000      0.2114253    
   1.375000      0.8125000      0.2448344    
   1.625000      0.8125000      0.2758919    
   1.875000      0.8125000      0.3052413    
   2.125000      0.8125000      0.3332892    
   2.375000      0.8125000      0.3602853    
   2.625000      0.8125000      0.3863729    
   2.875000      0.8125000      0.4116243    
   3.125000      0.8125000      0.4360646    
   3.375000      0.8125000      0.4596908    
   3.625000      0.8125000      0.4824853    
   3.875000      0.8125000      0.5044284    
   4.125000      0.8125000      0.5255053    
   4.375000      0.8125000      0.5457120    
   4.625000      0.8125000      0.5650592    
   4.875000      0.8125000      0.5835726    
   5.125000      0.8125000      0.6012937    
   5.375000      0.8125000      0.6182758    
   5.625000      0.8125000      0.6345828    
   5.875000      0.8125000      0.6502855    
   6.125000      0.8125000      0.6654577    
   6.375000      0.8125000      0.6801731    
   6.625000      0.8125000      0.6945027    
   6.875000      0.8125000      0.7085122    
   7.125000      0.8125000      0.7222616    
   7.375000      0.8125000      0.7358040    
   7.625000      0.8125000      0.7491832    
   7.875000      0.8125000      0.7624390    
   8.125000      0.8125000      0.7756066    
   8.375000      0.8125000      0.7887272    
   8.625000      0.8125000      0.8018743    
   8.875000      0.8125000      0.8152437    
   9.125000      0.8125000      0.8294268    
   9.375000      0.8125000      0.8462650    
   9.625000      0.8125000      0.8714802    
   9.875000      0.8125000      0.9235072    
   10.00000      0.8125000       1.000000    
 
  0.0000000E+00  0.8375000      0.0000000E+00
  0.1250000      0.8375000      3.4371443E-02
  0.3750000      0.8375000      9.9019416E-02
  0.6250000      0.8375000      0.1510261    
  0.8750000      0.8375000      0.1942830    
   1.125000      0.8375000      0.2319252    
   1.375000      0.8375000      0.2658633    
   1.625000      0.8375000      0.2972553    
   1.875000      0.8375000      0.3268175    
   2.125000      0.8375000      0.3549954    
   2.375000      0.8375000      0.3820614    
   2.625000      0.8375000      0.4081722    
   2.875000      0.8375000      0.4334081    
   3.125000      0.8375000      0.4578000    
   3.375000      0.8375000      0.4813490    
   3.625000      0.8375000      0.5040408    
   3.875000      0.8375000      0.5258591    
   4.125000      0.8375000      0.5467923    
   4.375000      0.8375000      0.5668398    
   4.625000      0.8375000      0.5860158    
   4.875000      0.8375000      0.6043495    
   5.125000      0.8375000      0.6218856    
   5.375000      0.8375000      0.6386803    
   5.625000      0.8375000      0.6548002    
   5.875000      0.8375000      0.6703179    
   6.125000      0.8375000      0.6853092    
   6.375000      0.8375000      0.6998481    
   6.625000      0.8375000      0.7140065    
   6.875000      0.8375000      0.7278504    
   7.125000      0.8375000      0.7414394    
   7.375000      0.8375000      0.7548259    
   7.625000      0.8375000      0.7680539    
   7.875000      0.8375000      0.7811625    
   8.125000      0.8375000      0.7941864    
   8.375000      0.8375000      0.8071678    
   8.625000      0.8375000      0.8201849    
   8.875000      0.8375000      0.8334462    
   9.125000      0.8375000      0.8475817    
   9.375000      0.8375000      0.8645012    
   9.625000      0.8375000      0.8897733    
   9.875000      0.8375000      0.9387868    
   10.00000      0.8375000       1.000000    
 
  0.0000000E+00  0.8625000      0.0000000E+00
  0.1250000      0.8625000      4.3886408E-02
  0.3750000      0.8625000      0.1158035    
  0.6250000      0.8625000      0.1705945    
  0.8750000      0.8625000      0.2151447    
   1.125000      0.8625000      0.2534890    
   1.375000      0.8625000      0.2878456    
   1.625000      0.8625000      0.3194986    
   1.875000      0.8625000      0.3492239    
   2.125000      0.8625000      0.3774982    
   2.375000      0.8625000      0.4046114    
   2.625000      0.8625000      0.4307306    
   2.875000      0.8625000      0.4559425    
   3.125000      0.8625000      0.4802823    
   3.375000      0.8625000      0.5037541    
   3.625000      0.8625000      0.5263468    
   3.875000      0.8625000      0.5480466    
   4.125000      0.8625000      0.5688452    
   4.375000      0.8625000      0.5887446    
   4.625000      0.8625000      0.6077626    
   4.875000      0.8625000      0.6259315    
   5.125000      0.8625000      0.6432987    
   5.375000      0.8625000      0.6599235    
   5.625000      0.8625000      0.6758747    
   5.875000      0.8625000      0.6912266    
   6.125000      0.8625000      0.7060561    
   6.375000      0.8625000      0.7204382    
   6.625000      0.8625000      0.7344454    
   6.875000      0.8625000      0.7481434    
   7.125000      0.8625000      0.7615916    
   7.375000      0.8625000      0.7748421    
   7.625000      0.8625000      0.7879385    
   7.875000      0.8625000      0.8009192    
   8.125000      0.8625000      0.8138187    
   8.375000      0.8625000      0.8266803    
   8.625000      0.8625000      0.8395860    
   8.875000      0.8625000      0.8527582    
   9.125000      0.8625000      0.8668642    
   9.375000      0.8625000      0.8838825    
   9.625000      0.8625000      0.9092270    
   9.875000      0.8625000      0.9551264    
   10.00000      0.8625000       1.000000    
 
  0.0000000E+00  0.8875000      0.0000000E+00
  0.1250000      0.8875000      5.5641823E-02
  0.3750000      0.8875000      0.1344649    
  0.6250000      0.8875000      0.1915654    
  0.8750000      0.8875000      0.2371264    
   1.125000      0.8875000      0.2760045    
   1.375000      0.8875000      0.3106742    
   1.625000      0.8875000      0.3425195    
   1.875000      0.8875000      0.3723621    
   2.125000      0.8875000      0.4007024    
   2.375000      0.8875000      0.4278432    
   2.625000      0.8875000      0.4539590    
   2.875000      0.8875000      0.4791410    
   3.125000      0.8875000      0.5034278    
   3.375000      0.8875000      0.5268257    
   3.625000      0.8875000      0.5493260    
   3.875000      0.8875000      0.5709171    
   4.125000      0.8875000      0.5915932    
   4.375000      0.8875000      0.6113593    
   4.625000      0.8875000      0.6302359    
   4.875000      0.8875000      0.6482581    
   5.125000      0.8875000      0.6654760    
   5.375000      0.8875000      0.6819511    
   5.625000      0.8875000      0.6977544    
   5.875000      0.8875000      0.7129617    
   6.125000      0.8875000      0.7276508    
   6.375000      0.8875000      0.7418977    
   6.625000      0.8875000      0.7557747    
   6.875000      0.8875000      0.7693480    
   7.125000      0.8875000      0.7826762    
   7.375000      0.8875000      0.7958114    
   7.625000      0.8875000      0.8087964    
   7.875000      0.8875000      0.8216692    
   8.125000      0.8875000      0.8344641    
   8.375000      0.8875000      0.8472253    
   8.625000      0.8875000      0.8600388    
   8.875000      0.8875000      0.8731399    
   9.125000      0.8875000      0.8872321    
   9.375000      0.8875000      0.9043598    
   9.625000      0.8875000      0.9297891    
   9.875000      0.8875000      0.9725695    
   10.00000      0.8875000       1.000000    
 
  0.0000000E+00  0.9125000      0.0000000E+00
  0.1250000      0.9125000      6.9944046E-02
  0.3750000      0.9125000      0.1549176    
  0.6250000      0.9125000      0.2137923    
  0.8750000      0.9125000      0.2600858    
   1.125000      0.9125000      0.2993408    
   1.375000      0.9125000      0.3342278    
   1.625000      0.9125000      0.3662041    
   1.875000      0.9125000      0.3961241    
   2.125000      0.9125000      0.4245045    
   2.375000      0.9125000      0.4516570    
   2.625000      0.9125000      0.4777611    
   2.875000      0.9125000      0.5029109    
   3.125000      0.9125000      0.5271471    
   3.375000      0.9125000      0.5504777    
   3.625000      0.9125000      0.5728958    
   3.875000      0.9125000      0.5943915    
   4.125000      0.9125000      0.6149613    
   4.375000      0.9125000      0.6346124    
   4.625000      0.9125000      0.6533677    
   4.875000      0.9125000      0.6712649    
   5.125000      0.9125000      0.6883560    
   5.375000      0.9125000      0.7047049    
   5.625000      0.9125000      0.7203838    
   5.875000      0.9125000      0.7354704    
   6.125000      0.9125000      0.7500427    
   6.375000      0.9125000      0.7641775    
   6.625000      0.9125000      0.7779473    
   6.875000      0.9125000      0.7914181    
   7.125000      0.9125000      0.8046484    
   7.375000      0.9125000      0.8176894    
   7.625000      0.9125000      0.8305840    
   7.875000      0.9125000      0.8433694    
   8.125000      0.9125000      0.8560800    
   8.375000      0.9125000      0.8687606    
   8.625000      0.9125000      0.8815007    
   8.875000      0.9125000      0.8945479    
   9.125000      0.9125000      0.9086382    
   9.375000      0.9125000      0.9258781    
   9.625000      0.9125000      0.9514001    
   9.875000      0.9125000      0.9911907    
   10.00000      0.9125000       1.000000    
 
  0.0000000E+00  0.9375000      0.0000000E+00
  0.1250000      0.9375000      8.7029263E-02
  0.3750000      0.9375000      0.1769883    
  0.6250000      0.9375000      0.2370858    
  0.8750000      0.9375000      0.2838562    
   1.125000      0.9375000      0.3233502    
   1.375000      0.9375000      0.3583723    
   1.625000      0.9375000      0.3904281    
   1.875000      0.9375000      0.4203927    
   2.125000      0.9375000      0.4487929    
   2.375000      0.9375000      0.4759460    
   2.625000      0.9375000      0.5020341    
   2.875000      0.9375000      0.5271530    
   3.125000      0.9375000      0.5513449    
   3.375000      0.9375000      0.5746187    
   3.625000      0.9375000      0.5969685    
   3.875000      0.9375000      0.6183861    
   4.125000      0.9375000      0.6388696    
   4.375000      0.9375000      0.6584281    
   4.625000      0.9375000      0.6770862    
   4.875000      0.9375000      0.6948838    
   5.125000      0.9375000      0.7118742    
   5.375000      0.9375000      0.7281232    
   5.625000      0.9375000      0.7437046    
   5.875000      0.9375000      0.7586964    
   6.125000      0.9375000      0.7731778    
   6.375000      0.9375000      0.7872256    
   6.625000      0.9375000      0.8009124    
   6.875000      0.9375000      0.8143044    
   7.125000      0.9375000      0.8274597    
   7.375000      0.9375000      0.8404288    
   7.625000      0.9375000      0.8532546    
   7.875000      0.9375000      0.8659738    
   8.125000      0.9375000      0.8786206    
   8.375000      0.9375000      0.8912405    
   8.625000      0.9375000      0.9039262    
   8.875000      0.9375000      0.9169350    
   9.125000      0.9375000      0.9310318    
   9.375000      0.9375000      0.9483759    
   9.625000      0.9375000      0.9739917    
   9.875000      0.9375000       1.011106    
   10.00000      0.9375000       1.000000    
 
  0.0000000E+00  0.9625000      0.0000000E+00
  0.1250000      0.9625000      0.1069953    
  0.3750000      0.9625000      0.2004122    
  0.6250000      0.9625000      0.2612174    
  0.8750000      0.9625000      0.3082487    
   1.125000      0.9625000      0.3478698    
   1.375000      0.9625000      0.3829619    
   1.625000      0.9625000      0.4150572    
   1.875000      0.9625000      0.4450419    
   2.125000      0.9625000      0.4734483    
   2.375000      0.9625000      0.5005959    
   2.625000      0.9625000      0.5266682    
   2.875000      0.9625000      0.5517620    
   3.125000      0.9625000      0.5759199    
   3.375000      0.9625000      0.5991513    
   3.625000      0.9625000      0.6214513    
   3.875000      0.9625000      0.6428124    
   4.125000      0.9625000      0.6632339    
   4.375000      0.9625000      0.6827261    
   4.625000      0.9625000      0.7013152    
   4.875000      0.9625000      0.7190421    
   5.125000      0.9625000      0.7359617    
   5.375000      0.9625000      0.7521408    
   5.625000      0.9625000      0.7676538    
   5.875000      0.9625000      0.7825798    
   6.125000      0.9625000      0.7969983    
   6.375000      0.9625000      0.8109861    
   6.625000      0.9625000      0.8246160    
   6.875000      0.9625000      0.8379541    
   7.125000      0.9625000      0.8510582    
   7.375000      0.9625000      0.8639787    
   7.625000      0.9625000      0.8767579    
   7.875000      0.9625000      0.8894324    
   8.125000      0.9625000      0.9020364    
   8.375000      0.9625000      0.9146158    
   8.625000      0.9625000      0.9272655    
   8.875000      0.9625000      0.9402503    
   9.125000      0.9625000      0.9543568    
   9.375000      0.9625000      0.9717851    
   9.625000      0.9625000      0.9974846    
   9.875000      0.9625000       1.032480    
   10.00000      0.9625000       1.000000    
 
  0.0000000E+00  0.9875000      0.0000000E+00
  0.1250000      0.9875000      0.1297118    
  0.3750000      0.9875000      0.2248368    
  0.6250000      0.9875000      0.2859264    
  0.8750000      0.9875000      0.3330563    
   1.125000      0.9875000      0.3727235    
   1.375000      0.9875000      0.4078401    
   1.625000      0.9875000      0.4399479    
   1.875000      0.9875000      0.4699377    
   2.125000      0.9875000      0.4983434    
   2.375000      0.9875000      0.5254852    
   2.625000      0.9875000      0.5515471    
   2.875000      0.9875000      0.5766259    
   3.125000      0.9875000      0.6007646    
   3.375000      0.9875000      0.6239725    
   3.625000      0.9875000      0.6462452    
   3.875000      0.9875000      0.6675758    
   4.125000      0.9875000      0.6879641    
   4.375000      0.9875000      0.7074209    
   4.625000      0.9875000      0.7259733    
   4.875000      0.9875000      0.7436628    
   5.125000      0.9875000      0.7605451    
   5.375000      0.9875000      0.7766874    
   5.625000      0.9875000      0.7921648    
   5.875000      0.9875000      0.8070565    
   6.125000      0.9875000      0.8214422    
   6.375000      0.9875000      0.8353992    
   6.625000      0.9875000      0.8489997    
   6.875000      0.9875000      0.8623103    
   7.125000      0.9875000      0.8753881    
   7.375000      0.9875000      0.8882838    
   7.625000      0.9875000      0.9010395    
   7.875000      0.9875000      0.9136915    
   8.125000      0.9875000      0.9262741    
   8.375000      0.9875000      0.9388328    
   8.625000      0.9875000      0.9514648    
   8.875000      0.9875000      0.9644386    
   9.125000      0.9875000      0.9785527    
   9.375000      0.9875000      0.9960310    
   9.625000      0.9875000       1.021786    
   9.875000      0.9875000       1.055529    
   10.00000      0.9875000       1.000000    
 
  0.0000000E+00   1.000000      0.0000000E+00
  0.1250000       1.000000      0.1297118    
  0.3750000       1.000000      0.2248368    
  0.6250000       1.000000      0.2859264    
  0.8750000       1.000000      0.3330563    
   1.125000       1.000000      0.3727235    
   1.375000       1.000000      0.4078401    
   1.625000       1.000000      0.4399479    
   1.875000       1.000000      0.4699377    
   2.125000       1.000000      0.4983434    
   2.375000       1.000000      0.5254852    
   2.625000       1.000000      0.5515471    
   2.875000       1.000000      0.5766259    
   3.125000       1.000000      0.6007646    
   3.375000       1.000000      0.6239725    
   3.625000       1.000000      0.6462452    
   3.875000       1.000000      0.6675758    
   4.125000       1.000000      0.6879641    
   4.375000       1.000000      0.7074209    
   4.625000       1.000000      0.7259733    
   4.875000       1.000000      0.7436628    
   5.125000       1.000000      0.7605451    
   5.375000       1.000000      0.7766874    
   5.625000       1.000000      0.7921648    
   5.875000       1.000000      0.8070565    
   6.125000       1.000000      0.8214422    
   6.375000       1.000000      0.8353992    
   6.625000       1.000000      0.8489997    
   6.875000       1.000000      0.8623103    
   7.125000       1.000000      0.8753881    
   7.375000       1.000000      0.8882838    
   7.625000       1.000000      0.9010395    
   7.875000       1.000000      0.9136915    
   8.125000       1.000000      0.9262741    
   8.375000       1.000000      0.9388328    
   8.625000       1.000000      0.9514648    
   8.875000       1.000000      0.9644386    
   9.125000       1.000000      0.9785527    
   9.375000       1.000000      0.9960310    
   9.625000       1.000000       1.021786    
   9.875000       1.000000       1.055529    
   10.00000       1.000000       1.000000    
 
