  0.0000000E+00  0.0000000E+00  0.0000000E+00
  0.1250000      0.0000000E+00  1.2499999E-02
  0.3750000      0.0000000E+00  3.7499998E-02
  0.6250000      0.0000000E+00  6.2499996E-02
  0.8750000      0.0000000E+00  8.7499991E-02
   1.125000      0.0000000E+00  0.1125000    
   1.375000      0.0000000E+00  0.1375000    
   1.625000      0.0000000E+00  0.1625000    
   1.875000      0.0000000E+00  0.1875000    
   2.125000      0.0000000E+00  0.2125000    
   2.375000      0.0000000E+00  0.2375000    
   2.625000      0.0000000E+00  0.2625000    
   2.875000      0.0000000E+00  0.2875000    
   3.125000      0.0000000E+00  0.3125000    
   3.375000      0.0000000E+00  0.3375000    
   3.625000      0.0000000E+00  0.3625000    
   3.875000      0.0000000E+00  0.3875000    
   4.125000      0.0000000E+00  0.4125000    
   4.375000      0.0000000E+00  0.4375000    
   4.625000      0.0000000E+00  0.4625000    
   4.875000      0.0000000E+00  0.4875000    
   5.125000      0.0000000E+00  0.5125000    
   5.375000      0.0000000E+00  0.5375000    
   5.625000      0.0000000E+00  0.5624999    
   5.875000      0.0000000E+00  0.5875000    
   6.125000      0.0000000E+00  0.6125000    
   6.375000      0.0000000E+00  0.6375000    
   6.625000      0.0000000E+00  0.6625000    
   6.875000      0.0000000E+00  0.6874999    
   7.125000      0.0000000E+00  0.7125000    
   7.375000      0.0000000E+00  0.7375000    
   7.625000      0.0000000E+00  0.7624999    
   7.875000      0.0000000E+00  0.7875000    
   8.125000      0.0000000E+00  0.8124999    
   8.375000      0.0000000E+00  0.8375000    
   8.625000      0.0000000E+00  0.8625000    
   8.875000      0.0000000E+00  0.8874999    
   9.125000      0.0000000E+00  0.9125000    
   9.375000      0.0000000E+00  0.9374999    
   9.625000      0.0000000E+00  0.9624999    
   9.875000      0.0000000E+00  0.9875000    
   10.00000      0.0000000E+00   1.000000    
 
  0.0000000E+00  1.2500000E-02  0.0000000E+00
  0.1250000      1.2500000E-02  1.1626709E-02
  0.3750000      1.2500000E-02  3.5599984E-02
  0.6250000      1.2500000E-02  5.9857458E-02
  0.8750000      1.2500000E-02  8.4301509E-02
   1.125000      1.2500000E-02  0.1088874    
   1.375000      1.2500000E-02  0.1335839    
   1.625000      1.2500000E-02  0.1583657    
   1.875000      1.2500000E-02  0.1832121    
   2.125000      1.2500000E-02  0.2081065    
   2.375000      1.2500000E-02  0.2330361    
   2.625000      1.2500000E-02  0.2579911    
   2.875000      1.2500000E-02  0.2829643    
   3.125000      1.2500000E-02  0.3079503    
   3.375000      1.2500000E-02  0.3329454    
   3.625000      1.2500000E-02  0.3579467    
   3.875000      1.2500000E-02  0.3829522    
   4.125000      1.2500000E-02  0.4079606    
   4.375000      1.2500000E-02  0.4329710    
   4.625000      1.2500000E-02  0.4579822    
   4.875000      1.2500000E-02  0.4829942    
   5.125000      1.2500000E-02  0.5080066    
   5.375000      1.2500000E-02  0.5330189    
   5.625000      1.2500000E-02  0.5580310    
   5.875000      1.2500000E-02  0.5830430    
   6.125000      1.2500000E-02  0.6080548    
   6.375000      1.2500000E-02  0.6330661    
   6.625000      1.2500000E-02  0.6580768    
   6.875000      1.2500000E-02  0.6830872    
   7.125000      1.2500000E-02  0.7080975    
   7.375000      1.2500000E-02  0.7331072    
   7.625000      1.2500000E-02  0.7581165    
   7.875000      1.2500000E-02  0.7831255    
   8.125000      1.2500000E-02  0.8081340    
   8.375000      1.2500000E-02  0.8331420    
   8.625000      1.2500000E-02  0.8581498    
   8.875000      1.2500000E-02  0.8831573    
   9.125000      1.2500000E-02  0.9081672    
   9.375000      1.2500000E-02  0.9331980    
   9.625000      1.2500000E-02  0.9583815    
   9.875000      1.2500000E-02  0.9845089    
   10.00000      1.2500000E-02   1.000000    
 
  0.0000000E+00  3.7500001E-02  0.0000000E+00
  0.1250000      3.7500001E-02  9.9303424E-03
  0.3750000      3.7500001E-02  3.1856302E-02
  0.6250000      3.7500001E-02  5.4630406E-02
  0.8750000      3.7500001E-02  7.7963471E-02
   1.125000      3.7500001E-02  0.1017218    
   1.375000      3.7500001E-02  0.1258118    
   1.625000      3.7500001E-02  0.1501576    
   1.875000      3.7500001E-02  0.1746971    
   2.125000      3.7500001E-02  0.1993808    
   2.375000      3.7500001E-02  0.2241696    
   2.625000      3.7500001E-02  0.2490348    
   2.875000      3.7500001E-02  0.2739543    
   3.125000      3.7500001E-02  0.2989126    
   3.375000      3.7500001E-02  0.3238979    
   3.625000      3.7500001E-02  0.3489017    
   3.875000      3.7500001E-02  0.3739184    
   4.125000      3.7500001E-02  0.3989438    
   4.375000      3.7500001E-02  0.4239748    
   4.625000      3.7500001E-02  0.4490086    
   4.875000      3.7500001E-02  0.4740445    
   5.125000      3.7500001E-02  0.4990815    
   5.375000      3.7500001E-02  0.5241184    
   5.625000      3.7500001E-02  0.5491549    
   5.875000      3.7500001E-02  0.5741909    
   6.125000      3.7500001E-02  0.5992261    
   6.375000      3.7500001E-02  0.6242598    
   6.625000      3.7500001E-02  0.6492921    
   6.875000      3.7500001E-02  0.6743234    
   7.125000      3.7500001E-02  0.6993542    
   7.375000      3.7500001E-02  0.7243835    
   7.625000      3.7500001E-02  0.7494112    
   7.875000      3.7500001E-02  0.7744382    
   8.125000      3.7500001E-02  0.7994635    
   8.375000      3.7500001E-02  0.8244879    
   8.625000      3.7500001E-02  0.8495113    
   8.875000      3.7500001E-02  0.8745335    
   9.125000      3.7500001E-02  0.8995627    
   9.375000      3.7500001E-02  0.9246538    
   9.625000      3.7500001E-02  0.9501973    
   9.875000      3.7500001E-02  0.9785427    
   10.00000      3.7500001E-02   1.000000    
 
  0.0000000E+00  6.2500000E-02  0.0000000E+00
  0.1250000      6.2500000E-02  8.3566913E-03
  0.3750000      6.2500000E-02  2.8262420E-02
  0.6250000      6.2500000E-02  4.9562186E-02
  0.8750000      6.2500000E-02  7.1789637E-02
   1.125000      6.2500000E-02  9.4724394E-02
   1.375000      6.2500000E-02  0.1182110    
   1.625000      6.2500000E-02  0.1421234    
   1.875000      6.2500000E-02  0.1663579    
   2.125000      6.2500000E-02  0.1908321    
   2.375000      6.2500000E-02  0.2154813    
   2.625000      6.2500000E-02  0.2402575    
   2.875000      6.2500000E-02  0.2651240    
   3.125000      6.2500000E-02  0.2900548    
   3.375000      6.2500000E-02  0.3150306    
   3.625000      6.2500000E-02  0.3400373    
   3.875000      6.2500000E-02  0.3650651    
   4.125000      6.2500000E-02  0.3901076    
   4.375000      6.2500000E-02  0.4151593    
   4.625000      6.2500000E-02  0.4402158    
   4.875000      6.2500000E-02  0.4652757    
   5.125000      6.2500000E-02  0.4903373    
   5.375000      6.2500000E-02  0.5153989    
   5.625000      6.2500000E-02  0.5404596    
   5.875000      6.2500000E-02  0.5655196    
   6.125000      6.2500000E-02  0.5905781    
   6.375000      6.2500000E-02  0.6156345    
   6.625000      6.2500000E-02  0.6406884    
   6.875000      6.2500000E-02  0.6657406    
   7.125000      6.2500000E-02  0.6907917    
   7.375000      6.2500000E-02  0.7158406    
   7.625000      6.2500000E-02  0.7408870    
   7.875000      6.2500000E-02  0.7659317    
   8.125000      6.2500000E-02  0.7909741    
   8.375000      6.2500000E-02  0.8160145    
   8.625000      6.2500000E-02  0.8410536    
   8.875000      6.2500000E-02  0.8660909    
   9.125000      6.2500000E-02  0.8911383    
   9.375000      6.2500000E-02  0.9162866    
   9.625000      6.2500000E-02  0.9421701    
   9.875000      6.2500000E-02  0.9726359    
   10.00000      6.2500000E-02   1.000000    
 
  0.0000000E+00  8.7500006E-02  0.0000000E+00
  0.1250000      8.7500006E-02  6.9469819E-03
  0.3750000      8.7500006E-02  2.4887877E-02
  0.6250000      8.7500006E-02  4.4734314E-02
  0.8750000      8.7500006E-02  6.5869227E-02
   1.125000      8.7500006E-02  8.7990262E-02
   1.375000      8.7500006E-02  0.1108813    
   1.625000      8.7500006E-02  0.1343662    
   1.875000      8.7500006E-02  0.1583004    
   2.125000      8.7500006E-02  0.1825686    
   2.375000      8.7500006E-02  0.2070806    
   2.625000      8.7500006E-02  0.2317697    
   2.875000      8.7500006E-02  0.2565846    
   3.125000      8.7500006E-02  0.2814889    
   3.375000      8.7500006E-02  0.3064558    
   3.625000      8.7500006E-02  0.3314658    
   3.875000      8.7500006E-02  0.3565052    
   4.125000      8.7500006E-02  0.3815650    
   4.375000      8.7500006E-02  0.4066373    
   4.625000      8.7500006E-02  0.4317167    
   4.875000      8.7500006E-02  0.4568008    
   5.125000      8.7500006E-02  0.4818870    
   5.375000      8.7500006E-02  0.5069733    
   5.625000      8.7500006E-02  0.5320584    
   5.875000      8.7500006E-02  0.5571421    
   6.125000      8.7500006E-02  0.5822240    
   6.375000      8.7500006E-02  0.6073029    
   6.625000      8.7500006E-02  0.6323786    
   6.875000      8.7500006E-02  0.6574517    
   7.125000      8.7500006E-02  0.6825230    
   7.375000      8.7500006E-02  0.7075915    
   7.625000      8.7500006E-02  0.7326563    
   7.875000      8.7500006E-02  0.7577189    
   8.125000      8.7500006E-02  0.7827784    
   8.375000      8.7500006E-02  0.8078349    
   8.625000      8.7500006E-02  0.8328896    
   8.875000      8.7500006E-02  0.8579416    
   9.125000      8.7500006E-02  0.8830067    
   9.375000      8.7500006E-02  0.9082069    
   9.625000      8.7500006E-02  0.9344008    
   9.875000      8.7500006E-02  0.9668438    
   10.00000      8.7500006E-02   1.000000    
 
  0.0000000E+00  0.1125000      0.0000000E+00
  0.1250000      0.1125000      5.7186689E-03
  0.3750000      0.1125000      2.1780778E-02
  0.6250000      0.1125000      4.0210489E-02
  0.8750000      0.1125000      6.0276464E-02
   1.125000      0.1125000      8.1601694E-02
   1.375000      0.1125000      0.1039112    
   1.625000      0.1125000      0.1269795    
   1.875000      0.1125000      0.1506218    
   2.125000      0.1125000      0.1746902    
   2.375000      0.1125000      0.1990698    
   2.625000      0.1125000      0.2236748    
   2.875000      0.1125000      0.2484405    
   3.125000      0.1125000      0.2733200    
   3.375000      0.1125000      0.2982793    
   3.625000      0.1125000      0.3232934    
   3.875000      0.1125000      0.3483451    
   4.125000      0.1125000      0.3734224    
   4.375000      0.1125000      0.3985156    
   4.625000      0.1125000      0.4236182    
   4.875000      0.1125000      0.4487263    
   5.125000      0.1125000      0.4738375    
   5.375000      0.1125000      0.4989483    
   5.625000      0.1125000      0.5240579    
   5.875000      0.1125000      0.5491654    
   6.125000      0.1125000      0.5742705    
   6.375000      0.1125000      0.5993720    
   6.625000      0.1125000      0.6244696    
   6.875000      0.1125000      0.6495635    
   7.125000      0.1125000      0.6746549    
   7.375000      0.1125000      0.6997429    
   7.625000      0.1125000      0.7248262    
   7.875000      0.1125000      0.7499063    
   8.125000      0.1125000      0.7749830    
   8.375000      0.1125000      0.8000556    
   8.625000      0.1125000      0.8251258    
   8.875000      0.1125000      0.8501923    
   9.125000      0.1125000      0.8752741    
   9.375000      0.1125000      0.9005200    
   9.625000      0.1125000      0.9269874    
   9.875000      0.1125000      0.9612316    
   10.00000      0.1125000       1.000000    
 
  0.0000000E+00  0.1375000      0.0000000E+00
  0.1250000      0.1375000      4.6724975E-03
  0.3750000      0.1375000      1.8970747E-02
  0.6250000      0.1375000      3.6038317E-02
  0.8750000      0.1375000      5.5071812E-02
   1.125000      0.1375000      7.5629123E-02
   1.375000      0.1375000      9.7378999E-02
   1.625000      0.1375000      0.1200479    
   1.875000      0.1375000      0.1434111    
   2.125000      0.1375000      0.1672893    
   2.375000      0.1375000      0.1915435    
   2.625000      0.1375000      0.2160697    
   2.875000      0.1375000      0.2407899    
   3.125000      0.1375000      0.2656472    
   3.375000      0.1375000      0.2906005    
   3.625000      0.1375000      0.3156201    
   3.875000      0.1375000      0.3406850    
   4.125000      0.1375000      0.3657805    
   4.375000      0.1375000      0.3908949    
   4.625000      0.1375000      0.4160210    
   4.875000      0.1375000      0.4411533    
   5.125000      0.1375000      0.4662895    
   5.375000      0.1375000      0.4914249    
   5.625000      0.1375000      0.5165588    
   5.875000      0.1375000      0.5416901    
   6.125000      0.1375000      0.5668184    
   6.375000      0.1375000      0.5919424    
   6.625000      0.1375000      0.6170619    
   6.875000      0.1375000      0.6421765    
   7.125000      0.1375000      0.6672878    
   7.375000      0.1375000      0.6923952    
   7.625000      0.1375000      0.7174970    
   7.875000      0.1375000      0.7425948    
   8.125000      0.1375000      0.7676884    
   8.375000      0.1375000      0.7927774    
   8.625000      0.1375000      0.8178627    
   8.875000      0.1375000      0.8429434    
   9.125000      0.1375000      0.8680406    
   9.375000      0.1375000      0.8933250    
   9.625000      0.1375000      0.9200248    
   9.875000      0.1375000      0.9558706    
   10.00000      0.1375000       1.000000    
 
  0.0000000E+00  0.1625000      0.0000000E+00
  0.1250000      0.1625000      3.7984462E-03
  0.3750000      0.1625000      1.6472170E-02
  0.6250000      0.1625000      3.2251328E-02
  0.8750000      0.1625000      5.0303403E-02
   1.125000      0.1625000      7.0132263E-02
   1.375000      0.1625000      9.1353551E-02
   1.625000      0.1625000      0.1136470    
   1.875000      0.1625000      0.1367493    
   2.125000      0.1625000      0.1604511    
   2.375000      0.1625000      0.1845899    
   2.625000      0.1625000      0.2090445    
   2.875000      0.1625000      0.2337243    
   3.125000      0.1625000      0.2585632    
   3.375000      0.1625000      0.2835132    
   3.625000      0.1625000      0.3085400    
   3.875000      0.1625000      0.3336194    
   4.125000      0.1625000      0.3587337    
   4.375000      0.1625000      0.3838700    
   4.625000      0.1625000      0.4090198    
   4.875000      0.1625000      0.4341767    
   5.125000      0.1625000      0.4593377    
   5.375000      0.1625000      0.4844977    
   5.625000      0.1625000      0.5096563    
   5.875000      0.1625000      0.5348113    
   6.125000      0.1625000      0.5599626    
   6.375000      0.1625000      0.5851092    
   6.625000      0.1625000      0.6102501    
   6.875000      0.1625000      0.6353856    
   7.125000      0.1625000      0.6605169    
   7.375000      0.1625000      0.6856433    
   7.625000      0.1625000      0.7107635    
   7.875000      0.1625000      0.7358791    
   8.125000      0.1625000      0.7609895    
   8.375000      0.1625000      0.7860946    
   8.625000      0.1625000      0.8111950    
   8.875000      0.1625000      0.8362896    
   9.125000      0.1625000      0.8614006    
   9.375000      0.1625000      0.8867161    
   9.625000      0.1625000      0.9136043    
   9.875000      0.1625000      0.9508358    
   10.00000      0.1625000       1.000000    
 
  0.0000000E+00  0.1875000      0.0000000E+00
  0.1250000      0.1875000      3.0804044E-03
  0.3750000      0.1875000      1.4287501E-02
  0.6250000      0.1875000      2.8871108E-02
  0.8750000      0.1875000      4.6008587E-02
   1.125000      0.1875000      6.5161206E-02
   1.375000      0.1875000      8.5895009E-02
   1.625000      0.1875000      0.1078448    
   1.875000      0.1875000      0.1307105    
   2.125000      0.1875000      0.1542536    
   2.375000      0.1875000      0.1782902    
   2.625000      0.1875000      0.2026828    
   2.875000      0.1875000      0.2273289    
   3.125000      0.1875000      0.2521541    
   3.375000      0.1875000      0.2771043    
   3.625000      0.1875000      0.3021407    
   3.875000      0.1875000      0.3272360    
   4.125000      0.1875000      0.3523703    
   4.375000      0.1875000      0.3775293    
   4.625000      0.1875000      0.4027032    
   4.875000      0.1875000      0.4278850    
   5.125000      0.1875000      0.4530708    
   5.375000      0.1875000      0.4782555    
   5.625000      0.1875000      0.5034385    
   5.875000      0.1875000      0.5286174    
   6.125000      0.1875000      0.5537916    
   6.375000      0.1875000      0.5789605    
   6.625000      0.1875000      0.6041229    
   6.875000      0.1875000      0.6292793    
   7.125000      0.1875000      0.6544302    
   7.375000      0.1875000      0.6795755    
   7.625000      0.1875000      0.7047139    
   7.875000      0.1875000      0.7298473    
   8.125000      0.1875000      0.7549745    
   8.375000      0.1875000      0.7800953    
   8.625000      0.1875000      0.8052104    
   8.875000      0.1875000      0.8303187    
   9.125000      0.1875000      0.8554424    
   9.375000      0.1875000      0.8807806    
   9.625000      0.1875000      0.9078125    
   9.875000      0.1875000      0.9462038    
   10.00000      0.1875000       1.000000    
 
  0.0000000E+00  0.2125000      0.0000000E+00
  0.1250000      0.2125000      2.4996102E-03
  0.3750000      0.2125000      1.2410534E-02
  0.6250000      0.2125000      2.5909686E-02
  0.8750000      0.2125000      4.2215765E-02
   1.125000      0.2125000      6.0757883E-02
   1.375000      0.2125000      8.1056036E-02
   1.625000      0.2125000      0.1027023    
   1.875000      0.2125000      0.1253616    
   2.125000      0.2125000      0.1487686    
   2.375000      0.2125000      0.1727193    
   2.625000      0.2125000      0.1970616    
   2.875000      0.2125000      0.2216827    
   3.125000      0.2125000      0.2465003    
   3.375000      0.2125000      0.2714547    
   3.625000      0.2125000      0.2965037    
   3.875000      0.2125000      0.3216169    
   4.125000      0.2125000      0.3467725    
   4.375000      0.2125000      0.3719549    
   4.625000      0.2125000      0.3971535    
   4.875000      0.2125000      0.4223603    
   5.125000      0.2125000      0.4475712    
   5.375000      0.2125000      0.4727808    
   5.625000      0.2125000      0.4979881    
   5.875000      0.2125000      0.5231907    
   6.125000      0.2125000      0.5483878    
   6.375000      0.2125000      0.5735788    
   6.625000      0.2125000      0.5987624    
   6.875000      0.2125000      0.6239393    
   7.125000      0.2125000      0.6491098    
   7.375000      0.2125000      0.6742739    
   7.625000      0.2125000      0.6994305    
   7.875000      0.2125000      0.7245814    
   8.125000      0.2125000      0.7497251    
   8.375000      0.2125000      0.7748616    
   8.625000      0.2125000      0.7999912    
   8.875000      0.2125000      0.8251129    
   9.125000      0.2125000      0.8502473    
   9.375000      0.2125000      0.8756004    
   9.625000      0.2125000      0.9027307    
   9.875000      0.2125000      0.9420501    
   10.00000      0.2125000       1.000000    
 
  0.0000000E+00  0.2375000      0.0000000E+00
  0.1250000      0.2375000      2.0370169E-03
  0.3750000      0.2375000      1.0829391E-02
  0.6250000      0.2375000      2.3372004E-02
  0.8750000      0.2375000      3.8946349E-02
   1.125000      0.2375000      5.6957599E-02
   1.375000      0.2375000      7.6882966E-02
   1.625000      0.2375000      9.8274201E-02
   1.875000      0.2375000      0.1207637    
   2.125000      0.2375000      0.1440616    
   2.375000      0.2375000      0.1679461    
   2.625000      0.2375000      0.1922525    
   2.875000      0.2375000      0.2168586    
   3.125000      0.2375000      0.2416756    
   3.375000      0.2375000      0.2666394    
   3.625000      0.2375000      0.2917044    
   3.875000      0.2375000      0.3168379    
   4.125000      0.2375000      0.3420163    
   4.375000      0.2375000      0.3672234    
   4.625000      0.2375000      0.3924473    
   4.875000      0.2375000      0.4176794    
   5.125000      0.2375000      0.4429157    
   5.375000      0.2375000      0.4681502    
   5.625000      0.2375000      0.4933815    
   5.875000      0.2375000      0.5186076    
   6.125000      0.2375000      0.5438275    
   6.375000      0.2375000      0.5690404    
   6.625000      0.2375000      0.5942450    
   6.875000      0.2375000      0.6194423    
   7.125000      0.2375000      0.6446319    
   7.375000      0.2375000      0.6698147    
   7.625000      0.2375000      0.6949893    
   7.875000      0.2375000      0.7201573    
   8.125000      0.2375000      0.7453175    
   8.375000      0.2375000      0.7704695    
   8.625000      0.2375000      0.7956133    
   8.875000      0.2375000      0.8207478    
   9.125000      0.2375000      0.8458915    
   9.375000      0.2375000      0.8712514    
   9.625000      0.2375000      0.8984357    
   9.875000      0.2375000      0.9384469    
   10.00000      0.2375000       1.000000    
 
  0.0000000E+00  0.2625000      0.0000000E+00
  0.1250000      0.2625000      1.6747974E-03
  0.3750000      0.2625000      9.5291967E-03
  0.6250000      0.2625000      2.1258283E-02
  0.8750000      0.2625000      3.6216669E-02
   1.125000      0.2625000      5.3790536E-02
   1.375000      0.2625000      7.3416926E-02
   1.625000      0.2625000      9.4609864E-02
   1.875000      0.2625000      0.1169722    
   2.125000      0.2625000      0.1401925    
   2.375000      0.2625000      0.1640339    
   2.625000      0.2625000      0.1883208    
   2.875000      0.2625000      0.2129237    
   3.125000      0.2625000      0.2377484    
   3.375000      0.2625000      0.2627273    
   3.625000      0.2625000      0.2878124    
   3.875000      0.2625000      0.3129688    
   4.125000      0.2625000      0.3381720    
   4.375000      0.2625000      0.3634048    
   4.625000      0.2625000      0.3886545    
   4.875000      0.2625000      0.4139126    
   5.125000      0.2625000      0.4391743    
   5.375000      0.2625000      0.4644336    
   5.625000      0.2625000      0.4896890    
   5.875000      0.2625000      0.5149384    
   6.125000      0.2625000      0.5401807    
   6.375000      0.2625000      0.5654152    
   6.625000      0.2625000      0.5906407    
   6.875000      0.2625000      0.6158581    
   7.125000      0.2625000      0.6410667    
   7.375000      0.2625000      0.6662679    
   7.625000      0.2625000      0.6914603    
   7.875000      0.2625000      0.7166449    
   8.125000      0.2625000      0.7418214    
   8.375000      0.2625000      0.7669886    
   8.625000      0.2625000      0.7921465    
   8.875000      0.2625000      0.8172931    
   9.125000      0.2625000      0.8424444    
   9.375000      0.2625000      0.8678029    
   9.625000      0.2625000      0.8949974    
   9.875000      0.2625000      0.9354621    
   10.00000      0.2625000       1.000000    
 
  0.0000000E+00  0.2875000      0.0000000E+00
  0.1250000      0.2875000      1.3972230E-03
  0.3750000      0.2875000      8.4943715E-03
  0.6250000      0.2875000      1.9566404E-02
  0.8750000      0.2875000      3.4040004E-02
   1.125000      0.2875000      5.1283374E-02
   1.375000      0.2875000      7.0695125E-02
   1.625000      0.2875000      9.1754377E-02
   1.875000      0.2875000      0.1140380    
   2.125000      0.2875000      0.1372163    
   2.375000      0.2875000      0.1610403    
   2.625000      0.2875000      0.1853264    
   2.875000      0.2875000      0.2099391    
   3.125000      0.2875000      0.2347808    
   3.375000      0.2875000      0.2597814    
   3.625000      0.2875000      0.2848909    
   3.875000      0.2875000      0.3100732    
   4.125000      0.2875000      0.3353031    
   4.375000      0.2875000      0.3605629    
   4.625000      0.2875000      0.3858393    
   4.875000      0.2875000      0.4111237    
   5.125000      0.2875000      0.4364108    
   5.375000      0.2875000      0.4616951    
   5.625000      0.2875000      0.4869743    
   5.875000      0.2875000      0.5122470    
   6.125000      0.2875000      0.5375113    
   6.375000      0.2875000      0.5627672    
   6.625000      0.2875000      0.5880132    
   6.875000      0.2875000      0.6132502    
   7.125000      0.2875000      0.6384776    
   7.375000      0.2875000      0.6636970    
   7.625000      0.2875000      0.6889065    
   7.875000      0.2875000      0.7141076    
   8.125000      0.2875000      0.7393001    
   8.375000      0.2875000      0.7644820    
   8.625000      0.2875000      0.7896538    
   8.875000      0.2875000      0.8148119    
   9.125000      0.2875000      0.8399692    
   9.375000      0.2875000      0.8653181    
   9.625000      0.2875000      0.8924794    
   9.875000      0.2875000      0.9331585    
   10.00000      0.2875000       1.000000    
 
  0.0000000E+00  0.3125000      0.0000000E+00
  0.1250000      0.3125000      1.1911063E-03
  0.3750000      0.3125000      7.7105570E-03
  0.6250000      0.3125000      1.8294120E-02
  0.8750000      0.3125000      3.2428596E-02
   1.125000      0.3125000      4.9460966E-02
   1.375000      0.3125000      6.8752125E-02
   1.625000      0.3125000      8.9749403E-02
   1.875000      0.3125000      0.1120077    
   2.125000      0.3125000      0.1351832    
   2.375000      0.3125000      0.1590182    
   2.625000      0.3125000      0.1833235    
   2.875000      0.3125000      0.2079604    
   3.125000      0.3125000      0.2328292    
   3.375000      0.3125000      0.2578585    
   3.625000      0.3125000      0.2829973    
   3.875000      0.3125000      0.3082089    
   4.125000      0.3125000      0.3334675    
   4.375000      0.3125000      0.3587557    
   4.625000      0.3125000      0.3840596    
   4.875000      0.3125000      0.4093705    
   5.125000      0.3125000      0.4346832    
   5.375000      0.3125000      0.4599924    
   5.625000      0.3125000      0.4852953    
   5.875000      0.3125000      0.5105908    
   6.125000      0.3125000      0.5358770    
   6.375000      0.3125000      0.5611539    
   6.625000      0.3125000      0.5864201    
   6.875000      0.3125000      0.6116763    
   7.125000      0.3125000      0.6369222    
   7.375000      0.3125000      0.6621590    
   7.625000      0.3125000      0.6873855    
   7.875000      0.3125000      0.7126027    
   8.125000      0.3125000      0.7378107    
   8.375000      0.3125000      0.7630072    
   8.625000      0.3125000      0.7881924    
   8.875000      0.3125000      0.8133615    
   9.125000      0.3125000      0.8385227    
   9.375000      0.3125000      0.8638537    
   9.625000      0.3125000      0.8909393    
   9.875000      0.3125000      0.9315915    
   10.00000      0.3125000       1.000000    
 
  0.0000000E+00  0.3375000      0.0000000E+00
  0.1250000      0.3375000      1.0459782E-03
  0.3750000      0.3375000      7.1662352E-03
  0.6250000      0.3375000      1.7441098E-02
  0.8750000      0.3375000      3.1395569E-02
   1.125000      0.3375000      4.8347842E-02
   1.375000      0.3375000      6.7621000E-02
   1.625000      0.3375000      8.8634089E-02
   1.875000      0.3375000      0.1109247    
   2.125000      0.3375000      0.1341393    
   2.375000      0.3375000      0.1580155    
   2.625000      0.3375000      0.1823617    
   2.875000      0.3375000      0.2070382    
   3.125000      0.3375000      0.2319448    
   3.375000      0.3375000      0.2570100    
   3.625000      0.3375000      0.2821833    
   3.875000      0.3375000      0.3074275    
   4.125000      0.3375000      0.3327172    
   4.375000      0.3375000      0.3580349    
   4.625000      0.3375000      0.3833671    
   4.875000      0.3375000      0.4087049    
   5.125000      0.3375000      0.4340435    
   5.375000      0.3375000      0.4593773    
   5.625000      0.3375000      0.4847039    
   5.875000      0.3375000      0.5100219    
   6.125000      0.3375000      0.5353295    
   6.375000      0.3375000      0.5606269    
   6.625000      0.3375000      0.5859129    
   6.875000      0.3375000      0.6111879    
   7.125000      0.3375000      0.6364518    
   7.375000      0.3375000      0.6617058    
   7.625000      0.3375000      0.6869488    
   7.875000      0.3375000      0.7121818    
   8.125000      0.3375000      0.7374046    
   8.375000      0.3375000      0.7626154    
   8.625000      0.3375000      0.7878134    
   8.875000      0.3375000      0.8129930    
   9.125000      0.3375000      0.8381559    
   9.375000      0.3375000      0.8634606    
   9.625000      0.3375000      0.8904277    
   9.875000      0.3375000      0.9308101    
   10.00000      0.3375000       1.000000    
 
  0.0000000E+00  0.3625000      0.0000000E+00
  0.1250000      0.3625000      9.5411728E-04
  0.3750000      0.3625000      6.8540601E-03
  0.6250000      0.3625000      1.7010763E-02
  0.8750000      0.3625000      3.0956611E-02
   1.125000      0.3625000      4.7969606E-02
   1.375000      0.3625000      6.7334369E-02
   1.625000      0.3625000      8.8445723E-02
   1.875000      0.3625000      0.1108293    
   2.125000      0.3625000      0.1341270    
   2.375000      0.3625000      0.1580760    
   2.625000      0.3625000      0.1824854    
   2.875000      0.3625000      0.2072172    
   3.125000      0.3625000      0.2321727    
   3.375000      0.3625000      0.2572815    
   3.625000      0.3625000      0.2824942    
   3.875000      0.3625000      0.3077746    
   4.125000      0.3625000      0.3330977    
   4.375000      0.3625000      0.3584463    
   4.625000      0.3625000      0.3838075    
   4.875000      0.3625000      0.4091726    
   5.125000      0.3625000      0.4345371    
   5.375000      0.3625000      0.4598953    
   5.625000      0.3625000      0.4852452    
   5.875000      0.3625000      0.5105852    
   6.125000      0.3625000      0.5359139    
   6.375000      0.3625000      0.5612314    
   6.625000      0.3625000      0.5865369    
   6.875000      0.3625000      0.6118302    
   7.125000      0.3625000      0.6371115    
   7.375000      0.3625000      0.6623824    
   7.625000      0.3625000      0.6876414    
   7.875000      0.3625000      0.7128896    
   8.125000      0.3625000      0.7381269    
   8.375000      0.3625000      0.7633514    
   8.625000      0.3625000      0.7885616    
   8.875000      0.3625000      0.8137507    
   9.125000      0.3625000      0.8389134    
   9.375000      0.3625000      0.8641831    
   9.625000      0.3625000      0.8909887    
   9.875000      0.3625000      0.9308553    
   10.00000      0.3625000       1.000000    
 
  0.0000000E+00  0.3875000      0.0000000E+00
  0.1250000      0.3875000      9.1053586E-04
  0.3750000      0.3875000      6.7720078E-03
  0.6250000      0.3875000      1.7011972E-02
  0.8750000      0.3875000      3.1131545E-02
   1.125000      0.3875000      4.8354182E-02
   1.375000      0.3875000      6.7925312E-02
   1.625000      0.3875000      8.9220420E-02
   1.875000      0.3875000      0.1117593    
   2.125000      0.3875000      0.1351851    
   2.375000      0.3875000      0.1592388    
   2.625000      0.3875000      0.1837341    
   2.875000      0.3875000      0.2085371    
   3.125000      0.3875000      0.2335525    
   3.375000      0.3875000      0.2587126    
   3.625000      0.3875000      0.2839699    
   3.875000      0.3875000      0.3092898    
   4.125000      0.3875000      0.3346485    
   4.375000      0.3875000      0.3600294    
   4.625000      0.3875000      0.3854201    
   4.875000      0.3875000      0.4108128    
   5.125000      0.3875000      0.4362031    
   5.375000      0.3875000      0.4615856    
   5.625000      0.3875000      0.4869585    
   5.875000      0.3875000      0.5123200    
   6.125000      0.3875000      0.5376695    
   6.375000      0.3875000      0.5630065    
   6.625000      0.3875000      0.5883307    
   6.875000      0.3875000      0.6136419    
   7.125000      0.3875000      0.6389402    
   7.375000      0.3875000      0.6642273    
   7.625000      0.3875000      0.6895016    
   7.875000      0.3875000      0.7147647    
   8.125000      0.3875000      0.7400158    
   8.375000      0.3875000      0.7652538    
   8.625000      0.3875000      0.7904757    
   8.875000      0.3875000      0.8156731    
   9.125000      0.3875000      0.8408333    
   9.375000      0.3875000      0.8660587    
   9.625000      0.3875000      0.8926587    
   9.875000      0.3875000      0.9317594    
   10.00000      0.3875000       1.000000    
 
  0.0000000E+00  0.4125000      0.0000000E+00
  0.1250000      0.4125000      9.1299473E-04
  0.3750000      0.4125000      6.9244076E-03
  0.6250000      0.4125000      1.7460465E-02
  0.8750000      0.4125000      3.1945676E-02
   1.125000      0.4125000      4.9532801E-02
   1.375000      0.4125000      6.9428034E-02
   1.625000      0.4125000      9.0993538E-02
   1.875000      0.4125000      0.1137502    
   2.125000      0.4125000      0.1373488    
   2.375000      0.4125000      0.1615389    
   2.625000      0.4125000      0.1861425    
   2.875000      0.4125000      0.2110322    
   3.125000      0.4125000      0.2361183    
   3.375000      0.4125000      0.2613371    
   3.625000      0.4125000      0.2866440    
   3.875000      0.4125000      0.3120065    
   4.125000      0.4125000      0.3374027    
   4.375000      0.4125000      0.3628171    
   4.625000      0.4125000      0.3882380    
   4.875000      0.4125000      0.4136584    
   5.125000      0.4125000      0.4390744    
   5.375000      0.4125000      0.4644808    
   5.625000      0.4125000      0.4898763    
   5.875000      0.4125000      0.5152588    
   6.125000      0.4125000      0.5406286    
   6.375000      0.4125000      0.5659844    
   6.625000      0.4125000      0.5913268    
   6.875000      0.4125000      0.6166551    
   7.125000      0.4125000      0.6419698    
   7.375000      0.4125000      0.6672726    
   7.625000      0.4125000      0.6925617    
   7.875000      0.4125000      0.7178389    
   8.125000      0.4125000      0.7431036    
   8.375000      0.4125000      0.7683542    
   8.625000      0.4125000      0.7935873    
   8.875000      0.4125000      0.8187921    
   9.125000      0.4125000      0.8439470    
   9.375000      0.4125000      0.8691183    
   9.625000      0.4125000      0.8954666    
   9.875000      0.4125000      0.9335465    
   10.00000      0.4125000       1.000000    
 
  0.0000000E+00  0.4375000      0.0000000E+00
  0.1250000      0.4375000      9.6210331E-04
  0.3750000      0.4375000      7.3229298E-03
  0.6250000      0.4375000      1.8380143E-02
  0.8750000      0.4375000      3.3430878E-02
   1.125000      0.4375000      5.1540781E-02
   1.375000      0.4375000      7.1878374E-02
   1.625000      0.4375000      9.3800031E-02
   1.875000      0.4375000      0.1168358    
   2.125000      0.4375000      0.1406505    
   2.375000      0.4375000      0.1650075    
   2.625000      0.4375000      0.1897406    
   2.875000      0.4375000      0.2147319    
   3.125000      0.4375000      0.2398988    
   3.375000      0.4375000      0.2651832    
   3.625000      0.4375000      0.2905441    
   3.875000      0.4375000      0.3159523    
   4.125000      0.4375000      0.3413878    
   4.375000      0.4375000      0.3668366    
   4.625000      0.4375000      0.3922882    
   4.875000      0.4375000      0.4177364    
   5.125000      0.4375000      0.4431778    
   5.375000      0.4375000      0.4686077    
   5.625000      0.4375000      0.4940251    
   5.875000      0.4375000      0.5194284    
   6.125000      0.4375000      0.5448175    
   6.375000      0.4375000      0.5701917    
   6.625000      0.4375000      0.5955516    
   6.875000      0.4375000      0.6208964    
   7.125000      0.4375000      0.6462269    
   7.375000      0.4375000      0.6715447    
   7.625000      0.4375000      0.6968480    
   7.875000      0.4375000      0.7221387    
   8.125000      0.4375000      0.7474163    
   8.375000      0.4375000      0.7726792    
   8.625000      0.4375000      0.7979226    
   8.875000      0.4375000      0.8231335    
   9.125000      0.4375000      0.8482804    
   9.375000      0.4375000      0.8733866    
   9.625000      0.4375000      0.8994350    
   9.875000      0.4375000      0.9362321    
   10.00000      0.4375000       1.000000    
 
  0.0000000E+00  0.4625000      0.0000000E+00
  0.1250000      0.4625000      1.0615534E-03
  0.3750000      0.4625000      7.9875607E-03
  0.6250000      0.4625000      1.9804113E-02
  0.8750000      0.4625000      3.5626277E-02
   1.125000      0.4625000      5.4417837E-02
   1.375000      0.4625000      7.5313874E-02
   1.625000      0.4625000      9.7674362E-02
   1.875000      0.4625000      0.1210474    
   2.125000      0.4625000      0.1451189    
   2.375000      0.4625000      0.1696712    
   2.625000      0.4625000      0.1945535    
   2.875000      0.4625000      0.2196599    
   3.125000      0.4625000      0.2449168    
   3.375000      0.4625000      0.2702730    
   3.625000      0.4625000      0.2956921    
   3.875000      0.4625000      0.3211485    
   4.125000      0.4625000      0.3466248    
   4.375000      0.4625000      0.3721086    
   4.625000      0.4625000      0.3975913    
   4.875000      0.4625000      0.4230672    
   5.125000      0.4625000      0.4485337    
   5.375000      0.4625000      0.4739866    
   5.625000      0.4625000      0.4994254    
   5.875000      0.4625000      0.5248486    
   6.125000      0.4625000      0.5502564    
   6.375000      0.4625000      0.5756483    
   6.625000      0.4625000      0.6010247    
   6.875000      0.4625000      0.6263855    
   7.125000      0.4625000      0.6517313    
   7.375000      0.4625000      0.6770630    
   7.625000      0.4625000      0.7023799    
   7.875000      0.4625000      0.7276836    
   8.125000      0.4625000      0.7529735    
   8.375000      0.4625000      0.7782477    
   8.625000      0.4625000      0.8035010    
   8.875000      0.4625000      0.8287167    
   9.125000      0.4625000      0.8538526    
   9.375000      0.4625000      0.8788819    
   9.625000      0.4625000      0.9045787    
   9.875000      0.4625000      0.9398223    
   10.00000      0.4625000       1.000000    
 
  0.0000000E+00  0.4875000      0.0000000E+00
  0.1250000      0.4875000      1.2185326E-03
  0.3750000      0.4875000      8.9476397E-03
  0.6250000      0.4875000      2.1775538E-02
  0.8750000      0.4875000      3.8578667E-02
   1.125000      0.4875000      5.8208156E-02
   1.375000      0.4875000      7.9773679E-02
   1.625000      0.4875000      0.1026503    
   1.875000      0.4875000      0.1264142    
   2.125000      0.4875000      0.1507794    
   2.375000      0.4875000      0.1755524    
   2.625000      0.4875000      0.2006014    
   2.875000      0.4875000      0.2258348    
   3.125000      0.4875000      0.2511898    
   3.375000      0.4875000      0.2766229    
   3.625000      0.4875000      0.3021037    
   3.875000      0.4875000      0.3276103    
   4.125000      0.4875000      0.3531285    
   4.375000      0.4875000      0.3786479    
   4.625000      0.4875000      0.4041614    
   4.875000      0.4875000      0.4296649    
   5.125000      0.4875000      0.4551558    
   5.375000      0.4875000      0.4806313    
   5.625000      0.4875000      0.5060908    
   5.875000      0.4875000      0.5315332    
   6.125000      0.4875000      0.5569587    
   6.375000      0.4875000      0.5823677    
   6.625000      0.4875000      0.6077600    
   6.875000      0.4875000      0.6331359    
   7.125000      0.4875000      0.6584962    
   7.375000      0.4875000      0.6838413    
   7.625000      0.4875000      0.7091710    
   7.875000      0.4875000      0.7344871    
   8.125000      0.4875000      0.7597885    
   8.375000      0.4875000      0.7850733    
   8.625000      0.4875000      0.8103357    
   8.875000      0.4875000      0.8355550    
   9.125000      0.4875000      0.8606761    
   9.375000      0.4875000      0.8856157    
   9.625000      0.4875000      0.9109055    
   9.875000      0.4875000      0.9443144    
   10.00000      0.4875000       1.000000    
 
  0.0000000E+00  0.5125000      0.0000000E+00
  0.1250000      0.5125000      1.4443686E-03
  0.3750000      0.5125000      1.0242946E-02
  0.6250000      0.5125000      2.4348203E-02
  0.8750000      0.5125000      4.2342432E-02
   1.125000      0.5125000      6.2959984E-02
   1.375000      0.5125000      8.5298002E-02
   1.625000      0.5125000      0.1087606    
   1.875000      0.5125000      0.1329625    
   2.125000      0.5125000      0.1576533    
   2.375000      0.5125000      0.1826687    
   2.625000      0.5125000      0.2078990    
   2.875000      0.5125000      0.2332693    
   3.125000      0.5125000      0.2587290    
   3.375000      0.5125000      0.2842433    
   3.625000      0.5125000      0.3097881    
   3.875000      0.5125000      0.3353466    
   4.125000      0.5125000      0.3609073    
   4.375000      0.5125000      0.3864625    
   4.625000      0.5125000      0.4120068    
   4.875000      0.5125000      0.4375373    
   5.125000      0.5125000      0.4630520    
   5.375000      0.5125000      0.4885493    
   5.625000      0.5125000      0.5140288    
   5.875000      0.5125000      0.5394894    
   6.125000      0.5125000      0.5649319    
   6.375000      0.5125000      0.5903568    
   6.625000      0.5125000      0.6157644    
   6.875000      0.5125000      0.6411545    
   7.125000      0.5125000      0.6665285    
   7.375000      0.5125000      0.6918863    
   7.625000      0.5125000      0.7172282    
   7.875000      0.5125000      0.7425557    
   8.125000      0.5125000      0.7678680    
   8.375000      0.5125000      0.7931629    
   8.625000      0.5125000      0.8184332    
   8.875000      0.5125000      0.8436548    
   9.125000      0.5125000      0.8687570    
   9.375000      0.5125000      0.8935928    
   9.625000      0.5125000      0.9184157    
   9.875000      0.5125000      0.9496972    
   10.00000      0.5125000       1.000000    
 
  0.0000000E+00  0.5375000      0.0000000E+00
  0.1250000      0.5375000      1.7554526E-03
  0.3750000      0.5375000      1.1924842E-02
  0.6250000      0.5375000      2.7586807E-02
  0.8750000      0.5375000      4.6979118E-02
   1.125000      0.5375000      6.8724841E-02
   1.375000      0.5375000      9.1927297E-02
   1.625000      0.5375000      0.1160358    
   1.875000      0.5375000      0.1407152    
   2.125000      0.5375000      0.1657577    
   2.375000      0.5375000      0.1910329    
   2.625000      0.5375000      0.2164560    
   2.875000      0.5375000      0.2419707    
   3.125000      0.5375000      0.2675398    
   3.375000      0.5375000      0.2931383    
   3.625000      0.5375000      0.3187490    
   3.875000      0.5375000      0.3443600    
   4.125000      0.5375000      0.3699635    
   4.375000      0.5375000      0.3955541    
   4.625000      0.5375000      0.4211287    
   4.875000      0.5375000      0.4466854    
   5.125000      0.5375000      0.4722234    
   5.375000      0.5375000      0.4977417    
   5.625000      0.5375000      0.5232400    
   5.875000      0.5375000      0.5487181    
   6.125000      0.5375000      0.5741769    
   6.375000      0.5375000      0.5996168    
   6.625000      0.5375000      0.6250384    
   6.875000      0.5375000      0.6504422    
   7.125000      0.5375000      0.6758289    
   7.375000      0.5375000      0.7011987    
   7.625000      0.5375000      0.7265519    
   7.875000      0.5375000      0.7518902    
   8.125000      0.5375000      0.7772126    
   8.375000      0.5375000      0.8025169    
   8.625000      0.5375000      0.8277943    
   8.875000      0.5375000      0.8530164    
   9.125000      0.5375000      0.8780954    
   9.375000      0.5375000      0.9028116    
   9.625000      0.5375000      0.9271024    
   9.875000      0.5375000      0.9559506    
   10.00000      0.5375000       1.000000    
 
  0.0000000E+00  0.5625000      0.0000000E+00
  0.1250000      0.5625000      2.1745102E-03
  0.3750000      0.5625000      1.4057430E-02
  0.6250000      0.5625000      3.1566814E-02
  0.8750000      0.5625000      5.2556455E-02
   1.125000      0.5625000      7.5556353E-02
   1.375000      0.5625000      9.9701159E-02
   1.625000      0.5625000      0.1245041    
   1.875000      0.5625000      0.1496913    
   2.125000      0.5625000      0.1751051    
   2.375000      0.5625000      0.2006524    
   2.625000      0.5625000      0.2262762    
   2.875000      0.5625000      0.2519402    
   3.125000      0.5625000      0.2776217    
   3.375000      0.5625000      0.3033060    
   3.625000      0.5625000      0.3289833    
   3.875000      0.5625000      0.3546470    
   4.125000      0.5625000      0.3802929    
   4.375000      0.5625000      0.4059185    
   4.625000      0.5625000      0.4315225    
   4.875000      0.5625000      0.4571047    
   5.125000      0.5625000      0.4826649    
   5.375000      0.5625000      0.5082030    
   5.625000      0.5625000      0.5337195    
   5.875000      0.5625000      0.5592141    
   6.125000      0.5625000      0.5846881    
   6.375000      0.5625000      0.6101422    
   6.625000      0.5625000      0.6355770    
   6.875000      0.5625000      0.6609932    
   7.125000      0.5625000      0.6863918    
   7.375000      0.5625000      0.7117729    
   7.625000      0.5625000      0.7371368    
   7.875000      0.5625000      0.7624851    
   8.125000      0.5625000      0.7878168    
   8.375000      0.5625000      0.8131296    
   8.625000      0.5625000      0.8384131    
   8.875000      0.5625000      0.8636340    
   9.125000      0.5625000      0.8886851    
   9.375000      0.5625000      0.9132647    
   9.625000      0.5625000      0.9369525    
   9.875000      0.5625000      0.9630470    
   10.00000      0.5625000       1.000000    
 
  0.0000000E+00  0.5875000      0.0000000E+00
  0.1250000      0.5875000      2.7322837E-03
  0.3750000      0.5875000      1.6718609E-02
  0.6250000      0.5875000      3.6373824E-02
  0.8750000      0.5875000      5.9146769E-02
   1.125000      0.5875000      8.3508462E-02
   1.375000      0.5875000      0.1086568    
   1.625000      0.5875000      0.1341892    
   1.875000      0.5875000      0.1599049    
   2.125000      0.5875000      0.1857019    
   2.375000      0.5875000      0.2115285    
   2.625000      0.5875000      0.2373570    
   2.875000      0.5875000      0.2631727    
   3.125000      0.5875000      0.2889677    
   3.375000      0.5875000      0.3147380    
   3.625000      0.5875000      0.3404816    
   3.875000      0.5875000      0.3661973    
   4.125000      0.5875000      0.3918848    
   4.375000      0.5875000      0.4175443    
   4.625000      0.5875000      0.4431768    
   4.875000      0.5875000      0.4687832    
   5.125000      0.5875000      0.4943647    
   5.375000      0.5875000      0.5199214    
   5.625000      0.5875000      0.5454550    
   5.875000      0.5875000      0.5709652    
   6.125000      0.5875000      0.5964532    
   6.375000      0.5875000      0.6219206    
   6.625000      0.5875000      0.6473678    
   6.875000      0.5875000      0.6727954    
   7.125000      0.5875000      0.6982051    
   7.375000      0.5875000      0.7235966    
   7.625000      0.5875000      0.7489702    
   7.875000      0.5875000      0.7743277    
   8.125000      0.5875000      0.7996681    
   8.375000      0.5875000      0.8249885    
   8.625000      0.5875000      0.8502771    
   8.875000      0.5875000      0.8754948    
   9.125000      0.5875000      0.9005129    
   9.375000      0.5875000      0.9249371    
   9.625000      0.5875000      0.9479452    
   9.875000      0.5875000      0.9709504    
   10.00000      0.5875000       1.000000    
 
  0.0000000E+00  0.6125000      0.0000000E+00
  0.1250000      0.6125000      3.4697028E-03
  0.3750000      0.6125000      2.0001017E-02
  0.6250000      0.6125000      4.2102341E-02
  0.8750000      0.6125000      6.6824988E-02
   1.125000      0.6125000      9.2633523E-02
   1.375000      0.6125000      0.1188276    
   1.625000      0.6125000      0.1451102    
   1.875000      0.6125000      0.1713641    
   2.125000      0.6125000      0.1975489    
   2.375000      0.6125000      0.2236565    
   2.625000      0.6125000      0.2496901    
   2.875000      0.6125000      0.2756568    
   3.125000      0.6125000      0.3015644    
   3.375000      0.6125000      0.3274195    
   3.625000      0.6125000      0.3532282    
   3.875000      0.6125000      0.3789945    
   4.125000      0.6125000      0.4047224    
   4.375000      0.6125000      0.4304145    
   4.625000      0.6125000      0.4560741    
   4.875000      0.6125000      0.4817035    
   5.125000      0.6125000      0.5073048    
   5.375000      0.6125000      0.5328790    
   5.625000      0.6125000      0.5584286    
   5.875000      0.6125000      0.5839532    
   6.125000      0.6125000      0.6094545    
   6.375000      0.6125000      0.6349340    
   6.625000      0.6125000      0.6603926    
   6.875000      0.6125000      0.6858307    
   7.125000      0.6125000      0.7112504    
   7.375000      0.6125000      0.7366516    
   7.625000      0.6125000      0.7620342    
   7.875000      0.6125000      0.7874001    
   8.125000      0.6125000      0.8127483    
   8.375000      0.6125000      0.8380755    
   8.625000      0.6125000      0.8633682    
   8.875000      0.6125000      0.8885808    
   9.125000      0.6125000      0.9135602    
   9.375000      0.6125000      0.9378086    
   9.625000      0.6125000      0.9600543    
   9.875000      0.6125000      0.9796188    
   10.00000      0.6125000       1.000000    
 
  0.0000000E+00  0.6375000      0.0000000E+00
  0.1250000      0.6375000      4.4406080E-03
  0.3750000      0.6375000      2.4012439E-02
  0.6250000      0.6375000      4.8853774E-02
  0.8750000      0.6375000      7.5665906E-02
   1.125000      0.6375000      0.1029798    
   1.375000      0.6375000      0.1302409    
   1.625000      0.6375000      0.1572791    
   1.875000      0.6375000      0.1840702    
   2.125000      0.6375000      0.2106396    
   2.375000      0.6375000      0.2370244    
   2.625000      0.6375000      0.2632596    
   2.875000      0.6375000      0.2893741    
   3.125000      0.6375000      0.3153913    
   3.375000      0.6375000      0.3413288    
   3.625000      0.6375000      0.3672003    
   3.875000      0.6375000      0.3930152    
   4.125000      0.6375000      0.4187814    
   4.375000      0.6375000      0.4445046    
   4.625000      0.6375000      0.4701897    
   4.875000      0.6375000      0.4958406    
   5.125000      0.6375000      0.5214605    
   5.375000      0.6375000      0.5470510    
   5.625000      0.6375000      0.5726152    
   5.875000      0.6375000      0.5981531    
   6.125000      0.6375000      0.6236663    
   6.375000      0.6375000      0.6491570    
   6.625000      0.6375000      0.6746259    
   6.875000      0.6375000      0.7000738    
   7.125000      0.6375000      0.7255026    
   7.375000      0.6375000      0.7509125    
   7.625000      0.6375000      0.7763034    
   7.875000      0.6375000      0.8016768    
   8.125000      0.6375000      0.8270320    
   8.375000      0.6375000      0.8523651    
   8.625000      0.6375000      0.8776606    
   8.875000      0.6375000      0.9028664    
   9.125000      0.6375000      0.9278011    
   9.375000      0.6375000      0.9518517    
   9.625000      0.6375000      0.9732471    
   9.875000      0.6375000      0.9890050    
   10.00000      0.6375000       1.000000    
 
  0.0000000E+00  0.6625000      0.0000000E+00
  0.1250000      0.6625000      5.7150875E-03
  0.3750000      0.6625000      2.8875753E-02
  0.6250000      0.6625000      5.6733638E-02
  0.8750000      0.6625000      8.5741058E-02
   1.125000      0.6625000      0.1145891    
   1.375000      0.6625000      0.1429165    
   1.625000      0.6625000      0.1707001    
   1.875000      0.6625000      0.1980169    
   2.125000      0.6625000      0.2249602    
   2.375000      0.6625000      0.2516134    
   2.625000      0.6625000      0.2780429    
   2.875000      0.6625000      0.3042994    
   3.125000      0.6625000      0.3304216    
   3.375000      0.6625000      0.3564377    
   3.625000      0.6625000      0.3823687    
   3.875000      0.6625000      0.4082296    
   4.125000      0.6625000      0.4340318    
   4.375000      0.6625000      0.4597840    
   4.625000      0.6625000      0.4854931    
   4.875000      0.6625000      0.5111638    
   5.125000      0.6625000      0.5368009    
   5.375000      0.6625000      0.5624064    
   5.625000      0.6625000      0.5879836    
   5.875000      0.6625000      0.6135335    
   6.125000      0.6625000      0.6390578    
   6.375000      0.6625000      0.6645584    
   6.625000      0.6625000      0.6900367    
   6.875000      0.6625000      0.7154935    
   7.125000      0.6625000      0.7409304    
   7.375000      0.6625000      0.7663483    
   7.625000      0.6625000      0.7917464    
   7.875000      0.6625000      0.8171266    
   8.125000      0.6625000      0.8424878    
   8.375000      0.6625000      0.8678260    
   8.625000      0.6625000      0.8931233    
   8.875000      0.6625000      0.9183202    
   9.125000      0.6625000      0.9432039    
   9.375000      0.6625000      0.9670341    
   9.625000      0.6625000      0.9874861    
   9.875000      0.6625000      0.9990585    
   10.00000      0.6625000       1.000000    
 
  0.0000000E+00  0.6875000      0.0000000E+00
  0.1250000      0.6875000      7.3834066E-03
  0.3750000      0.6875000      3.4727816E-02
  0.6250000      0.6875000      6.5847799E-02
  0.8750000      0.6875000      9.7115017E-02
   1.125000      0.6875000      0.1274937    
   1.375000      0.6875000      0.1568644    
   1.625000      0.6875000      0.1853684    
   1.875000      0.6875000      0.2131889    
   2.125000      0.6875000      0.2404887    
   2.375000      0.6875000      0.2673967    
   2.625000      0.6875000      0.2940099    
   2.875000      0.6875000      0.3204003    
   3.125000      0.6875000      0.3466213    
   3.375000      0.6875000      0.3727109    
   3.625000      0.6875000      0.3986976    
   3.875000      0.6875000      0.4246010    
   4.125000      0.6875000      0.4504368    
   4.375000      0.6875000      0.4762157    
   4.625000      0.6875000      0.5019466    
   4.875000      0.6875000      0.5276357    
   5.125000      0.6875000      0.5532881    
   5.375000      0.6875000      0.5789072    
   5.625000      0.6875000      0.6044962    
   5.875000      0.6875000      0.6300570    
   6.125000      0.6875000      0.6555911    
   6.375000      0.6875000      0.6811007    
   6.625000      0.6875000      0.7065873    
   6.875000      0.6875000      0.7320518    
   7.125000      0.6875000      0.7574962    
   7.375000      0.6875000      0.7829212    
   7.625000      0.6875000      0.8083259    
   7.875000      0.6875000      0.8337119    
   8.125000      0.6875000      0.8590785    
   8.375000      0.6875000      0.8844209    
   8.625000      0.6875000      0.9097190    
   8.875000      0.6875000      0.9349045    
   9.125000      0.6875000      0.9597309    
   9.375000      0.6875000      0.9833171    
   9.625000      0.6875000       1.002730    
   9.875000      0.6875000       1.009728    
   10.00000      0.6875000       1.000000    
 
  0.0000000E+00  0.7125000      0.0000000E+00
  0.1250000      0.7125000      9.5604602E-03
  0.3750000      0.7125000      4.1717090E-02
  0.6250000      0.7125000      7.6297678E-02
  0.8750000      0.7125000      0.1098414    
   1.125000      0.7125000      0.1417137    
   1.375000      0.7125000      0.1720830    
   1.625000      0.7125000      0.2012683    
   1.875000      0.7125000      0.2295616    
   2.125000      0.7125000      0.2571941    
   2.375000      0.7125000      0.2843390    
   2.625000      0.7125000      0.3111227    
   2.875000      0.7125000      0.3376369    
   3.125000      0.7125000      0.3639489    
   3.375000      0.7125000      0.3901062    
   3.625000      0.7125000      0.4161439    
   3.875000      0.7125000      0.4420863    
   4.125000      0.7125000      0.4679524    
   4.375000      0.7125000      0.4937557    
   4.625000      0.7125000      0.5195063    
   4.875000      0.7125000      0.5452119    
   5.125000      0.7125000      0.5708779    
   5.375000      0.7125000      0.5965091    
   5.625000      0.7125000      0.6221088    
   5.875000      0.7125000      0.6476790    
   6.125000      0.7125000      0.6732219    
   6.375000      0.7125000      0.6987393    
   6.625000      0.7125000      0.7242334    
   6.875000      0.7125000      0.7497047    
   7.125000      0.7125000      0.7751555    
   7.375000      0.7125000      0.8005867    
   7.625000      0.7125000      0.8259972    
   7.875000      0.7125000      0.8513882    
   8.125000      0.7125000      0.8767596    
   8.375000      0.7125000      0.9021052    
   8.625000      0.7125000      0.9274029    
   8.875000      0.7125000      0.9525751    
   9.125000      0.7125000      0.9773381    
   9.375000      0.7125000       1.000656    
   9.625000      0.7125000       1.018933    
   9.875000      0.7125000       1.020963    
   10.00000      0.7125000       1.000000    
 
  0.0000000E+00  0.7375000      0.0000000E+00
  0.1250000      0.7375000      1.2390516E-02
  0.3750000      0.7375000      4.9999543E-02
  0.6250000      0.7375000      8.8174678E-02
  0.8750000      0.7375000      0.1239587    
   1.125000      0.7375000      0.1572545    
   1.375000      0.7375000      0.1885577    
   1.625000      0.7375000      0.2183727    
   1.875000      0.7375000      0.2471001    
   2.125000      0.7375000      0.2750365    
   2.375000      0.7375000      0.3023970    
   2.625000      0.7375000      0.3293355    
   2.875000      0.7375000      0.3559618    
   3.125000      0.7375000      0.3823560    
   3.375000      0.7375000      0.4085744    
   3.625000      0.7375000      0.4346579    
   3.875000      0.7375000      0.4606353    
   4.125000      0.7375000      0.4865285    
   4.375000      0.7375000      0.5123534    
   4.625000      0.7375000      0.5381214    
   4.875000      0.7375000      0.5638415    
   5.125000      0.7375000      0.5895196    
   5.375000      0.7375000      0.6151614    
   5.625000      0.7375000      0.6407703    
   5.875000      0.7375000      0.6663490    
   6.125000      0.7375000      0.6918991    
   6.375000      0.7375000      0.7174238    
   6.625000      0.7375000      0.7429243    
   6.875000      0.7375000      0.7684012    
   7.125000      0.7375000      0.7938579    
   7.375000      0.7375000      0.8192941    
   7.625000      0.7375000      0.8447096    
   7.875000      0.7375000      0.8701054    
   8.125000      0.7375000      0.8954804    
   8.375000      0.7375000      0.9208286    
   8.625000      0.7375000      0.9461246    
   8.875000      0.7375000      0.9712813    
   9.125000      0.7375000      0.9959748    
   9.375000      0.7375000       1.019002    
   9.625000      0.7375000       1.036048    
   9.875000      0.7375000       1.032723    
   10.00000      0.7375000       1.000000    
 
  0.0000000E+00  0.7625000      0.0000000E+00
  0.1250000      0.7625000      1.6051784E-02
  0.3750000      0.7625000      5.9732512E-02
  0.6250000      0.7625000      0.1015537    
  0.8750000      0.7625000      0.1394865    
   1.125000      0.7625000      0.1741045    
   1.375000      0.7625000      0.2062592    
   1.625000      0.7625000      0.2366425    
   1.875000      0.7625000      0.2657588    
   2.125000      0.7625000      0.2939664    
   2.375000      0.7625000      0.3215187    
   2.625000      0.7625000      0.3485945    
   2.875000      0.7625000      0.3753201    
   3.125000      0.7625000      0.4017869    
   3.375000      0.7625000      0.4280591    
   3.625000      0.7625000      0.4541827    
   3.875000      0.7625000      0.4801909    
   4.125000      0.7625000      0.5061078    
   4.375000      0.7625000      0.5319515    
   4.625000      0.7625000      0.5577348    
   4.875000      0.7625000      0.5834674    
   5.125000      0.7625000      0.6091559    
   5.375000      0.7625000      0.6348069    
   5.625000      0.7625000      0.6604239    
   5.875000      0.7625000      0.6860095    
   6.125000      0.7625000      0.7115661    
   6.375000      0.7625000      0.7370967    
   6.625000      0.7625000      0.7626028    
   6.875000      0.7625000      0.7880846    
   7.125000      0.7625000      0.8135463    
   7.375000      0.7625000      0.8389865    
   7.625000      0.7625000      0.8644065    
   7.875000      0.7625000      0.8898061    
   8.125000      0.7625000      0.9151843    
   8.375000      0.7625000      0.9405342    
   8.625000      0.7625000      0.9658276    
   8.875000      0.7625000      0.9909670    
   9.125000      0.7625000       1.015585    
   9.375000      0.7625000       1.038300    
   9.625000      0.7625000       1.054029    
   9.875000      0.7625000       1.044975    
   10.00000      0.7625000       1.000000    
 
  0.0000000E+00  0.7875000      0.0000000E+00
  0.1250000      0.7875000      2.0760037E-02
  0.3750000      0.7875000      7.1066141E-02
  0.6250000      0.7875000      0.1164863    
  0.8750000      0.7875000      0.1564212    
   1.125000      0.7875000      0.1922329    
   1.375000      0.7875000      0.2251431    
   1.625000      0.7875000      0.2560253    
   1.875000      0.7875000      0.2854812    
   2.125000      0.7875000      0.3139245    
   2.375000      0.7875000      0.3416432    
   2.625000      0.7875000      0.3688377    
   2.875000      0.7875000      0.3956490    
   3.125000      0.7875000      0.4221783    
   3.375000      0.7875000      0.4484968    
   3.625000      0.7875000      0.4746552    
   3.875000      0.7875000      0.5006894    
   4.125000      0.7875000      0.5266267    
   4.375000      0.7875000      0.5524864    
   4.625000      0.7875000      0.5782825    
   4.875000      0.7875000      0.6040258    
   5.125000      0.7875000      0.6297232    
   5.375000      0.7875000      0.6553822    
   5.625000      0.7875000      0.6810057    
   5.875000      0.7875000      0.7065971    
   6.125000      0.7875000      0.7321591    
   6.375000      0.7875000      0.7576948    
   6.625000      0.7875000      0.7832056    
   6.875000      0.7875000      0.8086914    
   7.125000      0.7875000      0.8341571    
   7.375000      0.7875000      0.8596007    
   7.625000      0.7875000      0.8850245    
   7.875000      0.7875000      0.9104268    
   8.125000      0.7875000      0.9358078    
   8.375000      0.7875000      0.9611587    
   8.625000      0.7875000      0.9864487    
   8.875000      0.7875000       1.011569    
   9.125000      0.7875000       1.036107    
   9.375000      0.7875000       1.058492    
   9.625000      0.7875000       1.072828    
   9.875000      0.7875000       1.057710    
   10.00000      0.7875000       1.000000    
 
  0.0000000E+00  0.8125000      0.0000000E+00
  0.1250000      0.8125000      2.6770065E-02
  0.3750000      0.8125000      8.4132344E-02
  0.6250000      0.8125000      0.1329940    
  0.8750000      0.8125000      0.1747339    
   1.125000      0.8125000      0.2115890    
   1.375000      0.8125000      0.2451489    
   1.625000      0.8125000      0.2764562    
   1.875000      0.8125000      0.3061998    
   2.125000      0.8125000      0.3348420    
   2.375000      0.8125000      0.3627008    
   2.625000      0.8125000      0.3899952    
   2.875000      0.8125000      0.4168783    
   3.125000      0.8125000      0.4434600    
   3.375000      0.8125000      0.4698172    
   3.625000      0.8125000      0.4960046    
   3.875000      0.8125000      0.5220605    
   4.125000      0.8125000      0.5480146    
   4.375000      0.8125000      0.5738875    
   4.625000      0.8125000      0.5996944    
   4.875000      0.8125000      0.6254464    
   5.125000      0.8125000      0.6511513    
   5.375000      0.8125000      0.6768165    
   5.625000      0.8125000      0.7024456    
   5.875000      0.8125000      0.7280419    
   6.125000      0.8125000      0.7536083    
   6.375000      0.8125000      0.7791479    
   6.625000      0.8125000      0.8046626    
   6.875000      0.8125000      0.8301518    
   7.125000      0.8125000      0.8556207    
   7.375000      0.8125000      0.8810669    
   7.625000      0.8125000      0.9064939    
   7.875000      0.8125000      0.9318982    
   8.125000      0.8125000      0.9572814    
   8.375000      0.8125000      0.9826326    
   8.625000      0.8125000       1.007918    
   8.875000      0.8125000       1.033019    
   9.125000      0.8125000       1.057473    
   9.375000      0.8125000       1.079515    
   9.625000      0.8125000       1.092403    
   9.875000      0.8125000       1.070944    
   10.00000      0.8125000       1.000000    
 
  0.0000000E+00  0.8375000      0.0000000E+00
  0.1250000      0.8375000      3.4373168E-02
  0.3750000      0.8375000      9.9031277E-02
  0.6250000      0.8375000      0.1510616    
  0.8750000      0.8375000      0.1943671    
   1.125000      0.8375000      0.2321008    
   1.375000      0.8375000      0.2661996    
   1.625000      0.8375000      0.2978565    
   1.875000      0.8375000      0.3278354    
   2.125000      0.8375000      0.3566400    
   2.375000      0.8375000      0.3846129    
   2.625000      0.8375000      0.4119882    
   2.875000      0.8375000      0.4389296    
   3.125000      0.8375000      0.4655538    
   3.375000      0.8375000      0.4919423    
   3.625000      0.8375000      0.5181529    
   3.875000      0.8375000      0.5442264    
   4.125000      0.8375000      0.5701941    
   4.375000      0.8375000      0.5960775    
   4.625000      0.8375000      0.6218930    
   4.875000      0.8375000      0.6476520    
   5.125000      0.8375000      0.6733629    
   5.375000      0.8375000      0.6990329    
   5.625000      0.8375000      0.7246666    
   5.875000      0.8375000      0.7502667    
   6.125000      0.8375000      0.7758366    
   6.375000      0.8375000      0.8013791    
   6.625000      0.8375000      0.8268970    
   6.875000      0.8375000      0.8523889    
   7.125000      0.8375000      0.8778600    
   7.375000      0.8375000      0.9033085    
   7.625000      0.8375000      0.9287379    
   7.875000      0.8375000      0.9541438    
   8.125000      0.8375000      0.9795284    
   8.375000      0.8375000       1.004880    
   8.625000      0.8375000       1.030161    
   8.875000      0.8375000       1.055240    
   9.125000      0.8375000       1.079609    
   9.375000      0.8375000       1.101301    
   9.625000      0.8375000       1.112715    
   9.875000      0.8375000       1.084728    
   10.00000      0.8375000       1.000000    
 
  0.0000000E+00  0.8625000      0.0000000E+00
  0.1250000      0.8625000      4.3888334E-02
  0.3750000      0.8625000      0.1158164    
  0.6250000      0.8625000      0.1706327    
  0.8750000      0.8625000      0.2152349    
   1.125000      0.8625000      0.2536762    
   1.375000      0.8625000      0.2882030    
   1.625000      0.8625000      0.3201353    
   1.875000      0.8625000      0.3502989    
   2.125000      0.8625000      0.3792305    
   2.375000      0.8625000      0.4072923    
   2.625000      0.8625000      0.4347308    
   2.875000      0.8625000      0.4617176    
   3.125000      0.8625000      0.4883747    
   3.375000      0.8625000      0.5147874    
   3.625000      0.8625000      0.5410161    
   3.875000      0.8625000      0.5671032    
   4.125000      0.8625000      0.5930813    
   4.375000      0.8625000      0.6189729    
   4.625000      0.8625000      0.6447951    
   4.875000      0.8625000      0.6705594    
   5.125000      0.8625000      0.6962749    
   5.375000      0.8625000      0.7219487    
   5.625000      0.8625000      0.7475859    
   5.875000      0.8625000      0.7731888    
   6.125000      0.8625000      0.7987614    
   6.375000      0.8625000      0.8243063    
   6.625000      0.8625000      0.8498263    
   6.875000      0.8625000      0.8753206    
   7.125000      0.8625000      0.9007929    
   7.375000      0.8625000      0.9262431    
   7.625000      0.8625000      0.9516744    
   7.875000      0.8625000      0.9770815    
   8.125000      0.8625000       1.002467    
   8.375000      0.8625000       1.027818    
   8.625000      0.8625000       1.053094    
   8.875000      0.8625000       1.078152    
   9.125000      0.8625000       1.102436    
   9.375000      0.8625000       1.123783    
   9.625000      0.8625000       1.133733    
   9.875000      0.8625000       1.099168    
   10.00000      0.8625000       1.000000    
 
  0.0000000E+00  0.8875000      0.0000000E+00
  0.1250000      0.8875000      5.5643953E-02
  0.3750000      0.8875000      0.1344787    
  0.6250000      0.8875000      0.1916062    
  0.8750000      0.8875000      0.2372222    
   1.125000      0.8875000      0.2762027    
   1.375000      0.8875000      0.3110513    
   1.625000      0.8875000      0.3431893    
   1.875000      0.8875000      0.3734902    
   2.125000      0.8875000      0.4025159    
   2.375000      0.8875000      0.4306436    
   2.625000      0.8875000      0.4581288    
   2.875000      0.8875000      0.4851490    
   3.125000      0.8875000      0.5118304    
   3.375000      0.8875000      0.5382609    
   3.625000      0.8875000      0.5645030    
   3.875000      0.8875000      0.5906001    
   4.125000      0.8875000      0.6165857    
   4.375000      0.8875000      0.6424834    
   4.625000      0.8875000      0.6683102    
   4.875000      0.8875000      0.6940786    
   5.125000      0.8875000      0.7197974    
   5.375000      0.8875000      0.7454740    
   5.625000      0.8875000      0.7711137    
   5.875000      0.8875000      0.7967185    
   6.125000      0.8875000      0.8222929    
   6.375000      0.8875000      0.8478398    
   6.625000      0.8875000      0.8733612    
   6.875000      0.8875000      0.8988571    
   7.125000      0.8875000      0.9243304    
   7.375000      0.8875000      0.9497817    
   7.625000      0.8875000      0.9752143    
   7.875000      0.8875000       1.000622    
   8.125000      0.8875000       1.026008    
   8.375000      0.8875000       1.051358    
   8.625000      0.8875000       1.076629    
   8.875000      0.8875000       1.101667    
   9.125000      0.8875000       1.125869    
   9.375000      0.8875000       1.146886    
   9.625000      0.8875000       1.155434    
   9.875000      0.8875000       1.114426    
   10.00000      0.8875000       1.000000    
 
  0.0000000E+00  0.9125000      0.0000000E+00
  0.1250000      0.9125000      6.9946364E-02
  0.3750000      0.9125000      0.1549324    
  0.6250000      0.9125000      0.2138356    
  0.8750000      0.9125000      0.2601867    
   1.125000      0.9125000      0.2995487    
   1.375000      0.9125000      0.3346224    
   1.625000      0.9125000      0.3669035    
   1.875000      0.9125000      0.3972993    
   2.125000      0.9125000      0.4263900    
   2.375000      0.9125000      0.4545630    
   2.625000      0.9125000      0.4820803    
   2.875000      0.9125000      0.5091234    
   3.125000      0.9125000      0.5358214    
   3.375000      0.9125000      0.5622641    
   3.625000      0.9125000      0.5885153    
   3.875000      0.9125000      0.6146190    
   4.125000      0.9125000      0.6406098    
   4.375000      0.9125000      0.6665115    
   4.625000      0.9125000      0.6923416    
   4.875000      0.9125000      0.7181128    
   5.125000      0.9125000      0.7438338    
   5.375000      0.9125000      0.7695122    
   5.625000      0.9125000      0.7951537    
   5.875000      0.9125000      0.8207599    
   6.125000      0.9125000      0.8463352    
   6.375000      0.9125000      0.8718836    
   6.625000      0.9125000      0.8974057    
   6.875000      0.9125000      0.9229027    
   7.125000      0.9125000      0.9483763    
   7.375000      0.9125000      0.9738287    
   7.625000      0.9125000      0.9992621    
   7.875000      0.9125000       1.024671    
   8.125000      0.9125000       1.050057    
   8.375000      0.9125000       1.075406    
   8.625000      0.9125000       1.100672    
   8.875000      0.9125000       1.125691    
   9.125000      0.9125000       1.149819    
   9.375000      0.9125000       1.170535    
   9.625000      0.9125000       1.177803    
   9.875000      0.9125000       1.130745    
   10.00000      0.9125000       1.000000    
 
  0.0000000E+00  0.9375000      0.0000000E+00
  0.1250000      0.9375000      8.7031759E-02
  0.3750000      0.9375000      0.1770040    
  0.6250000      0.9375000      0.2371310    
  0.8750000      0.9375000      0.2839613    
   1.125000      0.9375000      0.3235662    
   1.375000      0.9375000      0.3587816    
   1.625000      0.9375000      0.3911519    
   1.875000      0.9375000      0.4216068    
   2.125000      0.9375000      0.4507377    
   2.375000      0.9375000      0.4789387    
   2.625000      0.9375000      0.5064760    
   2.875000      0.9375000      0.5335331    
   3.125000      0.9375000      0.5602413    
   3.375000      0.9375000      0.5866916    
   3.625000      0.9375000      0.6129482    
   3.875000      0.9375000      0.6390560    
   4.125000      0.9375000      0.6650499    
   4.375000      0.9375000      0.6909540    
   4.625000      0.9375000      0.7167860    
   4.875000      0.9375000      0.7425591    
   5.125000      0.9375000      0.7682815    
   5.375000      0.9375000      0.7939609    
   5.625000      0.9375000      0.8196034    
   5.875000      0.9375000      0.8452103    
   6.125000      0.9375000      0.8707863    
   6.375000      0.9375000      0.8963355    
   6.625000      0.9375000      0.9218581    
   6.875000      0.9375000      0.9473559    
   7.125000      0.9375000      0.9728295    
   7.375000      0.9375000      0.9982826    
   7.625000      0.9375000       1.023716    
   7.875000      0.9375000       1.049125    
   8.125000      0.9375000       1.074511    
   8.375000      0.9375000       1.099859    
   8.625000      0.9375000       1.125121    
   8.875000      0.9375000       1.150123    
   9.125000      0.9375000       1.174188    
   9.375000      0.9375000       1.194650    
   9.625000      0.9375000       1.200832    
   9.875000      0.9375000       1.148458    
   10.00000      0.9375000       1.000000    
 
  0.0000000E+00  0.9625000      0.0000000E+00
  0.1250000      0.9625000      0.1069979    
  0.3750000      0.9625000      0.2004284    
  0.6250000      0.9625000      0.2612641    
  0.8750000      0.9625000      0.3083569    
   1.125000      0.9625000      0.3480918    
   1.375000      0.9625000      0.3833821    
   1.625000      0.9625000      0.4157990    
   1.875000      0.9625000      0.4462845    
   2.125000      0.9625000      0.4754362    
   2.375000      0.9625000      0.5036517    
   2.625000      0.9625000      0.5311993    
   2.875000      0.9625000      0.5582636    
   3.125000      0.9625000      0.5849769    
   3.375000      0.9625000      0.6114312    
   3.625000      0.9625000      0.6376905    
   3.875000      0.9625000      0.6638003    
   4.125000      0.9625000      0.6897956    
   4.375000      0.9625000      0.7157012    
   4.625000      0.9625000      0.7415340    
   4.875000      0.9625000      0.7673081    
   5.125000      0.9625000      0.7930313    
   5.375000      0.9625000      0.8187111    
   5.625000      0.9625000      0.8443539    
   5.875000      0.9625000      0.8699614    
   6.125000      0.9625000      0.8955376    
   6.375000      0.9625000      0.9210874    
   6.625000      0.9625000      0.9466099    
   6.875000      0.9625000      0.9721083    
   7.125000      0.9625000      0.9975817    
   7.375000      0.9625000       1.023035    
   7.625000      0.9625000       1.048469    
   7.875000      0.9625000       1.073878    
   8.125000      0.9625000       1.099264    
   8.375000      0.9625000       1.124611    
   8.625000      0.9625000       1.149870    
   8.875000      0.9625000       1.174860    
   9.125000      0.9625000       1.198877    
   9.375000      0.9625000       1.219150    
   9.625000      0.9625000       1.224521    
   9.875000      0.9625000       1.168005    
   10.00000      0.9625000       1.000000    
 
  0.0000000E+00  0.9875000      0.0000000E+00
  0.1250000      0.9875000      0.1297145    
  0.3750000      0.9875000      0.2248533    
  0.6250000      0.9875000      0.2859738    
  0.8750000      0.9875000      0.3331662    
   1.125000      0.9875000      0.3729489    
   1.375000      0.9875000      0.4082661    
   1.625000      0.9875000      0.4406996    
   1.875000      0.9875000      0.4711958    
   2.125000      0.9875000      0.5003548    
   2.375000      0.9875000      0.5285754    
   2.625000      0.9875000      0.5561266    
   2.875000      0.9875000      0.5831933    
   3.125000      0.9875000      0.6099082    
   3.375000      0.9875000      0.6363639    
   3.625000      0.9875000      0.6626242    
   3.875000      0.9875000      0.6887345    
   4.125000      0.9875000      0.7147304    
   4.375000      0.9875000      0.7406366    
   4.625000      0.9875000      0.7664696    
   4.875000      0.9875000      0.7922440    
   5.125000      0.9875000      0.8179676    
   5.375000      0.9875000      0.8436474    
   5.625000      0.9875000      0.8692905    
   5.875000      0.9875000      0.8948977    
   6.125000      0.9875000      0.9204743    
   6.375000      0.9875000      0.9460242    
   6.625000      0.9875000      0.9715468    
   6.875000      0.9875000      0.9970455    
   7.125000      0.9875000       1.022518    
   7.375000      0.9875000       1.047972    
   7.625000      0.9875000       1.073406    
   7.875000      0.9875000       1.098815    
   8.125000      0.9875000       1.124201    
   8.375000      0.9875000       1.149548    
   8.625000      0.9875000       1.174804    
   8.875000      0.9875000       1.199787    
   9.125000      0.9875000       1.223779    
   9.375000      0.9875000       1.243946    
   9.625000      0.9875000       1.248869    
   9.875000      0.9875000       1.189940    
   10.00000      0.9875000       1.000000    
 
  0.0000000E+00   1.000000      0.0000000E+00
  0.1250000       1.000000      0.1297145    
  0.3750000       1.000000      0.2248533    
  0.6250000       1.000000      0.2859738    
  0.8750000       1.000000      0.3331662    
   1.125000       1.000000      0.3729489    
   1.375000       1.000000      0.4082661    
   1.625000       1.000000      0.4406996    
   1.875000       1.000000      0.4711958    
   2.125000       1.000000      0.5003548    
   2.375000       1.000000      0.5285754    
   2.625000       1.000000      0.5561266    
   2.875000       1.000000      0.5831933    
   3.125000       1.000000      0.6099082    
   3.375000       1.000000      0.6363639    
   3.625000       1.000000      0.6626242    
   3.875000       1.000000      0.6887345    
   4.125000       1.000000      0.7147304    
   4.375000       1.000000      0.7406366    
   4.625000       1.000000      0.7664696    
   4.875000       1.000000      0.7922440    
   5.125000       1.000000      0.8179676    
   5.375000       1.000000      0.8436474    
   5.625000       1.000000      0.8692905    
   5.875000       1.000000      0.8948977    
   6.125000       1.000000      0.9204743    
   6.375000       1.000000      0.9460242    
   6.625000       1.000000      0.9715468    
   6.875000       1.000000      0.9970455    
   7.125000       1.000000       1.022518    
   7.375000       1.000000       1.047972    
   7.625000       1.000000       1.073406    
   7.875000       1.000000       1.098815    
   8.125000       1.000000       1.124201    
   8.375000       1.000000       1.149548    
   8.625000       1.000000       1.174804    
   8.875000       1.000000       1.199787    
   9.125000       1.000000       1.223779    
   9.375000       1.000000       1.243946    
   9.625000       1.000000       1.248869    
   9.875000       1.000000       1.189940    
   10.00000       1.000000       1.000000    
 
