  0.0000000E+00  0.0000000E+00  0.0000000E+00
  0.1250000      0.0000000E+00  1.2499999E-02
  0.3750000      0.0000000E+00  3.7499998E-02
  0.6250000      0.0000000E+00  6.2499996E-02
  0.8750000      0.0000000E+00  8.7499991E-02
   1.125000      0.0000000E+00  0.1125000    
   1.375000      0.0000000E+00  0.1375000    
   1.625000      0.0000000E+00  0.1625000    
   1.875000      0.0000000E+00  0.1875000    
   2.125000      0.0000000E+00  0.2125000    
   2.375000      0.0000000E+00  0.2375000    
   2.625000      0.0000000E+00  0.2625000    
   2.875000      0.0000000E+00  0.2875000    
   3.125000      0.0000000E+00  0.3125000    
   3.375000      0.0000000E+00  0.3375000    
   3.625000      0.0000000E+00  0.3625000    
   3.875000      0.0000000E+00  0.3875000    
   4.125000      0.0000000E+00  0.4125000    
   4.375000      0.0000000E+00  0.4375000    
   4.625000      0.0000000E+00  0.4625000    
   4.875000      0.0000000E+00  0.4875000    
   5.125000      0.0000000E+00  0.5125000    
   5.375000      0.0000000E+00  0.5375000    
   5.625000      0.0000000E+00  0.5624999    
   5.875000      0.0000000E+00  0.5875000    
   6.125000      0.0000000E+00  0.6125000    
   6.375000      0.0000000E+00  0.6375000    
   6.625000      0.0000000E+00  0.6625000    
   6.875000      0.0000000E+00  0.6874999    
   7.125000      0.0000000E+00  0.7125000    
   7.375000      0.0000000E+00  0.7375000    
   7.625000      0.0000000E+00  0.7624999    
   7.875000      0.0000000E+00  0.7875000    
   8.125000      0.0000000E+00  0.8124999    
   8.375000      0.0000000E+00  0.8375000    
   8.625000      0.0000000E+00  0.8625000    
   8.875000      0.0000000E+00  0.8874999    
   9.125000      0.0000000E+00  0.9125000    
   9.375000      0.0000000E+00  0.9374999    
   9.625000      0.0000000E+00  0.9624999    
   9.875000      0.0000000E+00  0.9875000    
   10.00000      0.0000000E+00   1.000000    
 
  0.0000000E+00  1.2500000E-02  0.0000000E+00
  0.1250000      1.2500000E-02  1.1626709E-02
  0.3750000      1.2500000E-02  3.5599984E-02
  0.6250000      1.2500000E-02  5.9857458E-02
  0.8750000      1.2500000E-02  8.4301509E-02
   1.125000      1.2500000E-02  0.1088874    
   1.375000      1.2500000E-02  0.1335839    
   1.625000      1.2500000E-02  0.1583657    
   1.875000      1.2500000E-02  0.1832121    
   2.125000      1.2500000E-02  0.2081065    
   2.375000      1.2500000E-02  0.2330361    
   2.625000      1.2500000E-02  0.2579911    
   2.875000      1.2500000E-02  0.2829643    
   3.125000      1.2500000E-02  0.3079503    
   3.375000      1.2500000E-02  0.3329454    
   3.625000      1.2500000E-02  0.3579467    
   3.875000      1.2500000E-02  0.3829522    
   4.125000      1.2500000E-02  0.4079606    
   4.375000      1.2500000E-02  0.4329710    
   4.625000      1.2500000E-02  0.4579822    
   4.875000      1.2500000E-02  0.4829942    
   5.125000      1.2500000E-02  0.5080066    
   5.375000      1.2500000E-02  0.5330187    
   5.625000      1.2500000E-02  0.5580307    
   5.875000      1.2500000E-02  0.5830424    
   6.125000      1.2500000E-02  0.6080533    
   6.375000      1.2500000E-02  0.6330637    
   6.625000      1.2500000E-02  0.6580734    
   6.875000      1.2500000E-02  0.6830823    
   7.125000      1.2500000E-02  0.7080903    
   7.375000      1.2500000E-02  0.7330973    
   7.625000      1.2500000E-02  0.7581030    
   7.875000      1.2500000E-02  0.7831078    
   8.125000      1.2500000E-02  0.8081110    
   8.375000      1.2500000E-02  0.8331125    
   8.625000      1.2500000E-02  0.8581125    
   8.875000      1.2500000E-02  0.8831106    
   9.125000      1.2500000E-02  0.9081097    
   9.375000      1.2500000E-02  0.9331304    
   9.625000      1.2500000E-02  0.9583091    
   9.875000      1.2500000E-02  0.9844565    
   10.00000      1.2500000E-02   1.000000    
 
  0.0000000E+00  3.7500001E-02  0.0000000E+00
  0.1250000      3.7500001E-02  9.9303424E-03
  0.3750000      3.7500001E-02  3.1856302E-02
  0.6250000      3.7500001E-02  5.4630406E-02
  0.8750000      3.7500001E-02  7.7963471E-02
   1.125000      3.7500001E-02  0.1017218    
   1.375000      3.7500001E-02  0.1258118    
   1.625000      3.7500001E-02  0.1501576    
   1.875000      3.7500001E-02  0.1746971    
   2.125000      3.7500001E-02  0.1993808    
   2.375000      3.7500001E-02  0.2241696    
   2.625000      3.7500001E-02  0.2490348    
   2.875000      3.7500001E-02  0.2739543    
   3.125000      3.7500001E-02  0.2989126    
   3.375000      3.7500001E-02  0.3238979    
   3.625000      3.7500001E-02  0.3489017    
   3.875000      3.7500001E-02  0.3739184    
   4.125000      3.7500001E-02  0.3989438    
   4.375000      3.7500001E-02  0.4239748    
   4.625000      3.7500001E-02  0.4490086    
   4.875000      3.7500001E-02  0.4740445    
   5.125000      3.7500001E-02  0.4990815    
   5.375000      3.7500001E-02  0.5241181    
   5.625000      3.7500001E-02  0.5491539    
   5.875000      3.7500001E-02  0.5741888    
   6.125000      3.7500001E-02  0.5992216    
   6.375000      3.7500001E-02  0.6242529    
   6.625000      3.7500001E-02  0.6492820    
   6.875000      3.7500001E-02  0.6743088    
   7.125000      3.7500001E-02  0.6993328    
   7.375000      3.7500001E-02  0.7243537    
   7.625000      3.7500001E-02  0.7493712    
   7.875000      3.7500001E-02  0.7743852    
   8.125000      3.7500001E-02  0.7993948    
   8.375000      3.7500001E-02  0.8243994    
   8.625000      3.7500001E-02  0.8493994    
   8.875000      3.7500001E-02  0.8743939    
   9.125000      3.7500001E-02  0.8993911    
   9.375000      3.7500001E-02  0.9244519    
   9.625000      3.7500001E-02  0.9499800    
   9.875000      3.7500001E-02  0.9783847    
   10.00000      3.7500001E-02   1.000000    
 
  0.0000000E+00  6.2500000E-02  0.0000000E+00
  0.1250000      6.2500000E-02  8.3566913E-03
  0.3750000      6.2500000E-02  2.8262420E-02
  0.6250000      6.2500000E-02  4.9562186E-02
  0.8750000      6.2500000E-02  7.1789637E-02
   1.125000      6.2500000E-02  9.4724394E-02
   1.375000      6.2500000E-02  0.1182110    
   1.625000      6.2500000E-02  0.1421234    
   1.875000      6.2500000E-02  0.1663579    
   2.125000      6.2500000E-02  0.1908321    
   2.375000      6.2500000E-02  0.2154813    
   2.625000      6.2500000E-02  0.2402575    
   2.875000      6.2500000E-02  0.2651240    
   3.125000      6.2500000E-02  0.2900548    
   3.375000      6.2500000E-02  0.3150306    
   3.625000      6.2500000E-02  0.3400373    
   3.875000      6.2500000E-02  0.3650651    
   4.125000      6.2500000E-02  0.3901076    
   4.375000      6.2500000E-02  0.4151593    
   4.625000      6.2500000E-02  0.4402158    
   4.875000      6.2500000E-02  0.4652757    
   5.125000      6.2500000E-02  0.4903373    
   5.375000      6.2500000E-02  0.5153983    
   5.625000      6.2500000E-02  0.5404580    
   5.875000      6.2500000E-02  0.5655161    
   6.125000      6.2500000E-02  0.5905709    
   6.375000      6.2500000E-02  0.6156229    
   6.625000      6.2500000E-02  0.6406715    
   6.875000      6.2500000E-02  0.6657162    
   7.125000      6.2500000E-02  0.6907562    
   7.375000      6.2500000E-02  0.7157911    
   7.625000      6.2500000E-02  0.7408205    
   7.875000      6.2500000E-02  0.7658437    
   8.125000      6.2500000E-02  0.7908599    
   8.375000      6.2500000E-02  0.8158678    
   8.625000      6.2500000E-02  0.8408676    
   8.875000      6.2500000E-02  0.8658588    
   9.125000      6.2500000E-02  0.8908539    
   9.375000      6.2500000E-02  0.9159512    
   9.625000      6.2500000E-02  0.9418082    
   9.875000      6.2500000E-02  0.9723710    
   10.00000      6.2500000E-02   1.000000    
 
  0.0000000E+00  8.7500006E-02  0.0000000E+00
  0.1250000      8.7500006E-02  6.9469819E-03
  0.3750000      8.7500006E-02  2.4887877E-02
  0.6250000      8.7500006E-02  4.4734314E-02
  0.8750000      8.7500006E-02  6.5869227E-02
   1.125000      8.7500006E-02  8.7990262E-02
   1.375000      8.7500006E-02  0.1108813    
   1.625000      8.7500006E-02  0.1343662    
   1.875000      8.7500006E-02  0.1583004    
   2.125000      8.7500006E-02  0.1825686    
   2.375000      8.7500006E-02  0.2070806    
   2.625000      8.7500006E-02  0.2317697    
   2.875000      8.7500006E-02  0.2565846    
   3.125000      8.7500006E-02  0.2814889    
   3.375000      8.7500006E-02  0.3064558    
   3.625000      8.7500006E-02  0.3314658    
   3.875000      8.7500006E-02  0.3565052    
   4.125000      8.7500006E-02  0.3815650    
   4.375000      8.7500006E-02  0.4066373    
   4.625000      8.7500006E-02  0.4317167    
   4.875000      8.7500006E-02  0.4568008    
   5.125000      8.7500006E-02  0.4818868    
   5.375000      8.7500006E-02  0.5069723    
   5.625000      8.7500006E-02  0.5320560    
   5.875000      8.7500006E-02  0.5571371    
   6.125000      8.7500006E-02  0.5822141    
   6.375000      8.7500006E-02  0.6072869    
   6.625000      8.7500006E-02  0.6323549    
   6.875000      8.7500006E-02  0.6574174    
   7.125000      8.7500006E-02  0.6824735    
   7.375000      8.7500006E-02  0.7075225    
   7.625000      8.7500006E-02  0.7325637    
   7.875000      8.7500006E-02  0.7575964    
   8.125000      8.7500006E-02  0.7826191    
   8.375000      8.7500006E-02  0.8076305    
   8.625000      8.7500006E-02  0.8326305    
   8.875000      8.7500006E-02  0.8576183    
   9.125000      8.7500006E-02  0.8826107    
   9.375000      8.7500006E-02  0.9077395    
   9.625000      8.7500006E-02  0.9338951    
   9.875000      8.7500006E-02  0.9664706    
   10.00000      8.7500006E-02   1.000000    
 
  0.0000000E+00  0.1125000      0.0000000E+00
  0.1250000      0.1125000      5.7186689E-03
  0.3750000      0.1125000      2.1780778E-02
  0.6250000      0.1125000      4.0210489E-02
  0.8750000      0.1125000      6.0276464E-02
   1.125000      0.1125000      8.1601694E-02
   1.375000      0.1125000      0.1039112    
   1.625000      0.1125000      0.1269795    
   1.875000      0.1125000      0.1506218    
   2.125000      0.1125000      0.1746902    
   2.375000      0.1125000      0.1990698    
   2.625000      0.1125000      0.2236748    
   2.875000      0.1125000      0.2484405    
   3.125000      0.1125000      0.2733200    
   3.375000      0.1125000      0.2982793    
   3.625000      0.1125000      0.3232934    
   3.875000      0.1125000      0.3483451    
   4.125000      0.1125000      0.3734224    
   4.375000      0.1125000      0.3985156    
   4.625000      0.1125000      0.4236182    
   4.875000      0.1125000      0.4487263    
   5.125000      0.1125000      0.4738371    
   5.375000      0.1125000      0.4989471    
   5.625000      0.1125000      0.5240546    
   5.875000      0.1125000      0.5491587    
   6.125000      0.1125000      0.5742579    
   6.375000      0.1125000      0.5993516    
   6.625000      0.1125000      0.6244390    
   6.875000      0.1125000      0.6495193    
   7.125000      0.1125000      0.6745917    
   7.375000      0.1125000      0.6996546    
   7.625000      0.1125000      0.7247078    
   7.875000      0.1125000      0.7497498    
   8.125000      0.1125000      0.7747793    
   8.375000      0.1125000      0.7997946    
   8.625000      0.1125000      0.8247946    
   8.875000      0.1125000      0.8497792    
   9.125000      0.1125000      0.8747683    
   9.375000      0.1125000      0.8999221    
   9.625000      0.1125000      0.9263389    
   9.875000      0.1125000      0.9607484    
   10.00000      0.1125000       1.000000    
 
  0.0000000E+00  0.1375000      0.0000000E+00
  0.1250000      0.1375000      4.6724975E-03
  0.3750000      0.1375000      1.8970747E-02
  0.6250000      0.1375000      3.6038317E-02
  0.8750000      0.1375000      5.5071812E-02
   1.125000      0.1375000      7.5629123E-02
   1.375000      0.1375000      9.7378999E-02
   1.625000      0.1375000      0.1200479    
   1.875000      0.1375000      0.1434111    
   2.125000      0.1375000      0.1672893    
   2.375000      0.1375000      0.1915435    
   2.625000      0.1375000      0.2160697    
   2.875000      0.1375000      0.2407899    
   3.125000      0.1375000      0.2656472    
   3.375000      0.1375000      0.2906005    
   3.625000      0.1375000      0.3156201    
   3.875000      0.1375000      0.3406850    
   4.125000      0.1375000      0.3657805    
   4.375000      0.1375000      0.3908949    
   4.625000      0.1375000      0.4160210    
   4.875000      0.1375000      0.4411533    
   5.125000      0.1375000      0.4662887    
   5.375000      0.1375000      0.4914233    
   5.625000      0.1375000      0.5165548    
   5.875000      0.1375000      0.5416818    
   6.125000      0.1375000      0.5668032    
   6.375000      0.1375000      0.5919176    
   6.625000      0.1375000      0.6170245    
   6.875000      0.1375000      0.6421225    
   7.125000      0.1375000      0.6672110    
   7.375000      0.1375000      0.6922882    
   7.625000      0.1375000      0.7173533    
   7.875000      0.1375000      0.7424049    
   8.125000      0.1375000      0.7674412    
   8.375000      0.1375000      0.7924604    
   8.625000      0.1375000      0.8174608    
   8.875000      0.1375000      0.8424422    
   9.125000      0.1375000      0.8674268    
   9.375000      0.1375000      0.8925989    
   9.625000      0.1375000      0.9192349    
   9.875000      0.1375000      0.9552760    
   10.00000      0.1375000       1.000000    
 
  0.0000000E+00  0.1625000      0.0000000E+00
  0.1250000      0.1625000      3.7984462E-03
  0.3750000      0.1625000      1.6472170E-02
  0.6250000      0.1625000      3.2251328E-02
  0.8750000      0.1625000      5.0303403E-02
   1.125000      0.1625000      7.0132263E-02
   1.375000      0.1625000      9.1353551E-02
   1.625000      0.1625000      0.1136470    
   1.875000      0.1625000      0.1367493    
   2.125000      0.1625000      0.1604511    
   2.375000      0.1625000      0.1845899    
   2.625000      0.1625000      0.2090445    
   2.875000      0.1625000      0.2337243    
   3.125000      0.1625000      0.2585632    
   3.375000      0.1625000      0.2835132    
   3.625000      0.1625000      0.3085400    
   3.875000      0.1625000      0.3336194    
   4.125000      0.1625000      0.3587337    
   4.375000      0.1625000      0.3838700    
   4.625000      0.1625000      0.4090198    
   4.875000      0.1625000      0.4341765    
   5.125000      0.1625000      0.4593367    
   5.375000      0.1625000      0.4844958    
   5.625000      0.1625000      0.5096512    
   5.875000      0.1625000      0.5348013    
   6.125000      0.1625000      0.5599446    
   6.375000      0.1625000      0.5850799    
   6.625000      0.1625000      0.6102061    
   6.875000      0.1625000      0.6353219    
   7.125000      0.1625000      0.6604265    
   7.375000      0.1625000      0.6855178    
   7.625000      0.1625000      0.7105950    
   7.875000      0.1625000      0.7356561    
   8.125000      0.1625000      0.7606993    
   8.375000      0.1625000      0.7857225    
   8.625000      0.1625000      0.8107235    
   8.875000      0.1625000      0.8357017    
   9.125000      0.1625000      0.8606809    
   9.375000      0.1625000      0.8858635    
   9.625000      0.1625000      0.9126744    
   9.875000      0.1625000      0.9501286    
   10.00000      0.1625000       1.000000    
 
  0.0000000E+00  0.1875000      0.0000000E+00
  0.1250000      0.1875000      3.0804044E-03
  0.3750000      0.1875000      1.4287501E-02
  0.6250000      0.1875000      2.8871108E-02
  0.8750000      0.1875000      4.6008587E-02
   1.125000      0.1875000      6.5161206E-02
   1.375000      0.1875000      8.5895009E-02
   1.625000      0.1875000      0.1078448    
   1.875000      0.1875000      0.1307105    
   2.125000      0.1875000      0.1542536    
   2.375000      0.1875000      0.1782902    
   2.625000      0.1875000      0.2026828    
   2.875000      0.1875000      0.2273289    
   3.125000      0.1875000      0.2521541    
   3.375000      0.1875000      0.2771043    
   3.625000      0.1875000      0.3021407    
   3.875000      0.1875000      0.3272360    
   4.125000      0.1875000      0.3523703    
   4.375000      0.1875000      0.3775293    
   4.625000      0.1875000      0.4027032    
   4.875000      0.1875000      0.4278846    
   5.125000      0.1875000      0.4530697    
   5.375000      0.1875000      0.4782533    
   5.625000      0.1875000      0.5034326    
   5.875000      0.1875000      0.5286056    
   6.125000      0.1875000      0.5537708    
   6.375000      0.1875000      0.5789267    
   6.625000      0.1875000      0.6040721    
   6.875000      0.1875000      0.6292056    
   7.125000      0.1875000      0.6543263    
   7.375000      0.1875000      0.6794317    
   7.625000      0.1875000      0.7045209    
   7.875000      0.1875000      0.7295916    
   8.125000      0.1875000      0.7546418    
   8.375000      0.1875000      0.7796690    
   8.625000      0.1875000      0.8046706    
   8.875000      0.1875000      0.8296456    
   9.125000      0.1875000      0.8546181    
   9.375000      0.1875000      0.8798035    
   9.625000      0.1875000      0.9067439    
   9.875000      0.1875000      0.9453828    
   10.00000      0.1875000       1.000000    
 
  0.0000000E+00  0.2125000      0.0000000E+00
  0.1250000      0.2125000      2.4996102E-03
  0.3750000      0.2125000      1.2410534E-02
  0.6250000      0.2125000      2.5909686E-02
  0.8750000      0.2125000      4.2215765E-02
   1.125000      0.2125000      6.0757883E-02
   1.375000      0.2125000      8.1056036E-02
   1.625000      0.2125000      0.1027023    
   1.875000      0.2125000      0.1253616    
   2.125000      0.2125000      0.1487686    
   2.375000      0.2125000      0.1727193    
   2.625000      0.2125000      0.1970616    
   2.875000      0.2125000      0.2216827    
   3.125000      0.2125000      0.2465003    
   3.375000      0.2125000      0.2714547    
   3.625000      0.2125000      0.2965037    
   3.875000      0.2125000      0.3216169    
   4.125000      0.2125000      0.3467725    
   4.375000      0.2125000      0.3719549    
   4.625000      0.2125000      0.3971535    
   4.875000      0.2125000      0.4223601    
   5.125000      0.2125000      0.4475700    
   5.375000      0.2125000      0.4727782    
   5.625000      0.2125000      0.4979813    
   5.875000      0.2125000      0.5231770    
   6.125000      0.2125000      0.5483640    
   6.375000      0.2125000      0.5735404    
   6.625000      0.2125000      0.5987051    
   6.875000      0.2125000      0.6238561    
   7.125000      0.2125000      0.6489925    
   7.375000      0.2125000      0.6741122    
   7.625000      0.2125000      0.6992131    
   7.875000      0.2125000      0.7242934    
   8.125000      0.2125000      0.7493504    
   8.375000      0.2125000      0.7743817    
   8.625000      0.2125000      0.7993839    
   8.875000      0.2125000      0.8243555    
   9.125000      0.2125000      0.8493201    
   9.375000      0.2125000      0.8745002    
   9.625000      0.2125000      0.9015249    
   9.875000      0.2125000      0.9411144    
   10.00000      0.2125000       1.000000    
 
  0.0000000E+00  0.2375000      0.0000000E+00
  0.1250000      0.2375000      2.0370169E-03
  0.3750000      0.2375000      1.0829391E-02
  0.6250000      0.2375000      2.3372004E-02
  0.8750000      0.2375000      3.8946349E-02
   1.125000      0.2375000      5.6957599E-02
   1.375000      0.2375000      7.6882966E-02
   1.625000      0.2375000      9.8274201E-02
   1.875000      0.2375000      0.1207637    
   2.125000      0.2375000      0.1440616    
   2.375000      0.2375000      0.1679461    
   2.625000      0.2375000      0.1922525    
   2.875000      0.2375000      0.2168586    
   3.125000      0.2375000      0.2416756    
   3.375000      0.2375000      0.2666394    
   3.625000      0.2375000      0.2917044    
   3.875000      0.2375000      0.3168379    
   4.125000      0.2375000      0.3420163    
   4.375000      0.2375000      0.3672234    
   4.625000      0.2375000      0.3924473    
   4.875000      0.2375000      0.4176792    
   5.125000      0.2375000      0.4429141    
   5.375000      0.2375000      0.4681469    
   5.625000      0.2375000      0.4933738    
   5.875000      0.2375000      0.5185922    
   6.125000      0.2375000      0.5438008    
   6.375000      0.2375000      0.5689974    
   6.625000      0.2375000      0.5941809    
   6.875000      0.2375000      0.6193495    
   7.125000      0.2375000      0.6445016    
   7.375000      0.2375000      0.6696350    
   7.625000      0.2375000      0.6947477    
   7.875000      0.2375000      0.7198373    
   8.125000      0.2375000      0.7449012    
   8.375000      0.2375000      0.7699363    
   8.625000      0.2375000      0.7949390    
   8.875000      0.2375000      0.8199071    
   9.125000      0.2375000      0.8448623    
   9.375000      0.2375000      0.8700293    
   9.625000      0.2375000      0.8970934    
   9.875000      0.2375000      0.9373959    
   10.00000      0.2375000       1.000000    
 
  0.0000000E+00  0.2625000      0.0000000E+00
  0.1250000      0.2625000      1.6747974E-03
  0.3750000      0.2625000      9.5291967E-03
  0.6250000      0.2625000      2.1258283E-02
  0.8750000      0.2625000      3.6216669E-02
   1.125000      0.2625000      5.3790536E-02
   1.375000      0.2625000      7.3416926E-02
   1.625000      0.2625000      9.4609864E-02
   1.875000      0.2625000      0.1169722    
   2.125000      0.2625000      0.1401925    
   2.375000      0.2625000      0.1640339    
   2.625000      0.2625000      0.1883208    
   2.875000      0.2625000      0.2129237    
   3.125000      0.2625000      0.2377484    
   3.375000      0.2625000      0.2627273    
   3.625000      0.2625000      0.2878124    
   3.875000      0.2625000      0.3129688    
   4.125000      0.2625000      0.3381720    
   4.375000      0.2625000      0.3634048    
   4.625000      0.2625000      0.3886545    
   4.875000      0.2625000      0.4139123    
   5.125000      0.2625000      0.4391724    
   5.375000      0.2625000      0.4644297    
   5.625000      0.2625000      0.4896802    
   5.875000      0.2625000      0.5149211    
   6.125000      0.2625000      0.5401510    
   6.375000      0.2625000      0.5653678    
   6.625000      0.2625000      0.5905699    
   6.875000      0.2625000      0.6157556    
   7.125000      0.2625000      0.6409231    
   7.375000      0.2625000      0.6660700    
   7.625000      0.2625000      0.6911942    
   7.875000      0.2625000      0.7162930    
   8.125000      0.2625000      0.7413634    
   8.375000      0.2625000      0.7664023    
   8.625000      0.2625000      0.7914055    
   8.875000      0.2625000      0.8163695    
   9.125000      0.2625000      0.8413140    
   9.375000      0.2625000      0.8664598    
   9.625000      0.2625000      0.8935193    
   9.875000      0.2625000      0.9342955    
   10.00000      0.2625000       1.000000    
 
  0.0000000E+00  0.2875000      0.0000000E+00
  0.1250000      0.2875000      1.3972230E-03
  0.3750000      0.2875000      8.4943715E-03
  0.6250000      0.2875000      1.9566404E-02
  0.8750000      0.2875000      3.4040004E-02
   1.125000      0.2875000      5.1283374E-02
   1.375000      0.2875000      7.0695125E-02
   1.625000      0.2875000      9.1754377E-02
   1.875000      0.2875000      0.1140380    
   2.125000      0.2875000      0.1372163    
   2.375000      0.2875000      0.1610403    
   2.625000      0.2875000      0.1853264    
   2.875000      0.2875000      0.2099391    
   3.125000      0.2875000      0.2347808    
   3.375000      0.2875000      0.2597814    
   3.625000      0.2875000      0.2848909    
   3.875000      0.2875000      0.3100732    
   4.125000      0.2875000      0.3353031    
   4.375000      0.2875000      0.3605629    
   4.625000      0.2875000      0.3858393    
   4.875000      0.2875000      0.4111232    
   5.125000      0.2875000      0.4364088    
   5.375000      0.2875000      0.4616905    
   5.625000      0.2875000      0.4869644    
   5.875000      0.2875000      0.5122277    
   6.125000      0.2875000      0.5374786    
   6.375000      0.2875000      0.5627151    
   6.625000      0.2875000      0.5879356    
   6.875000      0.2875000      0.6131380    
   7.125000      0.2875000      0.6383205    
   7.375000      0.2875000      0.6634806    
   7.625000      0.2875000      0.6886160    
   7.875000      0.2875000      0.7137237    
   8.125000      0.2875000      0.7388005    
   8.375000      0.2875000      0.7638428    
   8.625000      0.2875000      0.7888460    
   8.875000      0.2875000      0.8138057    
   9.125000      0.2875000      0.8387378    
   9.375000      0.2875000      0.8638543    
   9.625000      0.2875000      0.8908660    
   9.875000      0.2875000      0.9318763    
   10.00000      0.2875000       1.000000    
 
  0.0000000E+00  0.3125000      0.0000000E+00
  0.1250000      0.3125000      1.1911063E-03
  0.3750000      0.3125000      7.7105570E-03
  0.6250000      0.3125000      1.8294120E-02
  0.8750000      0.3125000      3.2428596E-02
   1.125000      0.3125000      4.9460966E-02
   1.375000      0.3125000      6.8752125E-02
   1.625000      0.3125000      8.9749403E-02
   1.875000      0.3125000      0.1120077    
   2.125000      0.3125000      0.1351832    
   2.375000      0.3125000      0.1590182    
   2.625000      0.3125000      0.1833235    
   2.875000      0.3125000      0.2079604    
   3.125000      0.3125000      0.2328292    
   3.375000      0.3125000      0.2578585    
   3.625000      0.3125000      0.2829973    
   3.875000      0.3125000      0.3082089    
   4.125000      0.3125000      0.3334675    
   4.375000      0.3125000      0.3587557    
   4.625000      0.3125000      0.3840596    
   4.875000      0.3125000      0.4093699    
   5.125000      0.3125000      0.4346810    
   5.375000      0.3125000      0.4599870    
   5.625000      0.3125000      0.4852841    
   5.875000      0.3125000      0.5105695    
   6.125000      0.3125000      0.5358411    
   6.375000      0.3125000      0.5610968    
   6.625000      0.3125000      0.5863354    
   6.875000      0.3125000      0.6115541    
   7.125000      0.3125000      0.6367512    
   7.375000      0.3125000      0.6619241    
   7.625000      0.3125000      0.6870702    
   7.875000      0.3125000      0.7121864    
   8.125000      0.3125000      0.7372691    
   8.375000      0.3125000      0.7623144    
   8.625000      0.3125000      0.7873175    
   8.875000      0.3125000      0.8122720    
   9.125000      0.3125000      0.8371899    
   9.375000      0.3125000      0.8622692    
   9.625000      0.3125000      0.8891906    
   9.875000      0.3125000      0.9301935    
   10.00000      0.3125000       1.000000    
 
  0.0000000E+00  0.3375000      0.0000000E+00
  0.1250000      0.3375000      1.0459782E-03
  0.3750000      0.3375000      7.1662352E-03
  0.6250000      0.3375000      1.7441098E-02
  0.8750000      0.3375000      3.1395569E-02
   1.125000      0.3375000      4.8347842E-02
   1.375000      0.3375000      6.7621000E-02
   1.625000      0.3375000      8.8634089E-02
   1.875000      0.3375000      0.1109247    
   2.125000      0.3375000      0.1341393    
   2.375000      0.3375000      0.1580155    
   2.625000      0.3375000      0.1823617    
   2.875000      0.3375000      0.2070382    
   3.125000      0.3375000      0.2319448    
   3.375000      0.3375000      0.2570100    
   3.625000      0.3375000      0.2821833    
   3.875000      0.3375000      0.3074275    
   4.125000      0.3375000      0.3327172    
   4.375000      0.3375000      0.3580349    
   4.625000      0.3375000      0.3833671    
   4.875000      0.3375000      0.4087043    
   5.125000      0.3375000      0.4340409    
   5.375000      0.3375000      0.4593712    
   5.625000      0.3375000      0.4846913    
   5.875000      0.3375000      0.5099983    
   6.125000      0.3375000      0.5352902    
   6.375000      0.3375000      0.5605649    
   6.625000      0.3375000      0.5858208    
   6.875000      0.3375000      0.6110555    
   7.125000      0.3375000      0.6362666    
   7.375000      0.3375000      0.6614518    
   7.625000      0.3375000      0.6866081    
   7.875000      0.3375000      0.7117323    
   8.125000      0.3375000      0.7368206    
   8.375000      0.3375000      0.7618685    
   8.625000      0.3375000      0.7868707    
   8.875000      0.3375000      0.8118194    
   9.125000      0.3375000      0.8367211    
   9.375000      0.3375000      0.8617548    
   9.625000      0.3375000      0.8885437    
   9.875000      0.3375000      0.9292964    
   10.00000      0.3375000       1.000000    
 
  0.0000000E+00  0.3625000      0.0000000E+00
  0.1250000      0.3625000      9.5411728E-04
  0.3750000      0.3625000      6.8540601E-03
  0.6250000      0.3625000      1.7010763E-02
  0.8750000      0.3625000      3.0956611E-02
   1.125000      0.3625000      4.7969606E-02
   1.375000      0.3625000      6.7334369E-02
   1.625000      0.3625000      8.8445723E-02
   1.875000      0.3625000      0.1108293    
   2.125000      0.3625000      0.1341270    
   2.375000      0.3625000      0.1580760    
   2.625000      0.3625000      0.1824854    
   2.875000      0.3625000      0.2072172    
   3.125000      0.3625000      0.2321727    
   3.375000      0.3625000      0.2572815    
   3.625000      0.3625000      0.2824942    
   3.875000      0.3625000      0.3077746    
   4.125000      0.3625000      0.3330977    
   4.375000      0.3625000      0.3584463    
   4.625000      0.3625000      0.3838075    
   4.875000      0.3625000      0.4091720    
   5.125000      0.3625000      0.4345341    
   5.375000      0.3625000      0.4598885    
   5.625000      0.3625000      0.4852311    
   5.875000      0.3625000      0.5105594    
   6.125000      0.3625000      0.5358711    
   6.375000      0.3625000      0.5611644    
   6.625000      0.3625000      0.5864370    
   6.875000      0.3625000      0.6116869    
   7.125000      0.3625000      0.6369117    
   7.375000      0.3625000      0.6621086    
   7.625000      0.3625000      0.6872746    
   7.875000      0.3625000      0.7124062    
   8.125000      0.3625000      0.7374994    
   8.375000      0.3625000      0.7625493    
   8.625000      0.3625000      0.7875499    
   8.875000      0.3625000      0.8124920    
   9.125000      0.3625000      0.8373753    
   9.375000      0.3625000      0.8623552    
   9.625000      0.3625000      0.8889687    
   9.875000      0.3625000      0.9292260    
   10.00000      0.3625000       1.000000    
 
  0.0000000E+00  0.3875000      0.0000000E+00
  0.1250000      0.3875000      9.1053586E-04
  0.3750000      0.3875000      6.7720078E-03
  0.6250000      0.3875000      1.7011972E-02
  0.8750000      0.3875000      3.1131545E-02
   1.125000      0.3875000      4.8354182E-02
   1.375000      0.3875000      6.7925312E-02
   1.625000      0.3875000      8.9220420E-02
   1.875000      0.3875000      0.1117593    
   2.125000      0.3875000      0.1351851    
   2.375000      0.3875000      0.1592388    
   2.625000      0.3875000      0.1837341    
   2.875000      0.3875000      0.2085371    
   3.125000      0.3875000      0.2335525    
   3.375000      0.3875000      0.2587126    
   3.625000      0.3875000      0.2839699    
   3.875000      0.3875000      0.3092898    
   4.125000      0.3875000      0.3346485    
   4.375000      0.3875000      0.3600294    
   4.625000      0.3875000      0.3854201    
   4.875000      0.3875000      0.4108121    
   5.125000      0.3875000      0.4361998    
   5.375000      0.3875000      0.4615780    
   5.625000      0.3875000      0.4869428    
   5.875000      0.3875000      0.5122918    
   6.125000      0.3875000      0.5376229    
   6.375000      0.3875000      0.5629339    
   6.625000      0.3875000      0.5882229    
   6.875000      0.3875000      0.6134874    
   7.125000      0.3875000      0.6387251    
   7.375000      0.3875000      0.6639330    
   7.625000      0.3875000      0.6891080    
   7.875000      0.3875000      0.7142463    
   8.125000      0.3875000      0.7393438    
   8.375000      0.3875000      0.7643951    
   8.625000      0.3875000      0.7893934    
   8.875000      0.3875000      0.8143277    
   9.125000      0.3875000      0.8391903    
   9.375000      0.3875000      0.8641072    
   9.625000      0.3875000      0.8905021    
   9.875000      0.3875000      0.9300151    
   10.00000      0.3875000       1.000000    
 
  0.0000000E+00  0.4125000      0.0000000E+00
  0.1250000      0.4125000      9.1299473E-04
  0.3750000      0.4125000      6.9244076E-03
  0.6250000      0.4125000      1.7460465E-02
  0.8750000      0.4125000      3.1945676E-02
   1.125000      0.4125000      4.9532801E-02
   1.375000      0.4125000      6.9428034E-02
   1.625000      0.4125000      9.0993538E-02
   1.875000      0.4125000      0.1137502    
   2.125000      0.4125000      0.1373488    
   2.375000      0.4125000      0.1615389    
   2.625000      0.4125000      0.1861425    
   2.875000      0.4125000      0.2110322    
   3.125000      0.4125000      0.2361183    
   3.375000      0.4125000      0.2613371    
   3.625000      0.4125000      0.2866440    
   3.875000      0.4125000      0.3120065    
   4.125000      0.4125000      0.3374027    
   4.375000      0.4125000      0.3628171    
   4.625000      0.4125000      0.3882380    
   4.875000      0.4125000      0.4136576    
   5.125000      0.4125000      0.4390708    
   5.375000      0.4125000      0.4644723    
   5.625000      0.4125000      0.4898589    
   5.875000      0.4125000      0.5152281    
   6.125000      0.4125000      0.5405778    
   6.375000      0.4125000      0.5659059    
   6.625000      0.4125000      0.5912104    
   6.875000      0.4125000      0.6164888    
   7.125000      0.4125000      0.6417387    
   7.375000      0.4125000      0.6669571    
   7.625000      0.4125000      0.6921402    
   7.875000      0.4125000      0.7172844    
   8.125000      0.4125000      0.7423853    
   8.375000      0.4125000      0.7674373    
   8.625000      0.4125000      0.7924326    
   8.875000      0.4125000      0.8173578    
   9.125000      0.4125000      0.8421970    
   9.375000      0.4125000      0.8670411    
   9.625000      0.4125000      0.8931722    
   9.875000      0.4125000      0.9316878    
   10.00000      0.4125000       1.000000    
 
  0.0000000E+00  0.4375000      0.0000000E+00
  0.1250000      0.4375000      9.6210331E-04
  0.3750000      0.4375000      7.3229298E-03
  0.6250000      0.4375000      1.8380143E-02
  0.8750000      0.4375000      3.3430878E-02
   1.125000      0.4375000      5.1540781E-02
   1.375000      0.4375000      7.1878374E-02
   1.625000      0.4375000      9.3800031E-02
   1.875000      0.4375000      0.1168358    
   2.125000      0.4375000      0.1406505    
   2.375000      0.4375000      0.1650075    
   2.625000      0.4375000      0.1897406    
   2.875000      0.4375000      0.2147319    
   3.125000      0.4375000      0.2398988    
   3.375000      0.4375000      0.2651832    
   3.625000      0.4375000      0.2905441    
   3.875000      0.4375000      0.3159523    
   4.125000      0.4375000      0.3413878    
   4.375000      0.4375000      0.3668366    
   4.625000      0.4375000      0.3922882    
   4.875000      0.4375000      0.4177354    
   5.125000      0.4375000      0.4431737    
   5.375000      0.4375000      0.4685983    
   5.625000      0.4375000      0.4940060    
   5.875000      0.4375000      0.5193948    
   6.125000      0.4375000      0.5447624    
   6.375000      0.4375000      0.5701069    
   6.625000      0.4375000      0.5954261    
   6.875000      0.4375000      0.6207176    
   7.125000      0.4375000      0.6459789    
   7.375000      0.4375000      0.6712067    
   7.625000      0.4375000      0.6963974    
   7.875000      0.4375000      0.7215466    
   8.125000      0.4375000      0.7466502    
   8.375000      0.4375000      0.7717018    
   8.625000      0.4375000      0.7966931    
   8.875000      0.4375000      0.8216079    
   9.125000      0.4375000      0.8464207    
   9.375000      0.4375000      0.8711815    
   9.625000      0.4375000      0.8970014    
   9.875000      0.4375000      0.9342598    
   10.00000      0.4375000       1.000000    
 
  0.0000000E+00  0.4625000      0.0000000E+00
  0.1250000      0.4625000      1.0615534E-03
  0.3750000      0.4625000      7.9875607E-03
  0.6250000      0.4625000      1.9804113E-02
  0.8750000      0.4625000      3.5626277E-02
   1.125000      0.4625000      5.4417837E-02
   1.375000      0.4625000      7.5313874E-02
   1.625000      0.4625000      9.7674362E-02
   1.875000      0.4625000      0.1210474    
   2.125000      0.4625000      0.1451189    
   2.375000      0.4625000      0.1696712    
   2.625000      0.4625000      0.1945535    
   2.875000      0.4625000      0.2196599    
   3.125000      0.4625000      0.2449168    
   3.375000      0.4625000      0.2702730    
   3.625000      0.4625000      0.2956921    
   3.875000      0.4625000      0.3211485    
   4.125000      0.4625000      0.3466248    
   4.375000      0.4625000      0.3721086    
   4.625000      0.4625000      0.3975913    
   4.875000      0.4625000      0.4230660    
   5.125000      0.4625000      0.4485290    
   5.375000      0.4625000      0.4739761    
   5.625000      0.4625000      0.4994044    
   5.875000      0.4625000      0.5248117    
   6.125000      0.4625000      0.5501965    
   6.375000      0.4625000      0.5755565    
   6.625000      0.4625000      0.6008896    
   6.875000      0.4625000      0.6261935    
   7.125000      0.4625000      0.6514653    
   7.375000      0.4625000      0.6767016    
   7.625000      0.4625000      0.7018988    
   7.875000      0.4625000      0.7270523    
   8.125000      0.4625000      0.7521576    
   8.375000      0.4625000      0.7772079    
   8.625000      0.4625000      0.8021941    
   8.875000      0.4625000      0.8270970    
   9.125000      0.4625000      0.8518800    
   9.375000      0.4625000      0.8765461    
   9.625000      0.4625000      0.9020046    
   9.875000      0.4625000      0.9377375    
   10.00000      0.4625000       1.000000    
 
  0.0000000E+00  0.4875000      0.0000000E+00
  0.1250000      0.4875000      1.2185326E-03
  0.3750000      0.4875000      8.9476397E-03
  0.6250000      0.4875000      2.1775538E-02
  0.8750000      0.4875000      3.8578667E-02
   1.125000      0.4875000      5.8208156E-02
   1.375000      0.4875000      7.9773679E-02
   1.625000      0.4875000      0.1026503    
   1.875000      0.4875000      0.1264142    
   2.125000      0.4875000      0.1507794    
   2.375000      0.4875000      0.1755524    
   2.625000      0.4875000      0.2006014    
   2.875000      0.4875000      0.2258348    
   3.125000      0.4875000      0.2511898    
   3.375000      0.4875000      0.2766229    
   3.625000      0.4875000      0.3021037    
   3.875000      0.4875000      0.3276103    
   4.125000      0.4875000      0.3531285    
   4.375000      0.4875000      0.3786479    
   4.625000      0.4875000      0.4041614    
   4.875000      0.4875000      0.4296635    
   5.125000      0.4875000      0.4551508    
   5.375000      0.4875000      0.4806195    
   5.625000      0.4875000      0.5060677    
   5.875000      0.4875000      0.5314929    
   6.125000      0.4875000      0.5568939    
   6.375000      0.4875000      0.5822686    
   6.625000      0.4875000      0.6076147    
   6.875000      0.4875000      0.6329300    
   7.125000      0.4875000      0.6582112    
   7.375000      0.4875000      0.6834553    
   7.625000      0.4875000      0.7086579    
   7.875000      0.4875000      0.7338147    
   8.125000      0.4875000      0.7589206    
   8.375000      0.4875000      0.7839686    
   8.625000      0.4875000      0.8089486    
   8.875000      0.4875000      0.8338380    
   9.125000      0.4875000      0.8585874    
   9.375000      0.4875000      0.8831463    
   9.625000      0.4875000      0.9081893    
   9.875000      0.4875000      0.9421186    
   10.00000      0.4875000       1.000000    
 
  0.0000000E+00  0.5125000      0.0000000E+00
  0.1250000      0.5125000      1.4443686E-03
  0.3750000      0.5125000      1.0242946E-02
  0.6250000      0.5125000      2.4348203E-02
  0.8750000      0.5125000      4.2342432E-02
   1.125000      0.5125000      6.2959984E-02
   1.375000      0.5125000      8.5298002E-02
   1.625000      0.5125000      0.1087606    
   1.875000      0.5125000      0.1329625    
   2.125000      0.5125000      0.1576533    
   2.375000      0.5125000      0.1826687    
   2.625000      0.5125000      0.2078990    
   2.875000      0.5125000      0.2332693    
   3.125000      0.5125000      0.2587290    
   3.375000      0.5125000      0.2842433    
   3.625000      0.5125000      0.3097881    
   3.875000      0.5125000      0.3353466    
   4.125000      0.5125000      0.3609073    
   4.375000      0.5125000      0.3864625    
   4.625000      0.5125000      0.4120068    
   4.875000      0.5125000      0.4375355    
   5.125000      0.5125000      0.4630463    
   5.375000      0.5125000      0.4885361    
   5.625000      0.5125000      0.5140032    
   5.875000      0.5125000      0.5394454    
   6.125000      0.5125000      0.5648617    
   6.375000      0.5125000      0.5902501    
   6.625000      0.5125000      0.6156082    
   6.875000      0.5125000      0.6409338    
   7.125000      0.5125000      0.6662236    
   7.375000      0.5125000      0.6914743    
   7.625000      0.5125000      0.7166812    
   7.875000      0.5125000      0.7418403    
   8.125000      0.5125000      0.7669459    
   8.375000      0.5125000      0.7919906    
   8.625000      0.5125000      0.8169630    
   8.875000      0.5125000      0.8418372    
   9.125000      0.5125000      0.8665489    
   9.375000      0.5125000      0.8909866    
   9.625000      0.5125000      0.9155557    
   9.875000      0.5125000      0.9473925    
   10.00000      0.5125000       1.000000    
 
  0.0000000E+00  0.5375000      0.0000000E+00
  0.1250000      0.5375000      1.7554526E-03
  0.3750000      0.5375000      1.1924842E-02
  0.6250000      0.5375000      2.7586807E-02
  0.8750000      0.5375000      4.6979118E-02
   1.125000      0.5375000      6.8724841E-02
   1.375000      0.5375000      9.1927297E-02
   1.625000      0.5375000      0.1160358    
   1.875000      0.5375000      0.1407152    
   2.125000      0.5375000      0.1657577    
   2.375000      0.5375000      0.1910329    
   2.625000      0.5375000      0.2164560    
   2.875000      0.5375000      0.2419707    
   3.125000      0.5375000      0.2675398    
   3.375000      0.5375000      0.2931383    
   3.625000      0.5375000      0.3187490    
   3.875000      0.5375000      0.3443600    
   4.125000      0.5375000      0.3699635    
   4.375000      0.5375000      0.3955541    
   4.625000      0.5375000      0.4211287    
   4.875000      0.5375000      0.4466835    
   5.125000      0.5375000      0.4722171    
   5.375000      0.5375000      0.4977268    
   5.625000      0.5375000      0.5232118    
   5.875000      0.5375000      0.5486701    
   6.125000      0.5375000      0.5741008    
   6.375000      0.5375000      0.5995017    
   6.625000      0.5375000      0.6248708    
   6.875000      0.5375000      0.6502057    
   7.125000      0.5375000      0.6755030    
   7.375000      0.5375000      0.7007591    
   7.625000      0.5375000      0.7259695    
   7.875000      0.5375000      0.7511297    
   8.125000      0.5375000      0.7762338    
   8.375000      0.5375000      0.8012738    
   8.625000      0.5375000      0.8262375    
   8.875000      0.5375000      0.8510945    
   9.125000      0.5375000      0.8757640    
   9.375000      0.5375000      0.9000654    
   9.625000      0.5375000      0.9240974    
   9.875000      0.5375000      0.9535394    
   10.00000      0.5375000       1.000000    
 
  0.0000000E+00  0.5625000      0.0000000E+00
  0.1250000      0.5625000      2.1745102E-03
  0.3750000      0.5625000      1.4057430E-02
  0.6250000      0.5625000      3.1566814E-02
  0.8750000      0.5625000      5.2556455E-02
   1.125000      0.5625000      7.5556353E-02
   1.375000      0.5625000      9.9701159E-02
   1.625000      0.5625000      0.1245041    
   1.875000      0.5625000      0.1496913    
   2.125000      0.5625000      0.1751051    
   2.375000      0.5625000      0.2006524    
   2.625000      0.5625000      0.2262762    
   2.875000      0.5625000      0.2519402    
   3.125000      0.5625000      0.2776217    
   3.375000      0.5625000      0.3033060    
   3.625000      0.5625000      0.3289833    
   3.875000      0.5625000      0.3546470    
   4.125000      0.5625000      0.3802929    
   4.375000      0.5625000      0.4059185    
   4.625000      0.5625000      0.4315225    
   4.875000      0.5625000      0.4571024    
   5.125000      0.5625000      0.4826578    
   5.375000      0.5625000      0.5081865    
   5.625000      0.5625000      0.5336884    
   5.875000      0.5625000      0.5591616    
   6.125000      0.5625000      0.5846055    
   6.375000      0.5625000      0.6100180    
   6.625000      0.5625000      0.6353970    
   6.875000      0.5625000      0.6607401    
   7.125000      0.5625000      0.6860439    
   7.375000      0.5625000      0.7113044    
   7.625000      0.5625000      0.7365171    
   7.875000      0.5625000      0.7616772    
   8.125000      0.5625000      0.7867787    
   8.375000      0.5625000      0.8118129    
   8.625000      0.5625000      0.8367664    
   8.875000      0.5625000      0.8616042    
   9.125000      0.5625000      0.8862266    
   9.375000      0.5625000      0.9103751    
   9.625000      0.5625000      0.9338012    
   9.875000      0.5625000      0.9605327    
   10.00000      0.5625000       1.000000    
 
  0.0000000E+00  0.5875000      0.0000000E+00
  0.1250000      0.5875000      2.7322837E-03
  0.3750000      0.5875000      1.6718609E-02
  0.6250000      0.5875000      3.6373824E-02
  0.8750000      0.5875000      5.9146769E-02
   1.125000      0.5875000      8.3508462E-02
   1.375000      0.5875000      0.1086568    
   1.625000      0.5875000      0.1341892    
   1.875000      0.5875000      0.1599049    
   2.125000      0.5875000      0.1857019    
   2.375000      0.5875000      0.2115285    
   2.625000      0.5875000      0.2373570    
   2.875000      0.5875000      0.2631727    
   3.125000      0.5875000      0.2889677    
   3.375000      0.5875000      0.3147380    
   3.625000      0.5875000      0.3404816    
   3.875000      0.5875000      0.3661973    
   4.125000      0.5875000      0.3918848    
   4.375000      0.5875000      0.4175443    
   4.625000      0.5875000      0.4431767    
   4.875000      0.5875000      0.4687808    
   5.125000      0.5875000      0.4943567    
   5.375000      0.5875000      0.5199033    
   5.625000      0.5875000      0.5454208    
   5.875000      0.5875000      0.5709079    
   6.125000      0.5875000      0.5963638    
   6.375000      0.5875000      0.6217868    
   6.625000      0.5875000      0.6471746    
   6.875000      0.5875000      0.6725248    
   7.125000      0.5875000      0.6978337    
   7.375000      0.5875000      0.7230977    
   7.625000      0.5875000      0.7483116    
   7.875000      0.5875000      0.7734705    
   8.125000      0.5875000      0.7985681    
   8.375000      0.5875000      0.8235955    
   8.625000      0.5875000      0.8485374    
   8.875000      0.5875000      0.8733537    
   9.125000      0.5875000      0.8979240    
   9.375000      0.5875000      0.9219011    
   9.625000      0.5875000      0.9446472    
   9.875000      0.5875000      0.9683372    
   10.00000      0.5875000       1.000000    
 
  0.0000000E+00  0.6125000      0.0000000E+00
  0.1250000      0.6125000      3.4697028E-03
  0.3750000      0.6125000      2.0001017E-02
  0.6250000      0.6125000      4.2102341E-02
  0.8750000      0.6125000      6.6824988E-02
   1.125000      0.6125000      9.2633523E-02
   1.375000      0.6125000      0.1188276    
   1.625000      0.6125000      0.1451102    
   1.875000      0.6125000      0.1713641    
   2.125000      0.6125000      0.1975489    
   2.375000      0.6125000      0.2236565    
   2.625000      0.6125000      0.2496901    
   2.875000      0.6125000      0.2756568    
   3.125000      0.6125000      0.3015644    
   3.375000      0.6125000      0.3274195    
   3.625000      0.6125000      0.3532282    
   3.875000      0.6125000      0.3789945    
   4.125000      0.6125000      0.4047224    
   4.375000      0.6125000      0.4304145    
   4.625000      0.6125000      0.4560737    
   4.875000      0.6125000      0.4817007    
   5.125000      0.6125000      0.5072958    
   5.375000      0.6125000      0.5328592    
   5.625000      0.6125000      0.5583910    
   5.875000      0.6125000      0.5838909    
   6.125000      0.6125000      0.6093576    
   6.375000      0.6125000      0.6347899    
   6.625000      0.6125000      0.6601854    
   6.875000      0.6125000      0.6855416    
   7.125000      0.6125000      0.7108546    
   7.375000      0.6125000      0.7361207    
   7.625000      0.6125000      0.7613348    
   7.875000      0.6125000      0.7864915    
   8.125000      0.6125000      0.8115841    
   8.375000      0.6125000      0.8366033    
   8.625000      0.6125000      0.8615323    
   8.875000      0.6125000      0.8863248    
   9.125000      0.6125000      0.9108374    
   9.375000      0.6125000      0.9346239    
   9.625000      0.6125000      0.9566098    
   9.875000      0.6125000      0.9769123    
   10.00000      0.6125000       1.000000    
 
  0.0000000E+00  0.6375000      0.0000000E+00
  0.1250000      0.6375000      4.4406080E-03
  0.3750000      0.6375000      2.4012439E-02
  0.6250000      0.6375000      4.8853774E-02
  0.8750000      0.6375000      7.5665906E-02
   1.125000      0.6375000      0.1029798    
   1.375000      0.6375000      0.1302409    
   1.625000      0.6375000      0.1572791    
   1.875000      0.6375000      0.1840702    
   2.125000      0.6375000      0.2106396    
   2.375000      0.6375000      0.2370244    
   2.625000      0.6375000      0.2632596    
   2.875000      0.6375000      0.2893741    
   3.125000      0.6375000      0.3153913    
   3.375000      0.6375000      0.3413288    
   3.625000      0.6375000      0.3672003    
   3.875000      0.6375000      0.3930152    
   4.125000      0.6375000      0.4187814    
   4.375000      0.6375000      0.4445046    
   4.625000      0.6375000      0.4701892    
   4.875000      0.6375000      0.4958375    
   5.125000      0.6375000      0.5214504    
   5.375000      0.6375000      0.5470291    
   5.625000      0.6375000      0.5725741    
   5.875000      0.6375000      0.5980853    
   6.125000      0.6375000      0.6235617    
   6.375000      0.6375000      0.6490021    
   6.625000      0.6375000      0.6744041    
   6.875000      0.6375000      0.6997651    
   7.125000      0.6375000      0.7250812    
   7.375000      0.6375000      0.7503483    
   7.625000      0.6375000      0.7755613    
   7.875000      0.6375000      0.8007145    
   8.125000      0.6375000      0.8258012    
   8.375000      0.6375000      0.8508111    
   8.625000      0.6375000      0.8757255    
   8.875000      0.6375000      0.9004922    
   9.125000      0.6375000      0.9249414    
   9.375000      0.6375000      0.9485161    
   9.625000      0.6375000      0.9696569    
   9.875000      0.6375000      0.9862110    
   10.00000      0.6375000       1.000000    
 
  0.0000000E+00  0.6625000      0.0000000E+00
  0.1250000      0.6625000      5.7150875E-03
  0.3750000      0.6625000      2.8875753E-02
  0.6250000      0.6625000      5.6733638E-02
  0.8750000      0.6625000      8.5741058E-02
   1.125000      0.6625000      0.1145891    
   1.375000      0.6625000      0.1429165    
   1.625000      0.6625000      0.1707001    
   1.875000      0.6625000      0.1980169    
   2.125000      0.6625000      0.2249602    
   2.375000      0.6625000      0.2516134    
   2.625000      0.6625000      0.2780429    
   2.875000      0.6625000      0.3042994    
   3.125000      0.6625000      0.3304216    
   3.375000      0.6625000      0.3564377    
   3.625000      0.6625000      0.3823687    
   3.875000      0.6625000      0.4082296    
   4.125000      0.6625000      0.4340318    
   4.375000      0.6625000      0.4597840    
   4.625000      0.6625000      0.4854923    
   4.875000      0.6625000      0.5111602    
   5.125000      0.6625000      0.5367895    
   5.375000      0.6625000      0.5623821    
   5.625000      0.6625000      0.5879390    
   5.875000      0.6625000      0.6134602    
   6.125000      0.6625000      0.6389452    
   6.375000      0.6625000      0.6643924    
   6.625000      0.6625000      0.6897997    
   6.875000      0.6625000      0.7151642    
   7.125000      0.6625000      0.7404824    
   7.375000      0.6625000      0.7657495    
   7.625000      0.6625000      0.7909604    
   7.875000      0.6625000      0.8161089    
   8.125000      0.6625000      0.8411886    
   8.375000      0.6625000      0.8661880    
   8.625000      0.6625000      0.8910866    
   8.875000      0.6625000      0.9158253    
   9.125000      0.6625000      0.9402049    
   9.375000      0.6625000      0.9635463    
   9.625000      0.6625000      0.9837522    
   9.875000      0.6625000      0.9961844    
   10.00000      0.6625000       1.000000    
 
  0.0000000E+00  0.6875000      0.0000000E+00
  0.1250000      0.6875000      7.3834066E-03
  0.3750000      0.6875000      3.4727816E-02
  0.6250000      0.6875000      6.5847799E-02
  0.8750000      0.6875000      9.7115017E-02
   1.125000      0.6875000      0.1274937    
   1.375000      0.6875000      0.1568644    
   1.625000      0.6875000      0.1853684    
   1.875000      0.6875000      0.2131889    
   2.125000      0.6875000      0.2404887    
   2.375000      0.6875000      0.2673967    
   2.625000      0.6875000      0.2940099    
   2.875000      0.6875000      0.3204003    
   3.125000      0.6875000      0.3466213    
   3.375000      0.6875000      0.3727109    
   3.625000      0.6875000      0.3986976    
   3.875000      0.6875000      0.4246010    
   4.125000      0.6875000      0.4504368    
   4.375000      0.6875000      0.4762157    
   4.625000      0.6875000      0.5019458    
   4.875000      0.6875000      0.5276313    
   5.125000      0.6875000      0.5532753    
   5.375000      0.6875000      0.5788805    
   5.625000      0.6875000      0.6044477    
   5.875000      0.6875000      0.6299779    
   6.125000      0.6875000      0.6554700    
   6.375000      0.6875000      0.6809229    
   6.625000      0.6875000      0.7063344    
   6.875000      0.6875000      0.7317016    
   7.125000      0.6875000      0.7570205    
   7.375000      0.6875000      0.7822865    
   7.625000      0.6875000      0.8074943    
   7.875000      0.6875000      0.8326374    
   8.125000      0.6875000      0.8577089    
   8.375000      0.6875000      0.8826968    
   8.625000      0.6875000      0.9075785    
   8.875000      0.6875000      0.9322870    
   9.125000      0.6875000      0.9565910    
   9.375000      0.6875000      0.9796765    
   9.625000      0.6875000      0.9988550    
   9.875000      0.6875000       1.006782    
   10.00000      0.6875000       1.000000    
 
  0.0000000E+00  0.7125000      0.0000000E+00
  0.1250000      0.7125000      9.5604602E-03
  0.3750000      0.7125000      4.1717090E-02
  0.6250000      0.7125000      7.6297678E-02
  0.8750000      0.7125000      0.1098414    
   1.125000      0.7125000      0.1417137    
   1.375000      0.7125000      0.1720830    
   1.625000      0.7125000      0.2012683    
   1.875000      0.7125000      0.2295616    
   2.125000      0.7125000      0.2571941    
   2.375000      0.7125000      0.2843390    
   2.625000      0.7125000      0.3111227    
   2.875000      0.7125000      0.3376369    
   3.125000      0.7125000      0.3639489    
   3.375000      0.7125000      0.3901062    
   3.625000      0.7125000      0.4161439    
   3.875000      0.7125000      0.4420863    
   4.125000      0.7125000      0.4679524    
   4.375000      0.7125000      0.4937557    
   4.625000      0.7125000      0.5195053    
   4.875000      0.7125000      0.5452067    
   5.125000      0.7125000      0.5708637    
   5.375000      0.7125000      0.5964798    
   5.625000      0.7125000      0.6220562    
   5.875000      0.7125000      0.6475938    
   6.125000      0.7125000      0.6730919    
   6.375000      0.7125000      0.6985494    
   6.625000      0.7125000      0.7239640    
   6.875000      0.7125000      0.7493327    
   7.125000      0.7125000      0.7746514    
   7.375000      0.7125000      0.7999154    
   7.625000      0.7125000      0.8251191    
   7.875000      0.7125000      0.8502558    
   8.125000      0.7125000      0.8753181    
   8.375000      0.7125000      0.9002936    
   8.625000      0.7125000      0.9251574    
   8.875000      0.7125000      0.9498336    
   9.125000      0.7125000      0.9740559    
   9.375000      0.7125000      0.9968633    
   9.625000      0.7125000       1.014921    
   9.875000      0.7125000       1.017956    
   10.00000      0.7125000       1.000000    
 
  0.0000000E+00  0.7375000      0.0000000E+00
  0.1250000      0.7375000      1.2390516E-02
  0.3750000      0.7375000      4.9999543E-02
  0.6250000      0.7375000      8.8174678E-02
  0.8750000      0.7375000      0.1239587    
   1.125000      0.7375000      0.1572545    
   1.375000      0.7375000      0.1885577    
   1.625000      0.7375000      0.2183727    
   1.875000      0.7375000      0.2471001    
   2.125000      0.7375000      0.2750365    
   2.375000      0.7375000      0.3023970    
   2.625000      0.7375000      0.3293355    
   2.875000      0.7375000      0.3559618    
   3.125000      0.7375000      0.3823560    
   3.375000      0.7375000      0.4085744    
   3.625000      0.7375000      0.4346579    
   3.875000      0.7375000      0.4606353    
   4.125000      0.7375000      0.4865285    
   4.375000      0.7375000      0.5123534    
   4.625000      0.7375000      0.5381201    
   4.875000      0.7375000      0.5638354    
   5.125000      0.7375000      0.5895040    
   5.375000      0.7375000      0.6151294    
   5.625000      0.7375000      0.6407135    
   5.875000      0.7375000      0.6662573    
   6.125000      0.7375000      0.6917604    
   6.375000      0.7375000      0.7172214    
   6.625000      0.7375000      0.7426379    
   6.875000      0.7375000      0.7680071    
   7.125000      0.7375000      0.7933247    
   7.375000      0.7375000      0.8185858    
   7.625000      0.7375000      0.8437845    
   7.875000      0.7375000      0.8689139    
   8.125000      0.7375000      0.8939665    
   8.375000      0.7375000      0.9189286    
   8.625000      0.7375000      0.9437736    
   8.875000      0.7375000      0.9684157    
   9.125000      0.7375000      0.9925511    
   9.375000      0.7375000       1.015059    
   9.625000      0.7375000       1.031905    
   9.875000      0.7375000       1.029665    
   10.00000      0.7375000       1.000000    
 
  0.0000000E+00  0.7625000      0.0000000E+00
  0.1250000      0.7625000      1.6051784E-02
  0.3750000      0.7625000      5.9732512E-02
  0.6250000      0.7625000      0.1015537    
  0.8750000      0.7625000      0.1394865    
   1.125000      0.7625000      0.1741045    
   1.375000      0.7625000      0.2062592    
   1.625000      0.7625000      0.2366425    
   1.875000      0.7625000      0.2657588    
   2.125000      0.7625000      0.2939664    
   2.375000      0.7625000      0.3215187    
   2.625000      0.7625000      0.3485945    
   2.875000      0.7625000      0.3753201    
   3.125000      0.7625000      0.4017869    
   3.375000      0.7625000      0.4280591    
   3.625000      0.7625000      0.4541827    
   3.875000      0.7625000      0.4801909    
   4.125000      0.7625000      0.5061078    
   4.375000      0.7625000      0.5319515    
   4.625000      0.7625000      0.5577332    
   4.875000      0.7625000      0.5834605    
   5.125000      0.7625000      0.6091388    
   5.375000      0.7625000      0.6347720    
   5.625000      0.7625000      0.6603626    
   5.875000      0.7625000      0.6859114    
   6.125000      0.7625000      0.7114182    
   6.375000      0.7625000      0.7368817    
   6.625000      0.7625000      0.7622994    
   6.875000      0.7625000      0.7876681    
   7.125000      0.7625000      0.8129836    
   7.375000      0.7625000      0.8382410    
   7.625000      0.7625000      0.8634341    
   7.875000      0.7625000      0.8885556    
   8.125000      0.7625000      0.9135976    
   8.375000      0.7625000      0.9385462    
   8.625000      0.7625000      0.9633715    
   8.875000      0.7625000      0.9879782    
   9.125000      0.7625000       1.012022    
   9.375000      0.7625000       1.034210    
   9.625000      0.7625000       1.049761    
   9.875000      0.7625000       1.041879    
   10.00000      0.7625000       1.000000    
 
  0.0000000E+00  0.7875000      0.0000000E+00
  0.1250000      0.7875000      2.0760037E-02
  0.3750000      0.7875000      7.1066141E-02
  0.6250000      0.7875000      0.1164863    
  0.8750000      0.7875000      0.1564212    
   1.125000      0.7875000      0.1922329    
   1.375000      0.7875000      0.2251431    
   1.625000      0.7875000      0.2560253    
   1.875000      0.7875000      0.2854812    
   2.125000      0.7875000      0.3139245    
   2.375000      0.7875000      0.3416432    
   2.625000      0.7875000      0.3688377    
   2.875000      0.7875000      0.3956490    
   3.125000      0.7875000      0.4221783    
   3.375000      0.7875000      0.4484968    
   3.625000      0.7875000      0.4746552    
   3.875000      0.7875000      0.5006894    
   4.125000      0.7875000      0.5266267    
   4.375000      0.7875000      0.5524864    
   4.625000      0.7875000      0.5782807    
   4.875000      0.7875000      0.6040182    
   5.125000      0.7875000      0.6297045    
   5.375000      0.7875000      0.6553441    
   5.625000      0.7875000      0.6809399    
   5.875000      0.7875000      0.7064925    
   6.125000      0.7875000      0.7320020    
   6.375000      0.7875000      0.7574669    
   6.625000      0.7875000      0.7828850    
   6.875000      0.7875000      0.8082525    
   7.125000      0.7875000      0.8335652    
   7.375000      0.7875000      0.8588181    
   7.625000      0.7875000      0.8840050    
   7.875000      0.7875000      0.9091182    
   8.125000      0.7875000      0.9341494    
   8.375000      0.7875000      0.9590840    
   8.625000      0.7875000      0.9838890    
   8.875000      0.7875000       1.008459    
   9.125000      0.7875000       1.032407    
   9.375000      0.7875000       1.054260    
   9.625000      0.7875000       1.068444    
   9.875000      0.7875000       1.054587    
   10.00000      0.7875000       1.000000    
 
  0.0000000E+00  0.8125000      0.0000000E+00
  0.1250000      0.8125000      2.6770065E-02
  0.3750000      0.8125000      8.4132344E-02
  0.6250000      0.8125000      0.1329940    
  0.8750000      0.8125000      0.1747339    
   1.125000      0.8125000      0.2115890    
   1.375000      0.8125000      0.2451489    
   1.625000      0.8125000      0.2764562    
   1.875000      0.8125000      0.3061998    
   2.125000      0.8125000      0.3348420    
   2.375000      0.8125000      0.3627008    
   2.625000      0.8125000      0.3899952    
   2.875000      0.8125000      0.4168783    
   3.125000      0.8125000      0.4434600    
   3.375000      0.8125000      0.4698172    
   3.625000      0.8125000      0.4960046    
   3.875000      0.8125000      0.5220605    
   4.125000      0.8125000      0.5480146    
   4.375000      0.8125000      0.5738875    
   4.625000      0.8125000      0.5996925    
   4.875000      0.8125000      0.6254382    
   5.125000      0.8125000      0.6511309    
   5.375000      0.8125000      0.6767756    
   5.625000      0.8125000      0.7023752    
   5.875000      0.8125000      0.7279307    
   6.125000      0.8125000      0.7534419    
   6.375000      0.8125000      0.7789075    
   6.625000      0.8125000      0.8043250    
   6.875000      0.8125000      0.8296907    
   7.125000      0.8125000      0.8550001    
   7.375000      0.8125000      0.8802481    
   7.625000      0.8125000      0.9054282    
   7.875000      0.8125000      0.9305329    
   8.125000      0.8125000      0.9555531    
   8.375000      0.8125000      0.9804737    
   8.625000      0.8125000       1.005259    
   8.875000      0.8125000       1.029792    
   9.125000      0.8125000       1.053641    
   9.375000      0.8125000       1.075148    
   9.625000      0.8125000       1.087913    
   9.875000      0.8125000       1.067807    
   10.00000      0.8125000       1.000000    
 
  0.0000000E+00  0.8375000      0.0000000E+00
  0.1250000      0.8375000      3.4373168E-02
  0.3750000      0.8375000      9.9031277E-02
  0.6250000      0.8375000      0.1510616    
  0.8750000      0.8375000      0.1943671    
   1.125000      0.8375000      0.2321008    
   1.375000      0.8375000      0.2661996    
   1.625000      0.8375000      0.2978565    
   1.875000      0.8375000      0.3278354    
   2.125000      0.8375000      0.3566400    
   2.375000      0.8375000      0.3846129    
   2.625000      0.8375000      0.4119882    
   2.875000      0.8375000      0.4389296    
   3.125000      0.8375000      0.4655538    
   3.375000      0.8375000      0.4919423    
   3.625000      0.8375000      0.5181529    
   3.875000      0.8375000      0.5442264    
   4.125000      0.8375000      0.5701941    
   4.375000      0.8375000      0.5960775    
   4.625000      0.8375000      0.6218909    
   4.875000      0.8375000      0.6476430    
   5.125000      0.8375000      0.6733407    
   5.375000      0.8375000      0.6989894    
   5.625000      0.8375000      0.7245917    
   5.875000      0.8375000      0.7501491    
   6.125000      0.8375000      0.7756613    
   6.375000      0.8375000      0.8011268    
   6.625000      0.8375000      0.8265430    
   6.875000      0.8375000      0.8519064    
   7.125000      0.8375000      0.8772119    
   7.375000      0.8375000      0.9024547    
   7.625000      0.8375000      0.9276281    
   7.875000      0.8375000      0.9527241    
   8.125000      0.8375000      0.9777334    
   8.375000      0.8375000       1.002640    
   8.625000      0.8375000       1.027406    
   8.875000      0.8375000       1.051902    
   9.125000      0.8375000       1.075653    
   9.375000      0.8375000       1.096809    
   9.625000      0.8375000       1.108129    
   9.875000      0.8375000       1.081590    
   10.00000      0.8375000       1.000000    
 
  0.0000000E+00  0.8625000      0.0000000E+00
  0.1250000      0.8625000      4.3888334E-02
  0.3750000      0.8625000      0.1158164    
  0.6250000      0.8625000      0.1706327    
  0.8750000      0.8625000      0.2152349    
   1.125000      0.8625000      0.2536762    
   1.375000      0.8625000      0.2882030    
   1.625000      0.8625000      0.3201353    
   1.875000      0.8625000      0.3502989    
   2.125000      0.8625000      0.3792305    
   2.375000      0.8625000      0.4072923    
   2.625000      0.8625000      0.4347308    
   2.875000      0.8625000      0.4617176    
   3.125000      0.8625000      0.4883747    
   3.375000      0.8625000      0.5147874    
   3.625000      0.8625000      0.5410161    
   3.875000      0.8625000      0.5671032    
   4.125000      0.8625000      0.5930813    
   4.375000      0.8625000      0.6189729    
   4.625000      0.8625000      0.6447929    
   4.875000      0.8625000      0.6705497    
   5.125000      0.8625000      0.6962511    
   5.375000      0.8625000      0.7219025    
   5.625000      0.8625000      0.7475067    
   5.875000      0.8625000      0.7730650    
   6.125000      0.8625000      0.7985775    
   6.375000      0.8625000      0.8240423    
   6.625000      0.8625000      0.8494569    
   6.875000      0.8625000      0.8748177    
   7.125000      0.8625000      0.9001193    
   7.375000      0.8625000      0.9253569    
   7.625000      0.8625000      0.9505234    
   7.875000      0.8625000      0.9756109    
   8.125000      0.8625000       1.000610    
   8.375000      0.8625000       1.025503    
   8.625000      0.8625000       1.050250    
   8.875000      0.8625000       1.074711    
   9.125000      0.8625000       1.098365    
   9.375000      0.8625000       1.119175    
   9.625000      0.8625000       1.129065    
   9.875000      0.8625000       1.096040    
   10.00000      0.8625000       1.000000    
 
  0.0000000E+00  0.8875000      0.0000000E+00
  0.1250000      0.8875000      5.5643953E-02
  0.3750000      0.8875000      0.1344787    
  0.6250000      0.8875000      0.1916062    
  0.8750000      0.8875000      0.2372222    
   1.125000      0.8875000      0.2762027    
   1.375000      0.8875000      0.3110513    
   1.625000      0.8875000      0.3431893    
   1.875000      0.8875000      0.3734902    
   2.125000      0.8875000      0.4025159    
   2.375000      0.8875000      0.4306436    
   2.625000      0.8875000      0.4581288    
   2.875000      0.8875000      0.4851490    
   3.125000      0.8875000      0.5118304    
   3.375000      0.8875000      0.5382609    
   3.625000      0.8875000      0.5645030    
   3.875000      0.8875000      0.5906001    
   4.125000      0.8875000      0.6165857    
   4.375000      0.8875000      0.6424834    
   4.625000      0.8875000      0.6683079    
   4.875000      0.8875000      0.6940681    
   5.125000      0.8875000      0.7197720    
   5.375000      0.8875000      0.7454252    
   5.625000      0.8875000      0.7710304    
   5.875000      0.8875000      0.7965892    
   6.125000      0.8875000      0.8221013    
   6.375000      0.8875000      0.8475649    
   6.625000      0.8875000      0.8729778    
   6.875000      0.8875000      0.8983356    
   7.125000      0.8875000      0.9236334    
   7.375000      0.8875000      0.9488658    
   7.625000      0.8875000      0.9740259    
   7.875000      0.8875000      0.9991055    
   8.125000      0.8875000       1.024095    
   8.375000      0.8875000       1.048976    
   8.625000      0.8875000       1.073705    
   8.875000      0.8875000       1.098132    
   9.125000      0.8875000       1.121695    
   9.375000      0.8875000       1.142176    
   9.625000      0.8875000       1.150695    
   9.875000      0.8875000       1.111318    
   10.00000      0.8875000       1.000000    
 
  0.0000000E+00  0.9125000      0.0000000E+00
  0.1250000      0.9125000      6.9946364E-02
  0.3750000      0.9125000      0.1549324    
  0.6250000      0.9125000      0.2138356    
  0.8750000      0.9125000      0.2601867    
   1.125000      0.9125000      0.2995487    
   1.375000      0.9125000      0.3346224    
   1.625000      0.9125000      0.3669035    
   1.875000      0.9125000      0.3972993    
   2.125000      0.9125000      0.4263900    
   2.375000      0.9125000      0.4545630    
   2.625000      0.9125000      0.4820803    
   2.875000      0.9125000      0.5091234    
   3.125000      0.9125000      0.5358214    
   3.375000      0.9125000      0.5622641    
   3.625000      0.9125000      0.5885153    
   3.875000      0.9125000      0.6146190    
   4.125000      0.9125000      0.6406098    
   4.375000      0.9125000      0.6665115    
   4.625000      0.9125000      0.6923392    
   4.875000      0.9125000      0.7181016    
   5.125000      0.9125000      0.7438071    
   5.375000      0.9125000      0.7694612    
   5.625000      0.9125000      0.7950669    
   5.875000      0.9125000      0.8206255    
   6.125000      0.9125000      0.8461369    
   6.375000      0.9125000      0.8715993    
   6.625000      0.9125000      0.8970101    
   6.875000      0.9125000      0.9223651    
   7.125000      0.9125000      0.9476593    
   7.375000      0.9125000      0.9728870    
   7.625000      0.9125000      0.9980412    
   7.875000      0.9125000       1.023114    
   8.125000      0.9125000       1.048094    
   8.375000      0.9125000       1.072964    
   8.625000      0.9125000       1.097678    
   8.875000      0.9125000       1.122076    
   9.125000      0.9125000       1.145556    
   9.375000      0.9125000       1.165738    
   9.625000      0.9125000       1.173007    
   9.875000      0.9125000       1.127663    
   10.00000      0.9125000       1.000000    
 
  0.0000000E+00  0.9375000      0.0000000E+00
  0.1250000      0.9375000      8.7031759E-02
  0.3750000      0.9375000      0.1770040    
  0.6250000      0.9375000      0.2371310    
  0.8750000      0.9375000      0.2839613    
   1.125000      0.9375000      0.3235662    
   1.375000      0.9375000      0.3587816    
   1.625000      0.9375000      0.3911519    
   1.875000      0.9375000      0.4216068    
   2.125000      0.9375000      0.4507377    
   2.375000      0.9375000      0.4789387    
   2.625000      0.9375000      0.5064760    
   2.875000      0.9375000      0.5335331    
   3.125000      0.9375000      0.5602413    
   3.375000      0.9375000      0.5866916    
   3.625000      0.9375000      0.6129482    
   3.875000      0.9375000      0.6390560    
   4.125000      0.9375000      0.6650499    
   4.375000      0.9375000      0.6909540    
   4.625000      0.9375000      0.7167836    
   4.875000      0.9375000      0.7425472    
   5.125000      0.9375000      0.7682537    
   5.375000      0.9375000      0.7939081    
   5.625000      0.9375000      0.8195137    
   5.875000      0.9375000      0.8450720    
   6.125000      0.9375000      0.8705826    
   6.375000      0.9375000      0.8960437    
   6.625000      0.9375000      0.9214525    
   6.875000      0.9375000      0.9468051    
   7.125000      0.9375000      0.9720960    
   7.375000      0.9375000      0.9973197    
   7.625000      0.9375000       1.022469    
   7.875000      0.9375000       1.047536    
   8.125000      0.9375000       1.072509    
   8.375000      0.9375000       1.097370    
   8.625000      0.9375000       1.122071    
   8.875000      0.9375000       1.146444    
   9.125000      0.9375000       1.169855    
   9.375000      0.9375000       1.189784    
   9.625000      0.9375000       1.195994    
   9.875000      0.9375000       1.145406    
   10.00000      0.9375000       1.000000    
 
  0.0000000E+00  0.9625000      0.0000000E+00
  0.1250000      0.9625000      0.1069979    
  0.3750000      0.9625000      0.2004284    
  0.6250000      0.9625000      0.2612641    
  0.8750000      0.9625000      0.3083569    
   1.125000      0.9625000      0.3480918    
   1.375000      0.9625000      0.3833821    
   1.625000      0.9625000      0.4157990    
   1.875000      0.9625000      0.4462845    
   2.125000      0.9625000      0.4754362    
   2.375000      0.9625000      0.5036517    
   2.625000      0.9625000      0.5311993    
   2.875000      0.9625000      0.5582636    
   3.125000      0.9625000      0.5849769    
   3.375000      0.9625000      0.6114312    
   3.625000      0.9625000      0.6376905    
   3.875000      0.9625000      0.6638003    
   4.125000      0.9625000      0.6897956    
   4.375000      0.9625000      0.7157012    
   4.625000      0.9625000      0.7415316    
   4.875000      0.9625000      0.7672955    
   5.125000      0.9625000      0.7930026    
   5.375000      0.9625000      0.8186567    
   5.625000      0.9625000      0.8442624    
   5.875000      0.9625000      0.8698200    
   6.125000      0.9625000      0.8953299    
   6.375000      0.9625000      0.9207897    
   6.625000      0.9625000      0.9461973    
   6.875000      0.9625000      0.9715480    
   7.125000      0.9625000      0.9968362    
   7.375000      0.9625000       1.022057    
   7.625000      0.9625000       1.047203    
   7.875000      0.9625000       1.072265    
   8.125000      0.9625000       1.097233    
   8.375000      0.9625000       1.122088    
   8.625000      0.9625000       1.146779    
   8.875000      0.9625000       1.171134    
   9.125000      0.9625000       1.194494    
   9.375000      0.9625000       1.214235    
   9.625000      0.9625000       1.219655    
   9.875000      0.9625000       1.164979    
   10.00000      0.9625000       1.000000    
 
  0.0000000E+00  0.9875000      0.0000000E+00
  0.1250000      0.9875000      0.1297145    
  0.3750000      0.9875000      0.2248533    
  0.6250000      0.9875000      0.2859738    
  0.8750000      0.9875000      0.3331662    
   1.125000      0.9875000      0.3729489    
   1.375000      0.9875000      0.4082661    
   1.625000      0.9875000      0.4406996    
   1.875000      0.9875000      0.4711958    
   2.125000      0.9875000      0.5003548    
   2.375000      0.9875000      0.5285754    
   2.625000      0.9875000      0.5561266    
   2.875000      0.9875000      0.5831933    
   3.125000      0.9875000      0.6099082    
   3.375000      0.9875000      0.6363639    
   3.625000      0.9875000      0.6626242    
   3.875000      0.9875000      0.6887345    
   4.125000      0.9875000      0.7147304    
   4.375000      0.9875000      0.7406366    
   4.625000      0.9875000      0.7664670    
   4.875000      0.9875000      0.7922312    
   5.125000      0.9875000      0.8179383    
   5.375000      0.9875000      0.8435922    
   5.625000      0.9875000      0.8691978    
   5.875000      0.9875000      0.8947550    
   6.125000      0.9875000      0.9202643    
   6.375000      0.9875000      0.9457236    
   6.625000      0.9875000      0.9711302    
   6.875000      0.9875000      0.9964797    
   7.125000      0.9875000       1.021767    
   7.375000      0.9875000       1.046986    
   7.625000      0.9875000       1.072129    
   7.875000      0.9875000       1.097189    
   8.125000      0.9875000       1.122155    
   8.375000      0.9875000       1.147006    
   8.625000      0.9875000       1.171692    
   8.875000      0.9875000       1.196037    
   9.125000      0.9875000       1.219368    
   9.375000      0.9875000       1.239007    
   9.625000      0.9875000       1.243989    
   9.875000      0.9875000       1.186932    
   10.00000      0.9875000       1.000000    
 
  0.0000000E+00   1.000000      0.0000000E+00
  0.1250000       1.000000      0.1297145    
  0.3750000       1.000000      0.2248533    
  0.6250000       1.000000      0.2859738    
  0.8750000       1.000000      0.3331662    
   1.125000       1.000000      0.3729489    
   1.375000       1.000000      0.4082661    
   1.625000       1.000000      0.4406996    
   1.875000       1.000000      0.4711958    
   2.125000       1.000000      0.5003548    
   2.375000       1.000000      0.5285754    
   2.625000       1.000000      0.5561266    
   2.875000       1.000000      0.5831933    
   3.125000       1.000000      0.6099082    
   3.375000       1.000000      0.6363639    
   3.625000       1.000000      0.6626242    
   3.875000       1.000000      0.6887345    
   4.125000       1.000000      0.7147304    
   4.375000       1.000000      0.7406366    
   4.625000       1.000000      0.7664670    
   4.875000       1.000000      0.7922312    
   5.125000       1.000000      0.8179383    
   5.375000       1.000000      0.8435922    
   5.625000       1.000000      0.8691978    
   5.875000       1.000000      0.8947550    
   6.125000       1.000000      0.9202643    
   6.375000       1.000000      0.9457236    
   6.625000       1.000000      0.9711302    
   6.875000       1.000000      0.9964797    
   7.125000       1.000000       1.021767    
   7.375000       1.000000       1.046986    
   7.625000       1.000000       1.072129    
   7.875000       1.000000       1.097189    
   8.125000       1.000000       1.122155    
   8.375000       1.000000       1.147006    
   8.625000       1.000000       1.171692    
   8.875000       1.000000       1.196037    
   9.125000       1.000000       1.219368    
   9.375000       1.000000       1.239007    
   9.625000       1.000000       1.243989    
   9.875000       1.000000       1.186932    
   10.00000       1.000000       1.000000    
 
