   3.33333351E-02  0.940573096    
  0.100000009      0.957040846    
  0.166666687      0.967853665    
  0.233333349      0.974492490    
  0.300000012      0.978981733    
  0.366666675      0.982229233    
  0.433333367      0.984699726    
  0.500000000      0.986669719    
  0.566666722      0.988336504    
  0.633333325      0.989872277    
  0.700000048      0.991444588    
  0.766666710      0.993263245    
  0.833333373      0.995608032    
  0.900000095      0.998753488    
  0.966666698       1.00161946    
