   3.33333351E-02  0.919195652    
  0.100000009      0.936427236    
  0.166666687      0.948334157    
  0.233333349      0.956179857    
  0.300000012      0.962038219    
  0.366666675      0.966819346    
  0.433333367      0.970960081    
  0.500000000      0.974716723    
  0.566666722      0.978256166    
  0.633333325      0.981718600    
  0.700000048      0.985239506    
  0.766666710      0.988979578    
  0.833333373      0.993156254    
  0.900000095      0.997933924    
  0.966666698       1.00199902    
