   3.33333351E-02  0.919057488    
  0.100000009      0.936292589    
  0.166666687      0.948209703    
  0.233333349      0.956070900    
  0.300000012      0.961945474    
  0.366666675      0.966744184    
  0.433333367      0.970910549    
  0.500000000      0.974690974    
  0.566666722      0.978256881    
  0.633333325      0.981747568    
  0.700000048      0.985299230    
  0.766666710      0.989070654    
  0.833333373      0.993271589    
  0.900000095      0.998077333    
  0.966666698       1.00215662    
