  0.0000000E+00  0.0000000E+00  0.0000000E+00
  0.1250000      0.0000000E+00  1.2499999E-02
  0.3750000      0.0000000E+00  3.7499998E-02
  0.6250000      0.0000000E+00  6.2499996E-02
  0.8750000      0.0000000E+00  8.7499991E-02
   1.125000      0.0000000E+00  0.1125000    
   1.375000      0.0000000E+00  0.1375000    
   1.625000      0.0000000E+00  0.1625000    
   1.875000      0.0000000E+00  0.1875000    
   2.125000      0.0000000E+00  0.2125000    
   2.375000      0.0000000E+00  0.2375000    
   2.625000      0.0000000E+00  0.2625000    
   2.875000      0.0000000E+00  0.2875000    
   3.125000      0.0000000E+00  0.3125000    
   3.375000      0.0000000E+00  0.3375000    
   3.625000      0.0000000E+00  0.3625000    
   3.875000      0.0000000E+00  0.3875000    
   4.125000      0.0000000E+00  0.4125000    
   4.375000      0.0000000E+00  0.4375000    
   4.625000      0.0000000E+00  0.4625000    
   4.875000      0.0000000E+00  0.4875000    
   5.125000      0.0000000E+00  0.5125000    
   5.375000      0.0000000E+00  0.5375000    
   5.625000      0.0000000E+00  0.5624999    
   5.875000      0.0000000E+00  0.5875000    
   6.125000      0.0000000E+00  0.6125000    
   6.375000      0.0000000E+00  0.6375000    
   6.625000      0.0000000E+00  0.6625000    
   6.875000      0.0000000E+00  0.6874999    
   7.125000      0.0000000E+00  0.7125000    
   7.375000      0.0000000E+00  0.7375000    
   7.625000      0.0000000E+00  0.7624999    
   7.875000      0.0000000E+00  0.7875000    
   8.125000      0.0000000E+00  0.8124999    
   8.375000      0.0000000E+00  0.8375000    
   8.625000      0.0000000E+00  0.8625000    
   8.875000      0.0000000E+00  0.8874999    
   9.125000      0.0000000E+00  0.9125000    
   9.375000      0.0000000E+00  0.9374999    
   9.625000      0.0000000E+00  0.9624999    
   9.875000      0.0000000E+00  0.9875000    
   10.00000      0.0000000E+00   1.000000    
 
  0.0000000E+00  1.2500000E-02  0.0000000E+00
  0.1250000      1.2500000E-02  1.0887817E-02
  0.3750000      1.2500000E-02  3.3978947E-02
  0.6250000      1.2500000E-02  5.7462350E-02
  0.8750000      1.2500000E-02  8.1148863E-02
   1.125000      1.2500000E-02  0.1049652    
   1.375000      1.2500000E-02  0.1288743    
   1.625000      1.2500000E-02  0.1528541    
   1.875000      1.2500000E-02  0.1768897    
   2.125000      1.2500000E-02  0.2009711    
   2.375000      1.2500000E-02  0.2250895    
   2.625000      1.2500000E-02  0.2492387    
   2.875000      1.2500000E-02  0.2734126    
   3.125000      1.2500000E-02  0.2976063    
   3.375000      1.2500000E-02  0.3218154    
   3.625000      1.2500000E-02  0.3460364    
   3.875000      1.2500000E-02  0.3702661    
   4.125000      1.2500000E-02  0.3945019    
   4.375000      1.2500000E-02  0.4187420    
   4.625000      1.2500000E-02  0.4429851    
   4.875000      1.2500000E-02  0.4672301    
   5.125000      1.2500000E-02  0.4914765    
   5.375000      1.2500000E-02  0.5157234    
   5.625000      1.2500000E-02  0.5399706    
   5.875000      1.2500000E-02  0.5642183    
   6.125000      1.2500000E-02  0.5884658    
   6.375000      1.2500000E-02  0.6127134    
   6.625000      1.2500000E-02  0.6369611    
   6.875000      1.2500000E-02  0.6612087    
   7.125000      1.2500000E-02  0.6854562    
   7.375000      1.2500000E-02  0.7097043    
   7.625000      1.2500000E-02  0.7339519    
   7.875000      1.2500000E-02  0.7581996    
   8.125000      1.2500000E-02  0.7824472    
   8.375000      1.2500000E-02  0.8066949    
   8.625000      1.2500000E-02  0.8309427    
   8.875000      1.2500000E-02  0.8551903    
   9.125000      1.2500000E-02  0.8794395    
   9.375000      1.2500000E-02  0.9037102    
   9.625000      1.2500000E-02  0.9283221    
   9.875000      1.2500000E-02  0.9577888    
   10.00000      1.2500000E-02   1.000000    
 
  0.0000000E+00  3.7500001E-02  0.0000000E+00
  0.1250000      3.7500001E-02  7.9191187E-03
  0.3750000      3.7500001E-02  2.7218018E-02
  0.6250000      3.7500001E-02  4.7674973E-02
  0.8750000      3.7500001E-02  6.8737864E-02
   1.125000      3.7500001E-02  9.0188943E-02
   1.375000      3.7500001E-02  0.1119177    
   1.625000      3.7500001E-02  0.1338581    
   1.875000      3.7500001E-02  0.1559665    
   2.125000      3.7500001E-02  0.1782116    
   2.375000      3.7500001E-02  0.2005685    
   2.625000      3.7500001E-02  0.2230174    
   2.875000      3.7500001E-02  0.2455410    
   3.125000      3.7500001E-02  0.2681244    
   3.375000      3.7500001E-02  0.2907544    
   3.625000      3.7500001E-02  0.3134201    
   3.875000      3.7500001E-02  0.3361124    
   4.125000      3.7500001E-02  0.3588236    
   4.375000      3.7500001E-02  0.3815480    
   4.625000      3.7500001E-02  0.4042813    
   4.875000      3.7500001E-02  0.4270205    
   5.125000      3.7500001E-02  0.4497633    
   5.375000      3.7500001E-02  0.4725083    
   5.625000      3.7500001E-02  0.4952543    
   5.875000      3.7500001E-02  0.5180013    
   6.125000      3.7500001E-02  0.5407483    
   6.375000      3.7500001E-02  0.5634956    
   6.625000      3.7500001E-02  0.5862430    
   6.875000      3.7500001E-02  0.6089901    
   7.125000      3.7500001E-02  0.6317375    
   7.375000      3.7500001E-02  0.6544849    
   7.625000      3.7500001E-02  0.6772324    
   7.875000      3.7500001E-02  0.6999797    
   8.125000      3.7500001E-02  0.7227269    
   8.375000      3.7500001E-02  0.7454745    
   8.625000      3.7500001E-02  0.7682216    
   8.875000      3.7500001E-02  0.7909693    
   9.125000      3.7500001E-02  0.8137205    
   9.375000      3.7500001E-02  0.8365344    
   9.625000      3.7500001E-02  0.8603324    
   9.875000      3.7500001E-02  0.8982776    
   10.00000      3.7500001E-02   1.000000    
 
  0.0000000E+00  6.2500000E-02  0.0000000E+00
  0.1250000      6.2500000E-02  5.4874835E-03
  0.3750000      6.2500000E-02  2.1142159E-02
  0.6250000      6.2500000E-02  3.8620032E-02
  0.8750000      6.2500000E-02  5.7083305E-02
   1.125000      6.2500000E-02  7.6184481E-02
   1.375000      6.2500000E-02  9.5743828E-02
   1.625000      6.2500000E-02  0.1156535    
   1.875000      6.2500000E-02  0.1358419    
   2.125000      6.2500000E-02  0.1562574    
   2.375000      6.2500000E-02  0.1768595    
   2.625000      6.2500000E-02  0.1976151    
   2.875000      6.2500000E-02  0.2184958    
   3.125000      6.2500000E-02  0.2394769    
   3.375000      6.2500000E-02  0.2605367    
   3.625000      6.2500000E-02  0.2816569    
   3.875000      6.2500000E-02  0.3028221    
   4.125000      6.2500000E-02  0.3240197    
   4.375000      6.2500000E-02  0.3452399    
   4.625000      6.2500000E-02  0.3664754    
   4.875000      6.2500000E-02  0.3877209    
   5.125000      6.2500000E-02  0.4089728    
   5.375000      6.2500000E-02  0.4302285    
   5.625000      6.2500000E-02  0.4514860    
   5.875000      6.2500000E-02  0.4727449    
   6.125000      6.2500000E-02  0.4940044    
   6.375000      6.2500000E-02  0.5152641    
   6.625000      6.2500000E-02  0.5365240    
   6.875000      6.2500000E-02  0.5577835    
   7.125000      6.2500000E-02  0.5790434    
   7.375000      6.2500000E-02  0.6003033    
   7.625000      6.2500000E-02  0.6215633    
   7.875000      6.2500000E-02  0.6428229    
   8.125000      6.2500000E-02  0.6640828    
   8.375000      6.2500000E-02  0.6853427    
   8.625000      6.2500000E-02  0.7066025    
   8.875000      6.2500000E-02  0.7278627    
   9.125000      6.2500000E-02  0.7491283    
   9.375000      6.2500000E-02  0.7704906    
   9.625000      6.2500000E-02  0.7933871    
   9.875000      6.2500000E-02  0.8387674    
   10.00000      6.2500000E-02   1.000000    
 
  0.0000000E+00  8.7500006E-02  0.0000000E+00
  0.1250000      8.7500006E-02  3.6521291E-03
  0.3750000      8.7500006E-02  1.5965382E-02
  0.6250000      8.7500006E-02  3.0579425E-02
  0.8750000      8.7500006E-02  4.6504334E-02
   1.125000      8.7500006E-02  6.3294955E-02
   1.375000      8.7500006E-02  8.0713212E-02
   1.625000      8.7500006E-02  9.8614201E-02
   1.875000      8.7500006E-02  0.1169010    
   2.125000      8.7500006E-02  0.1355031    
   2.375000      8.7500006E-02  0.1543654    
   2.625000      8.7500006E-02  0.1734425    
   2.875000      8.7500006E-02  0.1926952    
   3.125000      8.7500006E-02  0.2120895    
   3.375000      8.7500006E-02  0.2315954    
   3.625000      8.7500006E-02  0.2511872    
   3.875000      8.7500006E-02  0.2708433    
   4.125000      8.7500006E-02  0.2905460    
   4.375000      8.7500006E-02  0.3102816    
   4.625000      8.7500006E-02  0.3300393    
   4.875000      8.7500006E-02  0.3498116    
   5.125000      8.7500006E-02  0.3695932    
   5.375000      8.7500006E-02  0.3893802    
   5.625000      8.7500006E-02  0.4091702    
   5.875000      8.7500006E-02  0.4289621    
   6.125000      8.7500006E-02  0.4487550    
   6.375000      8.7500006E-02  0.4685483    
   6.625000      8.7500006E-02  0.4883416    
   6.875000      8.7500006E-02  0.5081348    
   7.125000      8.7500006E-02  0.5279282    
   7.375000      8.7500006E-02  0.5477217    
   7.625000      8.7500006E-02  0.5675151    
   7.875000      8.7500006E-02  0.5873083    
   8.125000      8.7500006E-02  0.6071017    
   8.375000      8.7500006E-02  0.6268951    
   8.625000      8.7500006E-02  0.6466885    
   8.875000      8.7500006E-02  0.6664822    
   9.125000      8.7500006E-02  0.6862830    
   9.375000      8.7500006E-02  0.7062056    
   9.625000      8.7500006E-02  0.7280958    
   9.875000      8.7500006E-02  0.7796207    
   10.00000      8.7500006E-02   1.000000    
 
  0.0000000E+00  0.1125000      0.0000000E+00
  0.1250000      0.1125000      2.3498912E-03
  0.3750000      0.1125000      1.1748762E-02
  0.6250000      0.1125000      2.3692610E-02
  0.8750000      0.1125000      3.7188347E-02
   1.125000      0.1125000      5.1740155E-02
   1.375000      0.1125000      6.7069367E-02
   1.625000      0.1125000      8.3002321E-02
   1.875000      0.1125000      9.9420875E-02
   2.125000      0.1125000      0.1162386    
   2.375000      0.1125000      0.1333873    
   2.625000      0.1125000      0.1508106    
   2.875000      0.1125000      0.1684597    
   3.125000      0.1125000      0.1862912    
   3.375000      0.1125000      0.2042679    
   3.625000      0.1125000      0.2223565    
   3.875000      0.1125000      0.2405296    
   4.125000      0.1125000      0.2587642    
   4.375000      0.1125000      0.2770424    
   4.625000      0.1125000      0.2953503    
   4.875000      0.1125000      0.3136776    
   5.125000      0.1125000      0.3320174    
   5.375000      0.1125000      0.3503646    
   5.625000      0.1125000      0.3687160    
   5.875000      0.1125000      0.3870699    
   6.125000      0.1125000      0.4054252    
   6.375000      0.1125000      0.4237808    
   6.625000      0.1125000      0.4421367    
   6.875000      0.1125000      0.4604925    
   7.125000      0.1125000      0.4788484    
   7.375000      0.1125000      0.4972044    
   7.625000      0.1125000      0.5155604    
   7.875000      0.1125000      0.5339163    
   8.125000      0.1125000      0.5522720    
   8.375000      0.1125000      0.5706279    
   8.625000      0.1125000      0.5889838    
   8.875000      0.1125000      0.6073400    
   9.125000      0.1125000      0.6257043    
   9.375000      0.1125000      0.6442072    
   9.625000      0.1125000      0.6649923    
   9.875000      0.1125000      0.7213517    
   10.00000      0.1125000       1.000000    
 
  0.0000000E+00  0.1375000      0.0000000E+00
  0.1250000      0.1375000      1.4699134E-03
  0.3750000      0.1375000      8.4451456E-03
  0.6250000      0.1375000      1.7982885E-02
  0.8750000      0.1375000      2.9209446E-02
   1.125000      0.1375000      4.1630931E-02
   1.375000      0.1375000      5.4951135E-02
   1.625000      0.1375000      6.8978719E-02
   1.875000      0.1375000      8.3580792E-02
   2.125000      0.1375000      9.8658554E-02
   2.375000      0.1375000      0.1141333    
   2.625000      0.1375000      0.1299395    
   2.875000      0.1375000      0.1460196    
   3.125000      0.1375000      0.1623226    
   3.375000      0.1375000      0.1788036    
   3.625000      0.1375000      0.1954231    
   3.875000      0.1375000      0.2121473    
   4.125000      0.1375000      0.2289486    
   4.375000      0.1375000      0.2458046    
   4.625000      0.1375000      0.2626982    
   4.875000      0.1375000      0.2796165    
   5.125000      0.1375000      0.2965506    
   5.375000      0.1375000      0.3134944    
   5.625000      0.1375000      0.3304436    
   5.875000      0.1375000      0.3473960    
   6.125000      0.1375000      0.3643500    
   6.375000      0.1375000      0.3813046    
   6.625000      0.1375000      0.3982594    
   6.875000      0.1375000      0.4152142    
   7.125000      0.1375000      0.4321691    
   7.375000      0.1375000      0.4491240    
   7.625000      0.1375000      0.4660790    
   7.875000      0.1375000      0.4830339    
   8.125000      0.1375000      0.4999886    
   8.375000      0.1375000      0.5169433    
   8.625000      0.1375000      0.5338982    
   8.875000      0.1375000      0.5508534    
   9.125000      0.1375000      0.5678172    
   9.375000      0.1375000      0.5849285    
   9.625000      0.1375000      0.6045307    
   9.875000      0.1375000      0.6645299    
   10.00000      0.1375000       1.000000    
 
  0.0000000E+00  0.1625000      0.0000000E+00
  0.1250000      0.1625000      8.9822814E-04
  0.3750000      0.1625000      5.9431293E-03
  0.6250000      0.1625000      1.3387409E-02
  0.8750000      0.1625000      2.2550145E-02
   1.125000      0.1625000      3.2986253E-02
   1.375000      0.1625000      4.4406597E-02
   1.625000      0.1625000      5.6615397E-02
   1.875000      0.1625000      6.9472618E-02
   2.125000      0.1625000      8.2871906E-02
   2.375000      0.1625000      9.6727349E-02
   2.625000      0.1625000      0.1109661    
   2.875000      0.1625000      0.1255238    
   3.125000      0.1625000      0.1403428    
   3.375000      0.1625000      0.1553717    
   3.625000      0.1625000      0.1705647    
   3.875000      0.1625000      0.1858828    
   4.125000      0.1625000      0.2012934    
   4.375000      0.1625000      0.2167699    
   4.625000      0.1625000      0.2322921    
   4.875000      0.1625000      0.2478444    
   5.125000      0.1625000      0.2634162    
   5.375000      0.1625000      0.2789996    
   5.625000      0.1625000      0.2945900    
   5.875000      0.1625000      0.3101840    
   6.125000      0.1625000      0.3257800    
   6.375000      0.1625000      0.3413769    
   6.625000      0.1625000      0.3569740    
   6.875000      0.1625000      0.3725712    
   7.125000      0.1625000      0.3881683    
   7.375000      0.1625000      0.4037654    
   7.625000      0.1625000      0.4193626    
   7.875000      0.1625000      0.4349597    
   8.125000      0.1625000      0.4505567    
   8.375000      0.1625000      0.4661535    
   8.625000      0.1625000      0.4817506    
   8.875000      0.1625000      0.4973480    
   9.125000      0.1625000      0.5129539    
   9.375000      0.1625000      0.5287103    
   9.625000      0.1625000      0.5470795    
   9.875000      0.1625000      0.6097037    
   10.00000      0.1625000       1.000000    
 
  0.0000000E+00  0.1875000      0.0000000E+00
  0.1250000      0.1875000      5.3854671E-04
  0.3750000      0.1875000      4.1037118E-03
  0.6250000      0.1875000      9.7879050E-03
  0.8750000      0.1875000      1.7125256E-02
   1.125000      0.1875000      2.5752479E-02
   1.375000      0.1875000      3.5409544E-02
   1.625000      0.1875000      4.5909718E-02
   1.875000      0.1875000      5.7114135E-02
   2.125000      0.1875000      6.8914227E-02
   2.375000      0.1875000      8.1220523E-02
   2.625000      0.1875000      9.3955465E-02
   2.875000      0.1875000      0.1070498    
   3.125000      0.1875000      0.1204405    
   3.375000      0.1875000      0.1340705    
   3.625000      0.1875000      0.1478890    
   3.875000      0.1875000      0.1618519    
   4.125000      0.1875000      0.1759220    
   4.375000      0.1875000      0.1900691    
   4.625000      0.1875000      0.2042695    
   4.875000      0.1875000      0.2185057    
   5.125000      0.1875000      0.2327647    
   5.375000      0.1875000      0.2470375    
   5.625000      0.1875000      0.2613186    
   5.875000      0.1875000      0.2756039    
   6.125000      0.1875000      0.2898914    
   6.375000      0.1875000      0.3041800    
   6.625000      0.1875000      0.3184690    
   6.875000      0.1875000      0.3327579    
   7.125000      0.1875000      0.3470467    
   7.375000      0.1875000      0.3613356    
   7.625000      0.1875000      0.3756242    
   7.875000      0.1875000      0.3899128    
   8.125000      0.1875000      0.4042014    
   8.375000      0.1875000      0.4184899    
   8.625000      0.1875000      0.4327785    
   8.875000      0.1875000      0.4470675    
   9.125000      0.1875000      0.4613647    
   9.375000      0.1875000      0.4758107    
   9.625000      0.1875000      0.4929257    
   9.875000      0.1875000      0.5573554    
   10.00000      0.1875000       1.000000    
 
  0.0000000E+00  0.2125000      0.0000000E+00
  0.1250000      0.2125000      3.1807486E-04
  0.3750000      0.2125000      2.7862473E-03
  0.6250000      0.2125000      7.0378659E-03
  0.8750000      0.2125000      1.2805410E-02
   1.125000      0.2125000      1.9823151E-02
   1.375000      0.2125000      2.7876412E-02
   1.625000      0.2125000      3.6799304E-02
   1.875000      0.2125000      4.6462104E-02
   2.125000      0.2125000      5.6759596E-02
   2.375000      0.2125000      6.7602374E-02
   2.625000      0.2125000      7.8911059E-02
   2.875000      0.2125000      9.0613350E-02
   3.125000      0.2125000      0.1026424    
   3.375000      0.2125000      0.1149369    
   3.625000      0.2125000      0.1274417    
   3.875000      0.2125000      0.1401082    
   4.125000      0.2125000      0.1528957    
   4.375000      0.2125000      0.1657701    
   4.625000      0.2125000      0.1787051    
   4.875000      0.2125000      0.1916808    
   5.125000      0.2125000      0.2046826    
   5.375000      0.2125000      0.2177000    
   5.625000      0.2125000      0.2307268    
   5.875000      0.2125000      0.2437586    
   6.125000      0.2125000      0.2567926    
   6.375000      0.2125000      0.2698278    
   6.625000      0.2125000      0.2828635    
   6.875000      0.2125000      0.2958989    
   7.125000      0.2125000      0.3089342    
   7.375000      0.2125000      0.3219694    
   7.625000      0.2125000      0.3350044    
   7.875000      0.2125000      0.3480393    
   8.125000      0.2125000      0.3610744    
   8.375000      0.2125000      0.3741091    
   8.625000      0.2125000      0.3871440    
   8.875000      0.2125000      0.4001793    
   9.125000      0.2125000      0.4132224    
   9.375000      0.2125000      0.4264097    
   9.625000      0.2125000      0.4422752    
   9.875000      0.2125000      0.5078780    
   10.00000      0.2125000       1.000000    
 
  0.0000000E+00  0.2375000      0.0000000E+00
  0.1250000      0.2375000      1.8573928E-04
  0.3750000      0.2375000      1.8639929E-03
  0.6250000      0.2375000      4.9841930E-03
  0.8750000      0.2375000      9.4383908E-03
   1.125000      0.2375000      1.5058306E-02
   1.375000      0.2375000      2.1683447E-02
   1.625000      0.2375000      2.9177418E-02
   1.875000      0.2375000      3.7426416E-02
   2.125000      0.2375000      4.6333477E-02
   2.375000      0.2375000      5.5812851E-02
   2.625000      0.2375000      6.5786004E-02
   2.875000      0.2375000      7.6179549E-02
   3.125000      0.2375000      8.6924396E-02
   3.375000      0.2375000      9.7956292E-02
   3.625000      0.2375000      0.1092166    
   3.875000      0.2375000      0.1206535    
   4.125000      0.2375000      0.1322227    
   4.375000      0.2375000      0.1438876    
   4.625000      0.2375000      0.1556192    
   4.875000      0.2375000      0.1673955    
   5.125000      0.2375000      0.1792005    
   5.375000      0.2375000      0.1910229    
   5.625000      0.2375000      0.2028553    
   5.875000      0.2375000      0.2146932    
   6.125000      0.2375000      0.2265333    
   6.375000      0.2375000      0.2383747    
   6.625000      0.2375000      0.2502163    
   6.875000      0.2375000      0.2620577    
   7.125000      0.2375000      0.2738988    
   7.375000      0.2375000      0.2857397    
   7.625000      0.2375000      0.2975805    
   7.875000      0.2375000      0.3094211    
   8.125000      0.2375000      0.3212616    
   8.375000      0.2375000      0.3331020    
   8.625000      0.2375000      0.3449425    
   8.875000      0.2375000      0.3567834    
   9.125000      0.2375000      0.3686315    
   9.375000      0.2375000      0.3806177    
   9.625000      0.2375000      0.3952610    
   9.875000      0.2375000      0.4615664    
   10.00000      0.2375000       1.000000    
 
  0.0000000E+00  0.2625000      0.0000000E+00
  0.1250000      0.2625000      1.0760886E-04
  0.3750000      0.2625000      1.2312472E-03
  0.6250000      0.2625000      3.4822652E-03
  0.8750000      0.2625000      6.8664891E-03
   1.125000      0.2625000      1.1301594E-02
   1.375000      0.2625000      1.6682755E-02
   1.625000      0.2625000      2.2907848E-02
   1.875000      0.2625000      2.9883737E-02
   2.125000      0.2625000      3.7525591E-02
   2.375000      0.2625000      4.5754295E-02
   2.625000      0.2625000      5.4494482E-02
   2.875000      0.2625000      6.3673504E-02
   3.125000      0.2625000      7.3221482E-02
   3.375000      0.2625000      8.3072424E-02
   3.625000      0.2625000      9.3165398E-02
   3.875000      0.2625000      0.1034461    
   4.125000      0.2625000      0.1138678    
   4.375000      0.2625000      0.1243916    
   4.625000      0.2625000      0.1349866    
   4.875000      0.2625000      0.1456293    
   5.125000      0.2625000      0.1563024    
   5.375000      0.2625000      0.1669939    
   5.625000      0.2625000      0.1776959    
   5.875000      0.2625000      0.1884032    
   6.125000      0.2625000      0.1991130    
   6.375000      0.2625000      0.2098236    
   6.625000      0.2625000      0.2205343    
   6.875000      0.2625000      0.2312445    
   7.125000      0.2625000      0.2419545    
   7.375000      0.2625000      0.2526642    
   7.625000      0.2625000      0.2633735    
   7.875000      0.2625000      0.2740828    
   8.125000      0.2625000      0.2847918    
   8.375000      0.2625000      0.2955008    
   8.625000      0.2625000      0.3062099    
   8.875000      0.2625000      0.3169192    
   9.125000      0.2625000      0.3276352    
   9.375000      0.2625000      0.3384824    
   9.625000      0.2625000      0.3519485    
   9.875000      0.2625000      0.4186214    
   10.00000      0.2625000       1.000000    
 
  0.0000000E+00  0.2875000      0.0000000E+00
  0.1250000      0.2875000      6.2059349E-05
  0.3750000      0.2875000      8.0476445E-04
  0.6250000      0.2875000      2.4048262E-03
  0.8750000      0.2875000      4.9393908E-03
   1.125000      0.2875000      8.3944909E-03
   1.375000      0.2875000      1.2716604E-02
   1.625000      0.2875000      1.7838744E-02
   1.875000      0.2875000      2.3690801E-02
   2.125000      0.2875000      3.0202486E-02
   2.375000      0.2875000      3.7303470E-02
   2.625000      0.2875000      4.4923216E-02
   2.875000      0.2875000      5.2991286E-02
   3.125000      0.2875000      6.1438296E-02
   3.375000      0.2875000      7.0197664E-02
   3.625000      0.2875000      7.9207227E-02
   3.875000      0.2875000      8.8411205E-02
   4.125000      0.2875000      9.7761191E-02
   4.375000      0.2875000      0.1072170    
   4.625000      0.2875000      0.1167463    
   4.875000      0.2875000      0.1263248    
   5.125000      0.2875000      0.1359342    
   5.375000      0.2875000      0.1455622    
   5.625000      0.2875000      0.1552005    
   5.875000      0.2875000      0.1648439    
   6.125000      0.2875000      0.1744893    
   6.375000      0.2875000      0.1841352    
   6.625000      0.2875000      0.1937808    
   6.875000      0.2875000      0.2034259    
   7.125000      0.2875000      0.2130705    
   7.375000      0.2875000      0.2227145    
   7.625000      0.2875000      0.2323583    
   7.875000      0.2875000      0.2420019    
   8.125000      0.2875000      0.2516451    
   8.375000      0.2875000      0.2612884    
   8.625000      0.2875000      0.2709317    
   8.875000      0.2875000      0.2805752    
   9.125000      0.2875000      0.2902248    
   9.375000      0.2875000      0.2999988    
   9.625000      0.2875000      0.3123456    
   9.875000      0.2875000      0.3791603    
   10.00000      0.2875000       1.000000    
 
  0.0000000E+00  0.3125000      0.0000000E+00
  0.1250000      0.3125000      3.5749188E-05
  0.3750000      0.3125000      5.2185293E-04
  0.6250000      0.3125000      1.6458450E-03
  0.8750000      0.3125000      3.5224289E-03
   1.125000      0.3125000      6.1869584E-03
   1.375000      0.3125000      9.6290922E-03
   1.625000      0.3125000      1.3814547E-02
   1.875000      0.3125000      1.8696198E-02
   2.125000      0.3125000      2.4219094E-02
   2.375000      0.3125000      3.0322636E-02
   2.625000      0.3125000      3.6942102E-02
   2.875000      0.3125000      4.4010215E-02
   3.125000      0.3125000      5.1459059E-02
   3.375000      0.3125000      5.9222430E-02
   3.625000      0.3125000      6.7237988E-02
   3.875000      0.3125000      7.5449422E-02
   4.125000      0.3125000      8.3807722E-02
   4.375000      0.3125000      9.2272051E-02
   4.625000      0.3125000      0.1008098    
   4.875000      0.3125000      0.1093960    
   5.125000      0.3125000      0.1180125    
   5.375000      0.3125000      0.1266467    
   5.625000      0.3125000      0.1352902    
   5.875000      0.3125000      0.1439380    
   6.125000      0.3125000      0.1525872    
   6.375000      0.3125000      0.1612363    
   6.625000      0.3125000      0.1698847    
   6.875000      0.3125000      0.1785322    
   7.125000      0.3125000      0.1871790    
   7.375000      0.3125000      0.1958252    
   7.625000      0.3125000      0.2044709    
   7.875000      0.3125000      0.2131163    
   8.125000      0.3125000      0.2217615    
   8.375000      0.3125000      0.2304065    
   8.625000      0.3125000      0.2390516    
   8.875000      0.3125000      0.2476969    
   9.125000      0.3125000      0.2563477    
   9.375000      0.3125000      0.2651166    
   9.625000      0.3125000      0.2764114    
   9.875000      0.3125000      0.3432279    
   10.00000      0.3125000       1.000000    
 
  0.0000000E+00  0.3375000      0.0000000E+00
  0.1250000      0.3375000      2.0654261E-05
  0.3750000      0.3375000      3.3700667E-04
  0.6250000      0.3375000      1.1208655E-03
  0.8750000      0.3375000      2.5009362E-03
   1.125000      0.3375000      4.5446474E-03
   1.375000      0.3375000      7.2750826E-03
   1.625000      0.3375000      1.0685844E-02
   1.875000      0.3375000      1.4750644E-02
   2.125000      0.3375000      1.9428976E-02
   2.375000      0.3375000      2.4669766E-02
   2.625000      0.3375000      3.0414209E-02
   2.875000      0.3375000      3.6598571E-02
   3.125000      0.3375000      4.3156996E-02
   3.375000      0.3375000      5.0024450E-02
   3.625000      0.3375000      5.7139345E-02
   3.875000      0.3375000      6.4445801E-02
   4.125000      0.3375000      7.1895204E-02
   4.375000      0.3375000      7.9447106E-02
   4.625000      0.3375000      8.7069213E-02
   4.875000      0.3375000      9.4736986E-02
   5.125000      0.3375000      0.1024325    
   5.375000      0.3375000      0.1101438    
   5.625000      0.3375000      0.1178627    
   5.875000      0.3375000      0.1255845    
   6.125000      0.3375000      0.1333067    
   6.375000      0.3375000      0.1410279    
   6.625000      0.3375000      0.1487479    
   6.875000      0.3375000      0.1564666    
   7.125000      0.3375000      0.1641843    
   7.375000      0.3375000      0.1719012    
   7.625000      0.3375000      0.1796174    
   7.875000      0.3375000      0.1873333    
   8.125000      0.3375000      0.1950489    
   8.375000      0.3375000      0.2027644    
   8.625000      0.3375000      0.2104798    
   8.875000      0.3375000      0.2181955    
   9.125000      0.3375000      0.2259163    
   9.375000      0.3375000      0.2337494    
   9.625000      0.3375000      0.2440659    
   9.875000      0.3375000      0.3108111    
   10.00000      0.3375000       1.000000    
 
  0.0000000E+00  0.3625000      0.0000000E+00
  0.1250000      0.3625000      1.2045534E-05
  0.3750000      0.3625000      2.1822834E-04
  0.6250000      0.3625000      7.6524139E-04
  0.8750000      0.3625000      1.7815840E-03
   1.125000      0.3625000      3.3530514E-03
   1.375000      0.3625000      5.5263815E-03
   1.625000      0.3625000      8.3168568E-03
   1.875000      0.3625000      1.1715183E-02
   2.125000      0.3625000      1.5692979E-02
   2.375000      0.3625000      2.0207245E-02
   2.625000      0.3625000      2.5204383E-02
   2.875000      0.3625000      3.0623998E-02
   3.125000      0.3625000      3.6402516E-02
   3.375000      0.3625000      4.2476662E-02
   3.625000      0.3625000      4.8786342E-02
   3.875000      0.3625000      5.5277146E-02
   4.125000      0.3625000      6.1901852E-02
   4.375000      0.3625000      6.8621323E-02
   4.625000      0.3625000      7.5404599E-02
   4.875000      0.3625000      8.2228243E-02
   5.125000      0.3625000      8.9075491E-02
   5.375000      0.3625000      9.5935024E-02
   5.625000      0.3625000      0.1027996    
   5.875000      0.3625000      0.1096653    
   6.125000      0.3625000      0.1165298    
   6.375000      0.3625000      0.1233924    
   6.625000      0.3625000      0.1302530    
   6.875000      0.3625000      0.1371117    
   7.125000      0.3625000      0.1439691    
   7.375000      0.3625000      0.1508255    
   7.625000      0.3625000      0.1576811    
   7.875000      0.3625000      0.1645363    
   8.125000      0.3625000      0.1713912    
   8.375000      0.3625000      0.1782459    
   8.625000      0.3625000      0.1851004    
   8.875000      0.3625000      0.1919553    
   9.125000      0.3625000      0.1988148    
   9.375000      0.3625000      0.2057822    
   9.625000      0.3625000      0.2151974    
   9.875000      0.3625000      0.2818513    
   10.00000      0.3625000       1.000000    
 
  0.0000000E+00  0.3875000      0.0000000E+00
  0.1250000      0.3875000      7.1835284E-06
  0.3750000      0.3875000      1.4369981E-04
  0.6250000      0.3875000      5.3139788E-04
  0.8750000      0.3875000      1.2917958E-03
   1.125000      0.3875000      2.5193328E-03
   1.375000      0.3875000      4.2756442E-03
   1.625000      0.3875000      6.5908586E-03
   1.875000      0.3875000      9.4676716E-03
   2.125000      0.3875000      1.2886239E-02
   2.375000      0.3875000      1.6809227E-02
   2.625000      0.3875000      2.1186743E-02
   2.875000      0.3875000      2.5960993E-02
   3.125000      0.3875000      3.1070611E-02
   3.375000      0.3875000      3.6454428E-02
   3.625000      0.3875000      4.2054597E-02
   3.875000      0.3875000      4.7819093E-02
   4.125000      0.3875000      5.3703107E-02
   4.375000      0.3875000      5.9669897E-02
   4.625000      0.3875000      6.5690689E-02
   4.875000      0.3875000      7.1744025E-02
   5.125000      0.3875000      7.7814884E-02
   5.375000      0.3875000      8.3893381E-02
   5.625000      0.3875000      8.9973509E-02
   5.875000      0.3875000      9.6052073E-02
   6.125000      0.3875000      0.1021277    
   6.375000      0.3875000      0.1082002    
   6.625000      0.3875000      0.1142697    
   6.875000      0.3875000      0.1203369    
   7.125000      0.3875000      0.1264023    
   7.375000      0.3875000      0.1324664    
   7.625000      0.3875000      0.1385296    
   7.875000      0.3875000      0.1445923    
   8.125000      0.3875000      0.1506545    
   8.375000      0.3875000      0.1567166    
   8.625000      0.3875000      0.1627786    
   8.875000      0.3875000      0.1688407    
   9.125000      0.3875000      0.1749074    
   9.375000      0.3875000      0.1810782    
   9.625000      0.3875000      0.1896714    
   9.875000      0.3875000      0.2562557    
   10.00000      0.3875000       1.000000    
 
  0.0000000E+00  0.4125000      0.0000000E+00
  0.1250000      0.4125000      4.5104025E-06
  0.3750000      0.4125000      9.9074387E-05
  0.6250000      0.4125000      3.8592576E-04
  0.8750000      0.4125000      9.7812247E-04
   1.125000      0.4125000      1.9726027E-03
   1.375000      0.4125000      3.4384793E-03
   1.625000      0.4125000      5.4137981E-03
   1.875000      0.4125000      7.9074372E-03
   2.125000      0.4125000      1.0903613E-02
   2.375000      0.4125000      1.4367432E-02
   2.625000      0.4125000      1.8250631E-02
   2.875000      0.4125000      2.2496929E-02
   3.125000      0.4125000      2.7046805E-02
   3.375000      0.4125000      3.1841494E-02
   3.625000      0.4125000      3.6826111E-02
   3.875000      0.4125000      4.1951913E-02
   4.125000      0.4125000      4.7177542E-02
   4.375000      0.4125000      5.2469648E-02
   4.625000      0.4125000      5.7802651E-02
   4.875000      0.4125000      6.3157931E-02
   5.125000      0.4125000      6.8522818E-02
   5.375000      0.4125000      7.3889449E-02
   5.625000      0.4125000      7.9253383E-02
   5.875000      0.4125000      8.4612653E-02
   6.125000      0.4125000      8.9966826E-02
   6.375000      0.4125000      9.5316321E-02
   6.625000      0.4125000      0.1006619    
   6.875000      0.4125000      0.1060044    
   7.125000      0.4125000      0.1113448    
   7.375000      0.4125000      0.1166836    
   7.625000      0.4125000      0.1220213    
   7.875000      0.4125000      0.1273583    
   8.125000      0.4125000      0.1326949    
   8.375000      0.4125000      0.1380314    
   8.625000      0.4125000      0.1433676    
   8.875000      0.4125000      0.1487040    
   9.125000      0.4125000      0.1540447    
   9.375000      0.4125000      0.1594873    
   9.625000      0.4125000      0.1673379    
   9.875000      0.4125000      0.2339089    
   10.00000      0.4125000       1.000000    
 
  0.0000000E+00  0.4375000      0.0000000E+00
  0.1250000      0.4375000      3.1685800E-06
  0.3750000      0.4375000      7.5461707E-05
  0.6250000      0.4375000      3.0702533E-04
  0.8750000      0.4375000      8.0434995E-04
   1.125000      0.4375000      1.6633588E-03
   1.375000      0.4375000      2.9543859E-03
   1.625000      0.4375000      4.7164937E-03
   1.875000      0.4375000      6.9584646E-03
   2.125000      0.4375000      9.6634794E-03
   2.375000      0.4375000      1.2795378E-02
   2.625000      0.4375000      1.6305100E-02
   2.875000      0.4375000      2.0136600E-02
   3.125000      0.4375000      2.4231829E-02
   3.375000      0.4375000      2.8534699E-02
   3.625000      0.4375000      3.2993976E-02
   3.875000      0.4375000      3.7565168E-02
   4.125000      0.4375000      4.2211436E-02
   4.375000      0.4375000      4.6903867E-02
   4.625000      0.4375000      5.1620957E-02
   4.875000      0.4375000      5.6347761E-02
   5.125000      0.4375000      6.1074656E-02
   5.375000      0.4375000      6.5796264E-02
   5.625000      0.4375000      7.0510112E-02
   5.875000      0.4375000      7.5215735E-02
   6.125000      0.4375000      7.9913795E-02
   6.375000      0.4375000      8.4605522E-02
   6.625000      0.4375000      8.9292228E-02
   6.875000      0.4375000      9.3975194E-02
   7.125000      0.4375000      9.8655514E-02
   7.375000      0.4375000      0.1033340    
   7.625000      0.4375000      0.1080112    
   7.875000      0.4375000      0.1126877    
   8.125000      0.4375000      0.1173637    
   8.375000      0.4375000      0.1220395    
   8.625000      0.4375000      0.1267150    
   8.875000      0.4375000      0.1313907    
   9.125000      0.4375000      0.1360707    
   9.375000      0.4375000      0.1408513    
   9.625000      0.4375000      0.1480386    
   9.875000      0.4375000      0.2146818    
   10.00000      0.4375000       1.000000    
 
  0.0000000E+00  0.4625000      0.0000000E+00
  0.1250000      0.4625000      2.7275703E-06
  0.3750000      0.4625000      6.8073146E-05
  0.6250000      0.4625000      2.8260212E-04
  0.8750000      0.4625000      7.4989791E-04
   1.125000      0.4625000      1.5627596E-03
   1.375000      0.4625000      2.7870480E-03
   1.625000      0.4625000      4.4558868E-03
   1.875000      0.4625000      6.5713543E-03
   2.125000      0.4625000      9.1102161E-03
   2.375000      0.4625000      1.2031151E-02
   2.625000      0.4625000      1.5281879E-02
   2.875000      0.4625000      1.8805373E-02
   3.125000      0.4625000      2.2544803E-02
   3.375000      0.4625000      2.6447168E-02
   3.625000      0.4625000      3.0465696E-02
   3.875000      0.4625000      3.4561172E-02
   4.125000      0.4625000      3.8702346E-02
   4.375000      0.4625000      4.2865783E-02
   4.625000      0.4625000      4.7034975E-02
   4.875000      0.4625000      5.1199332E-02
   5.125000      0.4625000      5.5352949E-02
   5.375000      0.4625000      5.9493314E-02
   5.625000      0.4625000      6.3620344E-02
   5.875000      0.4625000      6.7735240E-02
   6.125000      0.4625000      7.1839921E-02
   6.375000      0.4625000      7.5936511E-02
   6.625000      0.4625000      8.0026954E-02
   6.875000      0.4625000      8.4112898E-02
   7.125000      0.4625000      8.8195756E-02
   7.375000      0.4625000      9.2276499E-02
   7.625000      0.4625000      9.6355893E-02
   7.875000      0.4625000      0.1004344    
   8.125000      0.4625000      0.1045123    
   8.375000      0.4625000      0.1085900    
   8.625000      0.4625000      0.1126674    
   8.875000      0.4625000      0.1167450    
   9.125000      0.4625000      0.1208270    
   9.375000      0.4625000      0.1250097    
   9.625000      0.4625000      0.1316123    
   9.875000      0.4625000      0.1984394    
   10.00000      0.4625000       1.000000    
 
  0.0000000E+00  0.4875000      0.0000000E+00
  0.1250000      0.4875000      3.0449689E-06
  0.3750000      0.4875000      7.5474127E-05
  0.6250000      0.4875000      3.0918868E-04
  0.8750000      0.4875000      8.0890459E-04
   1.125000      0.4875000      1.6622114E-03
   1.375000      0.4875000      2.9245175E-03
   1.625000      0.4875000      4.6157110E-03
   1.875000      0.4875000      6.7243795E-03
   2.125000      0.4875000      9.2154993E-03
   2.375000      0.4875000      1.2038907E-02
   2.625000      0.4875000      1.5136987E-02
   2.875000      0.4875000      1.8450897E-02
   3.125000      0.4875000      2.1925099E-02
   3.375000      0.4875000      2.5510360E-02
   3.625000      0.4875000      2.9165372E-02
   3.875000      0.4875000      3.2857317E-02
   4.125000      0.4875000      3.6561657E-02
   4.375000      0.4875000      4.0261377E-02
   4.625000      0.4875000      4.3945827E-02
   4.875000      0.4875000      4.7609463E-02
   5.125000      0.4875000      5.1250551E-02
   5.375000      0.4875000      5.4869898E-02
   5.625000      0.4875000      5.8469947E-02
   5.875000      0.4875000      6.2053777E-02
   6.125000      0.4875000      6.5624699E-02
   6.375000      0.4875000      6.9185741E-02
   6.625000      0.4875000      7.2739512E-02
   6.875000      0.4875000      7.6288104E-02
   7.125000      0.4875000      7.9833202E-02
   7.375000      0.4875000      8.3375879E-02
   7.625000      0.4875000      8.6917073E-02
   7.875000      0.4875000      9.0457313E-02
   8.125000      0.4875000      9.3996935E-02
   8.375000      0.4875000      9.7536236E-02
   8.625000      0.4875000      0.1010753    
   8.875000      0.4875000      0.1046146    
   9.125000      0.4875000      0.1081583    
   9.375000      0.4875000      0.1118043    
   9.625000      0.4875000      0.1179000    
   9.875000      0.4875000      0.1850481    
   10.00000      0.4875000       1.000000    
 
  0.0000000E+00  0.5125000      0.0000000E+00
  0.1250000      0.5125000      4.2222582E-06
  0.3750000      0.5125000      9.9411234E-05
  0.6250000      0.5125000      3.9179856E-04
  0.8750000      0.5125000      9.9025632E-04
   1.125000      0.5125000      1.9735866E-03
   1.375000      0.5125000      3.3795398E-03
   1.625000      0.5125000      5.2068490E-03
   1.875000      0.5125000      7.4237799E-03
   2.125000      0.5125000      9.9785430E-03
   2.375000      0.5125000      1.2809076E-02
   2.625000      0.5125000      1.5851004E-02
   2.875000      0.5125000      1.9043483E-02
   3.125000      0.5125000      2.2332883E-02
   3.375000      0.5125000      2.5674814E-02
   3.625000      0.5125000      2.9034676E-02
   3.875000      0.5125000      3.2387298E-02
   4.125000      0.5125000      3.5715941E-02
   4.375000      0.5125000      3.9010961E-02
   4.625000      0.5125000      4.2268295E-02
   4.875000      0.5125000      4.5487985E-02
   5.125000      0.5125000      4.8672847E-02
   5.375000      0.5125000      5.1827263E-02
   5.625000      0.5125000      5.4956369E-02
   5.875000      0.5125000      5.8065217E-02
   6.125000      0.5125000      6.1158516E-02
   6.375000      0.5125000      6.4240232E-02
   6.625000      0.5125000      6.7313649E-02
   6.875000      0.5125000      7.0381232E-02
   7.125000      0.5125000      7.3444940E-02
   7.375000      0.5125000      7.6506019E-02
   7.625000      0.5125000      7.9565488E-02
   7.875000      0.5125000      8.2623892E-02
   8.125000      0.5125000      8.5681714E-02
   8.375000      0.5125000      8.8739142E-02
   8.625000      0.5125000      9.1796368E-02
   8.875000      0.5125000      9.4853751E-02
   9.125000      0.5125000      9.7915925E-02
   9.375000      0.5125000      0.1010837    
   9.625000      0.5125000      0.1067495    
   9.875000      0.5125000      0.1743813    
   10.00000      0.5125000       1.000000    
 
  0.0000000E+00  0.5375000      0.0000000E+00
  0.1250000      0.5375000      6.6444923E-06
  0.3750000      0.5375000      1.4523551E-04
  0.6250000      0.5375000      5.4481131E-04
  0.8750000      0.5375000      1.3187054E-03
   1.125000      0.5375000      2.5302314E-03
   1.375000      0.5375000      4.1901795E-03
   1.625000      0.5375000      6.2674433E-03
   1.875000      0.5375000      8.7033939E-03
   2.125000      0.5375000      1.1425365E-02
   2.375000      0.5375000      1.4357410E-02
   2.625000      0.5375000      1.7428061E-02
   2.875000      0.5375000      2.0575186E-02
   3.125000      0.5375000      2.3748403E-02
   3.375000      0.5375000      2.6909705E-02
   3.625000      0.5375000      3.0032715E-02
   3.875000      0.5375000      3.3101257E-02
   4.125000      0.5375000      3.6107481E-02
   4.375000      0.5375000      3.9049931E-02
   4.625000      0.5375000      4.1931726E-02
   4.875000      0.5375000      4.4758890E-02
   5.125000      0.5375000      4.7539040E-02
   5.375000      0.5375000      5.0280236E-02
   5.625000      0.5375000      5.2990340E-02
   5.875000      0.5375000      5.5676382E-02
   6.125000      0.5375000      5.8344468E-02
   6.375000      0.5375000      6.0999431E-02
   6.625000      0.5375000      6.3645177E-02
   6.875000      0.5375000      6.6284567E-02
   7.125000      0.5375000      6.8919770E-02
   7.375000      0.5375000      7.1552187E-02
   7.625000      0.5375000      7.4182875E-02
   7.875000      0.5375000      7.6812468E-02
   8.125000      0.5375000      7.9441443E-02
   8.375000      0.5375000      8.2070030E-02
   8.625000      0.5375000      8.4698401E-02
   8.875000      0.5375000      8.7326959E-02
   9.125000      0.5375000      8.9960806E-02
   9.375000      0.5375000      9.2705697E-02
   9.625000      0.5375000      9.8018564E-02
   9.875000      0.5375000      0.1663248    
   10.00000      0.5375000       1.000000    
 
  0.0000000E+00  0.5625000      0.0000000E+00
  0.1250000      0.5625000      1.1121107E-05
  0.3750000      0.5625000      2.2301417E-04
  0.6250000      0.5625000      7.9399807E-04
  0.8750000      0.5625000      1.8371394E-03
   1.125000      0.5625000      3.3887476E-03
   1.375000      0.5625000      5.4206676E-03
   1.625000      0.5625000      7.8626983E-03
   1.875000      0.5625000      1.0623578E-02
   2.125000      0.5625000      1.3607069E-02
   2.375000      0.5625000      1.6722949E-02
   2.625000      0.5625000      1.9893723E-02
   2.875000      0.5625000      2.3057830E-02
   3.125000      0.5625000      2.6170271E-02
   3.375000      0.5625000      2.9201452E-02
   3.625000      0.5625000      3.2135006E-02
   3.875000      0.5625000      3.4965143E-02
   4.125000      0.5625000      3.7693907E-02
   4.375000      0.5625000      4.0328737E-02
   4.625000      0.5625000      4.2880319E-02
   4.875000      0.5625000      4.5360882E-02
   5.125000      0.5625000      4.7782861E-02
   5.375000      0.5625000      5.0157994E-02
   5.625000      0.5625000      5.2496813E-02
   5.875000      0.5625000      5.4808225E-02
   6.125000      0.5625000      5.7099577E-02
   6.375000      0.5625000      5.9376560E-02
   6.625000      0.5625000      6.1643593E-02
   6.875000      0.5625000      6.3903876E-02
   7.125000      0.5625000      6.6159740E-02
   7.375000      0.5625000      6.8412714E-02
   7.625000      0.5625000      7.0663929E-02
   7.875000      0.5625000      7.2914027E-02
   8.125000      0.5625000      7.5163476E-02
   8.375000      0.5625000      7.7412561E-02
   8.625000      0.5625000      7.9661414E-02
   8.875000      0.5625000      8.1910528E-02
   9.125000      0.5625000      8.4165633E-02
   9.375000      0.5625000      8.6539760E-02
   9.625000      0.5625000      9.1577947E-02
   9.875000      0.5625000      0.1607814    
   10.00000      0.5625000       1.000000    
 
  0.0000000E+00  0.5875000      0.0000000E+00
  0.1250000      0.5875000      1.9180659E-05
  0.3750000      0.5875000      3.4951005E-04
  0.6250000      0.5875000      1.1798098E-03
  0.8750000      0.5875000      2.6099414E-03
   1.125000      0.5875000      4.6313233E-03
   1.375000      0.5875000      7.1621859E-03
   1.625000      0.5875000      1.0084154E-02
   1.875000      0.5875000      1.3269242E-02
   2.125000      0.5875000      1.6597096E-02
   2.375000      0.5875000      1.9964883E-02
   2.625000      0.5875000      2.3291832E-02
   2.875000      0.5875000      2.6520051E-02
   3.125000      0.5875000      2.9612856E-02
   3.375000      0.5875000      3.2551572E-02
   3.625000      0.5875000      3.5331786E-02
   3.875000      0.5875000      3.7959442E-02
   4.125000      0.5875000      4.0447358E-02
   4.375000      0.5875000      4.2812347E-02
   4.625000      0.5875000      4.5072846E-02
   4.875000      0.5875000      4.7247235E-02
   5.125000      0.5875000      4.9352687E-02
   5.375000      0.5875000      5.1404431E-02
   5.625000      0.5875000      5.3415406E-02
   5.875000      0.5875000      5.5396289E-02
   6.125000      0.5875000      5.7355441E-02
   6.375000      0.5875000      5.9299350E-02
   6.625000      0.5875000      6.1232820E-02
   6.875000      0.5875000      6.3159280E-02
   7.125000      0.5875000      6.5081224E-02
   7.375000      0.5875000      6.7000248E-02
   7.625000      0.5875000      6.8917461E-02
   7.875000      0.5875000      7.0833609E-02
   8.125000      0.5875000      7.2749071E-02
   8.375000      0.5875000      7.4664213E-02
   8.625000      0.5875000      7.6579124E-02
   8.875000      0.5875000      7.8494400E-02
   9.125000      0.5875000      8.0416687E-02
   9.375000      0.5875000      8.2469240E-02
   9.625000      0.5875000      8.7313712E-02
   9.875000      0.5875000      0.1576749    
   10.00000      0.5875000       1.000000    
 
  0.0000000E+00  0.6125000      0.0000000E+00
  0.1250000      0.6125000      3.3625878E-05
  0.3750000      0.6125000      5.5129599E-04
  0.6250000      0.6125000      1.7620205E-03
  0.8750000      0.6125000      3.7272098E-03
   1.125000      0.6125000      6.3681742E-03
   1.375000      0.6125000      9.5331110E-03
   1.625000      0.6125000      1.3047959E-02
   1.875000      0.6125000      1.6746733E-02
   2.125000      0.6125000      2.0487340E-02
   2.375000      0.6125000      2.4158401E-02
   2.625000      0.6125000      2.7680436E-02
   2.875000      0.6125000      3.1003561E-02
   3.125000      0.6125000      3.4103021E-02
   3.375000      0.6125000      3.6973916E-02
   3.625000      0.6125000      3.9625704E-02
   3.875000      0.6125000      4.2077318E-02
   4.125000      0.6125000      4.4352993E-02
   4.375000      0.6125000      4.6479106E-02
   4.625000      0.6125000      4.8481740E-02
   4.875000      0.6125000      5.0385181E-02
   5.125000      0.6125000      5.2211031E-02
   5.375000      0.6125000      5.3977635E-02
   5.625000      0.6125000      5.5700146E-02
   5.875000      0.6125000      5.7390582E-02
   6.125000      0.6125000      5.9058238E-02
   6.375000      0.6125000      6.0710106E-02
   6.625000      0.6125000      6.2351316E-02
   6.875000      0.6125000      6.3985460E-02
   7.125000      0.6125000      6.5615065E-02
   7.375000      0.6125000      6.7241788E-02
   7.625000      0.6125000      6.8866767E-02
   7.875000      0.6125000      7.0490681E-02
   8.125000      0.6125000      7.2113961E-02
   8.375000      0.6125000      7.3736876E-02
   8.625000      0.6125000      7.5359635E-02
   8.875000      0.6125000      7.6982886E-02
   9.125000      0.6125000      7.8614615E-02
   9.375000      0.6125000      8.0392145E-02
   9.625000      0.6125000      8.5128635E-02
   9.875000      0.6125000      0.1569543    
   10.00000      0.6125000       1.000000    
 
  0.0000000E+00  0.6375000      0.0000000E+00
  0.1250000      0.6375000      5.9541970E-05
  0.3750000      0.6375000      8.6936174E-04
  0.6250000      0.6375000      2.6257145E-03
  0.8750000      0.6375000      5.3093871E-03
   1.125000      0.6375000      8.7394174E-03
   1.375000      0.6375000      1.2678074E-02
   1.625000      0.6375000      1.6891768E-02
   1.875000      0.6375000      2.1179434E-02
   2.125000      0.6375000      2.5383117E-02
   2.375000      0.6375000      2.9389607E-02
   2.625000      0.6375000      3.3127066E-02
   2.875000      0.6375000      3.6558941E-02
   3.125000      0.6375000      3.9676555E-02
   3.375000      0.6375000      4.2491663E-02
   3.625000      0.6375000      4.5029420E-02
   3.875000      0.6375000      4.7322690E-02
   4.125000      0.6375000      4.9407426E-02
   4.375000      0.6375000      5.1319424E-02
   4.625000      0.6375000      5.3092059E-02
   4.875000      0.6375000      5.4755080E-02
   5.125000      0.6375000      5.6333911E-02
   5.375000      0.6375000      5.7849590E-02
   5.625000      0.6375000      5.9319008E-02
   5.875000      0.6375000      6.0755268E-02
   6.125000      0.6375000      6.2168289E-02
   6.375000      0.6375000      6.3565418E-02
   6.625000      0.6375000      6.4951949E-02
   6.875000      0.6375000      6.6331506E-02
   7.125000      0.6375000      6.7706659E-02
   7.375000      0.6375000      6.9079034E-02
   7.625000      0.6375000      7.0449702E-02
   7.875000      0.6375000      7.1819410E-02
   8.125000      0.6375000      7.3188469E-02
   8.375000      0.6375000      7.4557215E-02
   8.625000      0.6375000      7.5925857E-02
   8.875000      0.6375000      7.7295162E-02
   9.125000      0.6375000      7.8674994E-02
   9.375000      0.6375000      8.0221765E-02
   9.625000      0.6375000      8.4943779E-02
   9.875000      0.6375000      0.1585975    
   10.00000      0.6375000       1.000000    
 
  0.0000000E+00  0.6625000      0.0000000E+00
  0.1250000      0.6625000      1.0609045E-04
  0.3750000      0.6625000      1.3656057E-03
  0.6250000      0.6625000      3.8883681E-03
  0.8750000      0.6625000      7.5114719E-03
   1.125000      0.6625000      1.1915410E-02
   1.375000      0.6625000      1.6765049E-02
   1.625000      0.6625000      2.1769760E-02
   1.875000      0.6625000      2.6701733E-02
   2.125000      0.6625000      3.1396963E-02
   2.375000      0.6625000      3.5749692E-02
   2.625000      0.6625000      3.9703477E-02
   2.875000      0.6625000      4.3241125E-02
   3.125000      0.6625000      4.6374295E-02
   3.375000      0.6625000      4.9134109E-02
   3.625000      0.6625000      5.1562876E-02
   3.875000      0.6625000      5.3707901E-02
   4.125000      0.6625000      5.5616736E-02
   4.375000      0.6625000      5.7334125E-02
   4.625000      0.6625000      5.8900036E-02
   4.875000      0.6625000      6.0348928E-02
   5.125000      0.6625000      6.1709426E-02
   5.375000      0.6625000      6.3004665E-02
   5.625000      0.6625000      6.4252719E-02
   5.875000      0.6625000      6.5467469E-02
   6.125000      0.6625000      6.6659130E-02
   6.375000      0.6625000      6.7835212E-02
   6.625000      0.6625000      6.9001034E-02
   6.875000      0.6625000      7.0160143E-02
   7.125000      0.6625000      7.1315050E-02
   7.375000      0.6625000      7.2467327E-02
   7.625000      0.6625000      7.3618062E-02
   7.875000      0.6625000      7.4767843E-02
   8.125000      0.6625000      7.5917073E-02
   8.375000      0.6625000      7.7066004E-02
   8.625000      0.6625000      7.8214876E-02
   8.875000      0.6625000      7.9364702E-02
   9.125000      0.6625000      8.0527887E-02
   9.375000      0.6625000      8.1886537E-02
   9.625000      0.6625000      8.6698823E-02
   9.875000      0.6625000      0.1626142    
   10.00000      0.6625000       1.000000    
 
  0.0000000E+00  0.6875000      0.0000000E+00
  0.1250000      0.6875000      1.8963886E-04
  0.3750000      0.6875000      2.1315583E-03
  0.6250000      0.6875000      5.7073846E-03
  0.8750000      0.6875000      1.0525664E-02
   1.125000      0.6875000      1.6094523E-02
   1.375000      0.6875000      2.1979846E-02
   1.625000      0.6875000      2.7845532E-02
   1.875000      0.6875000      3.3451624E-02
   2.125000      0.6875000      3.8641728E-02
   2.375000      0.6875000      4.3328814E-02
   2.625000      0.6875000      4.7480512E-02
   2.875000      0.6875000      5.1105168E-02
   3.125000      0.6875000      5.4238763E-02
   3.375000      0.6875000      5.6933954E-02
   3.625000      0.6875000      5.9251081E-02
   3.875000      0.6875000      6.1251886E-02
   4.125000      0.6875000      6.2994912E-02
   4.375000      0.6875000      6.4532958E-02
   4.625000      0.6875000      6.5911673E-02
   4.875000      0.6875000      6.7169257E-02
   5.125000      0.6875000      6.8336762E-02
   5.375000      0.6875000      6.9438696E-02
   5.625000      0.6875000      7.0493832E-02
   5.875000      0.6875000      7.1516350E-02
   6.125000      0.6875000      7.2516561E-02
   6.375000      0.6875000      7.3501855E-02
   6.625000      0.6875000      7.4477464E-02
   6.875000      0.6875000      7.5446784E-02
   7.125000      0.6875000      7.6412164E-02
   7.375000      0.6875000      7.7375166E-02
   7.625000      0.6875000      7.8336775E-02
   7.875000      0.6875000      7.9297498E-02
   8.125000      0.6875000      8.0257729E-02
   8.375000      0.6875000      8.1217691E-02
   8.625000      0.6875000      8.2177661E-02
   8.875000      0.6875000      8.3138973E-02
   9.125000      0.6875000      8.4117576E-02
   9.375000      0.6875000      8.5329816E-02
   9.625000      0.6875000      9.0352684E-02
   9.875000      0.6875000      0.1690497    
   10.00000      0.6875000       1.000000    
 
  0.0000000E+00  0.7125000      0.0000000E+00
  0.1250000      0.7125000      3.3909347E-04
  0.3750000      0.7125000      3.2994132E-03
  0.6250000      0.7125000      8.2867909E-03
  0.8750000      0.7125000      1.4580798E-02
   1.125000      0.7125000      2.1497112E-02
   1.375000      0.7125000      2.8517399E-02
   1.625000      0.7125000      3.5282791E-02
   1.875000      0.7125000      4.1562028E-02
   2.125000      0.7125000      4.7222994E-02
   2.375000      0.7125000      5.2209813E-02
   2.625000      0.7125000      5.6523059E-02
   2.875000      0.7125000      6.0202222E-02
   3.125000      0.7125000      6.3310869E-02
   3.375000      0.7125000      6.5924548E-02
   3.625000      0.7125000      6.8121828E-02
   3.875000      0.7125000      6.9978133E-02
   4.125000      0.7125000      7.1561955E-02
   4.375000      0.7125000      7.2932892E-02
   4.625000      0.7125000      7.4141100E-02
   4.875000      0.7125000      7.5227425E-02
   5.125000      0.7125000      7.6224424E-02
   5.375000      0.7125000      7.7157266E-02
   5.625000      0.7125000      7.8044929E-02
   5.875000      0.7125000      7.8901455E-02
   6.125000      0.7125000      7.9736970E-02
   6.375000      0.7125000      8.0558561E-02
   6.625000      0.7125000      8.1371196E-02
   6.875000      0.7125000      8.2178116E-02
   7.125000      0.7125000      8.2981452E-02
   7.375000      0.7125000      8.3782658E-02
   7.625000      0.7125000      8.4582619E-02
   7.875000      0.7125000      8.5381791E-02
   8.125000      0.7125000      8.6180560E-02
   8.375000      0.7125000      8.6979091E-02
   8.625000      0.7125000      8.7777704E-02
   8.875000      0.7125000      8.8578202E-02
   9.125000      0.7125000      8.9401253E-02
   9.375000      0.7125000      9.0508766E-02
   9.625000      0.7125000      9.5882975E-02
   9.875000      0.7125000      0.1779853    
   10.00000      0.7125000       1.000000    
 
  0.0000000E+00  0.7375000      0.0000000E+00
  0.1250000      0.7375000      6.0472055E-04
  0.3750000      0.7375000      5.0548655E-03
  0.6250000      0.7375000      1.1881049E-02
  0.8750000      0.7375000      1.9936761E-02
   1.125000      0.7375000      2.8354926E-02
   1.375000      0.7375000      3.6569934E-02
   1.625000      0.7375000      4.4234406E-02
   1.875000      0.7375000      5.1151577E-02
   2.125000      0.7375000      5.7231825E-02
   2.375000      0.7375000      6.2462848E-02
   2.625000      0.7375000      6.6886000E-02
   2.875000      0.7375000      7.0576571E-02
   3.125000      0.7375000      7.3627695E-02
   3.375000      0.7375000      7.6138273E-02
   3.625000      0.7375000      7.8204207E-02
   3.875000      0.7375000      7.9913363E-02
   4.125000      0.7375000      8.1342585E-02
   4.375000      0.7375000      8.2556814E-02
   4.625000      0.7375000      8.3609194E-02
   4.875000      0.7375000      8.4542200E-02
   5.125000      0.7375000      8.5388891E-02
   5.375000      0.7375000      8.6174369E-02
   5.625000      0.7375000      8.6917348E-02
   5.875000      0.7375000      8.7631315E-02
   6.125000      0.7375000      8.8325992E-02
   6.375000      0.7375000      8.9007996E-02
   6.625000      0.7375000      8.9681916E-02
   6.875000      0.7375000      9.0350740E-02
   7.125000      0.7375000      9.1016404E-02
   7.375000      0.7375000      9.1680229E-02
   7.625000      0.7375000      9.2342943E-02
   7.875000      0.7375000      9.3005002E-02
   8.125000      0.7375000      9.3666688E-02
   8.375000      0.7375000      9.4328195E-02
   8.625000      0.7375000      9.4989881E-02
   8.875000      0.7375000      9.5654197E-02
   9.125000      0.7375000      9.6348159E-02
   9.375000      0.7375000      9.7393483E-02
   9.625000      0.7375000      0.1032851    
   9.875000      0.7375000      0.1895388    
   10.00000      0.7375000       1.000000    
 
  0.0000000E+00  0.7625000      0.0000000E+00
  0.1250000      0.7625000      1.0721895E-03
  0.3750000      0.7625000      7.6501388E-03
  0.6250000      0.7625000      1.6793070E-02
  0.8750000      0.7625000      2.6872184E-02
   1.125000      0.7625000      3.6895588E-02
   1.375000      0.7625000      4.6312474E-02
   1.625000      0.7625000      5.4830626E-02
   1.875000      0.7625000      6.2315762E-02
   2.125000      0.7625000      6.8738438E-02
   2.375000      0.7625000      7.4140839E-02
   2.625000      0.7625000      7.8611203E-02
   2.875000      0.7625000      8.2263514E-02
   3.125000      0.7625000      8.5221045E-02
   3.375000      0.7625000      8.7605104E-02
   3.625000      0.7625000      8.9527443E-02
   3.875000      0.7625000      9.1086306E-02
   4.125000      0.7625000      9.2365012E-02
   4.375000      0.7625000      9.3432046E-02
   4.625000      0.7625000      9.4342202E-02
   4.875000      0.7625000      9.5138274E-02
   5.125000      0.7625000      9.5852993E-02
   5.375000      0.7625000      9.6510738E-02
   5.625000      0.7625000      9.7129442E-02
   5.875000      0.7625000      9.7721823E-02
   6.125000      0.7625000      9.8296881E-02
   6.375000      0.7625000      9.8860659E-02
   6.625000      0.7625000      9.9417366E-02
   6.875000      0.7625000      9.9969603E-02
   7.125000      0.7625000      0.1005192    
   7.375000      0.7625000      0.1010671    
   7.625000      0.7625000      0.1016141    
   7.875000      0.7625000      0.1021606    
   8.125000      0.7625000      0.1027068    
   8.375000      0.7625000      0.1032528    
   8.625000      0.7625000      0.1037991    
   8.875000      0.7625000      0.1043491    
   9.125000      0.7625000      0.1049380    
   9.375000      0.7625000      0.1059654    
   9.625000      0.7625000      0.1125703    
   9.875000      0.7625000      0.2038584    
   10.00000      0.7625000       1.000000    
 
  0.0000000E+00  0.7875000      0.0000000E+00
  0.1250000      0.7875000      1.8838195E-03
  0.3750000      0.7875000      1.1413852E-02
  0.6250000      0.7875000      2.3362949E-02
  0.8750000      0.7875000      3.5664219E-02
   1.125000      0.7875000      4.7322772E-02
   1.375000      0.7875000      5.7887003E-02
   1.625000      0.7875000      6.7167602E-02
   1.875000      0.7875000      7.5119227E-02
   2.125000      0.7875000      8.1787407E-02
   2.375000      0.7875000      8.7276712E-02
   2.625000      0.7875000      9.1725953E-02
   2.875000      0.7875000      9.5288455E-02
   3.125000      0.7875000      9.8116629E-02
   3.375000      0.7875000      0.1003521    
   3.625000      0.7875000      0.1021201    
   3.875000      0.7875000      0.1035267    
   4.125000      0.7875000      0.1046597    
   4.375000      0.7875000      0.1055892    
   4.625000      0.7875000      0.1063702    
   4.875000      0.7875000      0.1070447    
   5.125000      0.7875000      0.1076443    
   5.375000      0.7875000      0.1081921    
   5.625000      0.7875000      0.1087049    
   5.875000      0.7875000      0.1091943    
   6.125000      0.7875000      0.1096686    
   6.375000      0.7875000      0.1101331    
   6.625000      0.7875000      0.1105915    
   6.875000      0.7875000      0.1110462    
   7.125000      0.7875000      0.1114985    
   7.375000      0.7875000      0.1119495    
   7.625000      0.7875000      0.1123999    
   7.875000      0.7875000      0.1128497    
   8.125000      0.7875000      0.1132992    
   8.375000      0.7875000      0.1137487    
   8.625000      0.7875000      0.1141987    
   8.875000      0.7875000      0.1146534    
   9.125000      0.7875000      0.1151595    
   9.375000      0.7875000      0.1162153    
   9.625000      0.7875000      0.1237613    
   9.875000      0.7875000      0.2211110    
   10.00000      0.7875000       1.000000    
 
  0.0000000E+00  0.8125000      0.0000000E+00
  0.1250000      0.8125000      3.2685585E-03
  0.3750000      0.8125000      1.6752083E-02
  0.6250000      0.8125000      3.1944137E-02
  0.8750000      0.8125000      4.6560947E-02
   1.125000      0.8125000      5.9794180E-02
   1.375000      0.8125000      7.1387388E-02
   1.625000      0.8125000      8.1298158E-02
   1.875000      0.8125000      8.9590684E-02
   2.125000      0.8125000      9.6395135E-02
   2.375000      0.8125000      0.1018825    
   2.625000      0.8125000      0.1062428    
   2.875000      0.8125000      0.1096672    
   3.125000      0.8125000      0.1123344    
   3.375000      0.8125000      0.1144034    
   3.625000      0.8125000      0.1160097    
   3.875000      0.8125000      0.1172649    
   4.125000      0.8125000      0.1182586    
   4.375000      0.8125000      0.1190609    
   4.625000      0.8125000      0.1197257    
   4.875000      0.8125000      0.1202933    
   5.125000      0.8125000      0.1207935    
   5.375000      0.8125000      0.1212476    
   5.625000      0.8125000      0.1216711    
   5.875000      0.8125000      0.1220742    
   6.125000      0.8125000      0.1224644    
   6.375000      0.8125000      0.1228463    
   6.625000      0.8125000      0.1232230    
   6.875000      0.8125000      0.1235967    
   7.125000      0.8125000      0.1239686    
   7.375000      0.8125000      0.1243393    
   7.625000      0.8125000      0.1247094    
   7.875000      0.8125000      0.1250792    
   8.125000      0.8125000      0.1254488    
   8.375000      0.8125000      0.1258182    
   8.625000      0.8125000      0.1261884    
   8.875000      0.8125000      0.1265649    
   9.125000      0.8125000      0.1270083    
   9.375000      0.8125000      0.1281413    
   9.625000      0.8125000      0.1368858    
   9.875000      0.8125000      0.2414574    
   10.00000      0.8125000       1.000000    
 
  0.0000000E+00  0.8375000      0.0000000E+00
  0.1250000      0.8375000      5.5800816E-03
  0.3750000      0.8375000      2.4132613E-02
  0.6250000      0.8375000      4.2865250E-02
  0.8750000      0.8375000      5.9748642E-02
   1.125000      0.8375000      7.4400015E-02
   1.375000      0.8375000      8.6847126E-02
   1.625000      0.8375000      9.7225748E-02
   1.875000      0.8375000      0.1057206    
   2.125000      0.8375000      0.1125497    
   2.375000      0.8375000      0.1179503    
   2.625000      0.8375000      0.1221609    
   2.875000      0.8375000      0.1254066    
   3.125000      0.8375000      0.1278889    
   3.375000      0.8375000      0.1297801    
   3.625000      0.8375000      0.1312226    
   3.875000      0.8375000      0.1323306    
   4.125000      0.8375000      0.1331938    
   4.375000      0.8375000      0.1338805    
   4.625000      0.8375000      0.1344425    
   4.875000      0.8375000      0.1349173    
   5.125000      0.8375000      0.1353327    
   5.375000      0.8375000      0.1357081    
   5.625000      0.8375000      0.1360570    
   5.875000      0.8375000      0.1363888    
   6.125000      0.8375000      0.1367097    
   6.375000      0.8375000      0.1370237    
   6.625000      0.8375000      0.1373335    
   6.875000      0.8375000      0.1376408    
   7.125000      0.8375000      0.1379466    
   7.375000      0.8375000      0.1382516    
   7.625000      0.8375000      0.1385560    
   7.875000      0.8375000      0.1388602    
   8.125000      0.8375000      0.1391643    
   8.375000      0.8375000      0.1394683    
   8.625000      0.8375000      0.1397731    
   8.875000      0.8375000      0.1400864    
   9.125000      0.8375000      0.1404856    
   9.375000      0.8375000      0.1417453    
   9.625000      0.8375000      0.1519662    
   9.875000      0.8375000      0.2650104    
   10.00000      0.8375000       1.000000    
 
  0.0000000E+00  0.8625000      0.0000000E+00
  0.1250000      0.8625000      9.3370164E-03
  0.3750000      0.8625000      3.4043137E-02
  0.6250000      0.8625000      5.6379482E-02
  0.8750000      0.8625000      7.5319074E-02
   1.125000      0.8625000      9.1146238E-02
   1.375000      0.8625000      0.1042324    
   1.625000      0.8625000      0.1149028    
   1.875000      0.8625000      0.1234623    
   2.125000      0.8625000      0.1302136    
   2.375000      0.8625000      0.1354548    
   2.625000      0.8625000      0.1394679    
   2.875000      0.8625000      0.1425069    
   3.125000      0.8625000      0.1447906    
   3.375000      0.8625000      0.1465008    
   3.625000      0.8625000      0.1477835    
   3.875000      0.8625000      0.1487531    
   4.125000      0.8625000      0.1494971    
   4.375000      0.8625000      0.1500811    
   4.625000      0.8625000      0.1505538    
   4.875000      0.8625000      0.1509498    
   5.125000      0.8625000      0.1512943    
   5.375000      0.8625000      0.1516046    
   5.625000      0.8625000      0.1518925    
   5.875000      0.8625000      0.1521661    
   6.125000      0.8625000      0.1524308    
   6.375000      0.8625000      0.1526898    
   6.625000      0.8625000      0.1529456    
   6.875000      0.8625000      0.1531993    
   7.125000      0.8625000      0.1534518    
   7.375000      0.8625000      0.1537037    
   7.625000      0.8625000      0.1539553    
   7.875000      0.8625000      0.1542065    
   8.125000      0.8625000      0.1544577    
   8.375000      0.8625000      0.1547089    
   8.625000      0.8625000      0.1549612    
   8.875000      0.8625000      0.1552243    
   9.125000      0.8625000      0.1555961    
   9.375000      0.8625000      0.1570304    
   9.625000      0.8625000      0.1690044    
   9.875000      0.8625000      0.2917707    
   10.00000      0.8625000       1.000000    
 
  0.0000000E+00  0.8875000      0.0000000E+00
  0.1250000      0.8875000      1.5248970E-02
  0.3750000      0.8875000      4.6916287E-02
  0.6250000      0.8875000      7.2608195E-02
  0.8750000      0.8875000      9.3243346E-02
   1.125000      0.8875000      0.1099457    
   1.375000      0.8875000      0.1234416    
   1.625000      0.8875000      0.1342341    
   1.875000      0.8875000      0.1427368    
   2.125000      0.8875000      0.1493274    
   2.375000      0.8875000      0.1543569    
   2.625000      0.8875000      0.1581432    
   2.875000      0.8875000      0.1609627    
   3.125000      0.8875000      0.1630467    
   3.375000      0.8875000      0.1645822    
   3.625000      0.8875000      0.1657158    
   3.875000      0.8875000      0.1665599    
   4.125000      0.8875000      0.1671987    
   4.375000      0.8875000      0.1676943    
   4.625000      0.8875000      0.1680917    
   4.875000      0.8875000      0.1684225    
   5.125000      0.8875000      0.1687091    
   5.375000      0.8875000      0.1689668    
   5.625000      0.8875000      0.1692060    
   5.875000      0.8875000      0.1694333    
   6.125000      0.8875000      0.1696534    
   6.375000      0.8875000      0.1698690    
   6.625000      0.8875000      0.1700820    
   6.875000      0.8875000      0.1702934    
   7.125000      0.8875000      0.1705039    
   7.375000      0.8875000      0.1707139    
   7.625000      0.8875000      0.1709236    
   7.875000      0.8875000      0.1711332    
   8.125000      0.8875000      0.1713426    
   8.375000      0.8875000      0.1715521    
   8.625000      0.8875000      0.1717630    
   8.875000      0.8875000      0.1719874    
   9.125000      0.8875000      0.1723463    
   9.375000      0.8875000      0.1739966    
   9.625000      0.8875000      0.1879621    
   9.875000      0.8875000      0.3215326    
   10.00000      0.8875000       1.000000    
 
  0.0000000E+00  0.9125000      0.0000000E+00
  0.1250000      0.9125000      2.4195265E-02
  0.3750000      0.9125000      6.3022226E-02
  0.6250000      0.9125000      9.1491200E-02
  0.8750000      0.9125000      0.1133588    
   1.125000      0.9125000      0.1306196    
   1.375000      0.9125000      0.1443110    
   1.625000      0.9125000      0.1550830    
   1.875000      0.9125000      0.1634383    
   2.125000      0.9125000      0.1698153    
   2.375000      0.9125000      0.1746075    
   2.625000      0.9125000      0.1781600    
   2.875000      0.9125000      0.1807652    
   3.125000      0.9125000      0.1826618    
   3.375000      0.9125000      0.1840384    
   3.625000      0.9125000      0.1850402    
   3.875000      0.9125000      0.1857761    
   4.125000      0.9125000      0.1863263    
   4.375000      0.9125000      0.1867490    
   4.625000      0.9125000      0.1870854    
   4.875000      0.9125000      0.1873642    
   5.125000      0.9125000      0.1876054    
   5.375000      0.9125000      0.1878221    
   5.625000      0.9125000      0.1880236    
   5.875000      0.9125000      0.1882154    
   6.125000      0.9125000      0.1884013    
   6.375000      0.9125000      0.1885836    
   6.625000      0.9125000      0.1887640    
   6.875000      0.9125000      0.1889430    
   7.125000      0.9125000      0.1891214    
   7.375000      0.9125000      0.1892994    
   7.625000      0.9125000      0.1894772    
   7.875000      0.9125000      0.1896549    
   8.125000      0.9125000      0.1898325    
   8.375000      0.9125000      0.1900102    
   8.625000      0.9125000      0.1901895    
   8.875000      0.9125000      0.1903854    
   9.125000      0.9125000      0.1907432    
   9.375000      0.9125000      0.1926367    
   9.625000      0.9125000      0.2087365    
   9.875000      0.9125000      0.3537594    
   10.00000      0.9125000       1.000000    
 
  0.0000000E+00  0.9375000      0.0000000E+00
  0.1250000      0.9375000      3.7102152E-02
  0.3750000      0.9375000      8.2345434E-02
  0.6250000      0.9375000      0.1127589    
  0.8750000      0.9375000      0.1353727    
   1.125000      0.9375000      0.1529071    
   1.375000      0.9375000      0.1666248    
   1.625000      0.9375000      0.1772801    
   1.875000      0.9375000      0.1854403    
   2.125000      0.9375000      0.1915888    
   2.375000      0.9375000      0.1961496    
   2.625000      0.9375000      0.1994863    
   2.875000      0.9375000      0.2019013    
   3.125000      0.9375000      0.2036366    
   3.375000      0.9375000      0.2048800    
   3.625000      0.9375000      0.2057736    
   3.875000      0.9375000      0.2064226    
   4.125000      0.9375000      0.2069031    
   4.375000      0.9375000      0.2072693    
   4.625000      0.9375000      0.2075593    
   4.875000      0.9375000      0.2077990    
   5.125000      0.9375000      0.2080066    
   5.375000      0.9375000      0.2081933    
   5.625000      0.9375000      0.2083672    
   5.875000      0.9375000      0.2085331    
   6.125000      0.9375000      0.2086944    
   6.375000      0.9375000      0.2088526    
   6.625000      0.9375000      0.2090094    
   6.875000      0.9375000      0.2091651    
   7.125000      0.9375000      0.2093203    
   7.375000      0.9375000      0.2094751    
   7.625000      0.9375000      0.2096299    
   7.875000      0.9375000      0.2097845    
   8.125000      0.9375000      0.2099391    
   8.375000      0.9375000      0.2100938    
   8.625000      0.9375000      0.2102505    
   8.875000      0.9375000      0.2104265    
   9.125000      0.9375000      0.2107916    
   9.375000      0.9375000      0.2129314    
   9.625000      0.9375000      0.2311336    
   9.875000      0.9375000      0.3874325    
   10.00000      0.9375000       1.000000    
 
  0.0000000E+00  0.9625000      0.0000000E+00
  0.1250000      0.9625000      5.4648250E-02
  0.3750000      0.9625000      0.1044839    
  0.6250000      0.9625000      0.1359391    
  0.8750000      0.9625000      0.1588829    
   1.125000      0.9625000      0.1764829    
   1.375000      0.9625000      0.1901274    
   1.625000      0.9625000      0.2006314    
   1.875000      0.9625000      0.2086018    
   2.125000      0.9625000      0.2145504    
   2.375000      0.9625000      0.2189200    
   2.625000      0.9625000      0.2220855    
   2.875000      0.9625000      0.2243539    
   3.125000      0.9625000      0.2259677    
   3.375000      0.9625000      0.2271128    
   3.625000      0.9625000      0.2279281    
   3.875000      0.9625000      0.2285153    
   4.125000      0.9625000      0.2289469    
   4.375000      0.9625000      0.2292742    
   4.625000      0.9625000      0.2295327    
   4.875000      0.9625000      0.2297463    
   5.125000      0.9625000      0.2299313    
   5.375000      0.9625000      0.2300983    
   5.625000      0.9625000      0.2302542    
   5.875000      0.9625000      0.2304033    
   6.125000      0.9625000      0.2305484    
   6.375000      0.9625000      0.2306911    
   6.625000      0.9625000      0.2308325    
   6.875000      0.9625000      0.2309730    
   7.125000      0.9625000      0.2311132    
   7.375000      0.9625000      0.2312531    
   7.625000      0.9625000      0.2313929    
   7.875000      0.9625000      0.2315325    
   8.125000      0.9625000      0.2316723    
   8.375000      0.9625000      0.2318120    
   8.625000      0.9625000      0.2319540    
   8.875000      0.9625000      0.2321178    
   9.125000      0.9625000      0.2324935    
   9.375000      0.9625000      0.2348473    
   9.625000      0.9625000      0.2548489    
   9.875000      0.9625000      0.4208947    
   10.00000      0.9625000       1.000000    
 
  0.0000000E+00  0.9875000      0.0000000E+00
  0.1250000      0.9875000      7.6735839E-02
  0.3750000      0.9875000      0.1286231    
  0.6250000      0.9875000      0.1603979    
  0.8750000      0.9875000      0.1834064    
   1.125000      0.9875000      0.2009746    
   1.375000      0.9875000      0.2145341    
   1.625000      0.9875000      0.2249237    
   1.875000      0.9875000      0.2327681    
   2.125000      0.9875000      0.2385922    
   2.375000      0.9875000      0.2428476    
   2.625000      0.9875000      0.2459134    
   2.875000      0.9875000      0.2480985    
   3.125000      0.9875000      0.2496444    
   3.375000      0.9875000      0.2507355    
   3.625000      0.9875000      0.2515083    
   3.875000      0.9875000      0.2520626    
   4.125000      0.9875000      0.2524684    
   4.375000      0.9875000      0.2527755    
   4.625000      0.9875000      0.2530177    
   4.875000      0.9875000      0.2532178    
   5.125000      0.9875000      0.2533917    
   5.375000      0.9875000      0.2535488    
   5.625000      0.9875000      0.2536958    
   5.875000      0.9875000      0.2538365    
   6.125000      0.9875000      0.2539738    
   6.375000      0.9875000      0.2541088    
   6.625000      0.9875000      0.2542426    
   6.875000      0.9875000      0.2543758    
   7.125000      0.9875000      0.2545084    
   7.375000      0.9875000      0.2546409    
   7.625000      0.9875000      0.2547733    
   7.875000      0.9875000      0.2549058    
   8.125000      0.9875000      0.2550382    
   8.375000      0.9875000      0.2551705    
   8.625000      0.9875000      0.2553054    
   8.875000      0.9875000      0.2554635    
   9.125000      0.9875000      0.2558476    
   9.375000      0.9875000      0.2583356    
   9.625000      0.9875000      0.2794620    
   9.875000      0.9875000      0.4517270    
   10.00000      0.9875000       1.000000    
 
  0.0000000E+00   1.000000      0.0000000E+00
  0.1250000       1.000000      7.6735839E-02
  0.3750000       1.000000      0.1286231    
  0.6250000       1.000000      0.1603979    
  0.8750000       1.000000      0.1834064    
   1.125000       1.000000      0.2009746    
   1.375000       1.000000      0.2145341    
   1.625000       1.000000      0.2249237    
   1.875000       1.000000      0.2327681    
   2.125000       1.000000      0.2385922    
   2.375000       1.000000      0.2428476    
   2.625000       1.000000      0.2459134    
   2.875000       1.000000      0.2480985    
   3.125000       1.000000      0.2496444    
   3.375000       1.000000      0.2507355    
   3.625000       1.000000      0.2515083    
   3.875000       1.000000      0.2520626    
   4.125000       1.000000      0.2524684    
   4.375000       1.000000      0.2527755    
   4.625000       1.000000      0.2530177    
   4.875000       1.000000      0.2532178    
   5.125000       1.000000      0.2533917    
   5.375000       1.000000      0.2535488    
   5.625000       1.000000      0.2536958    
   5.875000       1.000000      0.2538365    
   6.125000       1.000000      0.2539738    
   6.375000       1.000000      0.2541088    
   6.625000       1.000000      0.2542426    
   6.875000       1.000000      0.2543758    
   7.125000       1.000000      0.2545084    
   7.375000       1.000000      0.2546409    
   7.625000       1.000000      0.2547733    
   7.875000       1.000000      0.2549058    
   8.125000       1.000000      0.2550382    
   8.375000       1.000000      0.2551705    
   8.625000       1.000000      0.2553054    
   8.875000       1.000000      0.2554635    
   9.125000       1.000000      0.2558476    
   9.375000       1.000000      0.2583356    
   9.625000       1.000000      0.2794620    
   9.875000       1.000000      0.4517270    
   10.00000       1.000000       1.000000    
 
