  0.0000000E+00  0.0000000E+00  0.0000000E+00
  0.1250000      0.0000000E+00  1.2499999E-02
  0.3750000      0.0000000E+00  3.7499998E-02
  0.6250000      0.0000000E+00  6.2499996E-02
  0.8750000      0.0000000E+00  8.7499991E-02
   1.125000      0.0000000E+00  0.1125000    
   1.375000      0.0000000E+00  0.1375000    
   1.625000      0.0000000E+00  0.1625000    
   1.875000      0.0000000E+00  0.1875000    
   2.125000      0.0000000E+00  0.2125000    
   2.375000      0.0000000E+00  0.2375000    
   2.625000      0.0000000E+00  0.2625000    
   2.875000      0.0000000E+00  0.2875000    
   3.125000      0.0000000E+00  0.3125000    
   3.375000      0.0000000E+00  0.3375000    
   3.625000      0.0000000E+00  0.3625000    
   3.875000      0.0000000E+00  0.3875000    
   4.125000      0.0000000E+00  0.4125000    
   4.375000      0.0000000E+00  0.4375000    
   4.625000      0.0000000E+00  0.4625000    
   4.875000      0.0000000E+00  0.4875000    
   5.125000      0.0000000E+00  0.5125000    
   5.375000      0.0000000E+00  0.5375000    
   5.625000      0.0000000E+00  0.5624999    
   5.875000      0.0000000E+00  0.5875000    
   6.125000      0.0000000E+00  0.6125000    
   6.375000      0.0000000E+00  0.6375000    
   6.625000      0.0000000E+00  0.6625000    
   6.875000      0.0000000E+00  0.6874999    
   7.125000      0.0000000E+00  0.7125000    
   7.375000      0.0000000E+00  0.7375000    
   7.625000      0.0000000E+00  0.7624999    
   7.875000      0.0000000E+00  0.7875000    
   8.125000      0.0000000E+00  0.8124999    
   8.375000      0.0000000E+00  0.8375000    
   8.625000      0.0000000E+00  0.8625000    
   8.875000      0.0000000E+00  0.8874999    
   9.125000      0.0000000E+00  0.9125000    
   9.375000      0.0000000E+00  0.9374999    
   9.625000      0.0000000E+00  0.9624999    
   9.875000      0.0000000E+00  0.9875000    
   10.00000      0.0000000E+00   1.000000    
 
  0.0000000E+00  1.2500000E-02  0.0000000E+00
  0.1250000      1.2500000E-02  1.0757276E-02
  0.3750000      1.2500000E-02  3.3148408E-02
  0.6250000      1.2500000E-02  5.5626497E-02
  0.8750000      1.2500000E-02  7.8114629E-02
   1.125000      1.2500000E-02  0.1006038    
   1.375000      1.2500000E-02  0.1230931    
   1.625000      1.2500000E-02  0.1455825    
   1.875000      1.2500000E-02  0.1680718    
   2.125000      1.2500000E-02  0.1905611    
   2.375000      1.2500000E-02  0.2130504    
   2.625000      1.2500000E-02  0.2355398    
   2.875000      1.2500000E-02  0.2580292    
   3.125000      1.2500000E-02  0.2805185    
   3.375000      1.2500000E-02  0.3030078    
   3.625000      1.2500000E-02  0.3254971    
   3.875000      1.2500000E-02  0.3479865    
   4.125000      1.2500000E-02  0.3704759    
   4.375000      1.2500000E-02  0.3929651    
   4.625000      1.2500000E-02  0.4154544    
   4.875000      1.2500000E-02  0.4379437    
   5.125000      1.2500000E-02  0.4604331    
   5.375000      1.2500000E-02  0.4829224    
   5.625000      1.2500000E-02  0.5054117    
   5.875000      1.2500000E-02  0.5279012    
   6.125000      1.2500000E-02  0.5503904    
   6.375000      1.2500000E-02  0.5728798    
   6.625000      1.2500000E-02  0.5953691    
   6.875000      1.2500000E-02  0.6178584    
   7.125000      1.2500000E-02  0.6403477    
   7.375000      1.2500000E-02  0.6628370    
   7.625000      1.2500000E-02  0.6853265    
   7.875000      1.2500000E-02  0.7078159    
   8.125000      1.2500000E-02  0.7303050    
   8.375000      1.2500000E-02  0.7527945    
   8.625000      1.2500000E-02  0.7752839    
   8.875000      1.2500000E-02  0.7977729    
   9.125000      1.2500000E-02  0.8202624    
   9.375000      1.2500000E-02  0.8427618    
   9.625000      1.2500000E-02  0.8656392    
   9.875000      1.2500000E-02  0.8990358    
   10.00000      1.2500000E-02   1.000000    
 
  0.0000000E+00  3.7500001E-02  0.0000000E+00
  0.1250000      3.7500001E-02  7.5649391E-03
  0.3750000      3.7500001E-02  2.4894539E-02
  0.6250000      3.7500001E-02  4.2486846E-02
  0.8750000      3.7500001E-02  6.0111217E-02
   1.125000      3.7500001E-02  7.7739194E-02
   1.375000      3.7500001E-02  9.5367603E-02
   1.625000      3.7500001E-02  0.1129960    
   1.875000      3.7500001E-02  0.1306245    
   2.125000      3.7500001E-02  0.1482529    
   2.375000      3.7500001E-02  0.1658813    
   2.625000      3.7500001E-02  0.1835098    
   2.875000      3.7500001E-02  0.2011383    
   3.125000      3.7500001E-02  0.2187666    
   3.375000      3.7500001E-02  0.2363951    
   3.625000      3.7500001E-02  0.2540235    
   3.875000      3.7500001E-02  0.2716520    
   4.125000      3.7500001E-02  0.2892803    
   4.375000      3.7500001E-02  0.3069088    
   4.625000      3.7500001E-02  0.3245373    
   4.875000      3.7500001E-02  0.3421656    
   5.125000      3.7500001E-02  0.3597941    
   5.375000      3.7500001E-02  0.3774225    
   5.625000      3.7500001E-02  0.3950509    
   5.875000      3.7500001E-02  0.4126795    
   6.125000      3.7500001E-02  0.4303080    
   6.375000      3.7500001E-02  0.4479363    
   6.625000      3.7500001E-02  0.4655648    
   6.875000      3.7500001E-02  0.4831932    
   7.125000      3.7500001E-02  0.5008215    
   7.375000      3.7500001E-02  0.5184500    
   7.625000      3.7500001E-02  0.5360785    
   7.875000      3.7500001E-02  0.5537070    
   8.125000      3.7500001E-02  0.5713353    
   8.375000      3.7500001E-02  0.5889638    
   8.625000      3.7500001E-02  0.6065923    
   8.875000      3.7500001E-02  0.6242207    
   9.125000      3.7500001E-02  0.6418495    
   9.375000      3.7500001E-02  0.6595060    
   9.625000      3.7500001E-02  0.6782436    
   9.875000      3.7500001E-02  0.7272179    
   10.00000      3.7500001E-02   1.000000    
 
  0.0000000E+00  6.2500000E-02  0.0000000E+00
  0.1250000      6.2500000E-02  4.9938029E-03
  0.3750000      6.2500000E-02  1.7741419E-02
  0.6250000      6.2500000E-02  3.0896341E-02
  0.8750000      6.2500000E-02  4.4106420E-02
   1.125000      6.2500000E-02  5.7323255E-02
   1.375000      6.2500000E-02  7.0540875E-02
   1.625000      6.2500000E-02  8.3758578E-02
   1.875000      6.2500000E-02  9.6976288E-02
   2.125000      6.2500000E-02  0.1101940    
   2.375000      6.2500000E-02  0.1234116    
   2.625000      6.2500000E-02  0.1366294    
   2.875000      6.2500000E-02  0.1498471    
   3.125000      6.2500000E-02  0.1630647    
   3.375000      6.2500000E-02  0.1762825    
   3.625000      6.2500000E-02  0.1895002    
   3.875000      6.2500000E-02  0.2027179    
   4.125000      6.2500000E-02  0.2159355    
   4.375000      6.2500000E-02  0.2291532    
   4.625000      6.2500000E-02  0.2423710    
   4.875000      6.2500000E-02  0.2555886    
   5.125000      6.2500000E-02  0.2688063    
   5.375000      6.2500000E-02  0.2820240    
   5.625000      6.2500000E-02  0.2952417    
   5.875000      6.2500000E-02  0.3084595    
   6.125000      6.2500000E-02  0.3216772    
   6.375000      6.2500000E-02  0.3348948    
   6.625000      6.2500000E-02  0.3481126    
   6.875000      6.2500000E-02  0.3613302    
   7.125000      6.2500000E-02  0.3745479    
   7.375000      6.2500000E-02  0.3877656    
   7.625000      6.2500000E-02  0.4009832    
   7.875000      6.2500000E-02  0.4142012    
   8.125000      6.2500000E-02  0.4274188    
   8.375000      6.2500000E-02  0.4406365    
   8.625000      6.2500000E-02  0.4538543    
   8.875000      6.2500000E-02  0.4670718    
   9.125000      6.2500000E-02  0.4802904    
   9.375000      6.2500000E-02  0.4935507    
   9.625000      6.2500000E-02  0.5084669    
   9.875000      6.2500000E-02  0.5701687    
   10.00000      6.2500000E-02   1.000000    
 
  0.0000000E+00  8.7500006E-02  0.0000000E+00
  0.1250000      8.7500006E-02  3.1118568E-03
  0.3750000      8.7500006E-02  1.2006491E-02
  0.6250000      8.7500006E-02  2.1384707E-02
  0.8750000      8.7500006E-02  3.0837061E-02
   1.125000      8.7500006E-02  4.0299404E-02
   1.375000      8.7500006E-02  4.9762994E-02
   1.625000      8.7500006E-02  5.9226684E-02
   1.875000      8.7500006E-02  6.8690427E-02
   2.125000      8.7500006E-02  7.8154147E-02
   2.375000      8.7500006E-02  8.7617844E-02
   2.625000      8.7500006E-02  9.7081587E-02
   2.875000      8.7500006E-02  0.1065453    
   3.125000      8.7500006E-02  0.1160090    
   3.375000      8.7500006E-02  0.1254727    
   3.625000      8.7500006E-02  0.1349364    
   3.875000      8.7500006E-02  0.1444002    
   4.125000      8.7500006E-02  0.1538638    
   4.375000      8.7500006E-02  0.1633276    
   4.625000      8.7500006E-02  0.1727913    
   4.875000      8.7500006E-02  0.1822550    
   5.125000      8.7500006E-02  0.1917188    
   5.375000      8.7500006E-02  0.2011825    
   5.625000      8.7500006E-02  0.2106462    
   5.875000      8.7500006E-02  0.2201099    
   6.125000      8.7500006E-02  0.2295736    
   6.375000      8.7500006E-02  0.2390373    
   6.625000      8.7500006E-02  0.2485011    
   6.875000      8.7500006E-02  0.2579648    
   7.125000      8.7500006E-02  0.2674286    
   7.375000      8.7500006E-02  0.2768922    
   7.625000      8.7500006E-02  0.2863558    
   7.875000      8.7500006E-02  0.2958197    
   8.125000      8.7500006E-02  0.3052834    
   8.375000      8.7500006E-02  0.3147471    
   8.625000      8.7500006E-02  0.3242109    
   8.875000      8.7500006E-02  0.3336746    
   9.125000      8.7500006E-02  0.3431393    
   9.375000      8.7500006E-02  0.3526560    
   9.625000      8.7500006E-02  0.3642430    
   9.875000      8.7500006E-02  0.4351552    
   10.00000      8.7500006E-02   1.000000    
 
  0.0000000E+00  0.1125000      0.0000000E+00
  0.1250000      0.1125000      1.8380234E-03
  0.3750000      0.1125000      7.7218912E-03
  0.6250000      0.1125000      1.4087372E-02
  0.8750000      0.1125000      2.0536743E-02
   1.125000      0.1125000      2.6998600E-02
   1.375000      0.1125000      3.3462115E-02
   1.625000      0.1125000      3.9925825E-02
   1.875000      0.1125000      4.6389572E-02
   2.125000      0.1125000      5.2853294E-02
   2.375000      0.1125000      5.9317023E-02
   2.625000      0.1125000      6.5780774E-02
   2.875000      0.1125000      7.2244510E-02
   3.125000      0.1125000      7.8708231E-02
   3.375000      0.1125000      8.5171968E-02
   3.625000      0.1125000      9.1635674E-02
   3.875000      0.1125000      9.8099411E-02
   4.125000      0.1125000      0.1045632    
   4.375000      0.1125000      0.1110269    
   4.625000      0.1125000      0.1174906    
   4.875000      0.1125000      0.1239543    
   5.125000      0.1125000      0.1304181    
   5.375000      0.1125000      0.1368818    
   5.625000      0.1125000      0.1433455    
   5.875000      0.1125000      0.1498092    
   6.125000      0.1125000      0.1562730    
   6.375000      0.1125000      0.1627367    
   6.625000      0.1125000      0.1692005    
   6.875000      0.1125000      0.1756642    
   7.125000      0.1125000      0.1821280    
   7.375000      0.1125000      0.1885917    
   7.625000      0.1125000      0.1950554    
   7.875000      0.1125000      0.2015192    
   8.125000      0.1125000      0.2079829    
   8.375000      0.1125000      0.2144467    
   8.625000      0.1125000      0.2209104    
   8.875000      0.1125000      0.2273741    
   9.125000      0.1125000      0.2338390    
   9.375000      0.1125000      0.2403617    
   9.625000      0.1125000      0.2492115    
   9.875000      0.1125000      0.3258873    
   10.00000      0.1125000       1.000000    
 
  0.0000000E+00  0.1375000      0.0000000E+00
  0.1250000      0.1375000      1.0322910E-03
  0.3750000      0.1375000      4.7240779E-03
  0.6250000      0.1375000      8.8351825E-03
  0.8750000      0.1375000      1.3028867E-02
   1.125000      0.1375000      1.7236130E-02
   1.375000      0.1375000      2.1445343E-02
   1.625000      0.1375000      2.5654811E-02
   1.875000      0.1375000      2.9864315E-02
   2.125000      0.1375000      3.4073811E-02
   2.375000      0.1375000      3.8283311E-02
   2.625000      0.1375000      4.2492818E-02
   2.875000      0.1375000      4.6702322E-02
   3.125000      0.1375000      5.0911807E-02
   3.375000      0.1375000      5.5121314E-02
   3.625000      0.1375000      5.9330821E-02
   3.875000      0.1375000      6.3540287E-02
   4.125000      0.1375000      6.7749813E-02
   4.375000      0.1375000      7.1959302E-02
   4.625000      0.1375000      7.6168805E-02
   4.875000      0.1375000      8.0378301E-02
   5.125000      0.1375000      8.4587805E-02
   5.375000      0.1375000      8.8797279E-02
   5.625000      0.1375000      9.3006782E-02
   5.875000      0.1375000      9.7216301E-02
   6.125000      0.1375000      0.1014258    
   6.375000      0.1375000      0.1056353    
   6.625000      0.1375000      0.1098448    
   6.875000      0.1375000      0.1140543    
   7.125000      0.1375000      0.1182638    
   7.375000      0.1375000      0.1224733    
   7.625000      0.1375000      0.1266828    
   7.875000      0.1375000      0.1308923    
   8.125000      0.1375000      0.1351018    
   8.375000      0.1375000      0.1393113    
   8.625000      0.1375000      0.1435208    
   8.875000      0.1375000      0.1477303    
   9.125000      0.1375000      0.1519410    
   9.375000      0.1375000      0.1562121    
   9.625000      0.1375000      0.1629332    
   9.875000      0.1375000      0.2424548    
   10.00000      0.1375000       1.000000    
 
  0.0000000E+00  0.1625000      0.0000000E+00
  0.1250000      0.1625000      5.5270980E-04
  0.3750000      0.1625000      2.7521742E-03
  0.6250000      0.1625000      5.2786479E-03
  0.8750000      0.1625000      7.8773545E-03
   1.125000      0.1625000      1.0489128E-02
   1.375000      0.1625000      1.3102944E-02
   1.625000      0.1625000      1.5717037E-02
   1.875000      0.1625000      1.8331172E-02
   2.125000      0.1625000      2.0945307E-02
   2.375000      0.1625000      2.3559440E-02
   2.625000      0.1625000      2.6173580E-02
   2.875000      0.1625000      2.8787725E-02
   3.125000      0.1625000      3.1401843E-02
   3.375000      0.1625000      3.4015991E-02
   3.625000      0.1625000      3.6630128E-02
   3.875000      0.1625000      3.9244242E-02
   4.125000      0.1625000      4.1858390E-02
   4.375000      0.1625000      4.4472512E-02
   4.625000      0.1625000      4.7086656E-02
   4.875000      0.1625000      4.9700793E-02
   5.125000      0.1625000      5.2314948E-02
   5.375000      0.1625000      5.4929059E-02
   5.625000      0.1625000      5.7543192E-02
   5.875000      0.1625000      6.0157333E-02
   6.125000      0.1625000      6.2771469E-02
   6.375000      0.1625000      6.5385617E-02
   6.625000      0.1625000      6.7999743E-02
   6.875000      0.1625000      7.0613876E-02
   7.125000      0.1625000      7.3228002E-02
   7.375000      0.1625000      7.5842157E-02
   7.625000      0.1625000      7.8456290E-02
   7.875000      0.1625000      8.1070431E-02
   8.125000      0.1625000      8.3684556E-02
   8.375000      0.1625000      8.6298726E-02
   8.625000      0.1625000      8.8912845E-02
   8.875000      0.1625000      9.1526993E-02
   9.125000      0.1625000      9.4142295E-02
   9.375000      0.1625000      9.6817933E-02
   9.625000      0.1625000      0.1019667    
   9.875000      0.1625000      0.1821437    
   10.00000      0.1625000       1.000000    
 
  0.0000000E+00  0.1875000      0.0000000E+00
  0.1250000      0.1875000      2.8275198E-04
  0.3750000      0.1875000      1.5287929E-03
  0.6250000      0.1875000      3.0070050E-03
  0.8750000      0.1875000      4.5422236E-03
   1.125000      0.1875000      6.0887258E-03
   1.375000      0.1875000      7.6371348E-03
   1.625000      0.1875000      9.1858273E-03
   1.875000      0.1875000      1.0734561E-02
   2.125000      0.1875000      1.2283298E-02
   2.375000      0.1875000      1.3832031E-02
   2.625000      0.1875000      1.5380766E-02
   2.875000      0.1875000      1.6929504E-02
   3.125000      0.1875000      1.8478235E-02
   3.375000      0.1875000      2.0026971E-02
   3.625000      0.1875000      2.1575710E-02
   3.875000      0.1875000      2.3124436E-02
   4.125000      0.1875000      2.4673175E-02
   4.375000      0.1875000      2.6221909E-02
   4.625000      0.1875000      2.7770640E-02
   4.875000      0.1875000      2.9319378E-02
   5.125000      0.1875000      3.0868122E-02
   5.375000      0.1875000      3.2416854E-02
   5.625000      0.1875000      3.3965584E-02
   5.875000      0.1875000      3.5514321E-02
   6.125000      0.1875000      3.7063055E-02
   6.375000      0.1875000      3.8611796E-02
   6.625000      0.1875000      4.0160526E-02
   6.875000      0.1875000      4.1709259E-02
   7.125000      0.1875000      4.3257996E-02
   7.375000      0.1875000      4.4806726E-02
   7.625000      0.1875000      4.6355475E-02
   7.875000      0.1875000      4.7904212E-02
   8.125000      0.1875000      4.9452938E-02
   8.375000      0.1875000      5.1001694E-02
   8.625000      0.1875000      5.2550435E-02
   8.875000      0.1875000      5.4099169E-02
   9.125000      0.1875000      5.5649031E-02
   9.375000      0.1875000      5.7257507E-02
   9.625000      0.1875000      6.1296206E-02
   9.875000      0.1875000      0.1406668    
   10.00000      0.1875000       1.000000    
 
  0.0000000E+00  0.2125000      0.0000000E+00
  0.1250000      0.2125000      1.3848481E-04
  0.3750000      0.2125000      8.1084855E-04
  0.6250000      0.2125000      1.6350435E-03
  0.8750000      0.2125000      2.5003147E-03
   1.125000      0.2125000      3.3744285E-03
   1.375000      0.2125000      4.2501502E-03
   1.625000      0.2125000      5.1261289E-03
   1.875000      0.2125000      6.0021454E-03
   2.125000      0.2125000      6.8781660E-03
   2.375000      0.2125000      7.7541857E-03
   2.625000      0.2125000      8.6302049E-03
   2.875000      0.2125000      9.5062293E-03
   3.125000      0.2125000      1.0382247E-02
   3.375000      0.2125000      1.1258267E-02
   3.625000      0.2125000      1.2134292E-02
   3.875000      0.2125000      1.3010304E-02
   4.125000      0.2125000      1.3886329E-02
   4.375000      0.2125000      1.4762353E-02
   4.625000      0.2125000      1.5638366E-02
   4.875000      0.2125000      1.6514391E-02
   5.125000      0.2125000      1.7390413E-02
   5.375000      0.2125000      1.8266432E-02
   5.625000      0.2125000      1.9142451E-02
   5.875000      0.2125000      2.0018470E-02
   6.125000      0.2125000      2.0894492E-02
   6.375000      0.2125000      2.1770516E-02
   6.625000      0.2125000      2.2646531E-02
   6.875000      0.2125000      2.3522552E-02
   7.125000      0.2125000      2.4398578E-02
   7.375000      0.2125000      2.5274593E-02
   7.625000      0.2125000      2.6150618E-02
   7.875000      0.2125000      2.7026638E-02
   8.125000      0.2125000      2.7902659E-02
   8.375000      0.2125000      2.8778685E-02
   8.625000      0.2125000      2.9654711E-02
   8.875000      0.2125000      3.0530740E-02
   9.125000      0.2125000      3.1407837E-02
   9.375000      0.2125000      3.2340940E-02
   9.625000      0.2125000      3.5623677E-02
   9.875000      0.2125000      0.1133410    
   10.00000      0.2125000       1.000000    
 
  0.0000000E+00  0.2375000      0.0000000E+00
  0.1250000      0.2375000      6.5058048E-05
  0.3750000      0.2375000      4.1124024E-04
  0.6250000      0.2375000      8.4969343E-04
  0.8750000      0.2375000      1.3154242E-03
   1.125000      0.2375000      1.7875016E-03
   1.375000      0.2375000      2.2608174E-03
   1.625000      0.2375000      2.7343445E-03
   1.875000      0.2375000      3.2079031E-03
   2.125000      0.2375000      3.6814664E-03
   2.375000      0.2375000      4.1550281E-03
   2.625000      0.2375000      4.6285898E-03
   2.875000      0.2375000      5.1021557E-03
   3.125000      0.2375000      5.5757179E-03
   3.375000      0.2375000      6.0492801E-03
   3.625000      0.2375000      6.5228450E-03
   3.875000      0.2375000      6.9964053E-03
   4.125000      0.2375000      7.4699698E-03
   4.375000      0.2375000      7.9435334E-03
   4.625000      0.2375000      8.4170951E-03
   4.875000      0.2375000      8.8906595E-03
   5.125000      0.2375000      9.3642231E-03
   5.375000      0.2375000      9.8377848E-03
   5.625000      0.2375000      1.0311350E-02
   5.875000      0.2375000      1.0784909E-02
   6.125000      0.2375000      1.1258476E-02
   6.375000      0.2375000      1.1732037E-02
   6.625000      0.2375000      1.2205600E-02
   6.875000      0.2375000      1.2679163E-02
   7.125000      0.2375000      1.3152728E-02
   7.375000      0.2375000      1.3626289E-02
   7.625000      0.2375000      1.4099851E-02
   7.875000      0.2375000      1.4573418E-02
   8.125000      0.2375000      1.5046979E-02
   8.375000      0.2375000      1.5520545E-02
   8.625000      0.2375000      1.5994107E-02
   8.875000      0.2375000      1.6467687E-02
   9.125000      0.2375000      1.6942263E-02
   9.375000      0.2375000      1.7469905E-02
   9.625000      0.2375000      2.0250097E-02
   9.875000      0.2375000      9.5924132E-02
   10.00000      0.2375000       1.000000    
 
  0.0000000E+00  0.2625000      0.0000000E+00
  0.1250000      0.2625000      2.9368215E-05
  0.3750000      0.2625000      1.9975178E-04
  0.6250000      0.2625000      4.2261020E-04
  0.8750000      0.2625000      6.6229113E-04
   1.125000      0.2625000      9.0617797E-04
   1.375000      0.2625000      1.1509410E-03
   1.625000      0.2625000      1.3958619E-03
   1.875000      0.2625000      1.6408081E-03
   2.125000      0.2625000      1.8857586E-03
   2.375000      0.2625000      2.1307087E-03
   2.625000      0.2625000      2.3756581E-03
   2.875000      0.2625000      2.6206092E-03
   3.125000      0.2625000      2.8655601E-03
   3.375000      0.2625000      3.1105103E-03
   3.625000      0.2625000      3.3554623E-03
   3.875000      0.2625000      3.6004104E-03
   4.125000      0.2625000      3.8453613E-03
   4.375000      0.2625000      4.0903115E-03
   4.625000      0.2625000      4.3352614E-03
   4.875000      0.2625000      4.5802123E-03
   5.125000      0.2625000      4.8251641E-03
   5.375000      0.2625000      5.0701140E-03
   5.625000      0.2625000      5.3150649E-03
   5.875000      0.2625000      5.5600135E-03
   6.125000      0.2625000      5.8049671E-03
   6.375000      0.2625000      6.0499152E-03
   6.625000      0.2625000      6.2948661E-03
   6.875000      0.2625000      6.5398151E-03
   7.125000      0.2625000      6.7847669E-03
   7.375000      0.2625000      7.0297173E-03
   7.625000      0.2625000      7.2746687E-03
   7.875000      0.2625000      7.5196191E-03
   8.125000      0.2625000      7.7645681E-03
   8.375000      0.2625000      8.0095204E-03
   8.625000      0.2625000      8.2544712E-03
   8.875000      0.2625000      8.4994370E-03
   9.125000      0.2625000      8.7453378E-03
   9.375000      0.2625000      9.0413727E-03
   9.625000      0.2625000      1.1490298E-02
   9.875000      0.2625000      8.5036099E-02
   10.00000      0.2625000       1.000000    
 
  0.0000000E+00  0.2875000      0.0000000E+00
  0.1250000      0.2875000      1.2760836E-05
  0.3750000      0.2875000      9.3071212E-05
  0.6250000      0.2875000      2.0146689E-04
  0.8750000      0.2875000      3.1955933E-04
   1.125000      0.2875000      4.4024238E-04
   1.375000      0.2875000      5.6149880E-04
   1.625000      0.2875000      6.8286457E-04
   1.875000      0.2875000      8.0424896E-04
   2.125000      0.2875000      9.2563615E-04
   2.375000      0.2875000      1.0470237E-03
   2.625000      0.2875000      1.1684110E-03
   2.875000      0.2875000      1.2897989E-03
   3.125000      0.2875000      1.4111864E-03
   3.375000      0.2875000      1.5325741E-03
   3.625000      0.2875000      1.6539620E-03
   3.875000      0.2875000      1.7753487E-03
   4.125000      0.2875000      1.8967368E-03
   4.375000      0.2875000      2.0181234E-03
   4.625000      0.2875000      2.1395113E-03
   4.875000      0.2875000      2.2608992E-03
   5.125000      0.2875000      2.3822873E-03
   5.375000      0.2875000      2.5036745E-03
   5.625000      0.2875000      2.6250621E-03
   5.875000      0.2875000      2.7464493E-03
   6.125000      0.2875000      2.8678372E-03
   6.375000      0.2875000      2.9892242E-03
   6.625000      0.2875000      3.1106118E-03
   6.875000      0.2875000      3.2319992E-03
   7.125000      0.2875000      3.3533871E-03
   7.375000      0.2875000      3.4747750E-03
   7.625000      0.2875000      3.5961631E-03
   7.875000      0.2875000      3.7175501E-03
   8.125000      0.2875000      3.8389373E-03
   8.375000      0.2875000      3.9603258E-03
   8.625000      0.2875000      4.0817144E-03
   8.875000      0.2875000      4.2031147E-03
   9.125000      0.2875000      4.3253950E-03
   9.375000      0.2875000      4.4950950E-03
   9.625000      0.2875000      6.7236423E-03
   9.875000      0.2875000      7.8238934E-02
   10.00000      0.2875000       1.000000    
 
  0.0000000E+00  0.3125000      0.0000000E+00
  0.1250000      0.3125000      5.3460212E-06
  0.3750000      0.3125000      4.1664392E-05
  0.6250000      0.3125000      9.2196424E-05
  0.8750000      0.3125000      1.4798070E-04
   1.125000      0.3125000      2.0525671E-04
   1.375000      0.3125000      2.6288198E-04
   1.625000      0.3125000      3.2057747E-04
   1.875000      0.3125000      3.7828548E-04
   2.125000      0.3125000      4.3599549E-04
   2.375000      0.3125000      4.9370580E-04
   2.625000      0.3125000      5.5141596E-04
   2.875000      0.3125000      6.0912641E-04
   3.125000      0.3125000      6.6683668E-04
   3.375000      0.3125000      7.2454702E-04
   3.625000      0.3125000      7.8225759E-04
   3.875000      0.3125000      8.3996763E-04
   4.125000      0.3125000      8.9767796E-04
   4.375000      0.3125000      9.5538807E-04
   4.625000      0.3125000      1.0130985E-03
   4.875000      0.3125000      1.0708090E-03
   5.125000      0.3125000      1.1285194E-03
   5.375000      0.3125000      1.1862296E-03
   5.625000      0.3125000      1.2439399E-03
   5.875000      0.3125000      1.3016500E-03
   6.125000      0.3125000      1.3593605E-03
   6.375000      0.3125000      1.4170705E-03
   6.625000      0.3125000      1.4747808E-03
   6.875000      0.3125000      1.5324911E-03
   7.125000      0.3125000      1.5902016E-03
   7.375000      0.3125000      1.6479122E-03
   7.625000      0.3125000      1.7056223E-03
   7.875000      0.3125000      1.7633326E-03
   8.125000      0.3125000      1.8210429E-03
   8.375000      0.3125000      1.8787534E-03
   8.625000      0.3125000      1.9364643E-03
   8.875000      0.3125000      1.9941870E-03
   9.125000      0.3125000      2.0527397E-03
   9.375000      0.3125000      2.1563107E-03
   9.625000      0.3125000      4.2344932E-03
   9.875000      0.3125000      7.3913768E-02
   10.00000      0.3125000       1.000000    
 
  0.0000000E+00  0.3375000      0.0000000E+00
  0.1250000      0.3375000      2.1629050E-06
  0.3750000      0.3375000      1.7948703E-05
  0.6250000      0.3375000      4.0563904E-05
  0.8750000      0.3375000      6.5864762E-05
   1.125000      0.3375000      9.1972695E-05
   1.375000      0.3375000      1.1827964E-04
   1.625000      0.3375000      1.4462868E-04
   1.875000      0.3375000      1.7098551E-04
   2.125000      0.3375000      1.9734367E-04
   2.375000      0.3375000      2.2370198E-04
   2.625000      0.3375000      2.5006034E-04
   2.875000      0.3375000      2.7641872E-04
   3.125000      0.3375000      3.0277716E-04
   3.375000      0.3375000      3.2913554E-04
   3.625000      0.3375000      3.5549395E-04
   3.875000      0.3375000      3.8185233E-04
   4.125000      0.3375000      4.0821070E-04
   4.375000      0.3375000      4.3456888E-04
   4.625000      0.3375000      4.6092729E-04
   4.875000      0.3375000      4.8728587E-04
   5.125000      0.3375000      5.1364413E-04
   5.375000      0.3375000      5.4000248E-04
   5.625000      0.3375000      5.6636095E-04
   5.875000      0.3375000      5.9271918E-04
   6.125000      0.3375000      6.1907765E-04
   6.375000      0.3375000      6.4543600E-04
   6.625000      0.3375000      6.7179452E-04
   6.875000      0.3375000      6.9815264E-04
   7.125000      0.3375000      7.2451105E-04
   7.375000      0.3375000      7.5086957E-04
   7.625000      0.3375000      7.7722786E-04
   7.875000      0.3375000      8.0358627E-04
   8.125000      0.3375000      8.2994474E-04
   8.375000      0.3375000      8.5630309E-04
   8.625000      0.3375000      8.8266190E-04
   8.875000      0.3375000      9.0903218E-04
   9.125000      0.3375000      9.3618978E-04
   9.375000      0.3375000      1.0063126E-03
   9.625000      0.3375000      2.9783098E-03
   9.875000      0.3375000      7.1058638E-02
   10.00000      0.3375000       1.000000    
 
  0.0000000E+00  0.3625000      0.0000000E+00
  0.1250000      0.3625000      8.4642181E-07
  0.3750000      0.3625000      7.4525419E-06
  0.6250000      0.3625000      1.7184939E-05
  0.8750000      0.3625000      2.8218965E-05
   1.125000      0.3625000      3.9665007E-05
   1.375000      0.3625000      5.1217699E-05
   1.625000      0.3625000      6.2793966E-05
   1.875000      0.3625000      7.4374802E-05
   2.125000      0.3625000      8.5956432E-05
   2.375000      0.3625000      9.7538192E-05
   2.625000      0.3625000      1.0911996E-04
   2.875000      0.3625000      1.2070175E-04
   3.125000      0.3625000      1.3228355E-04
   3.375000      0.3625000      1.4386531E-04
   3.625000      0.3625000      1.5544712E-04
   3.875000      0.3625000      1.6702889E-04
   4.125000      0.3625000      1.7861066E-04
   4.375000      0.3625000      1.9019238E-04
   4.625000      0.3625000      2.0177416E-04
   4.875000      0.3625000      2.1335603E-04
   5.125000      0.3625000      2.2493776E-04
   5.375000      0.3625000      2.3651951E-04
   5.625000      0.3625000      2.4810131E-04
   5.875000      0.3625000      2.5968312E-04
   6.125000      0.3625000      2.7126487E-04
   6.375000      0.3625000      2.8284665E-04
   6.625000      0.3625000      2.9442846E-04
   6.875000      0.3625000      3.0601022E-04
   7.125000      0.3625000      3.1759200E-04
   7.375000      0.3625000      3.2917378E-04
   7.625000      0.3625000      3.4075551E-04
   7.875000      0.3625000      3.5233732E-04
   8.125000      0.3625000      3.6391913E-04
   8.375000      0.3625000      3.7550094E-04
   8.625000      0.3625000      3.8708290E-04
   8.875000      0.3625000      3.9867629E-04
   9.125000      0.3625000      4.1102138E-04
   9.375000      0.3625000      4.6462461E-04
   9.625000      0.3625000      2.3591665E-03
   9.875000      0.3625000      6.9089651E-02
   10.00000      0.3625000       1.000000    
 
  0.0000000E+00  0.3875000      0.0000000E+00
  0.1250000      0.3875000      3.2089704E-07
  0.3750000      0.3875000      2.9871997E-06
  0.6250000      0.3875000      7.0211468E-06
  0.8750000      0.3875000      1.1655101E-05
   1.125000      0.3875000      1.6488280E-05
   1.375000      0.3875000      2.1375379E-05
   1.625000      0.3875000      2.6274894E-05
   1.875000      0.3875000      3.1176922E-05
   2.125000      0.3875000      3.6079389E-05
   2.375000      0.3875000      4.0981937E-05
   2.625000      0.3875000      4.5884499E-05
   2.875000      0.3875000      5.0787065E-05
   3.125000      0.3875000      5.5689627E-05
   3.375000      0.3875000      6.0592200E-05
   3.625000      0.3875000      6.5494780E-05
   3.875000      0.3875000      7.0397327E-05
   4.125000      0.3875000      7.5299889E-05
   4.375000      0.3875000      8.0202444E-05
   4.625000      0.3875000      8.5104992E-05
   4.875000      0.3875000      9.0007568E-05
   5.125000      0.3875000      9.4910138E-05
   5.375000      0.3875000      9.9812692E-05
   5.625000      0.3875000      1.0471525E-04
   5.875000      0.3875000      1.0961782E-04
   6.125000      0.3875000      1.1452040E-04
   6.375000      0.3875000      1.1942299E-04
   6.625000      0.3875000      1.2432555E-04
   6.875000      0.3875000      1.2922808E-04
   7.125000      0.3875000      1.3413065E-04
   7.375000      0.3875000      1.3903320E-04
   7.625000      0.3875000      1.4393576E-04
   7.875000      0.3875000      1.4883831E-04
   8.125000      0.3875000      1.5374090E-04
   8.375000      0.3875000      1.5864350E-04
   8.625000      0.3875000      1.6354624E-04
   8.875000      0.3875000      1.6845993E-04
   9.125000      0.3875000      1.7409700E-04
   9.375000      0.3875000      2.1961366E-04
   9.625000      0.3875000      2.0565740E-03
   9.875000      0.3875000      6.7683205E-02
   10.00000      0.3875000       1.000000    
 
  0.0000000E+00  0.4125000      0.0000000E+00
  0.1250000      0.4125000      1.1809318E-07
  0.3750000      0.4125000      1.1580013E-06
  0.6250000      0.4125000      2.7712208E-06
  0.8750000      0.4125000      4.6482005E-06
   1.125000      0.4125000      6.6166372E-06
   1.375000      0.4125000      8.6108394E-06
   1.625000      0.4125000      1.0611202E-05
   1.875000      0.4125000      1.2612853E-05
   2.125000      0.4125000      1.4614744E-05
   2.375000      0.4125000      1.6616677E-05
   2.625000      0.4125000      1.8618612E-05
   2.875000      0.4125000      2.0620553E-05
   3.125000      0.4125000      2.2622498E-05
   3.375000      0.4125000      2.4624436E-05
   3.625000      0.4125000      2.6626383E-05
   3.875000      0.4125000      2.8628312E-05
   4.125000      0.4125000      3.0630257E-05
   4.375000      0.4125000      3.2632190E-05
   4.625000      0.4125000      3.4634129E-05
   4.875000      0.4125000      3.6636065E-05
   5.125000      0.4125000      3.8638012E-05
   5.375000      0.4125000      4.0639949E-05
   5.625000      0.4125000      4.2641885E-05
   5.875000      0.4125000      4.4643828E-05
   6.125000      0.4125000      4.6645775E-05
   6.375000      0.4125000      4.8647715E-05
   6.625000      0.4125000      5.0649662E-05
   6.875000      0.4125000      5.2651587E-05
   7.125000      0.4125000      5.4653534E-05
   7.375000      0.4125000      5.6655474E-05
   7.625000      0.4125000      5.8657410E-05
   7.875000      0.4125000      6.0659357E-05
   8.125000      0.4125000      6.2661296E-05
   8.375000      0.4125000      6.4663247E-05
   8.625000      0.4125000      6.6665343E-05
   8.875000      0.4125000      6.8678062E-05
   9.125000      0.4125000      7.1392147E-05
   9.375000      0.4125000      1.1291423E-04
   9.625000      0.4125000      1.9072315E-03
   9.875000      0.4125000      6.6666983E-02
   10.00000      0.4125000       1.000000    
 
  0.0000000E+00  0.4375000      0.0000000E+00
  0.1250000      0.4375000      4.2434600E-08
  0.3750000      0.4375000      4.3603703E-07
  0.6250000      0.4375000      1.0603991E-06
  0.8750000      0.4375000      1.7952373E-06
   1.125000      0.4375000      2.5697573E-06
   1.375000      0.4375000      3.3558142E-06
   1.625000      0.4375000      4.1447111E-06
   1.875000      0.4375000      4.9342161E-06
   2.125000      0.4375000      5.7238362E-06
   2.375000      0.4375000      6.5134764E-06
   2.625000      0.4375000      7.3031192E-06
   2.875000      0.4375000      8.0927657E-06
   3.125000      0.4375000      8.8824108E-06
   3.375000      0.4375000      9.6720541E-06
   3.625000      0.4375000      1.0461704E-05
   3.875000      0.4375000      1.1251343E-05
   4.125000      0.4375000      1.2040989E-05
   4.375000      0.4375000      1.2830630E-05
   4.625000      0.4375000      1.3620273E-05
   4.875000      0.4375000      1.4409919E-05
   5.125000      0.4375000      1.5199566E-05
   5.375000      0.4375000      1.5989210E-05
   5.625000      0.4375000      1.6778855E-05
   5.875000      0.4375000      1.7568496E-05
   6.125000      0.4375000      1.8358143E-05
   6.375000      0.4375000      1.9147794E-05
   6.625000      0.4375000      1.9937437E-05
   6.875000      0.4375000      2.0727079E-05
   7.125000      0.4375000      2.1516729E-05
   7.375000      0.4375000      2.2306374E-05
   7.625000      0.4375000      2.3096016E-05
   7.875000      0.4375000      2.3885659E-05
   8.125000      0.4375000      2.4675304E-05
   8.375000      0.4375000      2.5464949E-05
   8.625000      0.4375000      2.6254747E-05
   8.875000      0.4375000      2.7054899E-05
   9.125000      0.4375000      2.8540373E-05
   9.375000      0.4375000      6.8048997E-05
   9.625000      0.4375000      1.8319526E-03
   9.875000      0.4375000      6.5951787E-02
   10.00000      0.4375000       1.000000    
 
  0.0000000E+00  0.4625000      0.0000000E+00
  0.1250000      0.4625000      1.5525710E-08
  0.3750000      0.4625000      1.6364993E-07
  0.6250000      0.4625000      4.0074895E-07
  0.8750000      0.4625000      6.8077162E-07
   1.125000      0.4625000      9.7621273E-07
   1.375000      0.4625000      1.2761038E-06
   1.625000      0.4625000      1.5770729E-06
   1.875000      0.4625000      1.8782682E-06
   2.125000      0.4625000      2.1795049E-06
   2.375000      0.4625000      2.4807475E-06
   2.625000      0.4625000      2.7819917E-06
   2.875000      0.4625000      3.0832371E-06
   3.125000      0.4625000      3.3844822E-06
   3.375000      0.4625000      3.6857261E-06
   3.625000      0.4625000      3.9869715E-06
   3.875000      0.4625000      4.2882157E-06
   4.125000      0.4625000      4.5894603E-06
   4.375000      0.4625000      4.8907036E-06
   4.625000      0.4625000      5.1919483E-06
   4.875000      0.4625000      5.4931934E-06
   5.125000      0.4625000      5.7944376E-06
   5.375000      0.4625000      6.0956822E-06
   5.625000      0.4625000      6.3969283E-06
   5.875000      0.4625000      6.6981711E-06
   6.125000      0.4625000      6.9994162E-06
   6.375000      0.4625000      7.3006622E-06
   6.625000      0.4625000      7.6019073E-06
   6.875000      0.4625000      7.9031506E-06
   7.125000      0.4625000      8.2043980E-06
   7.375000      0.4625000      8.5056417E-06
   7.625000      0.4625000      8.8068846E-06
   7.875000      0.4625000      9.1081311E-06
   8.125000      0.4625000      9.4093748E-06
   8.375000      0.4625000      9.7106195E-06
   8.625000      0.4625000      1.0012002E-05
   8.875000      0.4625000      1.0323584E-05
   9.125000      0.4625000      1.1309990E-05
   9.375000      0.4625000      4.9805371E-05
   9.625000      0.4625000      1.7940475E-03
   9.875000      0.4625000      6.5492325E-02
   10.00000      0.4625000       1.000000    
 
  0.0000000E+00  0.4875000      0.0000000E+00
  0.1250000      0.4875000      7.7345179E-09
  0.3750000      0.4875000      7.3240820E-08
  0.6250000      0.4875000      1.7011878E-07
  0.8750000      0.4875000      2.7855688E-07
   1.125000      0.4875000      3.8968827E-07
   1.375000      0.4875000      5.0111220E-07
   1.625000      0.4875000      6.1246982E-07
   1.875000      0.4875000      7.2377941E-07
   2.125000      0.4875000      8.3507297E-07
   2.375000      0.4875000      9.4636158E-07
   2.625000      0.4875000      1.0576496E-06
   2.875000      0.4875000      1.1689375E-06
   3.125000      0.4875000      1.2802254E-06
   3.375000      0.4875000      1.3915134E-06
   3.625000      0.4875000      1.5028015E-06
   3.875000      0.4875000      1.6140891E-06
   4.125000      0.4875000      1.7253768E-06
   4.375000      0.4875000      1.8366646E-06
   4.625000      0.4875000      1.9479523E-06
   4.875000      0.4875000      2.0592399E-06
   5.125000      0.4875000      2.1705278E-06
   5.375000      0.4875000      2.2818158E-06
   5.625000      0.4875000      2.3931043E-06
   5.875000      0.4875000      2.5043912E-06
   6.125000      0.4875000      2.6156793E-06
   6.375000      0.4875000      2.7269675E-06
   6.625000      0.4875000      2.8382560E-06
   6.875000      0.4875000      2.9495429E-06
   7.125000      0.4875000      3.0608312E-06
   7.375000      0.4875000      3.1721192E-06
   7.625000      0.4875000      3.2834066E-06
   7.875000      0.4875000      3.3946949E-06
   8.125000      0.4875000      3.5059816E-06
   8.375000      0.4875000      3.6172717E-06
   8.625000      0.4875000      3.7286941E-06
   8.875000      0.4875000      3.8502335E-06
   9.125000      0.4875000      4.6413988E-06
   9.375000      0.4875000      4.2687057E-05
   9.625000      0.4875000      1.7772417E-03
   9.875000      0.4875000      6.5266311E-02
   10.00000      0.4875000       1.000000    
 
  0.0000000E+00  0.5125000      0.0000000E+00
  0.1250000      0.5125000      1.0308074E-08
  0.3750000      0.5125000      7.1144008E-08
  0.6250000      0.5125000      1.3641358E-07
  0.8750000      0.5125000      1.9097133E-07
   1.125000      0.5125000      2.3678997E-07
   1.375000      0.5125000      2.7855322E-07
   1.625000      0.5125000      3.1892066E-07
   1.875000      0.5125000      3.5889718E-07
   2.125000      0.5125000      3.9878057E-07
   2.375000      0.5125000      4.3864421E-07
   2.625000      0.5125000      4.7850421E-07
   2.875000      0.5125000      5.1836366E-07
   3.125000      0.5125000      5.5822301E-07
   3.375000      0.5125000      5.9808235E-07
   3.625000      0.5125000      6.3794164E-07
   3.875000      0.5125000      6.7780093E-07
   4.125000      0.5125000      7.1766021E-07
   4.375000      0.5125000      7.5751939E-07
   4.625000      0.5125000      7.9737868E-07
   4.875000      0.5125000      8.3723791E-07
   5.125000      0.5125000      8.7709725E-07
   5.375000      0.5125000      9.1695648E-07
   5.625000      0.5125000      9.5681605E-07
   5.875000      0.5125000      9.9667511E-07
   6.125000      0.5125000      1.0365344E-06
   6.375000      0.5125000      1.0763938E-06
   6.625000      0.5125000      1.1162533E-06
   6.875000      0.5125000      1.1561125E-06
   7.125000      0.5125000      1.1959715E-06
   7.375000      0.5125000      1.2358312E-06
   7.625000      0.5125000      1.2756905E-06
   7.875000      0.5125000      1.3155494E-06
   8.125000      0.5125000      1.3554086E-06
   8.375000      0.5125000      1.3952696E-06
   8.625000      0.5125000      1.4352623E-06
   8.875000      0.5125000      1.4853734E-06
   9.125000      0.5125000      2.2050967E-06
   9.375000      0.5125000      4.0179057E-05
   9.625000      0.5125000      1.7746635E-03
   9.875000      0.5125000      6.5263852E-02
   10.00000      0.5125000       1.000000    
 
  0.0000000E+00  0.5375000      0.0000000E+00
  0.1250000      0.5375000      2.7036380E-08
  0.3750000      0.5375000      1.5699055E-07
  0.6250000      0.5375000      2.6484977E-07
  0.8750000      0.5375000      3.2593883E-07
   1.125000      0.5375000      3.5741817E-07
   1.375000      0.5375000      3.7657389E-07
   1.625000      0.5375000      3.9177667E-07
   1.875000      0.5375000      4.0593113E-07
   2.125000      0.5375000      4.1984643E-07
   2.375000      0.5375000      4.3371350E-07
   2.625000      0.5375000      4.4757175E-07
   2.875000      0.5375000      4.6142864E-07
   3.125000      0.5375000      4.7528525E-07
   3.375000      0.5375000      4.8914188E-07
   3.625000      0.5375000      5.0299838E-07
   3.875000      0.5375000      5.1685504E-07
   4.125000      0.5375000      5.3071159E-07
   4.375000      0.5375000      5.4456814E-07
   4.625000      0.5375000      5.5842463E-07
   4.875000      0.5375000      5.7228107E-07
   5.125000      0.5375000      5.8613779E-07
   5.375000      0.5375000      5.9999439E-07
   5.625000      0.5375000      6.1385094E-07
   5.875000      0.5375000      6.2770755E-07
   6.125000      0.5375000      6.4156404E-07
   6.375000      0.5375000      6.5542071E-07
   6.625000      0.5375000      6.6927720E-07
   6.875000      0.5375000      6.8313381E-07
   7.125000      0.5375000      6.9699030E-07
   7.375000      0.5375000      7.1084702E-07
   7.625000      0.5375000      7.2470363E-07
   7.875000      0.5375000      7.3855995E-07
   8.125000      0.5375000      7.5241661E-07
   8.375000      0.5375000      7.6627487E-07
   8.625000      0.5375000      7.8026562E-07
   8.875000      0.5375000      8.0445972E-07
   9.125000      0.5375000      1.5034398E-06
   9.375000      0.5375000      3.9710798E-05
   9.625000      0.5375000      1.7836761E-03
   9.875000      0.5375000      6.5482438E-02
   10.00000      0.5375000       1.000000    
 
  0.0000000E+00  0.5625000      0.0000000E+00
  0.1250000      0.5625000      7.9282046E-08
  0.3750000      0.5625000      4.2600962E-07
  0.6250000      0.5625000      6.8831821E-07
  0.8750000      0.5625000      8.1600200E-07
   1.125000      0.5625000      8.6463007E-07
   1.375000      0.5625000      8.8201978E-07
   1.625000      0.5625000      8.8981460E-07
   1.875000      0.5625000      8.9516135E-07
   2.125000      0.5625000      8.9996894E-07
   2.375000      0.5625000      9.0467142E-07
   2.625000      0.5625000      9.0935555E-07
   2.875000      0.5625000      9.1403666E-07
   3.125000      0.5625000      9.1871726E-07
   3.375000      0.5625000      9.2339792E-07
   3.625000      0.5625000      9.2807818E-07
   3.875000      0.5625000      9.3275878E-07
   4.125000      0.5625000      9.3743927E-07
   4.375000      0.5625000      9.4211981E-07
   4.625000      0.5625000      9.4680047E-07
   4.875000      0.5625000      9.5148096E-07
   5.125000      0.5625000      9.5616156E-07
   5.375000      0.5625000      9.6084204E-07
   5.625000      0.5625000      9.6552264E-07
   5.875000      0.5625000      9.7020313E-07
   6.125000      0.5625000      9.7488373E-07
   6.375000      0.5625000      9.7956422E-07
   6.625000      0.5625000      9.8424448E-07
   6.875000      0.5625000      9.8892508E-07
   7.125000      0.5625000      9.9360568E-07
   7.375000      0.5625000      9.9828628E-07
   7.625000      0.5625000      1.0029665E-06
   7.875000      0.5625000      1.0076473E-06
   8.125000      0.5625000      1.0123276E-06
   8.375000      0.5625000      1.0170099E-06
   8.625000      0.5625000      1.0218270E-06
   8.875000      0.5625000      1.0370193E-06
   9.125000      0.5625000      1.7374902E-06
   9.375000      0.5625000      4.0460829E-05
   9.625000      0.5625000      1.8036261E-03
   9.875000      0.5625000      6.5924853E-02
   10.00000      0.5625000       1.000000    
 
  0.0000000E+00  0.5875000      0.0000000E+00
  0.1250000      0.5875000      2.3023853E-07
  0.3750000      0.5875000      1.1592570E-06
  0.6250000      0.5875000      1.8220550E-06
  0.8750000      0.5875000      2.1248013E-06
   1.125000      0.5875000      2.2294389E-06
   1.375000      0.5875000      2.2596237E-06
   1.625000      0.5875000      2.2679217E-06
   1.875000      0.5875000      2.2708550E-06
   2.125000      0.5875000      2.2726506E-06
   2.375000      0.5875000      2.2742311E-06
   2.625000      0.5875000      2.2757761E-06
   2.875000      0.5875000      2.2773149E-06
   3.125000      0.5875000      2.2788529E-06
   3.375000      0.5875000      2.2803908E-06
   3.625000      0.5875000      2.2819279E-06
   3.875000      0.5875000      2.2834658E-06
   4.125000      0.5875000      2.2850033E-06
   4.375000      0.5875000      2.2865418E-06
   4.625000      0.5875000      2.2880793E-06
   4.875000      0.5875000      2.2896172E-06
   5.125000      0.5875000      2.2911547E-06
   5.375000      0.5875000      2.2926927E-06
   5.625000      0.5875000      2.2942309E-06
   5.875000      0.5875000      2.2957684E-06
   6.125000      0.5875000      2.2973059E-06
   6.375000      0.5875000      2.2988434E-06
   6.625000      0.5875000      2.3003813E-06
   6.875000      0.5875000      2.3019190E-06
   7.125000      0.5875000      2.3034572E-06
   7.375000      0.5875000      2.3049947E-06
   7.625000      0.5875000      2.3065325E-06
   7.875000      0.5875000      2.3080702E-06
   8.125000      0.5875000      2.3096079E-06
   8.375000      0.5875000      2.3111475E-06
   8.625000      0.5875000      2.3128259E-06
   8.875000      0.5875000      2.3251425E-06
   9.125000      0.5875000      3.0388180E-06
   9.375000      0.5875000      4.2562322E-05
   9.625000      0.5875000      1.8350341E-03
   9.875000      0.5875000      6.6598542E-02
   10.00000      0.5875000       1.000000    
 
  0.0000000E+00  0.6125000      0.0000000E+00
  0.1250000      0.6125000      6.5208025E-07
  0.3750000      0.6125000      3.0704769E-06
  0.6250000      0.6125000      4.6986465E-06
  0.8750000      0.6125000      5.4041134E-06
   1.125000      0.6125000      5.6349986E-06
   1.375000      0.6125000      5.6968011E-06
   1.625000      0.6125000      5.7111838E-06
   1.875000      0.6125000      5.7144357E-06
   2.125000      0.6125000      5.7154170E-06
   2.375000      0.6125000      5.7159887E-06
   2.625000      0.6125000      5.7164939E-06
   2.875000      0.6125000      5.7169873E-06
   3.125000      0.6125000      5.7174793E-06
   3.375000      0.6125000      5.7179709E-06
   3.625000      0.6125000      5.7184625E-06
   3.875000      0.6125000      5.7189545E-06
   4.125000      0.6125000      5.7194452E-06
   4.375000      0.6125000      5.7199400E-06
   4.625000      0.6125000      5.7204311E-06
   4.875000      0.6125000      5.7209227E-06
   5.125000      0.6125000      5.7214138E-06
   5.375000      0.6125000      5.7219063E-06
   5.625000      0.6125000      5.7223988E-06
   5.875000      0.6125000      5.7228895E-06
   6.125000      0.6125000      5.7233810E-06
   6.375000      0.6125000      5.7238735E-06
   6.625000      0.6125000      5.7243647E-06
   6.875000      0.6125000      5.7248581E-06
   7.125000      0.6125000      5.7253496E-06
   7.375000      0.6125000      5.7258408E-06
   7.625000      0.6125000      5.7263323E-06
   7.875000      0.6125000      5.7268244E-06
   8.125000      0.6125000      5.7273164E-06
   8.375000      0.6125000      5.7278094E-06
   8.625000      0.6125000      5.7284483E-06
   8.875000      0.6125000      5.7400862E-06
   9.125000      0.6125000      6.4751671E-06
   9.375000      0.6125000      4.7098212E-05
   9.625000      0.6125000      1.8795929E-03
   9.875000      0.6125000      6.7515731E-02
   10.00000      0.6125000       1.000000    
 
  0.0000000E+00  0.6375000      0.0000000E+00
  0.1250000      0.6375000      1.7961185E-06
  0.3750000      0.6375000      7.8786716E-06
  0.6250000      0.6375000      1.1725361E-05
  0.8750000      0.6375000      1.3302545E-05
   1.125000      0.6375000      1.3792806E-05
   1.375000      0.6375000      1.3917414E-05
   1.625000      0.6375000      1.3944547E-05
   1.875000      0.6375000      1.3949843E-05
   2.125000      0.6375000      1.3950871E-05
   2.375000      0.6375000      1.3951161E-05
   2.625000      0.6375000      1.3951337E-05
   2.875000      0.6375000      1.3951494E-05
   3.125000      0.6375000      1.3951647E-05
   3.375000      0.6375000      1.3951801E-05
   3.625000      0.6375000      1.3951952E-05
   3.875000      0.6375000      1.3952105E-05
   4.125000      0.6375000      1.3952260E-05
   4.375000      0.6375000      1.3952415E-05
   4.625000      0.6375000      1.3952570E-05
   4.875000      0.6375000      1.3952721E-05
   5.125000      0.6375000      1.3952875E-05
   5.375000      0.6375000      1.3953029E-05
   5.625000      0.6375000      1.3953181E-05
   5.875000      0.6375000      1.3953331E-05
   6.125000      0.6375000      1.3953484E-05
   6.375000      0.6375000      1.3953642E-05
   6.625000      0.6375000      1.3953791E-05
   6.875000      0.6375000      1.3953947E-05
   7.125000      0.6375000      1.3954098E-05
   7.375000      0.6375000      1.3954250E-05
   7.625000      0.6375000      1.3954405E-05
   7.875000      0.6375000      1.3954558E-05
   8.125000      0.6375000      1.3954714E-05
   8.375000      0.6375000      1.3954867E-05
   8.625000      0.6375000      1.3955176E-05
   8.875000      0.6375000      1.3966953E-05
   9.125000      0.6375000      1.4730842E-05
   9.375000      0.6375000      5.6778168E-05
   9.625000      0.6375000      1.9408648E-03
   9.875000      0.6375000      6.8694636E-02
   10.00000      0.6375000       1.000000    
 
  0.0000000E+00  0.6625000      0.0000000E+00
  0.1250000      0.6625000      4.8043635E-06
  0.3750000      0.6625000      1.9550320E-05
  0.6250000      0.6625000      2.8260009E-05
  0.8750000      0.6625000      3.1623389E-05
   1.125000      0.6625000      3.2613039E-05
   1.375000      0.6625000      3.2851931E-05
   1.625000      0.6625000      3.2901349E-05
   1.875000      0.6625000      3.2910390E-05
   2.125000      0.6625000      3.2911903E-05
   2.375000      0.6625000      3.2912165E-05
   2.625000      0.6625000      3.2912249E-05
   2.875000      0.6625000      3.2912296E-05
   3.125000      0.6625000      3.2912343E-05
   3.375000      0.6625000      3.2912394E-05
   3.625000      0.6625000      3.2912445E-05
   3.875000      0.6625000      3.2912489E-05
   4.125000      0.6625000      3.2912532E-05
   4.375000      0.6625000      3.2912583E-05
   4.625000      0.6625000      3.2912627E-05
   4.875000      0.6625000      3.2912678E-05
   5.125000      0.6625000      3.2912722E-05
   5.375000      0.6625000      3.2912776E-05
   5.625000      0.6625000      3.2912820E-05
   5.875000      0.6625000      3.2912856E-05
   6.125000      0.6625000      3.2912911E-05
   6.375000      0.6625000      3.2912958E-05
   6.625000      0.6625000      3.2912998E-05
   6.875000      0.6625000      3.2913049E-05
   7.125000      0.6625000      3.2913096E-05
   7.375000      0.6625000      3.2913136E-05
   7.625000      0.6625000      3.2913187E-05
   7.875000      0.6625000      3.2913231E-05
   8.125000      0.6625000      3.2913289E-05
   8.375000      0.6625000      3.2913325E-05
   8.625000      0.6625000      3.2913540E-05
   8.875000      0.6625000      3.2925811E-05
   9.125000      0.6625000      3.3726228E-05
   9.375000      0.6625000      7.7557372E-05
   9.625000      0.6625000      2.0259251E-03
   9.875000      0.6625000      7.0161283E-02
   10.00000      0.6625000       1.000000    
 
  0.0000000E+00  0.6875000      0.0000000E+00
  0.1250000      0.6875000      1.2462408E-05
  0.3750000      0.6875000      4.6846213E-05
  0.6250000      0.6875000      6.5691107E-05
  0.8750000      0.6875000      7.2507777E-05
   1.125000      0.6875000      7.4397605E-05
   1.375000      0.6875000      7.4829295E-05
   1.625000      0.6875000      7.4914053E-05
   1.875000      0.6875000      7.4928794E-05
   2.125000      0.6875000      7.4931086E-05
   2.375000      0.6875000      7.4931428E-05
   2.625000      0.6875000      7.4931493E-05
   2.875000      0.6875000      7.4931500E-05
   3.125000      0.6875000      7.4931530E-05
   3.375000      0.6875000      7.4931544E-05
   3.625000      0.6875000      7.4931559E-05
   3.875000      0.6875000      7.4931566E-05
   4.125000      0.6875000      7.4931580E-05
   4.375000      0.6875000      7.4931588E-05
   4.625000      0.6875000      7.4931610E-05
   4.875000      0.6875000      7.4931624E-05
   5.125000      0.6875000      7.4931646E-05
   5.375000      0.6875000      7.4931660E-05
   5.625000      0.6875000      7.4931668E-05
   5.875000      0.6875000      7.4931675E-05
   6.125000      0.6875000      7.4931690E-05
   6.375000      0.6875000      7.4931704E-05
   6.625000      0.6875000      7.4931719E-05
   6.875000      0.6875000      7.4931733E-05
   7.125000      0.6875000      7.4931748E-05
   7.375000      0.6875000      7.4931755E-05
   7.625000      0.6875000      7.4931762E-05
   7.875000      0.6875000      7.4931777E-05
   8.125000      0.6875000      7.4931813E-05
   8.375000      0.6875000      7.4931813E-05
   8.625000      0.6875000      7.4932002E-05
   8.875000      0.6875000      7.4944990E-05
   9.125000      0.6875000      7.5790478E-05
   9.375000      0.6875000      1.2181004E-04
   9.625000      0.6875000      2.1485717E-03
   9.875000      0.6875000      7.1953200E-02
   10.00000      0.6875000       1.000000    
 
  0.0000000E+00  0.7125000      0.0000000E+00
  0.1250000      0.7125000      3.1305157E-05
  0.3750000      0.7125000      1.0823891E-04
  0.6250000      0.7125000      1.4708124E-04
  0.8750000      0.7125000      1.6016241E-04
   1.125000      0.7125000      1.6356159E-04
   1.375000      0.7125000      1.6429304E-04
   1.625000      0.7125000      1.6442887E-04
   1.875000      0.7125000      1.6445128E-04
   2.125000      0.7125000      1.6445461E-04
   2.375000      0.7125000      1.6445506E-04
   2.625000      0.7125000      1.6445514E-04
   2.875000      0.7125000      1.6445514E-04
   3.125000      0.7125000      1.6445515E-04
   3.375000      0.7125000      1.6445515E-04
   3.625000      0.7125000      1.6445515E-04
   3.875000      0.7125000      1.6445515E-04
   4.125000      0.7125000      1.6445515E-04
   4.375000      0.7125000      1.6445515E-04
   4.625000      0.7125000      1.6445515E-04
   4.875000      0.7125000      1.6445517E-04
   5.125000      0.7125000      1.6445517E-04
   5.375000      0.7125000      1.6445518E-04
   5.625000      0.7125000      1.6445518E-04
   5.875000      0.7125000      1.6445518E-04
   6.125000      0.7125000      1.6445518E-04
   6.375000      0.7125000      1.6445518E-04
   6.625000      0.7125000      1.6445518E-04
   6.875000      0.7125000      1.6445521E-04
   7.125000      0.7125000      1.6445521E-04
   7.375000      0.7125000      1.6445521E-04
   7.625000      0.7125000      1.6445521E-04
   7.875000      0.7125000      1.6445521E-04
   8.125000      0.7125000      1.6445522E-04
   8.375000      0.7125000      1.6445522E-04
   8.625000      0.7125000      1.6445541E-04
   8.875000      0.7125000      1.6446928E-04
   9.125000      0.7125000      1.6536968E-04
   9.375000      0.7125000      2.1403849E-04
   9.625000      0.7125000      2.3350646E-03
   9.875000      0.7125000      7.4125327E-02
   10.00000      0.7125000       1.000000    
 
  0.0000000E+00  0.7375000      0.0000000E+00
  0.1250000      0.7375000      7.6039032E-05
  0.3750000      0.7375000      2.4079137E-04
  0.6250000      0.7375000      3.1678955E-04
  0.8750000      0.7375000      3.4045748E-04
   1.125000      0.7375000      3.4618904E-04
   1.375000      0.7375000      3.4734514E-04
   1.625000      0.7375000      3.4754741E-04
   1.875000      0.7375000      3.4757890E-04
   2.125000      0.7375000      3.4758332E-04
   2.375000      0.7375000      3.4758393E-04
   2.625000      0.7375000      3.4758399E-04
   2.875000      0.7375000      3.4758399E-04
   3.125000      0.7375000      3.4758399E-04
   3.375000      0.7375000      3.4758399E-04
   3.625000      0.7375000      3.4758399E-04
   3.875000      0.7375000      3.4758399E-04
   4.125000      0.7375000      3.4758399E-04
   4.375000      0.7375000      3.4758399E-04
   4.625000      0.7375000      3.4758399E-04
   4.875000      0.7375000      3.4758399E-04
   5.125000      0.7375000      3.4758399E-04
   5.375000      0.7375000      3.4758399E-04
   5.625000      0.7375000      3.4758399E-04
   5.875000      0.7375000      3.4758399E-04
   6.125000      0.7375000      3.4758399E-04
   6.375000      0.7375000      3.4758399E-04
   6.625000      0.7375000      3.4758399E-04
   6.875000      0.7375000      3.4758399E-04
   7.125000      0.7375000      3.4758399E-04
   7.375000      0.7375000      3.4758399E-04
   7.625000      0.7375000      3.4758399E-04
   7.875000      0.7375000      3.4758399E-04
   8.125000      0.7375000      3.4758399E-04
   8.375000      0.7375000      3.4758399E-04
   8.625000      0.7375000      3.4758417E-04
   8.875000      0.7375000      3.4759915E-04
   9.125000      0.7375000      3.4856578E-04
   9.375000      0.7375000      4.0041338E-04
   9.625000      0.7375000      2.6336974E-03
   9.875000      0.7375000      7.6759644E-02
   10.00000      0.7375000       1.000000    
 
  0.0000000E+00  0.7625000      0.0000000E+00
  0.1250000      0.7625000      1.7831780E-04
  0.3750000      0.7625000      5.1499455E-04
  0.6250000      0.7625000      6.5557251E-04
  0.8750000      0.7625000      6.9575146E-04
   1.125000      0.7625000      7.0476218E-04
   1.375000      0.7625000      7.0645683E-04
   1.625000      0.7625000      7.0673472E-04
   1.875000      0.7625000      7.0677552E-04
   2.125000      0.7625000      7.0678093E-04
   2.375000      0.7625000      7.0678163E-04
   2.625000      0.7625000      7.0678175E-04
   2.875000      0.7625000      7.0678175E-04
   3.125000      0.7625000      7.0678175E-04
   3.375000      0.7625000      7.0678175E-04
   3.625000      0.7625000      7.0678175E-04
   3.875000      0.7625000      7.0678175E-04
   4.125000      0.7625000      7.0678175E-04
   4.375000      0.7625000      7.0678175E-04
   4.625000      0.7625000      7.0678175E-04
   4.875000      0.7625000      7.0678175E-04
   5.125000      0.7625000      7.0678175E-04
   5.375000      0.7625000      7.0678175E-04
   5.625000      0.7625000      7.0678175E-04
   5.875000      0.7625000      7.0678175E-04
   6.125000      0.7625000      7.0678175E-04
   6.375000      0.7625000      7.0678175E-04
   6.625000      0.7625000      7.0678175E-04
   6.875000      0.7625000      7.0678175E-04
   7.125000      0.7625000      7.0678175E-04
   7.375000      0.7625000      7.0678175E-04
   7.625000      0.7625000      7.0678175E-04
   7.875000      0.7625000      7.0678175E-04
   8.125000      0.7625000      7.0678175E-04
   8.375000      0.7625000      7.0678175E-04
   8.625000      0.7625000      7.0678192E-04
   8.875000      0.7625000      7.0679811E-04
   9.125000      0.7625000      7.0784421E-04
   9.375000      0.7625000      7.6348119E-04
   9.625000      0.7625000      3.1295007E-03
   9.875000      0.7625000      7.9979070E-02
   10.00000      0.7625000       1.000000    
 
  0.0000000E+00  0.7875000      0.0000000E+00
  0.1250000      0.7875000      4.0307437E-04
  0.3750000      0.7875000      1.0573707E-03
  0.6250000      0.7875000      1.3020399E-03
  0.8750000      0.7875000      1.3656754E-03
   1.125000      0.7875000      1.3788003E-03
   1.375000      0.7875000      1.3810884E-03
   1.625000      0.7875000      1.3814388E-03
   1.875000      0.7875000      1.3814870E-03
   2.125000      0.7875000      1.3814928E-03
   2.375000      0.7875000      1.3814939E-03
   2.625000      0.7875000      1.3814939E-03
   2.875000      0.7875000      1.3814939E-03
   3.125000      0.7875000      1.3814939E-03
   3.375000      0.7875000      1.3814939E-03
   3.625000      0.7875000      1.3814939E-03
   3.875000      0.7875000      1.3814939E-03
   4.125000      0.7875000      1.3814939E-03
   4.375000      0.7875000      1.3814939E-03
   4.625000      0.7875000      1.3814939E-03
   4.875000      0.7875000      1.3814939E-03
   5.125000      0.7875000      1.3814939E-03
   5.375000      0.7875000      1.3814939E-03
   5.625000      0.7875000      1.3814939E-03
   5.875000      0.7875000      1.3814939E-03
   6.125000      0.7875000      1.3814939E-03
   6.375000      0.7875000      1.3814939E-03
   6.625000      0.7875000      1.3814939E-03
   6.875000      0.7875000      1.3814939E-03
   7.125000      0.7875000      1.3814939E-03
   7.375000      0.7875000      1.3814939E-03
   7.625000      0.7875000      1.3814939E-03
   7.875000      0.7875000      1.3814939E-03
   8.125000      0.7875000      1.3814939E-03
   8.375000      0.7875000      1.3814939E-03
   8.625000      0.7875000      1.3814939E-03
   8.875000      0.7875000      1.3815119E-03
   9.125000      0.7875000      1.3826527E-03
   9.375000      0.7875000      1.4427818E-03
   9.625000      0.7875000      3.9647836E-03
   9.875000      0.7875000      8.3966002E-02
   10.00000      0.7875000       1.000000    
 
  0.0000000E+00  0.8125000      0.0000000E+00
  0.1250000      0.8125000      8.7671203E-04
  0.3750000      0.8125000      2.0810822E-03
  0.6250000      0.8125000      2.4795018E-03
  0.8750000      0.8125000      2.5729062E-03
   1.125000      0.8125000      2.5904905E-03
   1.375000      0.8125000      2.5933152E-03
   1.625000      0.8125000      2.5937168E-03
   1.875000      0.8125000      2.5937688E-03
   2.125000      0.8125000      2.5937743E-03
   2.375000      0.8125000      2.5937753E-03
   2.625000      0.8125000      2.5937753E-03
   2.875000      0.8125000      2.5937753E-03
   3.125000      0.8125000      2.5937753E-03
   3.375000      0.8125000      2.5937753E-03
   3.625000      0.8125000      2.5937753E-03
   3.875000      0.8125000      2.5937753E-03
   4.125000      0.8125000      2.5937753E-03
   4.375000      0.8125000      2.5937753E-03
   4.625000      0.8125000      2.5937753E-03
   4.875000      0.8125000      2.5937753E-03
   5.125000      0.8125000      2.5937753E-03
   5.375000      0.8125000      2.5937753E-03
   5.625000      0.8125000      2.5937753E-03
   5.875000      0.8125000      2.5937753E-03
   6.125000      0.8125000      2.5937753E-03
   6.375000      0.8125000      2.5937753E-03
   6.625000      0.8125000      2.5937753E-03
   6.875000      0.8125000      2.5937753E-03
   7.125000      0.8125000      2.5937753E-03
   7.375000      0.8125000      2.5937753E-03
   7.625000      0.8125000      2.5937753E-03
   7.875000      0.8125000      2.5937753E-03
   8.125000      0.8125000      2.5937753E-03
   8.375000      0.8125000      2.5937753E-03
   8.625000      0.8125000      2.5937753E-03
   8.875000      0.8125000      2.5937951E-03
   9.125000      0.8125000      2.5950484E-03
   9.375000      0.8125000      2.6604689E-03
   9.625000      0.8125000      5.3645498E-03
   9.875000      0.8125000      8.8983417E-02
   10.00000      0.8125000       1.000000    
 
  0.0000000E+00  0.8375000      0.0000000E+00
  0.1250000      0.8375000      1.8314564E-03
  0.3750000      0.8375000      3.9209919E-03
  0.6250000      0.8375000      4.5239232E-03
  0.8750000      0.8375000      4.6499893E-03
   1.125000      0.8375000      4.6714763E-03
   1.375000      0.8375000      4.6746354E-03
   1.625000      0.8375000      4.6750517E-03
   1.875000      0.8375000      4.6751015E-03
   2.125000      0.8375000      4.6751066E-03
   2.375000      0.8375000      4.6751066E-03
   2.625000      0.8375000      4.6751071E-03
   2.875000      0.8375000      4.6751071E-03
   3.125000      0.8375000      4.6751071E-03
   3.375000      0.8375000      4.6751071E-03
   3.625000      0.8375000      4.6751071E-03
   3.875000      0.8375000      4.6751071E-03
   4.125000      0.8375000      4.6751071E-03
   4.375000      0.8375000      4.6751071E-03
   4.625000      0.8375000      4.6751071E-03
   4.875000      0.8375000      4.6751071E-03
   5.125000      0.8375000      4.6751071E-03
   5.375000      0.8375000      4.6751071E-03
   5.625000      0.8375000      4.6751071E-03
   5.875000      0.8375000      4.6751071E-03
   6.125000      0.8375000      4.6751071E-03
   6.375000      0.8375000      4.6751071E-03
   6.625000      0.8375000      4.6751071E-03
   6.875000      0.8375000      4.6751071E-03
   7.125000      0.8375000      4.6751071E-03
   7.375000      0.8375000      4.6751071E-03
   7.625000      0.8375000      4.6751071E-03
   7.875000      0.8375000      4.6751071E-03
   8.125000      0.8375000      4.6751071E-03
   8.375000      0.8375000      4.6751071E-03
   8.625000      0.8375000      4.6751071E-03
   8.875000      0.8375000      4.6751290E-03
   9.125000      0.8375000      4.6765143E-03
   9.375000      0.8375000      4.7481102E-03
   9.625000      0.8375000      7.6628141E-03
   9.875000      0.8375000      9.5392711E-02
   10.00000      0.8375000       1.000000    
 
  0.0000000E+00  0.8625000      0.0000000E+00
  0.1250000      0.8625000      3.6669332E-03
  0.3750000      0.8625000      7.0634088E-03
  0.6250000      0.8625000      7.9044839E-03
  0.8750000      0.8625000      8.0595100E-03
   1.125000      0.8625000      8.0832299E-03
   1.375000      0.8625000      8.0864010E-03
   1.625000      0.8625000      8.0867866E-03
   1.875000      0.8625000      8.0868294E-03
   2.125000      0.8625000      8.0868322E-03
   2.375000      0.8625000      8.0868322E-03
   2.625000      0.8625000      8.0868322E-03
   2.875000      0.8625000      8.0868322E-03
   3.125000      0.8625000      8.0868322E-03
   3.375000      0.8625000      8.0868322E-03
   3.625000      0.8625000      8.0868322E-03
   3.875000      0.8625000      8.0868322E-03
   4.125000      0.8625000      8.0868322E-03
   4.375000      0.8625000      8.0868322E-03
   4.625000      0.8625000      8.0868322E-03
   4.875000      0.8625000      8.0868322E-03
   5.125000      0.8625000      8.0868322E-03
   5.375000      0.8625000      8.0868322E-03
   5.625000      0.8625000      8.0868322E-03
   5.875000      0.8625000      8.0868322E-03
   6.125000      0.8625000      8.0868322E-03
   6.375000      0.8625000      8.0868322E-03
   6.625000      0.8625000      8.0868322E-03
   6.875000      0.8625000      8.0868322E-03
   7.125000      0.8625000      8.0868322E-03
   7.375000      0.8625000      8.0868322E-03
   7.625000      0.8625000      8.0868322E-03
   7.875000      0.8625000      8.0868322E-03
   8.125000      0.8625000      8.0868322E-03
   8.375000      0.8625000      8.0868322E-03
   8.625000      0.8625000      8.0868332E-03
   8.875000      0.8625000      8.0868583E-03
   9.125000      0.8625000      8.0883959E-03
   9.375000      0.8625000      8.1670946E-03
   9.625000      0.8625000      1.1322089E-02
   9.875000      0.8625000      0.1036582    
   10.00000      0.8625000       1.000000    
 
  0.0000000E+00  0.8875000      0.0000000E+00
  0.1250000      0.8875000      7.0202472E-03
  0.3750000      0.8875000      1.2153677E-02
  0.6250000      0.8875000      1.3224890E-02
  0.8750000      0.8875000      1.3396813E-02
   1.125000      0.8875000      1.3420224E-02
   1.375000      0.8875000      1.3423052E-02
   1.625000      0.8875000      1.3423366E-02
   1.875000      0.8875000      1.3423397E-02
   2.125000      0.8875000      1.3423397E-02
   2.375000      0.8875000      1.3423397E-02
   2.625000      0.8875000      1.3423397E-02
   2.875000      0.8875000      1.3423397E-02
   3.125000      0.8875000      1.3423397E-02
   3.375000      0.8875000      1.3423397E-02
   3.625000      0.8875000      1.3423397E-02
   3.875000      0.8875000      1.3423397E-02
   4.125000      0.8875000      1.3423397E-02
   4.375000      0.8875000      1.3423397E-02
   4.625000      0.8875000      1.3423397E-02
   4.875000      0.8875000      1.3423397E-02
   5.125000      0.8875000      1.3423397E-02
   5.375000      0.8875000      1.3423397E-02
   5.625000      0.8875000      1.3423397E-02
   5.875000      0.8875000      1.3423397E-02
   6.125000      0.8875000      1.3423397E-02
   6.375000      0.8875000      1.3423397E-02
   6.625000      0.8875000      1.3423397E-02
   6.875000      0.8875000      1.3423397E-02
   7.125000      0.8875000      1.3423397E-02
   7.375000      0.8875000      1.3423397E-02
   7.625000      0.8875000      1.3423397E-02
   7.875000      0.8875000      1.3423397E-02
   8.125000      0.8875000      1.3423397E-02
   8.375000      0.8875000      1.3423397E-02
   8.625000      0.8875000      1.3423400E-02
   8.875000      0.8875000      1.3423429E-02
   9.125000      0.8875000      1.3425138E-02
   9.375000      0.8875000      1.3511812E-02
   9.625000      0.8875000      1.6934879E-02
   9.875000      0.8875000      0.1143224    
   10.00000      0.8875000       1.000000    
 
  0.0000000E+00  0.9125000      0.0000000E+00
  0.1250000      0.9125000      1.2815755E-02
  0.3750000      0.9125000      1.9961389E-02
  0.6250000      0.9125000      2.1194000E-02
  0.8750000      0.9125000      2.1364225E-02
   1.125000      0.9125000      2.1384692E-02
   1.375000      0.9125000      2.1386916E-02
   1.625000      0.9125000      2.1387143E-02
   1.875000      0.9125000      2.1387164E-02
   2.125000      0.9125000      2.1387164E-02
   2.375000      0.9125000      2.1387164E-02
   2.625000      0.9125000      2.1387164E-02
   2.875000      0.9125000      2.1387164E-02
   3.125000      0.9125000      2.1387164E-02
   3.375000      0.9125000      2.1387164E-02
   3.625000      0.9125000      2.1387164E-02
   3.875000      0.9125000      2.1387164E-02
   4.125000      0.9125000      2.1387164E-02
   4.375000      0.9125000      2.1387164E-02
   4.625000      0.9125000      2.1387164E-02
   4.875000      0.9125000      2.1387164E-02
   5.125000      0.9125000      2.1387164E-02
   5.375000      0.9125000      2.1387164E-02
   5.625000      0.9125000      2.1387164E-02
   5.875000      0.9125000      2.1387164E-02
   6.125000      0.9125000      2.1387164E-02
   6.375000      0.9125000      2.1387164E-02
   6.625000      0.9125000      2.1387164E-02
   6.875000      0.9125000      2.1387164E-02
   7.125000      0.9125000      2.1387164E-02
   7.375000      0.9125000      2.1387164E-02
   7.625000      0.9125000      2.1387164E-02
   7.875000      0.9125000      2.1387164E-02
   8.125000      0.9125000      2.1387164E-02
   8.375000      0.9125000      2.1387164E-02
   8.625000      0.9125000      2.1387164E-02
   8.875000      0.9125000      2.1387193E-02
   9.125000      0.9125000      2.1389090E-02
   9.375000      0.9125000      2.1484371E-02
   9.625000      0.9125000      2.5195580E-02
   9.875000      0.9125000      0.1279344    
   10.00000      0.9125000       1.000000    
 
  0.0000000E+00  0.9375000      0.0000000E+00
  0.1250000      0.9375000      2.2234093E-02
  0.3750000      0.9375000      3.1289775E-02
  0.6250000      0.9375000      3.2560654E-02
  0.8750000      0.9375000      3.2710485E-02
   1.125000      0.9375000      3.2726292E-02
   1.375000      0.9375000      3.2727838E-02
   1.625000      0.9375000      3.2727983E-02
   1.875000      0.9375000      3.2727987E-02
   2.125000      0.9375000      3.2727987E-02
   2.375000      0.9375000      3.2727987E-02
   2.625000      0.9375000      3.2727987E-02
   2.875000      0.9375000      3.2727987E-02
   3.125000      0.9375000      3.2727987E-02
   3.375000      0.9375000      3.2727987E-02
   3.625000      0.9375000      3.2727987E-02
   3.875000      0.9375000      3.2727987E-02
   4.125000      0.9375000      3.2727987E-02
   4.375000      0.9375000      3.2727987E-02
   4.625000      0.9375000      3.2727987E-02
   4.875000      0.9375000      3.2727987E-02
   5.125000      0.9375000      3.2727987E-02
   5.375000      0.9375000      3.2727987E-02
   5.625000      0.9375000      3.2727987E-02
   5.875000      0.9375000      3.2727987E-02
   6.125000      0.9375000      3.2727987E-02
   6.375000      0.9375000      3.2727987E-02
   6.625000      0.9375000      3.2727987E-02
   6.875000      0.9375000      3.2727987E-02
   7.125000      0.9375000      3.2727987E-02
   7.375000      0.9375000      3.2727987E-02
   7.625000      0.9375000      3.2727987E-02
   7.875000      0.9375000      3.2727987E-02
   8.125000      0.9375000      3.2727987E-02
   8.375000      0.9375000      3.2727987E-02
   8.625000      0.9375000      3.2727987E-02
   8.875000      0.9375000      3.2728020E-02
   9.125000      0.9375000      3.2730106E-02
   9.375000      0.9375000      3.2834064E-02
   9.625000      0.9375000      3.6835678E-02
   9.875000      0.9375000      0.1449149    
   10.00000      0.9375000       1.000000    
 
  0.0000000E+00  0.9625000      0.0000000E+00
  0.1250000      0.9625000      3.6504228E-02
  0.3750000      0.9625000      4.6838224E-02
  0.6250000      0.9625000      4.8019558E-02
  0.8750000      0.9625000      4.8139103E-02
   1.125000      0.9625000      4.8150208E-02
   1.375000      0.9625000      4.8151176E-02
   1.625000      0.9625000      4.8151262E-02
   1.875000      0.9625000      4.8151266E-02
   2.125000      0.9625000      4.8151266E-02
   2.375000      0.9625000      4.8151266E-02
   2.625000      0.9625000      4.8151266E-02
   2.875000      0.9625000      4.8151266E-02
   3.125000      0.9625000      4.8151266E-02
   3.375000      0.9625000      4.8151266E-02
   3.625000      0.9625000      4.8151266E-02
   3.875000      0.9625000      4.8151266E-02
   4.125000      0.9625000      4.8151266E-02
   4.375000      0.9625000      4.8151266E-02
   4.625000      0.9625000      4.8151266E-02
   4.875000      0.9625000      4.8151266E-02
   5.125000      0.9625000      4.8151266E-02
   5.375000      0.9625000      4.8151266E-02
   5.625000      0.9625000      4.8151266E-02
   5.875000      0.9625000      4.8151266E-02
   6.125000      0.9625000      4.8151266E-02
   6.375000      0.9625000      4.8151266E-02
   6.625000      0.9625000      4.8151266E-02
   6.875000      0.9625000      4.8151266E-02
   7.125000      0.9625000      4.8151266E-02
   7.375000      0.9625000      4.8151266E-02
   7.625000      0.9625000      4.8151266E-02
   7.875000      0.9625000      4.8151266E-02
   8.125000      0.9625000      4.8151266E-02
   8.375000      0.9625000      4.8151266E-02
   8.625000      0.9625000      4.8151266E-02
   8.875000      0.9625000      4.8151292E-02
   9.125000      0.9625000      4.8153557E-02
   9.375000      0.9625000      4.8265230E-02
   9.625000      0.9625000      5.2525759E-02
   9.875000      0.9625000      0.1653531    
   10.00000      0.9625000       1.000000    
 
  0.0000000E+00  0.9875000      0.0000000E+00
  0.1250000      0.9875000      5.6404393E-02
  0.3750000      0.9875000      6.7058124E-02
  0.6250000      0.9875000      6.8106554E-02
  0.8750000      0.9875000      6.8201728E-02
   1.125000      0.9875000      6.8209752E-02
   1.375000      0.9875000      6.8210386E-02
   1.625000      0.9875000      6.8210445E-02
   1.875000      0.9875000      6.8210453E-02
   2.125000      0.9875000      6.8210453E-02
   2.375000      0.9875000      6.8210453E-02
   2.625000      0.9875000      6.8210453E-02
   2.875000      0.9875000      6.8210453E-02
   3.125000      0.9875000      6.8210453E-02
   3.375000      0.9875000      6.8210453E-02
   3.625000      0.9875000      6.8210453E-02
   3.875000      0.9875000      6.8210453E-02
   4.125000      0.9875000      6.8210453E-02
   4.375000      0.9875000      6.8210453E-02
   4.625000      0.9875000      6.8210453E-02
   4.875000      0.9875000      6.8210453E-02
   5.125000      0.9875000      6.8210453E-02
   5.375000      0.9875000      6.8210453E-02
   5.625000      0.9875000      6.8210453E-02
   5.875000      0.9875000      6.8210453E-02
   6.125000      0.9875000      6.8210453E-02
   6.375000      0.9875000      6.8210453E-02
   6.625000      0.9875000      6.8210453E-02
   6.875000      0.9875000      6.8210453E-02
   7.125000      0.9875000      6.8210453E-02
   7.375000      0.9875000      6.8210453E-02
   7.625000      0.9875000      6.8210453E-02
   7.875000      0.9875000      6.8210453E-02
   8.125000      0.9875000      6.8210453E-02
   8.375000      0.9875000      6.8210453E-02
   8.625000      0.9875000      6.8210453E-02
   8.875000      0.9875000      6.8210468E-02
   9.125000      0.9875000      6.8212852E-02
   9.375000      0.9875000      6.8329573E-02
   9.625000      0.9875000      7.2761424E-02
   9.875000      0.9875000      0.1887496    
   10.00000      0.9875000       1.000000    
 
  0.0000000E+00   1.000000      0.0000000E+00
  0.1250000       1.000000      5.6404393E-02
  0.3750000       1.000000      6.7058124E-02
  0.6250000       1.000000      6.8106554E-02
  0.8750000       1.000000      6.8201728E-02
   1.125000       1.000000      6.8209752E-02
   1.375000       1.000000      6.8210386E-02
   1.625000       1.000000      6.8210445E-02
   1.875000       1.000000      6.8210453E-02
   2.125000       1.000000      6.8210453E-02
   2.375000       1.000000      6.8210453E-02
   2.625000       1.000000      6.8210453E-02
   2.875000       1.000000      6.8210453E-02
   3.125000       1.000000      6.8210453E-02
   3.375000       1.000000      6.8210453E-02
   3.625000       1.000000      6.8210453E-02
   3.875000       1.000000      6.8210453E-02
   4.125000       1.000000      6.8210453E-02
   4.375000       1.000000      6.8210453E-02
   4.625000       1.000000      6.8210453E-02
   4.875000       1.000000      6.8210453E-02
   5.125000       1.000000      6.8210453E-02
   5.375000       1.000000      6.8210453E-02
   5.625000       1.000000      6.8210453E-02
   5.875000       1.000000      6.8210453E-02
   6.125000       1.000000      6.8210453E-02
   6.375000       1.000000      6.8210453E-02
   6.625000       1.000000      6.8210453E-02
   6.875000       1.000000      6.8210453E-02
   7.125000       1.000000      6.8210453E-02
   7.375000       1.000000      6.8210453E-02
   7.625000       1.000000      6.8210453E-02
   7.875000       1.000000      6.8210453E-02
   8.125000       1.000000      6.8210453E-02
   8.375000       1.000000      6.8210453E-02
   8.625000       1.000000      6.8210453E-02
   8.875000       1.000000      6.8210468E-02
   9.125000       1.000000      6.8212852E-02
   9.375000       1.000000      6.8329573E-02
   9.625000       1.000000      7.2761424E-02
   9.875000       1.000000      0.1887496    
   10.00000       1.000000       1.000000    
 
