  0.0000000E+00  0.0000000E+00  0.0000000E+00
  0.1250000      0.0000000E+00  1.2499999E-02
  0.3750000      0.0000000E+00  3.7499998E-02
  0.6250000      0.0000000E+00  6.2499996E-02
  0.8750000      0.0000000E+00  8.7499991E-02
   1.125000      0.0000000E+00  0.1125000    
   1.375000      0.0000000E+00  0.1375000    
   1.625000      0.0000000E+00  0.1625000    
   1.875000      0.0000000E+00  0.1875000    
   2.125000      0.0000000E+00  0.2125000    
   2.375000      0.0000000E+00  0.2375000    
   2.625000      0.0000000E+00  0.2625000    
   2.875000      0.0000000E+00  0.2875000    
   3.125000      0.0000000E+00  0.3125000    
   3.375000      0.0000000E+00  0.3375000    
   3.625000      0.0000000E+00  0.3625000    
   3.875000      0.0000000E+00  0.3875000    
   4.125000      0.0000000E+00  0.4125000    
   4.375000      0.0000000E+00  0.4375000    
   4.625000      0.0000000E+00  0.4625000    
   4.875000      0.0000000E+00  0.4875000    
   5.125000      0.0000000E+00  0.5125000    
   5.375000      0.0000000E+00  0.5375000    
   5.625000      0.0000000E+00  0.5624999    
   5.875000      0.0000000E+00  0.5875000    
   6.125000      0.0000000E+00  0.6125000    
   6.375000      0.0000000E+00  0.6375000    
   6.625000      0.0000000E+00  0.6625000    
   6.875000      0.0000000E+00  0.6874999    
   7.125000      0.0000000E+00  0.7125000    
   7.375000      0.0000000E+00  0.7375000    
   7.625000      0.0000000E+00  0.7624999    
   7.875000      0.0000000E+00  0.7875000    
   8.125000      0.0000000E+00  0.8124999    
   8.375000      0.0000000E+00  0.8375000    
   8.625000      0.0000000E+00  0.8625000    
   8.875000      0.0000000E+00  0.8874999    
   9.125000      0.0000000E+00  0.9125000    
   9.375000      0.0000000E+00  0.9374999    
   9.625000      0.0000000E+00  0.9624999    
   9.875000      0.0000000E+00  0.9875000    
   10.00000      0.0000000E+00   1.000000    
 
  0.0000000E+00  1.2500000E-02  0.0000000E+00
  0.1250000      1.2500000E-02  1.0887817E-02
  0.3750000      1.2500000E-02  3.3978947E-02
  0.6250000      1.2500000E-02  5.7462271E-02
  0.8750000      1.2500000E-02  8.1148624E-02
   1.125000      1.2500000E-02  0.1049645    
   1.375000      1.2500000E-02  0.1288725    
   1.625000      1.2500000E-02  0.1528502    
   1.875000      1.2500000E-02  0.1768824    
   2.125000      1.2500000E-02  0.2009577    
   2.375000      1.2500000E-02  0.2250676    
   2.625000      1.2500000E-02  0.2492048    
   2.875000      1.2500000E-02  0.2733632    
   3.125000      1.2500000E-02  0.2975375    
   3.375000      1.2500000E-02  0.3217237    
   3.625000      1.2500000E-02  0.3459184    
   3.875000      1.2500000E-02  0.3701192    
   4.125000      1.2500000E-02  0.3943238    
   4.375000      1.2500000E-02  0.4185310    
   4.625000      1.2500000E-02  0.4427397    
   4.875000      1.2500000E-02  0.4669495    
   5.125000      1.2500000E-02  0.4911598    
   5.375000      1.2500000E-02  0.5153705    
   5.625000      1.2500000E-02  0.5395812    
   5.875000      1.2500000E-02  0.5637923    
   6.125000      1.2500000E-02  0.5880031    
   6.375000      1.2500000E-02  0.6122140    
   6.625000      1.2500000E-02  0.6364249    
   6.875000      1.2500000E-02  0.6606358    
   7.125000      1.2500000E-02  0.6848466    
   7.375000      1.2500000E-02  0.7090576    
   7.625000      1.2500000E-02  0.7332684    
   7.875000      1.2500000E-02  0.7574795    
   8.125000      1.2500000E-02  0.7816904    
   8.375000      1.2500000E-02  0.8059014    
   8.625000      1.2500000E-02  0.8301123    
   8.875000      1.2500000E-02  0.8543234    
   9.125000      1.2500000E-02  0.8785356    
   9.375000      1.2500000E-02  0.9027707    
   9.625000      1.2500000E-02  0.9273580    
   9.875000      1.2500000E-02  0.9569505    
   10.00000      1.2500000E-02   1.000000    
 
  0.0000000E+00  3.7500001E-02  0.0000000E+00
  0.1250000      3.7500001E-02  7.9191169E-03
  0.3750000      3.7500001E-02  2.7218018E-02
  0.6250000      3.7500001E-02  4.7674809E-02
  0.8750000      3.7500001E-02  6.8737112E-02
   1.125000      3.7500001E-02  9.0186901E-02
   1.375000      3.7500001E-02  0.1119125    
   1.625000      3.7500001E-02  0.1338469    
   1.875000      3.7500001E-02  0.1559448    
   2.125000      3.7500001E-02  0.1781726    
   2.375000      3.7500001E-02  0.2005043    
   2.625000      3.7500001E-02  0.2229180    
   2.875000      3.7500001E-02  0.2453958    
   3.125000      3.7500001E-02  0.2679220    
   3.375000      3.7500001E-02  0.2904843    
   3.625000      3.7500001E-02  0.3130726    
   3.875000      3.7500001E-02  0.3356788    
   4.125000      3.7500001E-02  0.3582973    
   4.375000      3.7500001E-02  0.3809235    
   4.625000      3.7500001E-02  0.4035545    
   4.875000      3.7500001E-02  0.4261888    
   5.125000      3.7500001E-02  0.4488248    
   5.375000      3.7500001E-02  0.4714616    
   5.625000      3.7500001E-02  0.4940986    
   5.875000      3.7500001E-02  0.5167364    
   6.125000      3.7500001E-02  0.5393741    
   6.375000      3.7500001E-02  0.5620117    
   6.625000      3.7500001E-02  0.5846494    
   6.875000      3.7500001E-02  0.6072870    
   7.125000      3.7500001E-02  0.6299248    
   7.375000      3.7500001E-02  0.6525626    
   7.625000      3.7500001E-02  0.6752002    
   7.875000      3.7500001E-02  0.6978381    
   8.125000      3.7500001E-02  0.7204757    
   8.375000      3.7500001E-02  0.7431134    
   8.625000      3.7500001E-02  0.7657511    
   8.875000      3.7500001E-02  0.7883891    
   9.125000      3.7500001E-02  0.8110310    
   9.375000      3.7500001E-02  0.8337377    
   9.625000      3.7500001E-02  0.8574612    
   9.875000      3.7500001E-02  0.8957685    
   10.00000      3.7500001E-02   1.000000    
 
  0.0000000E+00  6.2500000E-02  0.0000000E+00
  0.1250000      6.2500000E-02  5.4874788E-03
  0.3750000      6.2500000E-02  2.1142136E-02
  0.6250000      6.2500000E-02  3.8619798E-02
  0.8750000      6.2500000E-02  5.7082154E-02
   1.125000      6.2500000E-02  7.6181233E-02
   1.375000      6.2500000E-02  9.5735684E-02
   1.625000      6.2500000E-02  0.1156359    
   1.875000      6.2500000E-02  0.1358075    
   2.125000      6.2500000E-02  0.1561957    
   2.375000      6.2500000E-02  0.1767572    
   2.625000      6.2500000E-02  0.1974564    
   2.875000      6.2500000E-02  0.2182631    
   3.125000      6.2500000E-02  0.2391518    
   3.375000      6.2500000E-02  0.2601017    
   3.625000      6.2500000E-02  0.2810957    
   3.875000      6.2500000E-02  0.3021206    
   4.125000      6.2500000E-02  0.3231663    
   4.375000      6.2500000E-02  0.3442256    
   4.625000      6.2500000E-02  0.3652933    
   4.875000      6.2500000E-02  0.3863664    
   5.125000      6.2500000E-02  0.4074426    
   5.375000      6.2500000E-02  0.4285202    
   5.625000      6.2500000E-02  0.4495984    
   5.875000      6.2500000E-02  0.4706776    
   6.125000      6.2500000E-02  0.4917568    
   6.375000      6.2500000E-02  0.5128359    
   6.625000      6.2500000E-02  0.5339152    
   6.875000      6.2500000E-02  0.5549945    
   7.125000      6.2500000E-02  0.5760737    
   7.375000      6.2500000E-02  0.5971530    
   7.625000      6.2500000E-02  0.6182324    
   7.875000      6.2500000E-02  0.6393117    
   8.125000      6.2500000E-02  0.6603908    
   8.375000      6.2500000E-02  0.6814701    
   8.625000      6.2500000E-02  0.7025493    
   8.875000      6.2500000E-02  0.7236291    
   9.125000      6.2500000E-02  0.7447147    
   9.375000      6.2500000E-02  0.7659002    
   9.625000      6.2500000E-02  0.7886708    
   9.875000      6.2500000E-02  0.8346137    
   10.00000      6.2500000E-02   1.000000    
 
  0.0000000E+00  8.7500006E-02  0.0000000E+00
  0.1250000      8.7500006E-02  3.6521249E-03
  0.3750000      8.7500006E-02  1.5965339E-02
  0.6250000      8.7500006E-02  3.0579105E-02
  0.8750000      8.7500006E-02  4.6502884E-02
   1.125000      8.7500006E-02  6.3290790E-02
   1.375000      8.7500006E-02  8.0702811E-02
   1.625000      8.7500006E-02  9.8591477E-02
   1.875000      8.7500006E-02  0.1168563    
   2.125000      8.7500006E-02  0.1354225    
   2.375000      8.7500006E-02  0.1542311    
   2.625000      8.7500006E-02  0.1732331    
   2.875000      8.7500006E-02  0.1923867    
   3.125000      8.7500006E-02  0.2116570    
   3.375000      8.7500006E-02  0.2310145    
   3.625000      8.7500006E-02  0.2504354    
   3.875000      8.7500006E-02  0.2699008    
   4.125000      8.7500006E-02  0.2893965    
   4.375000      8.7500006E-02  0.3089121    
   4.625000      8.7500006E-02  0.3284402    
   4.875000      8.7500006E-02  0.3479759    
   5.125000      8.7500006E-02  0.3675162    
   5.375000      8.7500006E-02  0.3870589    
   5.625000      8.7500006E-02  0.4066026    
   5.875000      8.7500006E-02  0.4261474    
   6.125000      8.7500006E-02  0.4456923    
   6.375000      8.7500006E-02  0.4652372    
   6.625000      8.7500006E-02  0.4847824    
   6.875000      8.7500006E-02  0.5043275    
   7.125000      8.7500006E-02  0.5238726    
   7.375000      8.7500006E-02  0.5434178    
   7.625000      8.7500006E-02  0.5629628    
   7.875000      8.7500006E-02  0.5825079    
   8.125000      8.7500006E-02  0.6020530    
   8.375000      8.7500006E-02  0.6215981    
   8.625000      8.7500006E-02  0.6411430    
   8.875000      8.7500006E-02  0.6606886    
   9.125000      8.7500006E-02  0.6802418    
   9.375000      8.7500006E-02  0.6999211    
   9.625000      8.7500006E-02  0.7216324    
   9.875000      8.7500006E-02  0.7738753    
   10.00000      8.7500006E-02   1.000000    
 
  0.0000000E+00  0.1125000      0.0000000E+00
  0.1250000      0.1125000      2.3498866E-03
  0.3750000      0.1125000      1.1748704E-02
  0.6250000      0.1125000      2.3692222E-02
  0.8750000      0.1125000      3.7186727E-02
   1.125000      0.1125000      5.1735356E-02
   1.375000      0.1125000      6.7057371E-02
   1.625000      0.1125000      8.2975820E-02
   1.875000      0.1125000      9.9368349E-02
   2.125000      0.1125000      0.1161434    
   2.375000      0.1125000      0.1332277    
   2.625000      0.1125000      0.1505602    
   2.875000      0.1125000      0.1680889    
   3.125000      0.1125000      0.1857691    
   3.375000      0.1125000      0.2035635    
   3.625000      0.1125000      0.2214413    
   3.875000      0.1125000      0.2393783    
   4.125000      0.1125000      0.2573557    
   4.375000      0.1125000      0.2753597    
   4.625000      0.1125000      0.2933808    
   4.875000      0.1125000      0.3114122    
   5.125000      0.1125000      0.3294497    
   5.375000      0.1125000      0.3474907    
   5.625000      0.1125000      0.3655332    
   5.875000      0.1125000      0.3835768    
   6.125000      0.1125000      0.4016209    
   6.375000      0.1125000      0.4196650    
   6.625000      0.1125000      0.4377092    
   6.875000      0.1125000      0.4557534    
   7.125000      0.1125000      0.4737978    
   7.375000      0.1125000      0.4918419    
   7.625000      0.1125000      0.5098863    
   7.875000      0.1125000      0.5279304    
   8.125000      0.1125000      0.5459747    
   8.375000      0.1125000      0.5640191    
   8.625000      0.1125000      0.5820631    
   8.875000      0.1125000      0.6001078    
   9.125000      0.1125000      0.6181610    
   9.375000      0.1125000      0.6363577    
   9.625000      0.1125000      0.6569107    
   9.875000      0.1125000      0.7140981    
   10.00000      0.1125000       1.000000    
 
  0.0000000E+00  0.1375000      0.0000000E+00
  0.1250000      0.1375000      1.4699101E-03
  0.3750000      0.1375000      8.4450794E-03
  0.6250000      0.1375000      1.7982446E-02
  0.8750000      0.1375000      2.9207731E-02
   1.125000      0.1375000      4.1625775E-02
   1.375000      0.1375000      5.4938100E-02
   1.625000      0.1375000      6.8949714E-02
   1.875000      0.1375000      8.3522826E-02
   2.125000      0.1375000      9.8552778E-02
   2.375000      0.1375000      0.1139549    
   2.625000      0.1375000      0.1296579    
   2.875000      0.1375000      0.1456002    
   3.125000      0.1375000      0.1617289    
   3.375000      0.1375000      0.1779990    
   3.625000      0.1375000      0.1943731    
   3.875000      0.1375000      0.2108215    
   4.125000      0.1375000      0.2273210    
   4.375000      0.1375000      0.2438544    
   4.625000      0.1375000      0.2604097    
   4.875000      0.1375000      0.2769782    
   5.125000      0.1375000      0.2935547    
   5.375000      0.1375000      0.3101355    
   5.625000      0.1375000      0.3267186    
   5.875000      0.1375000      0.3433030    
   6.125000      0.1375000      0.3598880    
   6.375000      0.1375000      0.3764732    
   6.625000      0.1375000      0.3930582    
   6.875000      0.1375000      0.4096434    
   7.125000      0.1375000      0.4262286    
   7.375000      0.1375000      0.4428138    
   7.625000      0.1375000      0.4593990    
   7.875000      0.1375000      0.4759842    
   8.125000      0.1375000      0.4925694    
   8.375000      0.1375000      0.5091546    
   8.625000      0.1375000      0.5257397    
   8.875000      0.1375000      0.5423253    
   9.125000      0.1375000      0.5589199    
   9.375000      0.1375000      0.5756672    
   9.625000      0.1375000      0.5949852    
   9.875000      0.1375000      0.6558812    
   10.00000      0.1375000       1.000000    
 
  0.0000000E+00  0.1625000      0.0000000E+00
  0.1250000      0.1625000      8.9822523E-04
  0.3750000      0.1625000      5.9430618E-03
  0.6250000      0.1625000      1.3386955E-02
  0.8750000      0.1625000      2.2548392E-02
   1.125000      0.1625000      3.2980941E-02
   1.375000      0.1625000      4.4393025E-02
   1.625000      0.1625000      5.6584947E-02
   1.875000      0.1625000      6.9411285E-02
   2.125000      0.1625000      8.2759209E-02
   2.375000      0.1625000      9.6535951E-02
   2.625000      0.1625000      0.1106621    
   2.875000      0.1625000      0.1250685    
   3.125000      0.1625000      0.1396948    
   3.375000      0.1625000      0.1544890    
   3.625000      0.1625000      0.1694078    
   3.875000      0.1625000      0.1844161    
   4.125000      0.1625000      0.1994865    
   4.375000      0.1625000      0.2145983    
   4.625000      0.1625000      0.2297368    
   4.875000      0.1625000      0.2448918    
   5.125000      0.1625000      0.2600566    
   5.375000      0.1625000      0.2752269    
   5.625000      0.1625000      0.2904000    
   5.875000      0.1625000      0.3055746    
   6.125000      0.1625000      0.3207500    
   6.375000      0.1625000      0.3359256    
   6.625000      0.1625000      0.3511011    
   6.875000      0.1625000      0.3662768    
   7.125000      0.1625000      0.3814524    
   7.375000      0.1625000      0.3966280    
   7.625000      0.1625000      0.4118035    
   7.875000      0.1625000      0.4269792    
   8.125000      0.1625000      0.4421549    
   8.375000      0.1625000      0.4573304    
   8.625000      0.1625000      0.4725060    
   8.875000      0.1625000      0.4876820    
   9.125000      0.1625000      0.5028670    
   9.375000      0.1625000      0.5182076    
   9.625000      0.1625000      0.5362430    
   9.875000      0.1625000      0.5997976    
   10.00000      0.1625000       1.000000    
 
  0.0000000E+00  0.1875000      0.0000000E+00
  0.1250000      0.1875000      5.3854403E-04
  0.3750000      0.1875000      4.1036443E-03
  0.6250000      0.1875000      9.7874627E-03
  0.8750000      0.1875000      1.7123515E-02
   1.125000      0.1875000      2.5747145E-02
   1.375000      0.1875000      3.5395790E-02
   1.625000      0.1875000      4.5878600E-02
   1.875000      0.1875000      5.7050988E-02
   2.125000      0.1875000      6.8797410E-02
   2.375000      0.1875000      8.1020772E-02
   2.625000      0.1875000      9.3636364E-02
   2.875000      0.1875000      0.1065691    
   3.125000      0.1875000      0.1197527    
   3.375000      0.1875000      0.1331293    
   3.625000      0.1875000      0.1466501    
   3.875000      0.1875000      0.1602751    
   4.125000      0.1875000      0.1739729    
   4.375000      0.1875000      0.1877196    
   4.625000      0.1875000      0.2014979    
   4.875000      0.1875000      0.2152957    
   5.125000      0.1875000      0.2291053    
   5.375000      0.1875000      0.2429214    
   5.625000      0.1875000      0.2567409    
   5.875000      0.1875000      0.2705622    
   6.125000      0.1875000      0.2843843    
   6.375000      0.1875000      0.2982067    
   6.625000      0.1875000      0.3120290    
   6.875000      0.1875000      0.3258515    
   7.125000      0.1875000      0.3396738    
   7.375000      0.1875000      0.3534962    
   7.625000      0.1875000      0.3673184    
   7.875000      0.1875000      0.3811408    
   8.125000      0.1875000      0.3949631    
   8.375000      0.1875000      0.4087853    
   8.625000      0.1875000      0.4226077    
   8.875000      0.1875000      0.4364304    
   9.125000      0.1875000      0.4502618    
   9.375000      0.1875000      0.4642470    
   9.625000      0.1875000      0.4809826    
   9.875000      0.1875000      0.5463496    
   10.00000      0.1875000       1.000000    
 
  0.0000000E+00  0.2125000      0.0000000E+00
  0.1250000      0.2125000      3.1807221E-04
  0.3750000      0.2125000      2.7861795E-03
  0.6250000      0.2125000      7.0374343E-03
  0.8750000      0.2125000      1.2803706E-02
   1.125000      0.2125000      1.9817868E-02
   1.375000      0.2125000      2.7862662E-02
   1.625000      0.2125000      3.6767960E-02
   1.875000      0.2125000      4.6398088E-02
   2.125000      0.2125000      5.6640454E-02
   2.375000      0.2125000      6.7397483E-02
   2.625000      0.2125000      7.8582026E-02
   2.875000      0.2125000      9.0115286E-02
   3.125000      0.2125000      0.1019264    
   3.375000      0.2125000      0.1139531    
   3.625000      0.2125000      0.1261416    
   3.875000      0.2125000      0.1384479    
   4.125000      0.2125000      0.1508368    
   4.375000      0.2125000      0.1632816    
   4.625000      0.2125000      0.1757625    
   4.875000      0.2125000      0.1882660    
   5.125000      0.2125000      0.2007828    
   5.375000      0.2125000      0.2133072    
   5.625000      0.2125000      0.2258354    
   5.875000      0.2125000      0.2383656    
   6.125000      0.2125000      0.2508967    
   6.375000      0.2125000      0.2634281    
   6.625000      0.2125000      0.2759594    
   6.875000      0.2125000      0.2884909    
   7.125000      0.2125000      0.3010222    
   7.375000      0.2125000      0.3135534    
   7.625000      0.2125000      0.3260846    
   7.875000      0.2125000      0.3386158    
   8.125000      0.2125000      0.3511469    
   8.375000      0.2125000      0.3636781    
   8.625000      0.2125000      0.3762093    
   8.875000      0.2125000      0.3887410    
   9.125000      0.2125000      0.4012807    
   9.375000      0.2125000      0.4139694    
   9.625000      0.2125000      0.4294158    
   9.875000      0.2125000      0.4959421    
   10.00000      0.2125000       1.000000    
 
  0.0000000E+00  0.2375000      0.0000000E+00
  0.1250000      0.2375000      1.8573678E-04
  0.3750000      0.2375000      1.8639249E-03
  0.6250000      0.2375000      4.9837697E-03
  0.8750000      0.2375000      9.4367098E-03
   1.125000      0.2375000      1.5053065E-02
   1.375000      0.2375000      2.1669719E-02
   1.625000      0.2375000      2.9145954E-02
   1.875000      0.2375000      3.7361853E-02
   2.125000      0.2375000      4.6212785E-02
   2.375000      0.2375000      5.5604458E-02
   2.625000      0.2375000      6.5450035E-02
   2.875000      0.2375000      7.5669102E-02
   3.125000      0.2375000      8.6188041E-02
   3.375000      0.2375000      9.6940994E-02
   3.625000      0.2375000      0.1078709    
   3.875000      0.2375000      0.1189300    
   4.125000      0.2375000      0.1300803    
   4.375000      0.2375000      0.1412922    
   4.625000      0.2375000      0.1525443    
   4.875000      0.2375000      0.1638213    
   5.125000      0.2375000      0.1751131    
   5.375000      0.2375000      0.1864132    
   5.625000      0.2375000      0.1977175    
   5.875000      0.2375000      0.2090238    
   6.125000      0.2375000      0.2203310    
   6.375000      0.2375000      0.2316386    
   6.625000      0.2375000      0.2429460    
   6.875000      0.2375000      0.2542534    
   7.125000      0.2375000      0.2655606    
   7.375000      0.2375000      0.2768679    
   7.625000      0.2375000      0.2881749    
   7.875000      0.2375000      0.2994820    
   8.125000      0.2375000      0.3107889    
   8.375000      0.2375000      0.3220961    
   8.625000      0.2375000      0.3334031    
   8.875000      0.2375000      0.3447107    
   9.125000      0.2375000      0.3560257    
   9.375000      0.2375000      0.3674832    
   9.625000      0.2375000      0.3816740    
   9.875000      0.2375000      0.4488753    
   10.00000      0.2375000       1.000000    
 
  0.0000000E+00  0.2625000      0.0000000E+00
  0.1250000      0.2625000      1.0760638E-04
  0.3750000      0.2625000      1.2311789E-03
  0.6250000      0.2625000      3.4818435E-03
  0.8750000      0.2625000      6.8648015E-03
   1.125000      0.2625000      1.1296314E-02
   1.375000      0.2625000      1.6668890E-02
   1.625000      0.2625000      2.2876009E-02
   1.875000      0.2625000      2.9818285E-02
   2.125000      0.2625000      3.7403025E-02
   2.375000      0.2625000      4.5542337E-02
   2.625000      0.2625000      5.4152131E-02
   2.875000      0.2625000      6.3152365E-02
   3.125000      0.2625000      7.2468258E-02
   3.375000      0.2625000      8.2031861E-02
   3.625000      0.2625000      9.1783635E-02
   3.875000      0.2625000      0.1016733    
   4.125000      0.2625000      0.1116605    
   4.375000      0.2625000      0.1217137    
   4.625000      0.2625000      0.1318099    
   4.875000      0.2625000      0.1419328    
   5.125000      0.2625000      0.1520713    
   5.375000      0.2625000      0.1622185    
   5.625000      0.2625000      0.1723700    
   5.875000      0.2625000      0.1825235    
   6.125000      0.2625000      0.1926778    
   6.375000      0.2625000      0.2028323    
   6.625000      0.2625000      0.2129865    
   6.875000      0.2625000      0.2231407    
   7.125000      0.2625000      0.2332948    
   7.375000      0.2625000      0.2434487    
   7.625000      0.2625000      0.2536024    
   7.875000      0.2625000      0.2637562    
   8.125000      0.2625000      0.2739099    
   8.375000      0.2625000      0.2840636    
   8.625000      0.2625000      0.2942173    
   8.875000      0.2625000      0.3043714    
   9.125000      0.2625000      0.3145325    
   9.375000      0.2625000      0.3248287    
   9.625000      0.2625000      0.3378161    
   9.875000      0.2625000      0.4053492    
   10.00000      0.2625000       1.000000    
 
  0.0000000E+00  0.2875000      0.0000000E+00
  0.1250000      0.2875000      6.2056839E-05
  0.3750000      0.2875000      8.0469309E-04
  0.6250000      0.2875000      2.4043906E-03
  0.8750000      0.2875000      4.9376423E-03
   1.125000      0.2875000      8.3890269E-03
   1.375000      0.2875000      1.2702267E-02
   1.625000      0.2875000      1.7805904E-02
   1.875000      0.2875000      2.3623452E-02
   2.125000      0.2875000      3.0076640E-02
   2.375000      0.2875000      3.7086159E-02
   2.625000      0.2875000      4.4572566E-02
   2.875000      0.2875000      5.2457839E-02
   3.125000      0.2875000      6.0667440E-02
   3.375000      0.2875000      6.9132663E-02
   3.625000      0.2875000      7.7792637E-02
   3.875000      0.2875000      8.6595610E-02
   4.125000      0.2875000      9.5499679E-02
   4.375000      0.2875000      0.1044723    
   4.625000      0.2875000      0.1134892    
   4.875000      0.2875000      0.1225334    
   5.125000      0.2875000      0.1315933    
   5.375000      0.2875000      0.1406619    
   5.625000      0.2875000      0.1497347    
   5.875000      0.2875000      0.1588091    
   6.125000      0.2875000      0.1678842    
   6.375000      0.2875000      0.1769591    
   6.625000      0.2875000      0.1860339    
   6.875000      0.2875000      0.1951083    
   7.125000      0.2875000      0.2041826    
   7.375000      0.2875000      0.2132566    
   7.625000      0.2875000      0.2223305    
   7.875000      0.2875000      0.2314044    
   8.125000      0.2875000      0.2404782    
   8.375000      0.2875000      0.2495520    
   8.625000      0.2875000      0.2586259    
   8.875000      0.2875000      0.2677000    
   9.125000      0.2875000      0.2767805    
   9.375000      0.2875000      0.2859891    
   9.625000      0.2875000      0.2978384    
   9.875000      0.2875000      0.3654730    
   10.00000      0.2875000       1.000000    
 
  0.0000000E+00  0.3125000      0.0000000E+00
  0.1250000      0.3125000      3.5746525E-05
  0.3750000      0.3125000      5.2177481E-04
  0.6250000      0.3125000      1.6453700E-03
  0.8750000      0.3125000      3.5205351E-03
   1.125000      0.3125000      6.1810720E-03
   1.375000      0.3125000      9.6137654E-03
   1.625000      0.3125000      1.3779706E-02
   1.875000      0.3125000      1.8625267E-02
   2.125000      0.3125000      2.4087388E-02
   2.375000      0.3125000      3.0096432E-02
   2.625000      0.3125000      3.6578737E-02
   2.875000      0.3125000      4.3459427E-02
   3.125000      0.3125000      5.0665420E-02
   3.375000      0.3125000      5.8128458E-02
   3.625000      0.3125000      6.5787442E-02
   3.875000      0.3125000      7.3590271E-02
   4.125000      0.3125000      8.1494480E-02
   4.375000      0.3125000      8.9467093E-02
   4.625000      0.3125000      9.7483523E-02
   4.875000      0.3125000      0.1055266    
   5.125000      0.3125000      0.1135849    
   5.375000      0.3125000      0.1216510    
   5.625000      0.3125000      0.1297207    
   5.875000      0.3125000      0.1377915    
   6.125000      0.3125000      0.1458627    
   6.375000      0.3125000      0.1539333    
   6.625000      0.3125000      0.1620036    
   6.875000      0.3125000      0.1700734    
   7.125000      0.3125000      0.1781430    
   7.375000      0.3125000      0.1862124    
   7.625000      0.3125000      0.1942814    
   7.875000      0.3125000      0.2023506    
   8.125000      0.3125000      0.2104196    
   8.375000      0.3125000      0.2184885    
   8.625000      0.3125000      0.2265576    
   8.875000      0.3125000      0.2346269    
   9.125000      0.3125000      0.2427020    
   9.375000      0.3125000      0.2508985    
   9.625000      0.3125000      0.2616845    
   9.875000      0.3125000      0.3292800    
   10.00000      0.3125000       1.000000    
 
  0.0000000E+00  0.3375000      0.0000000E+00
  0.1250000      0.3375000      2.0651249E-05
  0.3750000      0.3375000      3.3691604E-04
  0.6250000      0.3375000      1.1203178E-03
  0.8750000      0.3375000      2.4987760E-03
   1.125000      0.3375000      4.5380136E-03
   1.375000      0.3375000      7.2580320E-03
   1.625000      0.3375000      1.0647584E-02
   1.875000      0.3375000      1.4673689E-02
   2.125000      0.3375000      1.9287637E-02
   2.375000      0.3375000      2.4429319E-02
   2.625000      0.3375000      3.0031145E-02
   2.875000      0.3375000      3.6021985E-02
   3.125000      0.3375000      4.2331088E-02
   3.375000      0.3375000      4.8891578E-02
   3.625000      0.3375000      5.5643357E-02
   3.875000      0.3375000      6.2534973E-02
   4.125000      0.3375000      6.9524482E-02
   4.375000      0.3375000      7.6579332E-02
   4.625000      0.3375000      8.3675489E-02
   4.875000      0.3375000      9.0796165E-02
   5.125000      0.3375000      9.7930171E-02
   5.375000      0.3375000      0.1050707    
   5.625000      0.3375000      0.1122137    
   5.875000      0.3375000      0.1193572    
   6.125000      0.3375000      0.1265003    
   6.375000      0.3375000      0.1336425    
   6.625000      0.3375000      0.1407841    
   6.875000      0.3375000      0.1479251    
   7.125000      0.3375000      0.1550657    
   7.375000      0.3375000      0.1622059    
   7.625000      0.3375000      0.1693460    
   7.875000      0.3375000      0.1764859    
   8.125000      0.3375000      0.1836258    
   8.375000      0.3375000      0.1907657    
   8.625000      0.3375000      0.1979056    
   8.875000      0.3375000      0.2050458    
   9.125000      0.3375000      0.2121913    
   9.375000      0.3375000      0.2194521    
   9.625000      0.3375000      0.2292558    
   9.875000      0.3375000      0.2967409    
   10.00000      0.3375000       1.000000    
 
  0.0000000E+00  0.3625000      0.0000000E+00
  0.1250000      0.3625000      1.2041889E-05
  0.3750000      0.3625000      2.1811678E-04
  0.6250000      0.3625000      7.6457439E-04
  0.8750000      0.3625000      1.7789914E-03
   1.125000      0.3625000      3.3452238E-03
   1.375000      0.3625000      5.5066133E-03
   1.625000      0.3625000      8.2732560E-03
   1.875000      0.3625000      1.1628920E-02
   2.125000      0.3625000      1.5536896E-02
   2.375000      0.3625000      1.9945277E-02
   2.625000      0.3625000      2.4791984E-02
   2.875000      0.3625000      3.0009707E-02
   3.125000      0.3625000      3.5530474E-02
   3.375000      0.3625000      4.1289706E-02
   3.625000      0.3625000      4.7229245E-02
   3.875000      0.3625000      5.3299420E-02
   4.125000      0.3625000      5.9459887E-02
   4.375000      0.3625000      6.5679513E-02
   4.625000      0.3625000      7.1935557E-02
   4.875000      0.3625000      7.8212298E-02
   5.125000      0.3625000      8.4499493E-02
   5.375000      0.3625000      9.0791024E-02
   5.625000      0.3625000      9.7083509E-02
   5.875000      0.3625000      0.1033753    
   6.125000      0.3625000      0.1096659    
   6.375000      0.3625000      0.1159553    
   6.625000      0.3625000      0.1222436    
   6.875000      0.3625000      0.1285311    
   7.125000      0.3625000      0.1348181    
   7.375000      0.3625000      0.1411046    
   7.625000      0.3625000      0.1473909    
   7.875000      0.3625000      0.1536771    
   8.125000      0.3625000      0.1599632    
   8.375000      0.3625000      0.1662492    
   8.625000      0.3625000      0.1725353    
   8.875000      0.3625000      0.1788217    
   9.125000      0.3625000      0.1851129    
   9.375000      0.3625000      0.1915147    
   9.625000      0.3625000      0.2004201    
   9.875000      0.3625000      0.2677783    
   10.00000      0.3625000       1.000000    
 
  0.0000000E+00  0.3875000      0.0000000E+00
  0.1250000      0.3875000      7.1788595E-06
  0.3750000      0.3875000      1.4355520E-04
  0.6250000      0.3875000      5.3054554E-04
  0.8750000      0.3875000      1.2885435E-03
   1.125000      0.3875000      2.5097111E-03
   1.375000      0.3875000      4.2518317E-03
   1.625000      0.3875000      6.5393983E-03
   1.875000      0.3875000      9.3678143E-03
   2.125000      0.3875000      1.2708812E-02
   2.375000      0.3875000      1.6516352E-02
   2.625000      0.3875000      2.0732569E-02
   2.875000      0.3875000      2.5293512E-02
   3.125000      0.3875000      3.0134222E-02
   3.375000      0.3875000      3.5193034E-02
   3.625000      0.3875000      4.0414739E-02
   3.875000      0.3875000      4.5752514E-02
   4.125000      0.3875000      5.1168665E-02
   4.375000      0.3875000      5.6634545E-02
   4.625000      0.3875000      6.2129531E-02
   4.875000      0.3875000      6.7639649E-02
   5.125000      0.3875000      7.3156178E-02
   5.375000      0.3875000      7.8674063E-02
   5.625000      0.3875000      8.4190838E-02
   5.875000      0.3875000      8.9705527E-02
   6.125000      0.3875000      9.5218062E-02
   6.375000      0.3875000      0.1007287    
   6.625000      0.3875000      0.1062379    
   6.875000      0.3875000      0.1117461    
   7.125000      0.3875000      0.1172535    
   7.375000      0.3875000      0.1227604    
   7.625000      0.3875000      0.1282671    
   7.875000      0.3875000      0.1337736    
   8.125000      0.3875000      0.1392800    
   8.375000      0.3875000      0.1447864    
   8.625000      0.3875000      0.1502927    
   8.875000      0.3875000      0.1557993    
   9.125000      0.3875000      0.1613106    
   9.375000      0.3875000      0.1669286    
   9.625000      0.3875000      0.1750211    
   9.875000      0.3875000      0.2422792    
   10.00000      0.3875000       1.000000    
 
  0.0000000E+00  0.4125000      0.0000000E+00
  0.1250000      0.4125000      4.5041343E-06
  0.3750000      0.4125000      9.8879405E-05
  0.6250000      0.4125000      3.8479571E-04
  0.8750000      0.4125000      9.7389729E-04
   1.125000      0.4125000      1.9603719E-03
   1.375000      0.4125000      3.4088716E-03
   1.625000      0.4125000      5.3511956E-03
   1.875000      0.4125000      7.7884980E-03
   2.125000      0.4125000      1.0696482E-02
   2.375000      0.4125000      1.4031884E-02
   2.625000      0.4125000      1.7739212E-02
   2.875000      0.4125000      2.1757057E-02
   3.125000      0.4125000      2.6023481E-02
   3.375000      0.4125000      3.0480316E-02
   3.625000      0.4125000      3.5076194E-02
   3.875000      0.4125000      3.9768219E-02
   4.125000      0.4125000      4.4522498E-02
   4.375000      0.4125000      4.9313806E-02
   4.625000      0.4125000      5.4124516E-02
   4.875000      0.4125000      5.8943160E-02
   5.125000      0.4125000      6.3762955E-02
   5.375000      0.4125000      6.8580456E-02
   5.625000      0.4125000      7.3394269E-02
   5.875000      0.4125000      7.8204297E-02
   6.125000      0.4125000      8.3011054E-02
   6.375000      0.4125000      8.7815173E-02
   6.625000      0.4125000      9.2617370E-02
   6.875000      0.4125000      9.7418293E-02
   7.125000      0.4125000      0.1022183    
   7.375000      0.4125000      0.1070177    
   7.625000      0.4125000      0.1118169    
   7.875000      0.4125000      0.1166157    
   8.125000      0.4125000      0.1214145    
   8.375000      0.4125000      0.1262133    
   8.625000      0.4125000      0.1310120    
   8.875000      0.4125000      0.1358110    
   9.125000      0.4125000      0.1406144    
   9.375000      0.4125000      0.1455219    
   9.625000      0.4125000      0.1528867    
   9.875000      0.4125000      0.2201069    
   10.00000      0.4125000       1.000000    
 
  0.0000000E+00  0.4375000      0.0000000E+00
  0.1250000      0.4375000      3.1598615E-06
  0.3750000      0.4375000      7.5191165E-05
  0.6250000      0.4375000      3.0548661E-04
  0.8750000      0.4375000      7.9871924E-04
   1.125000      0.4375000      1.6474199E-03
   1.375000      0.4375000      2.9166630E-03
   1.625000      0.4375000      4.6384963E-03
   1.875000      0.4375000      6.8134703E-03
   2.125000      0.4375000      9.4162086E-03
   2.375000      0.4375000      1.2402684E-02
   2.625000      0.4375000      1.5717641E-02
   2.875000      0.4375000      1.9301254E-02
   3.125000      0.4375000      2.3094557E-02
   3.375000      0.4375000      2.7043460E-02
   3.625000      0.4375000      3.1101359E-02
   3.875000      0.4375000      3.5230383E-02
   4.125000      0.4375000      3.9401509E-02
   4.375000      0.4375000      4.3593939E-02
   4.625000      0.4375000      4.7793876E-02
   4.875000      0.4375000      5.1993027E-02
   5.125000      0.4375000      5.6187071E-02
   5.375000      0.4375000      6.0374472E-02
   5.625000      0.4375000      6.4555243E-02
   5.875000      0.4375000      6.8730287E-02
   6.125000      0.4375000      7.2900787E-02
   6.375000      0.4375000      7.7067874E-02
   6.625000      0.4375000      8.1232540E-02
   6.875000      0.4375000      8.5395634E-02
   7.125000      0.4375000      8.9557648E-02
   7.375000      0.4375000      9.3718953E-02
   7.625000      0.4375000      9.7879969E-02
   7.875000      0.4375000      0.1020407    
   8.125000      0.4375000      0.1062012    
   8.375000      0.4375000      0.1103618    
   8.625000      0.4375000      0.1145223    
   8.875000      0.4375000      0.1186830    
   9.125000      0.4375000      0.1228481    
   9.375000      0.4375000      0.1271159    
   9.625000      0.4375000      0.1338373    
   9.875000      0.4375000      0.2011114    
   10.00000      0.4375000       1.000000    
 
  0.0000000E+00  0.4625000      0.0000000E+00
  0.1250000      0.4625000      2.7151273E-06
  0.3750000      0.4625000      6.7690336E-05
  0.6250000      0.4625000      2.8046870E-04
  0.8750000      0.4625000      7.4226159E-04
   1.125000      0.4625000      1.5416270E-03
   1.375000      0.4625000      2.7381491E-03
   1.625000      0.4625000      4.3570069E-03
   1.875000      0.4625000      6.3914978E-03
   2.125000      0.4625000      8.8098859E-03
   2.375000      0.4625000      1.1563732E-02
   2.625000      0.4625000      1.4595897E-02
   2.875000      0.4625000      1.7847322E-02
   3.125000      0.4625000      2.1262078E-02
   3.375000      0.4625000      2.4790842E-02
   3.625000      0.4625000      2.8392801E-02
   3.875000      0.4625000      3.2036193E-02
   4.125000      0.4625000      3.5697941E-02
   4.375000      0.4625000      3.9362643E-02
   4.625000      0.4625000      4.3021105E-02
   4.875000      0.4625000      4.6668768E-02
   5.125000      0.4625000      5.0304312E-02
   5.375000      0.4625000      5.3928353E-02
   5.625000      0.4625000      5.7542533E-02
   5.875000      0.4625000      6.1148886E-02
   6.125000      0.4625000      6.4749338E-02
   6.375000      0.4625000      6.8345547E-02
   6.625000      0.4625000      7.1938850E-02
   6.875000      0.4625000      7.5530268E-02
   7.125000      0.4625000      7.9120427E-02
   7.375000      0.4625000      8.2709841E-02
   7.625000      0.4625000      8.6298838E-02
   7.875000      0.4625000      8.9887530E-02
   8.125000      0.4625000      9.3476079E-02
   8.375000      0.4625000      9.7064570E-02
   8.625000      0.4625000      0.1006530    
   8.875000      0.4625000      0.1042417    
   9.125000      0.4625000      0.1078348    
   9.375000      0.4625000      0.1115306    
   9.625000      0.4625000      0.1176910    
   9.875000      0.4625000      0.1851380    
   10.00000      0.4625000       1.000000    
 
  0.0000000E+00  0.4875000      0.0000000E+00
  0.1250000      0.4875000      3.0268773E-06
  0.3750000      0.4875000      7.4925345E-05
  0.6250000      0.4875000      3.0619587E-04
  0.8750000      0.4875000      7.9843221E-04
   1.125000      0.4875000      1.6338795E-03
   1.375000      0.4875000      2.8604108E-03
   1.625000      0.4875000      4.4888947E-03
   1.875000      0.4875000      6.4985980E-03
   2.125000      0.4875000      8.8462420E-03
   2.375000      0.4875000      1.1475608E-02
   2.625000      0.4875000      1.4325963E-02
   2.875000      0.4875000      1.7338542E-02
   3.125000      0.4875000      2.0460911E-02
   3.375000      0.4875000      2.3649419E-02
   3.625000      0.4875000      2.6870154E-02
   3.875000      0.4875000      3.0098643E-02
   4.125000      0.4875000      3.3318792E-02
   4.375000      0.4875000      3.6521476E-02
   4.625000      0.4875000      3.9702781E-02
   4.875000      0.4875000      4.2862408E-02
   5.125000      0.4875000      4.6002343E-02
   5.375000      0.4875000      4.9125645E-02
   5.625000      0.4875000      5.2235726E-02
   5.875000      0.4875000      5.5335812E-02
   6.125000      0.4875000      5.8428649E-02
   6.375000      0.4875000      6.1516427E-02
   6.625000      0.4875000      6.4600803E-02
   6.875000      0.4875000      6.7682981E-02
   7.125000      0.4875000      7.0763797E-02
   7.375000      0.4875000      7.3843762E-02
   7.625000      0.4875000      7.6923229E-02
   7.875000      0.4875000      8.0002405E-02
   8.125000      0.4875000      8.3081387E-02
   8.375000      0.4875000      8.6160325E-02
   8.625000      0.4875000      8.9239217E-02
   8.875000      0.4875000      9.2318334E-02
   9.125000      0.4875000      9.5402092E-02
   9.375000      0.4875000      9.8589972E-02
   9.625000      0.4875000      0.1042703    
   9.875000      0.4875000      0.1720345    
   10.00000      0.4875000       1.000000    
 
  0.0000000E+00  0.5125000      0.0000000E+00
  0.1250000      0.5125000      4.1955836E-06
  0.3750000      0.5125000      9.8617937E-05
  0.6250000      0.5125000      3.8757044E-04
  0.8750000      0.5125000      9.7579998E-04
   1.125000      0.5125000      1.9353582E-03
   1.375000      0.5125000      3.2949431E-03
   1.625000      0.5125000      5.0430815E-03
   1.875000      0.5125000      7.1382816E-03
   2.125000      0.5125000      9.5210299E-03
   2.375000      0.5125000      1.2124700E-02
   2.625000      0.5125000      1.4884009E-02
   2.875000      0.5125000      1.7740717E-02
   3.125000      0.5125000      2.0646794E-02
   3.375000      0.5125000      2.3565527E-02
   3.625000      0.5125000      2.6471214E-02
   3.875000      0.5125000      2.9347865E-02
   4.125000      0.5125000      3.2187358E-02
   4.375000      0.5125000      3.4987606E-02
   4.625000      0.5125000      3.7750520E-02
   4.875000      0.5125000      4.0480483E-02
   5.125000      0.5125000      4.3182995E-02
   5.375000      0.5125000      4.5863714E-02
   5.625000      0.5125000      4.8527867E-02
   5.875000      0.5125000      5.1179893E-02
   6.125000      0.5125000      5.3823408E-02
   6.375000      0.5125000      5.6461092E-02
   6.625000      0.5125000      5.9094936E-02
   6.875000      0.5125000      6.1726321E-02
   7.125000      0.5125000      6.4356200E-02
   7.375000      0.5125000      6.6985160E-02
   7.625000      0.5125000      6.9613598E-02
   7.875000      0.5125000      7.2241716E-02
   8.125000      0.5125000      7.4869633E-02
   8.375000      0.5125000      7.7497490E-02
   8.625000      0.5125000      8.0125310E-02
   8.875000      0.5125000      8.2753383E-02
   9.125000      0.5125000      8.5386351E-02
   9.375000      0.5125000      8.8126704E-02
   9.625000      0.5125000      9.3406633E-02
   9.875000      0.5125000      0.1616581    
   10.00000      0.5125000       1.000000    
 
  0.0000000E+00  0.5375000      0.0000000E+00
  0.1250000      0.5375000      6.6047442E-06
  0.3750000      0.5375000      1.4408291E-04
  0.6250000      0.5375000      5.3881580E-04
  0.8750000      0.5375000      1.2986881E-03
   1.125000      0.5375000      2.4785006E-03
   1.375000      0.5375000      4.0782164E-03
   1.625000      0.5375000      6.0552917E-03
   1.875000      0.5375000      8.3411252E-03
   2.125000      0.5375000      1.0856283E-02
   2.375000      0.5375000      1.3522287E-02
   2.625000      0.5375000      1.6269494E-02
   2.875000      0.5375000      1.9041335E-02
   3.125000      0.5375000      2.1795766E-02
   3.375000      0.5375000      2.4504663E-02
   3.625000      0.5375000      2.7152002E-02
   3.875000      0.5375000      2.9731486E-02
   4.125000      0.5375000      3.2243855E-02
   4.375000      0.5375000      3.4694668E-02
   4.625000      0.5375000      3.7092097E-02
   4.875000      0.5375000      3.9445374E-02
   5.125000      0.5375000      4.1763648E-02
   5.375000      0.5375000      4.4055179E-02
   5.625000      0.5375000      4.6327025E-02
   5.875000      0.5375000      4.8584823E-02
   6.125000      0.5375000      5.0832953E-02
   6.375000      0.5375000      5.3074580E-02
   6.625000      0.5375000      5.5312011E-02
   6.875000      0.5375000      5.7546761E-02
   7.125000      0.5375000      5.9779901E-02
   7.375000      0.5375000      6.2012076E-02
   7.625000      0.5375000      6.4243697E-02
   7.875000      0.5375000      6.6474974E-02
   8.125000      0.5375000      6.8706080E-02
   8.375000      0.5375000      7.0937090E-02
   8.625000      0.5375000      7.3168077E-02
   8.875000      0.5375000      7.5399362E-02
   9.125000      0.5375000      7.7635981E-02
   9.375000      0.5375000      7.9985350E-02
   9.625000      0.5375000      8.4943637E-02
   9.875000      0.5375000      0.1538809    
   10.00000      0.5375000       1.000000    
 
  0.0000000E+00  0.5625000      0.0000000E+00
  0.1250000      0.5625000      1.1061389E-05
  0.3750000      0.5625000      2.2133569E-04
  0.6250000      0.5625000      7.8548730E-04
  0.8750000      0.5625000      1.8094102E-03
   1.125000      0.5625000      3.3187342E-03
   1.375000      0.5625000      5.2724695E-03
   1.625000      0.5625000      7.5878147E-03
   1.875000      0.5625000      1.0163678E-02
   2.125000      0.5625000      1.2898624E-02
   2.375000      0.5625000      1.5702587E-02
   2.625000      0.5625000      1.8503193E-02
   2.875000      0.5625000      2.1247810E-02
   3.125000      0.5625000      2.3902684E-02
   3.375000      0.5625000      2.6450299E-02
   3.625000      0.5625000      2.8885946E-02
   3.875000      0.5625000      3.1214125E-02
   4.125000      0.5625000      3.3445232E-02
   4.375000      0.5625000      3.5592876E-02
   4.625000      0.5625000      3.7671696E-02
   4.875000      0.5625000      3.9695788E-02
   5.125000      0.5625000      4.1677933E-02
   5.375000      0.5625000      4.3628886E-02
   5.625000      0.5625000      4.5557391E-02
   5.875000      0.5625000      4.7470231E-02
   6.125000      0.5625000      4.9372438E-02
   6.375000      0.5625000      5.1267661E-02
   6.625000      0.5625000      5.3158380E-02
   6.875000      0.5625000      5.5046298E-02
   7.125000      0.5625000      5.6932531E-02
   7.375000      0.5625000      5.8817759E-02
   7.625000      0.5625000      6.0702421E-02
   7.875000      0.5625000      6.2586732E-02
   8.125000      0.5625000      6.4470902E-02
   8.375000      0.5625000      6.6354953E-02
   8.625000      0.5625000      6.8238989E-02
   8.875000      0.5625000      7.0123367E-02
   9.125000      0.5625000      7.2013810E-02
   9.375000      0.5625000      7.4024916E-02
   9.625000      0.5625000      7.8740932E-02
   9.875000      0.5625000      0.1485945    
   10.00000      0.5625000       1.000000    
 
  0.0000000E+00  0.5875000      0.0000000E+00
  0.1250000      0.5875000      1.9090377E-05
  0.3750000      0.5875000      3.4706492E-04
  0.6250000      0.5875000      1.1677421E-03
  0.8750000      0.5875000      2.5715942E-03
   1.125000      0.5875000      4.5367572E-03
   1.375000      0.5875000      6.9664461E-03
   1.625000      0.5875000      9.7287325E-03
   1.875000      0.5875000      1.2686528E-02
   2.125000      0.5875000      1.5716624E-02
   2.375000      0.5875000      1.8719794E-02
   2.625000      0.5875000      2.1624286E-02
   2.875000      0.5875000      2.4384804E-02
   3.125000      0.5875000      2.6978910E-02
   3.375000      0.5875000      2.9402025E-02
   3.625000      0.5875000      3.1662386E-02
   3.875000      0.5875000      3.3776339E-02
   4.125000      0.5875000      3.5764448E-02
   4.375000      0.5875000      3.7648566E-02
   4.625000      0.5875000      3.9449722E-02
   4.875000      0.5875000      4.1186772E-02
   5.125000      0.5875000      4.2875852E-02
   5.375000      0.5875000      4.4530042E-02
   5.625000      0.5875000      4.6159599E-02
   5.875000      0.5875000      4.7772218E-02
   6.125000      0.5875000      4.9373548E-02
   6.375000      0.5875000      5.0967544E-02
   6.625000      0.5875000      5.2556887E-02
   6.875000      0.5875000      5.4143362E-02
   7.125000      0.5875000      5.5728111E-02
   7.375000      0.5875000      5.7311870E-02
   7.625000      0.5875000      5.8895051E-02
   7.875000      0.5875000      6.0477890E-02
   8.125000      0.5875000      6.2060580E-02
   8.375000      0.5875000      6.3643165E-02
   8.625000      0.5875000      6.5225735E-02
   8.875000      0.5875000      6.6808730E-02
   9.125000      0.5875000      6.8398818E-02
   9.375000      0.5875000      7.0120834E-02
   9.625000      0.5875000      7.4676014E-02
   9.875000      0.5875000      0.1457148    
   10.00000      0.5875000       1.000000    
 
  0.0000000E+00  0.6125000      0.0000000E+00
  0.1250000      0.6125000      3.3488770E-05
  0.3750000      0.6125000      5.4773985E-04
  0.6250000      0.6125000      1.7449583E-03
  0.8750000      0.6125000      3.6743651E-03
   1.125000      0.6125000      6.2409351E-03
   1.375000      0.6125000      9.2756050E-03
   1.625000      0.6125000      1.2590238E-02
   1.875000      0.6125000      1.6011281E-02
   2.125000      0.6125000      1.9397082E-02
   2.375000      0.6125000      2.2644177E-02
   2.625000      0.6125000      2.5686562E-02
   2.875000      0.6125000      2.8490832E-02
   3.125000      0.6125000      3.1049378E-02
   3.375000      0.6125000      3.3373058E-02
   3.625000      0.6125000      3.5484608E-02
   3.875000      0.6125000      3.7412994E-02
   4.125000      0.6125000      3.9189156E-02
   4.375000      0.6125000      4.0843107E-02
   4.625000      0.6125000      4.2401951E-02
   4.875000      0.6125000      4.3888967E-02
   5.125000      0.6125000      4.5323260E-02
   5.375000      0.6125000      4.6719905E-02
   5.625000      0.6125000      4.8090357E-02
   5.875000      0.6125000      4.9443133E-02
   6.125000      0.6125000      5.0784227E-02
   6.375000      0.6125000      5.2117847E-02
   6.625000      0.6125000      5.3446773E-02
   6.875000      0.6125000      5.4772858E-02
   7.125000      0.6125000      5.6097239E-02
   7.375000      0.6125000      5.7420634E-02
   7.625000      0.6125000      5.8743469E-02
   7.875000      0.6125000      6.0065966E-02
   8.125000      0.6125000      6.1388344E-02
   8.375000      0.6125000      6.2710591E-02
   8.625000      0.6125000      6.4032882E-02
   8.875000      0.6125000      6.5355703E-02
   9.125000      0.6125000      6.6687040E-02
   9.375000      0.6125000      6.8165883E-02
   9.625000      0.6125000      7.2646163E-02
   9.875000      0.6125000      0.1451853    
   10.00000      0.6125000       1.000000    
 
  0.0000000E+00  0.6375000      0.0000000E+00
  0.1250000      0.6375000      5.9333150E-05
  0.3750000      0.6375000      8.6420740E-04
  0.6250000      0.6375000      2.6017013E-03
  0.8750000      0.6375000      5.2369400E-03
   1.125000      0.6375000      8.5691465E-03
   1.375000      0.6375000      1.2341201E-02
   1.625000      0.6375000      1.6305607E-02
   1.875000      0.6375000      2.0256329E-02
   2.125000      0.6375000      2.4040291E-02
   2.375000      0.6375000      2.7557384E-02
   2.625000      0.6375000      3.0754158E-02
   2.875000      0.6375000      3.3614479E-02
   3.125000      0.6375000      3.6149397E-02
   3.375000      0.6375000      3.8387645E-02
   3.625000      0.6375000      4.0367637E-02
   3.875000      0.6375000      4.2131405E-02
   4.125000      0.6375000      4.3720171E-02
   4.375000      0.6375000      4.5171622E-02
   4.625000      0.6375000      4.6518441E-02
   4.875000      0.6375000      4.7787700E-02
   5.125000      0.6375000      4.9000993E-02
   5.375000      0.6375000      5.0174940E-02
   5.625000      0.6375000      5.1321924E-02
   5.875000      0.6375000      5.2450947E-02
   6.125000      0.6375000      5.3568259E-02
   6.375000      0.6375000      5.4678157E-02
   6.625000      0.6375000      5.5783443E-02
   6.875000      0.6375000      5.6885969E-02
   7.125000      0.6375000      5.7986856E-02
   7.375000      0.6375000      5.9086800E-02
   7.625000      0.6375000      6.0186211E-02
   7.875000      0.6375000      6.1285317E-02
   8.125000      0.6375000      6.2384311E-02
   8.375000      0.6375000      6.3483186E-02
   8.625000      0.6375000      6.4582087E-02
   8.875000      0.6375000      6.5681741E-02
   9.125000      0.6375000      6.6791944E-02
   9.375000      0.6375000      6.8070844E-02
   9.625000      0.6375000      7.2569452E-02
   9.875000      0.6375000      0.1469819    
   10.00000      0.6375000       1.000000    
 
  0.0000000E+00  0.6625000      0.0000000E+00
  0.1250000      0.6625000      1.0577199E-04
  0.3750000      0.6625000      1.3581726E-03
  0.6250000      0.6625000      3.8547814E-03
  0.8750000      0.6625000      7.4128136E-03
   1.125000      0.6625000      1.1689129E-02
   1.375000      0.6625000      1.6327426E-02
   1.625000      0.6625000      2.1024372E-02
   1.875000      0.6625000      2.5551118E-02
   2.125000      0.6625000      2.9754227E-02
   2.375000      0.6625000      3.3547036E-02
   2.625000      0.6625000      3.6896739E-02
   2.875000      0.6625000      3.9810318E-02
   3.125000      0.6625000      4.2321216E-02
   3.375000      0.6625000      4.4478051E-02
   3.625000      0.6625000      4.6335746E-02
   3.875000      0.6625000      4.7949277E-02
   4.125000      0.6625000      4.9369600E-02
   4.375000      0.6625000      5.0641339E-02
   4.625000      0.6625000      5.1801939E-02
   4.875000      0.6625000      5.2881490E-02
   5.125000      0.6625000      5.3903475E-02
   5.375000      0.6625000      5.4885577E-02
   5.625000      0.6625000      5.5840708E-02
   5.875000      0.6625000      5.6778099E-02
   6.125000      0.6625000      5.7704076E-02
   6.375000      0.6625000      5.8622856E-02
   6.625000      0.6625000      5.9537280E-02
   6.875000      0.6625000      6.0449053E-02
   7.125000      0.6625000      6.1359309E-02
   7.375000      0.6625000      6.2268682E-02
   7.625000      0.6625000      6.3177563E-02
   7.875000      0.6625000      6.4086154E-02
   8.125000      0.6625000      6.4994678E-02
   8.375000      0.6625000      6.5903075E-02
   8.625000      0.6625000      6.6811532E-02
   8.875000      0.6625000      6.7721002E-02
   9.125000      0.6625000      6.8643808E-02
   9.375000      0.6625000      6.9763966E-02
   9.625000      0.6625000      7.4385248E-02
   9.875000      0.6625000      0.1511149    
   10.00000      0.6625000       1.000000    
 
  0.0000000E+00  0.6875000      0.0000000E+00
  0.1250000      0.6875000      1.8915340E-04
  0.3750000      0.6875000      2.1209125E-03
  0.6250000      0.6875000      5.6607770E-03
  0.8750000      0.6875000      1.0392410E-02
   1.125000      0.6875000      1.5796307E-02
   1.375000      0.6875000      2.1416096E-02
   1.625000      0.6875000      2.6905525E-02
   1.875000      0.6875000      3.2029141E-02
   2.125000      0.6875000      3.6648080E-02
   2.375000      0.6875000      4.0701147E-02
   2.625000      0.6875000      4.4184908E-02
   2.875000      0.6875000      4.7135141E-02
   3.125000      0.6875000      4.9610935E-02
   3.375000      0.6875000      5.1682144E-02
   3.625000      0.6875000      5.3420328E-02
   3.875000      0.6875000      5.4892756E-02
   4.125000      0.6875000      5.6159146E-02
   4.375000      0.6875000      5.7269968E-02
   4.625000      0.6875000      5.8266353E-02
   4.875000      0.6875000      5.9180606E-02
   5.125000      0.6875000      6.0037352E-02
   5.375000      0.6875000      6.0854815E-02
   5.625000      0.6875000      6.1646033E-02
   5.875000      0.6875000      6.2420193E-02
   6.125000      0.6875000      6.3183524E-02
   6.375000      0.6875000      6.3940100E-02
   6.625000      0.6875000      6.4692602E-02
   6.875000      0.6875000      6.5442652E-02
   7.125000      0.6875000      6.6191323E-02
   7.375000      0.6875000      6.6939220E-02
   7.625000      0.6875000      6.7686655E-02
   7.875000      0.6875000      6.8433844E-02
   8.125000      0.6875000      6.9180951E-02
   8.375000      0.6875000      6.9927976E-02
   8.625000      0.6875000      7.0675105E-02
   8.875000      0.6875000      7.1423598E-02
   9.125000      0.6875000      7.2189264E-02
   9.375000      0.6875000      7.3190674E-02
   9.625000      0.6875000      7.8054488E-02
   9.875000      0.6875000      0.1576326    
   10.00000      0.6875000       1.000000    
 
  0.0000000E+00  0.7125000      0.0000000E+00
  0.1250000      0.7125000      3.3835546E-04
  0.3750000      0.7125000      3.2842965E-03
  0.6250000      0.7125000      8.2227224E-03
  0.8750000      0.7125000      1.4402547E-02
   1.125000      0.7125000      2.1107895E-02
   1.375000      0.7125000      2.7798163E-02
   1.625000      0.7125000      3.4108613E-02
   1.875000      0.7125000      3.9819796E-02
   2.125000      0.7125000      4.4825371E-02
   2.375000      0.7125000      4.9102493E-02
   2.625000      0.7125000      5.2685641E-02
   2.875000      0.7125000      5.5644367E-02
   3.125000      0.7125000      5.8065586E-02
   3.375000      0.7125000      6.0040854E-02
   3.625000      0.7125000      6.1657675E-02
   3.875000      0.7125000      6.2994435E-02
   4.125000      0.7125000      6.4118169E-02
   4.375000      0.7125000      6.5083772E-02
   4.625000      0.7125000      6.5934971E-02
   4.875000      0.7125000      6.6705242E-02
   5.125000      0.7125000      6.7419648E-02
   5.375000      0.7125000      6.8096392E-02
   5.625000      0.7125000      6.8748303E-02
   5.875000      0.7125000      6.9384247E-02
   6.125000      0.7125000      7.0010133E-02
   6.375000      0.7125000      7.0629887E-02
   6.625000      0.7125000      7.1245924E-02
   6.875000      0.7125000      7.1859784E-02
   7.125000      0.7125000      7.2472379E-02
   7.375000      0.7125000      7.3084325E-02
   7.625000      0.7125000      7.3695846E-02
   7.875000      0.7125000      7.4307173E-02
   8.125000      0.7125000      7.4918419E-02
   8.375000      0.7125000      7.5529613E-02
   8.625000      0.7125000      7.6140948E-02
   8.875000      0.7125000      7.6754175E-02
   9.125000      0.7125000      7.7389814E-02
   9.375000      0.7125000      7.8312188E-02
   9.625000      0.7125000      8.3558880E-02
   9.875000      0.7125000      0.1666223    
   10.00000      0.7125000       1.000000    
 
  0.0000000E+00  0.7375000      0.0000000E+00
  0.1250000      0.7375000      6.0360396E-04
  0.3750000      0.7375000      5.0336258E-03
  0.6250000      0.7375000      1.1793956E-02
  0.8750000      0.7375000      1.9700985E-02
   1.125000      0.7375000      2.7852546E-02
   1.375000      0.7375000      3.5662279E-02
   1.625000      0.7375000      4.2783312E-02
   1.875000      0.7375000      4.9039863E-02
   2.125000      0.7375000      5.4377321E-02
   2.375000      0.7375000      5.8823738E-02
   2.625000      0.7375000      6.2458809E-02
   2.875000      0.7375000      6.5389320E-02
   3.125000      0.7375000      6.7730993E-02
   3.375000      0.7375000      6.9596380E-02
   3.625000      0.7375000      7.1087420E-02
   3.875000      0.7375000      7.2291791E-02
   4.125000      0.7375000      7.3282033E-02
   4.375000      0.7375000      7.4116029E-02
   4.625000      0.7375000      7.4838683E-02
   4.875000      0.7375000      7.5483784E-02
   5.125000      0.7375000      7.6075986E-02
   5.375000      0.7375000      7.6633088E-02
   5.625000      0.7375000      7.7167235E-02
   5.875000      0.7375000      7.7686854E-02
   6.125000      0.7375000      7.8197405E-02
   6.375000      0.7375000      7.8702517E-02
   6.625000      0.7375000      7.9204321E-02
   6.875000      0.7375000      7.9704218E-02
   7.125000      0.7375000      8.0203027E-02
   7.375000      0.7375000      8.0701277E-02
   7.625000      0.7375000      8.1199184E-02
   7.875000      0.7375000      8.1696920E-02
   8.125000      0.7375000      8.2194567E-02
   8.375000      0.7375000      8.2692184E-02
   8.625000      0.7375000      8.3190039E-02
   8.875000      0.7375000      8.3690450E-02
   9.125000      0.7375000      8.4220335E-02
   9.375000      0.7375000      8.5104182E-02
   9.625000      0.7375000      9.0899721E-02
   9.875000      0.7375000      0.1782094    
   10.00000      0.7375000       1.000000    
 
  0.0000000E+00  0.7625000      0.0000000E+00
  0.1250000      0.7625000      1.0705126E-03
  0.3750000      0.7625000      7.6206685E-03
  0.6250000      0.7625000      1.6676197E-02
  0.8750000      0.7625000      2.6564272E-02
   1.125000      0.7625000      3.6255188E-02
   1.375000      0.7625000      4.5180909E-02
   1.625000      0.7625000      5.3058401E-02
   1.875000      0.7625000      5.9785318E-02
   2.125000      0.7625000      6.5377191E-02
   2.375000      0.7625000      6.9923565E-02
   2.625000      0.7625000      7.3554456E-02
   2.875000      0.7625000      7.6415434E-02
   3.125000      0.7625000      7.8650355E-02
   3.375000      0.7625000      8.0390856E-02
   3.625000      0.7625000      8.1751063E-02
   3.875000      0.7625000      8.2825623E-02
   4.125000      0.7625000      8.3690651E-02
   4.375000      0.7625000      8.4405288E-02
   4.625000      0.7625000      8.5014358E-02
   4.875000      0.7625000      8.5550971E-02
   5.125000      0.7625000      8.6038850E-02
   5.375000      0.7625000      8.6494759E-02
   5.625000      0.7625000      8.6930059E-02
   5.875000      0.7625000      8.7352484E-02
   6.125000      0.7625000      8.7766930E-02
   6.375000      0.7625000      8.8176638E-02
   6.625000      0.7625000      8.8583507E-02
   6.875000      0.7625000      8.8988751E-02
   7.125000      0.7625000      8.9393094E-02
   7.375000      0.7625000      8.9796990E-02
   7.625000      0.7625000      9.0200558E-02
   7.875000      0.7625000      9.0604000E-02
   8.125000      0.7625000      9.1007382E-02
   8.375000      0.7625000      9.1410726E-02
   8.625000      0.7625000      9.1814436E-02
   8.875000      0.7625000      9.2221603E-02
   9.125000      0.7625000      9.2667535E-02
   9.375000      0.7625000      9.3554929E-02
   9.625000      0.7625000      0.1000954    
   9.875000      0.7625000      0.1925519    
   10.00000      0.7625000       1.000000    
 
  0.0000000E+00  0.7875000      0.0000000E+00
  0.1250000      0.7875000      1.8813259E-03
  0.3750000      0.7875000      1.1373554E-02
  0.6250000      0.7875000      2.3208419E-02
  0.8750000      0.7875000      3.5267845E-02
   1.125000      0.7875000      4.6517748E-02
   1.375000      0.7875000      5.6495149E-02
   1.625000      0.7875000      6.5031074E-02
   1.875000      0.7875000      7.2124496E-02
   2.125000      0.7875000      7.7876210E-02
   2.375000      0.7875000      8.2444325E-02
   2.625000      0.7875000      8.6011440E-02
   2.875000      0.7875000      8.8761181E-02
   3.125000      0.7875000      9.0863176E-02
   3.375000      0.7875000      9.2465252E-02
   3.625000      0.7875000      9.3690805E-02
   3.875000      0.7875000      9.4638795E-02
   4.125000      0.7875000      9.5386833E-02
   4.375000      0.7875000      9.5993660E-02
   4.625000      0.7875000      9.6502885E-02
   4.875000      0.7875000      9.6946068E-02
   5.125000      0.7875000      9.7345434E-02
   5.375000      0.7875000      9.7716451E-02
   5.625000      0.7875000      9.8069414E-02
   5.875000      0.7875000      9.8411262E-02
   6.125000      0.7875000      9.8746270E-02
   6.375000      0.7875000      9.9077232E-02
   6.625000      0.7875000      9.9405833E-02
   6.875000      0.7875000      9.9733122E-02
   7.125000      0.7875000      0.1000596    
   7.375000      0.7875000      0.1003858    
   7.625000      0.7875000      0.1007117    
   7.875000      0.7875000      0.1010375    
   8.125000      0.7875000      0.1013632    
   8.375000      0.7875000      0.1016890    
   8.625000      0.7875000      0.1020152    
   8.875000      0.7875000      0.1023460    
   9.125000      0.7875000      0.1027278    
   9.375000      0.7875000      0.1036630    
   9.625000      0.7875000      0.1111768    
   9.875000      0.7875000      0.2098275    
   10.00000      0.7875000       1.000000    
 
  0.0000000E+00  0.8125000      0.0000000E+00
  0.1250000      0.8125000      3.2649026E-03
  0.3750000      0.8125000      1.6697919E-02
  0.6250000      0.8125000      3.1743202E-02
  0.8750000      0.8125000      4.6058856E-02
   1.125000      0.8125000      5.8797717E-02
   1.375000      0.8125000      6.9700487E-02
   1.625000      0.8125000      7.8758515E-02
   1.875000      0.8125000      8.6093679E-02
   2.125000      0.8125000      9.1901474E-02
   2.375000      0.8125000      9.6411325E-02
   2.625000      0.8125000      9.9857338E-02
   2.875000      0.8125000      0.1024581    
   3.125000      0.8125000      0.1044053    
   3.375000      0.8125000      0.1058591    
   3.625000      0.8125000      0.1069487    
   3.875000      0.8125000      0.1077750    
   4.125000      0.8125000      0.1084149    
   4.375000      0.8125000      0.1089253    
   4.625000      0.8125000      0.1093475    
   4.875000      0.8125000      0.1097110    
   5.125000      0.8125000      0.1100360    
   5.375000      0.8125000      0.1103365    
   5.625000      0.8125000      0.1106215    
   5.875000      0.8125000      0.1108972    
   6.125000      0.8125000      0.1111671    
   6.375000      0.8125000      0.1114337    
   6.625000      0.8125000      0.1116984    
   6.875000      0.8125000      0.1119620    
   7.125000      0.8125000      0.1122250    
   7.375000      0.8125000      0.1124877    
   7.625000      0.8125000      0.1127502    
   7.875000      0.8125000      0.1130127    
   8.125000      0.8125000      0.1132751    
   8.375000      0.8125000      0.1135375    
   8.625000      0.8125000      0.1138005    
   8.875000      0.8125000      0.1140697    
   9.125000      0.8125000      0.1144051    
   9.375000      0.8125000      0.1154347    
   9.625000      0.8125000      0.1241807    
   9.875000      0.8125000      0.2302080    
   10.00000      0.8125000       1.000000    
 
  0.0000000E+00  0.8375000      0.0000000E+00
  0.1250000      0.8375000      5.5748150E-03
  0.3750000      0.8375000      2.4061240E-02
  0.6250000      0.8375000      4.2608917E-02
  0.8750000      0.8375000      5.9123989E-02
   1.125000      0.8375000      7.3187441E-02
   1.375000      0.8375000      8.4835403E-02
   1.625000      0.8375000      9.4252594E-02
   1.875000      0.8375000      0.1016954    
   2.125000      0.8375000      0.1074562    
   2.375000      0.8375000      0.1118337    
   2.625000      0.8375000      0.1151093    
   2.875000      0.8375000      0.1175314    
   3.125000      0.8375000      0.1193086    
   3.375000      0.8375000      0.1206096    
   3.625000      0.8375000      0.1215659    
   3.875000      0.8375000      0.1222777    
   4.125000      0.8375000      0.1228193    
   4.375000      0.8375000      0.1232447    
   4.625000      0.8375000      0.1235921    
   4.875000      0.8375000      0.1238884    
   5.125000      0.8375000      0.1241518    
   5.375000      0.8375000      0.1243943    
   5.625000      0.8375000      0.1246240    
   5.875000      0.8375000      0.1248459    
   6.125000      0.8375000      0.1250632    
   6.375000      0.8375000      0.1252777    
   6.625000      0.8375000      0.1254908    
   6.875000      0.8375000      0.1257029    
   7.125000      0.8375000      0.1259147    
   7.375000      0.8375000      0.1261262    
   7.625000      0.8375000      0.1263376    
   7.875000      0.8375000      0.1265489    
   8.125000      0.8375000      0.1267601    
   8.375000      0.8375000      0.1269714    
   8.625000      0.8375000      0.1271835    
   8.875000      0.8375000      0.1274038    
   9.125000      0.8375000      0.1277091    
   9.375000      0.8375000      0.1288805    
   9.625000      0.8375000      0.1391380    
   9.875000      0.8375000      0.2538169    
   10.00000      0.8375000       1.000000    
 
  0.0000000E+00  0.8625000      0.0000000E+00
  0.1250000      0.8625000      9.3296003E-03
  0.3750000      0.8625000      3.3951219E-02
  0.6250000      0.8625000      5.6059413E-02
  0.8750000      0.8625000      7.4557438E-02
   1.125000      0.8625000      8.9698263E-02
   1.375000      0.8625000      0.1018753    
   1.625000      0.8625000      0.1114792    
   1.875000      0.8625000      0.1189000    
   2.125000      0.8625000      0.1245222    
   2.375000      0.8625000      0.1287069    
   2.625000      0.8625000      0.1317757    
   2.875000      0.8625000      0.1340006    
   3.125000      0.8625000      0.1356018    
   3.375000      0.8625000      0.1367519    
   3.625000      0.8625000      0.1375818    
   3.875000      0.8625000      0.1381887    
   4.125000      0.8625000      0.1386431    
   4.375000      0.8625000      0.1389950    
   4.625000      0.8625000      0.1392794    
   4.875000      0.8625000      0.1395202    
   5.125000      0.8625000      0.1397332    
   5.375000      0.8625000      0.1399290    
   5.625000      0.8625000      0.1401142    
   5.875000      0.8625000      0.1402932    
   6.125000      0.8625000      0.1404684    
   6.375000      0.8625000      0.1406416    
   6.625000      0.8625000      0.1408136    
   6.875000      0.8625000      0.1409848    
   7.125000      0.8625000      0.1411558    
   7.375000      0.8625000      0.1413265    
   7.625000      0.8625000      0.1414973    
   7.875000      0.8625000      0.1416679    
   8.125000      0.8625000      0.1418384    
   8.375000      0.8625000      0.1420091    
   8.625000      0.8625000      0.1421808    
   8.875000      0.8625000      0.1423629    
   9.125000      0.8625000      0.1426526    
   9.375000      0.8625000      0.1440117    
   9.625000      0.8625000      0.1560592    
   9.875000      0.8625000      0.2806632    
   10.00000      0.8625000       1.000000    
 
  0.0000000E+00  0.8875000      0.0000000E+00
  0.1250000      0.8875000      1.5238820E-02
  0.3750000      0.8875000      4.6800956E-02
  0.6250000      0.8875000      7.2218128E-02
  0.8750000      0.8875000      9.2335381E-02
   1.125000      0.8875000      0.1082524    
   1.375000      0.8875000      0.1207328    
   1.625000      0.8875000      0.1303617    
   1.875000      0.8875000      0.1376504    
   2.125000      0.8875000      0.1430638    
   2.375000      0.8875000      0.1470155    
   2.625000      0.8875000      0.1498586    
   2.875000      0.8875000      0.1518814    
   3.125000      0.8875000      0.1533105    
   3.375000      0.8875000      0.1543185    
   3.625000      0.8875000      0.1550333    
   3.875000      0.8875000      0.1555474    
   4.125000      0.8875000      0.1559268    
   4.375000      0.8875000      0.1562172    
   4.625000      0.8875000      0.1564499    
   4.875000      0.8875000      0.1566458    
   5.125000      0.8875000      0.1568187    
   5.375000      0.8875000      0.1569775    
   5.625000      0.8875000      0.1571279    
   5.875000      0.8875000      0.1572732    
   6.125000      0.8875000      0.1574157    
   6.375000      0.8875000      0.1575565    
   6.625000      0.8875000      0.1576965    
   6.875000      0.8875000      0.1578359    
   7.125000      0.8875000      0.1579751    
   7.375000      0.8875000      0.1581141    
   7.625000      0.8875000      0.1582531    
   7.875000      0.8875000      0.1583920    
   8.125000      0.8875000      0.1585308    
   8.375000      0.8875000      0.1586698    
   8.625000      0.8875000      0.1588101    
   8.875000      0.8875000      0.1589634    
   9.125000      0.8875000      0.1592498    
   9.375000      0.8875000      0.1608362    
   9.625000      0.8875000      0.1749133    
   9.875000      0.8875000      0.3105451    
   10.00000      0.8875000       1.000000    
 
  0.0000000E+00  0.9125000      0.0000000E+00
  0.1250000      0.9125000      2.4181854E-02
  0.3750000      0.9125000      6.2881887E-02
  0.6250000      0.9125000      9.1028832E-02
  0.8750000      0.9125000      0.1123035    
   1.125000      0.9125000      0.1286848    
   1.375000      0.9125000      0.1412636    
   1.625000      0.9125000      0.1507874    
   1.875000      0.9125000      0.1578671    
   2.125000      0.9125000      0.1630321    
   2.375000      0.9125000      0.1667362    
   2.625000      0.9125000      0.1693547    
   2.875000      0.9125000      0.1711854    
   3.125000      0.9125000      0.1724567    
   3.375000      0.9125000      0.1733383    
   3.625000      0.9125000      0.1739537    
   3.875000      0.9125000      0.1743897    
   4.125000      0.9125000      0.1747073    
   4.375000      0.9125000      0.1749482    
   4.625000      0.9125000      0.1751399    
   4.875000      0.9125000      0.1753009    
   5.125000      0.9125000      0.1754429    
   5.375000      0.9125000      0.1755735    
   5.625000      0.9125000      0.1756973    
   5.875000      0.9125000      0.1758173    
   6.125000      0.9125000      0.1759349    
   6.375000      0.9125000      0.1760513    
   6.625000      0.9125000      0.1761671    
   6.875000      0.9125000      0.1762824    
   7.125000      0.9125000      0.1763975    
   7.375000      0.9125000      0.1765127    
   7.625000      0.9125000      0.1766277    
   7.875000      0.9125000      0.1767426    
   8.125000      0.9125000      0.1768576    
   8.375000      0.9125000      0.1769727    
   8.625000      0.9125000      0.1770892    
   8.875000      0.9125000      0.1772217    
   9.125000      0.9125000      0.1775147    
   9.375000      0.9125000      0.1793535    
   9.625000      0.9125000      0.1956031    
   9.875000      0.9125000      0.3429229    
   10.00000      0.9125000       1.000000    
 
  0.0000000E+00  0.9375000      0.0000000E+00
  0.1250000      0.9375000      3.7085205E-02
  0.3750000      0.9375000      8.2180664E-02
  0.6250000      0.9375000      0.1122281    
  0.8750000      0.9375000      0.1341810    
   1.125000      0.9375000      0.1507535    
   1.375000      0.9375000      0.1632766    
   1.625000      0.9375000      0.1726158    
   1.875000      0.9375000      0.1794543    
   2.125000      0.9375000      0.1843685    
   2.375000      0.9375000      0.1878395    
   2.625000      0.9375000      0.1902559    
   2.875000      0.9375000      0.1919198    
   3.125000      0.9375000      0.1930580    
   3.375000      0.9375000      0.1938356    
   3.625000      0.9375000      0.1943708    
   3.875000      0.9375000      0.1947453    
   4.125000      0.9375000      0.1950153    
   4.375000      0.9375000      0.1952186    
   4.625000      0.9375000      0.1953798    
   4.875000      0.9375000      0.1955151    
   5.125000      0.9375000      0.1956346    
   5.375000      0.9375000      0.1957449    
   5.625000      0.9375000      0.1958496    
   5.875000      0.9375000      0.1959514    
   6.125000      0.9375000      0.1960513    
   6.375000      0.9375000      0.1961502    
   6.625000      0.9375000      0.1962486    
   6.875000      0.9375000      0.1963468    
   7.125000      0.9375000      0.1964446    
   7.375000      0.9375000      0.1965426    
   7.625000      0.9375000      0.1966405    
   7.875000      0.9375000      0.1967383    
   8.125000      0.9375000      0.1968361    
   8.375000      0.9375000      0.1969341    
   8.625000      0.9375000      0.1970338    
   8.875000      0.9375000      0.1971523    
   9.125000      0.9375000      0.1974578    
   9.375000      0.9375000      0.1995504    
   9.625000      0.9375000      0.2179385    
   9.875000      0.9375000      0.3767649    
   10.00000      0.9375000       1.000000    
 
  0.0000000E+00  0.9625000      0.0000000E+00
  0.1250000      0.9625000      5.4628018E-02
  0.3750000      0.9625000      0.1042986    
  0.6250000      0.9625000      0.1353520    
  0.8750000      0.9625000      0.1575814    
   1.125000      0.9625000      0.1741564    
   1.375000      0.9625000      0.1865457    
   1.625000      0.9625000      0.1956856    
   1.875000      0.9625000      0.2023042    
   2.125000      0.9625000      0.2070066    
   2.375000      0.9625000      0.2102899    
   2.625000      0.9625000      0.2125491    
   2.875000      0.9625000      0.2140865    
   3.125000      0.9625000      0.2151261    
   3.375000      0.9625000      0.2158282    
   3.625000      0.9625000      0.2163063    
   3.875000      0.9625000      0.2166377    
   4.125000      0.9625000      0.2168749    
   4.375000      0.9625000      0.2170527    
   4.625000      0.9625000      0.2171937    
   4.875000      0.9625000      0.2173120    
   5.125000      0.9625000      0.2174169    
   5.375000      0.9625000      0.2175139    
   5.625000      0.9625000      0.2176063    
   5.875000      0.9625000      0.2176962    
   6.125000      0.9625000      0.2177847    
   6.375000      0.9625000      0.2178723    
   6.625000      0.9625000      0.2179596    
   6.875000      0.9625000      0.2180466    
   7.125000      0.9625000      0.2181334    
   7.375000      0.9625000      0.2182204    
   7.625000      0.9625000      0.2183073    
   7.875000      0.9625000      0.2183940    
   8.125000      0.9625000      0.2184808    
   8.375000      0.9625000      0.2185677    
   8.625000      0.9625000      0.2186567    
   8.875000      0.9625000      0.2187667    
   9.125000      0.9625000      0.2190865    
   9.375000      0.9625000      0.2213982    
   9.625000      0.9625000      0.2416155    
   9.875000      0.9625000      0.4103875    
   10.00000      0.9625000       1.000000    
 
  0.0000000E+00  0.9875000      0.0000000E+00
  0.1250000      0.9875000      7.6713420E-02
  0.3750000      0.9875000      0.1284251    
  0.6250000      0.9875000      0.1597770    
  0.8750000      0.9875000      0.1820400    
   1.125000      0.9875000      0.1985475    
   1.375000      0.9875000      0.2108187    
   1.625000      0.9875000      0.2198190    
   1.875000      0.9875000      0.2262972    
   2.125000      0.9875000      0.2308709    
   2.375000      0.9875000      0.2340438    
   2.625000      0.9875000      0.2362129    
   2.875000      0.9875000      0.2376793    
   3.125000      0.9875000      0.2386643    
   3.375000      0.9875000      0.2393256    
   3.625000      0.9875000      0.2397732    
   3.875000      0.9875000      0.2400818    
   4.125000      0.9875000      0.2403020    
   4.375000      0.9875000      0.2404667    
   4.625000      0.9875000      0.2405974    
   4.875000      0.9875000      0.2407072    
   5.125000      0.9875000      0.2408048    
   5.375000      0.9875000      0.2408953    
   5.625000      0.9875000      0.2409816    
   5.875000      0.9875000      0.2410658    
   6.125000      0.9875000      0.2411486    
   6.375000      0.9875000      0.2412307    
   6.625000      0.9875000      0.2413125    
   6.875000      0.9875000      0.2413941    
   7.125000      0.9875000      0.2414755    
   7.375000      0.9875000      0.2415571    
   7.625000      0.9875000      0.2416385    
   7.875000      0.9875000      0.2417198    
   8.125000      0.9875000      0.2418012    
   8.375000      0.9875000      0.2418828    
   8.625000      0.9875000      0.2419665    
   8.875000      0.9875000      0.2420727    
   9.125000      0.9875000      0.2424027    
   9.375000      0.9875000      0.2448514    
   9.625000      0.9875000      0.2662118    
   9.875000      0.9875000      0.4413294    
   10.00000      0.9875000       1.000000    
 
  0.0000000E+00   1.000000      0.0000000E+00
  0.1250000       1.000000      7.6713420E-02
  0.3750000       1.000000      0.1284251    
  0.6250000       1.000000      0.1597770    
  0.8750000       1.000000      0.1820400    
   1.125000       1.000000      0.1985475    
   1.375000       1.000000      0.2108187    
   1.625000       1.000000      0.2198190    
   1.875000       1.000000      0.2262972    
   2.125000       1.000000      0.2308709    
   2.375000       1.000000      0.2340438    
   2.625000       1.000000      0.2362129    
   2.875000       1.000000      0.2376793    
   3.125000       1.000000      0.2386643    
   3.375000       1.000000      0.2393256    
   3.625000       1.000000      0.2397732    
   3.875000       1.000000      0.2400818    
   4.125000       1.000000      0.2403020    
   4.375000       1.000000      0.2404667    
   4.625000       1.000000      0.2405974    
   4.875000       1.000000      0.2407072    
   5.125000       1.000000      0.2408048    
   5.375000       1.000000      0.2408953    
   5.625000       1.000000      0.2409816    
   5.875000       1.000000      0.2410658    
   6.125000       1.000000      0.2411486    
   6.375000       1.000000      0.2412307    
   6.625000       1.000000      0.2413125    
   6.875000       1.000000      0.2413941    
   7.125000       1.000000      0.2414755    
   7.375000       1.000000      0.2415571    
   7.625000       1.000000      0.2416385    
   7.875000       1.000000      0.2417198    
   8.125000       1.000000      0.2418012    
   8.375000       1.000000      0.2418828    
   8.625000       1.000000      0.2419665    
   8.875000       1.000000      0.2420727    
   9.125000       1.000000      0.2424027    
   9.375000       1.000000      0.2448514    
   9.625000       1.000000      0.2662118    
   9.875000       1.000000      0.4413294    
   10.00000       1.000000       1.000000    
 
