   3.33333351E-02   4.60809184E-04
  0.100000009       9.26815672E-04
  0.166666687       1.40316156E-03
  0.233333349       1.89650652E-03
  0.300000012       2.41306354E-03
  0.366666675       2.96223583E-03
  0.433333367       3.55438399E-03
  0.500000000       4.20548953E-03
  0.566666722       4.93719848E-03
  0.633333325       5.78307221E-03
  0.700000048       6.79980405E-03
  0.766666710       8.08952656E-03
  0.833333373       9.88110527E-03
  0.900000095       1.29238609E-02
  0.966666698       2.32596323E-02
   1.03333330       1.30763492E-02
   1.10000014       9.98882391E-03
