   0.00000000       0.00000000       0.00000000    
   1.25000002E-02   0.00000000       0.00000000    
   3.75000015E-02   0.00000000       0.00000000    
   6.25000000E-02   0.00000000       0.00000000    
   8.75000060E-02   0.00000000       0.00000000    
  0.112499997       0.00000000       0.00000000    
  0.137500003       0.00000000       0.00000000    
  0.162499994       0.00000000       0.00000000    
  0.187500000       0.00000000       0.00000000    
  0.212500006       0.00000000       0.00000000    
  0.237500012       0.00000000       0.00000000    
  0.262499988       0.00000000       0.00000000    
  0.287500024       0.00000000       0.00000000    
  0.312500000       0.00000000       0.00000000    
  0.337500006       0.00000000       0.00000000    
  0.362500012       0.00000000       0.00000000    
  0.387499988       0.00000000       0.00000000    
  0.412500024       0.00000000       0.00000000    
  0.437500000       0.00000000       0.00000000    
  0.462500006       0.00000000       0.00000000    
  0.487500012       0.00000000       0.00000000    
  0.512500048       0.00000000       0.00000000    
  0.537500024       0.00000000       0.00000000    
  0.562500000       0.00000000       0.00000000    
  0.587499976       0.00000000       0.00000000    
  0.612500012       0.00000000       0.00000000    
  0.637500048       0.00000000       0.00000000    
  0.662500024       0.00000000       0.00000000    
  0.687500000       0.00000000       0.00000000    
  0.712499976       0.00000000       0.00000000    
  0.737500012       0.00000000       0.00000000    
  0.762500048       0.00000000       0.00000000    
  0.787500024       0.00000000       0.00000000    
  0.812500000       0.00000000       0.00000000    
  0.837499976       0.00000000       0.00000000    
  0.862500012       0.00000000       0.00000000    
  0.887500048       0.00000000       0.00000000    
  0.912500024       0.00000000       0.00000000    
  0.937500000       0.00000000       0.00000000    
  0.962499976       0.00000000       0.00000000    
  0.987500012       0.00000000       0.00000000    
   1.00000000       0.00000000       0.00000000    
 
   0.00000000       1.25000002E-02   1.04855761E-25
   1.25000002E-02   1.25000002E-02   1.04855761E-25
   3.75000015E-02   1.25000002E-02   1.04855761E-25
   6.25000000E-02   1.25000002E-02   1.04855761E-25
   8.75000060E-02   1.25000002E-02   1.04855761E-25
  0.112499997       1.25000002E-02   1.04855761E-25
  0.137500003       1.25000002E-02   1.04855737E-25
  0.162499994       1.25000002E-02   1.04855737E-25
  0.187500000       1.25000002E-02   1.04855737E-25
  0.212500006       1.25000002E-02   1.04855737E-25
  0.237500012       1.25000002E-02   1.04855737E-25
  0.262499988       1.25000002E-02   1.04855737E-25
  0.287500024       1.25000002E-02   1.04855737E-25
  0.312500000       1.25000002E-02   1.04855737E-25
  0.337500006       1.25000002E-02   1.04855737E-25
  0.362500012       1.25000002E-02   1.04855737E-25
  0.387499988       1.25000002E-02   1.04855737E-25
  0.412500024       1.25000002E-02   1.04855737E-25
  0.437500000       1.25000002E-02   1.04855737E-25
  0.462500006       1.25000002E-02   1.04855737E-25
  0.487500012       1.25000002E-02   1.04855737E-25
  0.512500048       1.25000002E-02   1.04855737E-25
  0.537500024       1.25000002E-02   1.04855737E-25
  0.562500000       1.25000002E-02   1.04855737E-25
  0.587499976       1.25000002E-02   1.04855737E-25
  0.612500012       1.25000002E-02   1.04855737E-25
  0.637500048       1.25000002E-02   1.04855737E-25
  0.662500024       1.25000002E-02   1.04855737E-25
  0.687500000       1.25000002E-02   1.04855737E-25
  0.712499976       1.25000002E-02   1.04855786E-25
  0.737500012       1.25000002E-02   1.04855922E-25
  0.762500048       1.25000002E-02   1.04856439E-25
  0.787500024       1.25000002E-02   1.04858300E-25
  0.812500000       1.25000002E-02   1.04864710E-25
  0.837499976       1.25000002E-02   1.04885294E-25
  0.862500012       1.25000002E-02   1.04946049E-25
  0.887500048       1.25000002E-02   1.05109639E-25
  0.912500024       1.25000002E-02   1.05508273E-25
  0.937500000       1.25000002E-02   1.06378066E-25
  0.962499976       1.25000002E-02   1.08062062E-25
  0.987500012       1.25000002E-02   1.10961163E-25
   1.00000000       1.25000002E-02   1.10961163E-25
 
   0.00000000       3.75000015E-02   9.41294865E-25
   1.25000002E-02   3.75000015E-02   9.41294865E-25
   3.75000015E-02   3.75000015E-02   9.41294766E-25
   6.25000000E-02   3.75000015E-02   9.41294766E-25
   8.75000060E-02   3.75000015E-02   9.41294766E-25
  0.112499997       3.75000015E-02   9.41294766E-25
  0.137500003       3.75000015E-02   9.41294667E-25
  0.162499994       3.75000015E-02   9.41294667E-25
  0.187500000       3.75000015E-02   9.41294667E-25
  0.212500006       3.75000015E-02   9.41294667E-25
  0.237500012       3.75000015E-02   9.41294667E-25
  0.262499988       3.75000015E-02   9.41294667E-25
  0.287500024       3.75000015E-02   9.41294667E-25
  0.312500000       3.75000015E-02   9.41294667E-25
  0.337500006       3.75000015E-02   9.41294667E-25
  0.362500012       3.75000015E-02   9.41294667E-25
  0.387499988       3.75000015E-02   9.41294667E-25
  0.412500024       3.75000015E-02   9.41294667E-25
  0.437500000       3.75000015E-02   9.41294667E-25
  0.462500006       3.75000015E-02   9.41294667E-25
  0.487500012       3.75000015E-02   9.41294667E-25
  0.512500048       3.75000015E-02   9.41294667E-25
  0.537500024       3.75000015E-02   9.41294667E-25
  0.562500000       3.75000015E-02   9.41294667E-25
  0.587499976       3.75000015E-02   9.41294667E-25
  0.612500012       3.75000015E-02   9.41294667E-25
  0.637500048       3.75000015E-02   9.41294667E-25
  0.662500024       3.75000015E-02   9.41294667E-25
  0.687500000       3.75000015E-02   9.41294667E-25
  0.712499976       3.75000015E-02   9.41295160E-25
  0.737500012       3.75000015E-02   9.41296541E-25
  0.762500048       3.75000015E-02   9.41301964E-25
  0.787500024       3.75000015E-02   9.41321094E-25
  0.812500000       3.75000015E-02   9.41385978E-25
  0.837499976       3.75000015E-02   9.41591180E-25
  0.862500012       3.75000015E-02   9.42187559E-25
  0.887500048       3.75000015E-02   9.43769028E-25
  0.912500024       3.75000015E-02   9.47561970E-25
  0.937500000       3.75000015E-02   9.55708339E-25
  0.962499976       3.75000015E-02   9.71234798E-25
  0.987500012       3.75000015E-02   9.97567567E-25
   1.00000000       3.75000015E-02   9.97567567E-25
 
   0.00000000       6.25000000E-02   7.29443034E-24
   1.25000002E-02   6.25000000E-02   7.29443034E-24
   3.75000015E-02   6.25000000E-02   7.29443192E-24
   6.25000000E-02   6.25000000E-02   7.29443192E-24
   8.75000060E-02   6.25000000E-02   7.29443192E-24
  0.112499997       6.25000000E-02   7.29443192E-24
  0.137500003       6.25000000E-02   7.29443113E-24
  0.162499994       6.25000000E-02   7.29443113E-24
  0.187500000       6.25000000E-02   7.29443113E-24
  0.212500006       6.25000000E-02   7.29443113E-24
  0.237500012       6.25000000E-02   7.29443113E-24
  0.262499988       6.25000000E-02   7.29443113E-24
  0.287500024       6.25000000E-02   7.29443113E-24
  0.312500000       6.25000000E-02   7.29443113E-24
  0.337500006       6.25000000E-02   7.29443113E-24
  0.362500012       6.25000000E-02   7.29443113E-24
  0.387499988       6.25000000E-02   7.29443113E-24
  0.412500024       6.25000000E-02   7.29443113E-24
  0.437500000       6.25000000E-02   7.29443113E-24
  0.462500006       6.25000000E-02   7.29443113E-24
  0.487500012       6.25000000E-02   7.29443113E-24
  0.512500048       6.25000000E-02   7.29443113E-24
  0.537500024       6.25000000E-02   7.29443113E-24
  0.562500000       6.25000000E-02   7.29443113E-24
  0.587499976       6.25000000E-02   7.29443113E-24
  0.612500012       6.25000000E-02   7.29443113E-24
  0.637500048       6.25000000E-02   7.29443113E-24
  0.662500024       6.25000000E-02   7.29443113E-24
  0.687500000       6.25000000E-02   7.29443113E-24
  0.712499976       6.25000000E-02   7.29443507E-24
  0.737500012       6.25000000E-02   7.29444848E-24
  0.762500048       6.25000000E-02   7.29449739E-24
  0.787500024       6.25000000E-02   7.29467015E-24
  0.812500000       6.25000000E-02   7.29524839E-24
  0.837499976       6.25000000E-02   7.29704384E-24
  0.862500012       6.25000000E-02   7.30216670E-24
  0.887500048       6.25000000E-02   7.31551423E-24
  0.912500024       6.25000000E-02   7.34693850E-24
  0.937500000       6.25000000E-02   7.41319098E-24
  0.962499976       6.25000000E-02   7.53716205E-24
  0.987500012       6.25000000E-02   7.74375841E-24
   1.00000000       6.25000000E-02   7.74375841E-24
 
   0.00000000       8.75000060E-02   5.54100949E-23
   1.25000002E-02   8.75000060E-02   5.54100949E-23
   3.75000015E-02   8.75000060E-02   5.54100822E-23
   6.25000000E-02   8.75000060E-02   5.54100822E-23
   8.75000060E-02   8.75000060E-02   5.54100822E-23
  0.112499997       8.75000060E-02   5.54100822E-23
  0.137500003       8.75000060E-02   5.54100822E-23
  0.162499994       8.75000060E-02   5.54100822E-23
  0.187500000       8.75000060E-02   5.54100822E-23
  0.212500006       8.75000060E-02   5.54100822E-23
  0.237500012       8.75000060E-02   5.54100822E-23
  0.262499988       8.75000060E-02   5.54100822E-23
  0.287500024       8.75000060E-02   5.54100822E-23
  0.312500000       8.75000060E-02   5.54100822E-23
  0.337500006       8.75000060E-02   5.54100822E-23
  0.362500012       8.75000060E-02   5.54100822E-23
  0.387499988       8.75000060E-02   5.54100822E-23
  0.412500024       8.75000060E-02   5.54100822E-23
  0.437500000       8.75000060E-02   5.54100822E-23
  0.462500006       8.75000060E-02   5.54100822E-23
  0.487500012       8.75000060E-02   5.54100822E-23
  0.512500048       8.75000060E-02   5.54100822E-23
  0.537500024       8.75000060E-02   5.54100822E-23
  0.562500000       8.75000060E-02   5.54100822E-23
  0.587499976       8.75000060E-02   5.54100822E-23
  0.612500012       8.75000060E-02   5.54100822E-23
  0.637500048       8.75000060E-02   5.54100822E-23
  0.662500024       8.75000060E-02   5.54100822E-23
  0.687500000       8.75000060E-02   5.54100822E-23
  0.712499976       8.75000060E-02   5.54101201E-23
  0.737500012       8.75000060E-02   5.54102337E-23
  0.762500048       8.75000060E-02   5.54106691E-23
  0.787500024       8.75000060E-02   5.54122153E-23
  0.812500000       8.75000060E-02   5.54172703E-23
  0.837499976       8.75000060E-02   5.54327005E-23
  0.862500012       8.75000060E-02   5.54759300E-23
  0.887500048       8.75000060E-02   5.55864463E-23
  0.912500024       8.75000060E-02   5.58417659E-23
  0.937500000       8.75000060E-02   5.63698230E-23
  0.962499976       8.75000060E-02   5.73392637E-23
  0.987500012       8.75000060E-02   5.89258649E-23
   1.00000000       8.75000060E-02   5.89258649E-23
 
   0.00000000      0.112499997       4.13113658E-22
   1.25000002E-02  0.112499997       4.13113658E-22
   3.75000015E-02  0.112499997       4.13113632E-22
   6.25000000E-02  0.112499997       4.13113582E-22
   8.75000060E-02  0.112499997       4.13113582E-22
  0.112499997      0.112499997       4.13113582E-22
  0.137500003      0.112499997       4.13113582E-22
  0.162499994      0.112499997       4.13113582E-22
  0.187500000      0.112499997       4.13113582E-22
  0.212500006      0.112499997       4.13113582E-22
  0.237500012      0.112499997       4.13113582E-22
  0.262499988      0.112499997       4.13113582E-22
  0.287500024      0.112499997       4.13113582E-22
  0.312500000      0.112499997       4.13113582E-22
  0.337500006      0.112499997       4.13113582E-22
  0.362500012      0.112499997       4.13113582E-22
  0.387499988      0.112499997       4.13113582E-22
  0.412500024      0.112499997       4.13113582E-22
  0.437500000      0.112499997       4.13113582E-22
  0.462500006      0.112499997       4.13113582E-22
  0.487500012      0.112499997       4.13113582E-22
  0.512500048      0.112499997       4.13113582E-22
  0.537500024      0.112499997       4.13113582E-22
  0.562500000      0.112499997       4.13113582E-22
  0.587499976      0.112499997       4.13113582E-22
  0.612500012      0.112499997       4.13113582E-22
  0.637500048      0.112499997       4.13113582E-22
  0.662500024      0.112499997       4.13113582E-22
  0.687500000      0.112499997       4.13113632E-22
  0.712499976      0.112499997       4.13113885E-22
  0.737500012      0.112499997       4.13114970E-22
  0.762500048      0.112499997       4.13118858E-22
  0.787500024      0.112499997       4.13132363E-22
  0.812500000      0.112499997       4.13175908E-22
  0.837499976      0.112499997       4.13306215E-22
  0.862500012      0.112499997       4.13664674E-22
  0.887500048      0.112499997       4.14563470E-22
  0.912500024      0.112499997       4.16599464E-22
  0.937500000      0.112499997       4.20727819E-22
  0.962499976      0.112499997       4.28159823E-22
  0.987500012      0.112499997       4.40099163E-22
   1.00000000      0.112499997       4.40099163E-22
 
   0.00000000      0.137500003       3.02116914E-21
   1.25000002E-02  0.137500003       3.02116914E-21
   3.75000015E-02  0.137500003       3.02116894E-21
   6.25000000E-02  0.137500003       3.02116814E-21
   8.75000060E-02  0.137500003       3.02116814E-21
  0.112499997      0.137500003       3.02116814E-21
  0.137500003      0.137500003       3.02116814E-21
  0.162499994      0.137500003       3.02116814E-21
  0.187500000      0.137500003       3.02116814E-21
  0.212500006      0.137500003       3.02116814E-21
  0.237500012      0.137500003       3.02116814E-21
  0.262499988      0.137500003       3.02116814E-21
  0.287500024      0.137500003       3.02116814E-21
  0.312500000      0.137500003       3.02116814E-21
  0.337500006      0.137500003       3.02116814E-21
  0.362500012      0.137500003       3.02116814E-21
  0.387499988      0.137500003       3.02116814E-21
  0.412500024      0.137500003       3.02116814E-21
  0.437500000      0.137500003       3.02116814E-21
  0.462500006      0.137500003       3.02116814E-21
  0.487500012      0.137500003       3.02116814E-21
  0.512500048      0.137500003       3.02116814E-21
  0.537500024      0.137500003       3.02116814E-21
  0.562500000      0.137500003       3.02116814E-21
  0.587499976      0.137500003       3.02116814E-21
  0.612500012      0.137500003       3.02116814E-21
  0.637500048      0.137500003       3.02116814E-21
  0.662500024      0.137500003       3.02116854E-21
  0.687500000      0.137500003       3.02116914E-21
  0.712499976      0.137500003       3.02117116E-21
  0.737500012      0.137500003       3.02118146E-21
  0.762500048      0.137500003       3.02121519E-21
  0.787500024      0.137500003       3.02133151E-21
  0.812500000      0.137500003       3.02169987E-21
  0.837499976      0.137500003       3.02278170E-21
  0.862500012      0.137500003       3.02570066E-21
  0.887500048      0.137500003       3.03287508E-21
  0.912500024      0.137500003       3.04879952E-21
  0.937500000      0.137500003       3.08043756E-21
  0.962499976      0.137500003       3.13625125E-21
  0.987500012      0.137500003       3.22422058E-21
   1.00000000      0.137500003       3.22422058E-21
 
   0.00000000      0.162499994       2.16580619E-20
   1.25000002E-02  0.162499994       2.16580619E-20
   3.75000015E-02  0.162499994       2.16580587E-20
   6.25000000E-02  0.162499994       2.16580554E-20
   8.75000060E-02  0.162499994       2.16580538E-20
  0.112499997      0.162499994       2.16580538E-20
  0.137500003      0.162499994       2.16580538E-20
  0.162499994      0.162499994       2.16580538E-20
  0.187500000      0.162499994       2.16580538E-20
  0.212500006      0.162499994       2.16580538E-20
  0.237500012      0.162499994       2.16580538E-20
  0.262499988      0.162499994       2.16580538E-20
  0.287500024      0.162499994       2.16580538E-20
  0.312500000      0.162499994       2.16580538E-20
  0.337500006      0.162499994       2.16580538E-20
  0.362500012      0.162499994       2.16580538E-20
  0.387499988      0.162499994       2.16580538E-20
  0.412500024      0.162499994       2.16580538E-20
  0.437500000      0.162499994       2.16580538E-20
  0.462500006      0.162499994       2.16580538E-20
  0.487500012      0.162499994       2.16580538E-20
  0.512500048      0.162499994       2.16580538E-20
  0.537500024      0.162499994       2.16580538E-20
  0.562500000      0.162499994       2.16580538E-20
  0.587499976      0.162499994       2.16580538E-20
  0.612500012      0.162499994       2.16580538E-20
  0.637500048      0.162499994       2.16580538E-20
  0.662500024      0.162499994       2.16580587E-20
  0.687500000      0.162499994       2.16580651E-20
  0.712499976      0.162499994       2.16580829E-20
  0.737500012      0.162499994       2.16581718E-20
  0.762500048      0.162499994       2.16584626E-20
  0.787500024      0.162499994       2.16594481E-20
  0.812500000      0.162499994       2.16625096E-20
  0.837499976      0.162499994       2.16713356E-20
  0.862500012      0.162499994       2.16946582E-20
  0.887500048      0.162499994       2.17508225E-20
  0.912500024      0.162499994       2.18729059E-20
  0.937500000      0.162499994       2.21103811E-20
  0.962499976      0.162499994       2.25206465E-20
  0.987500012      0.162499994       2.31547289E-20
   1.00000000      0.162499994       2.31547289E-20
 
   0.00000000      0.187500000       1.52090119E-19
   1.25000002E-02  0.187500000       1.52090119E-19
   3.75000015E-02  0.187500000       1.52090093E-19
   6.25000000E-02  0.187500000       1.52090080E-19
   8.75000060E-02  0.187500000       1.52090080E-19
  0.112499997      0.187500000       1.52090080E-19
  0.137500003      0.187500000       1.52090080E-19
  0.162499994      0.187500000       1.52090080E-19
  0.187500000      0.187500000       1.52090080E-19
  0.212500006      0.187500000       1.52090080E-19
  0.237500012      0.187500000       1.52090080E-19
  0.262499988      0.187500000       1.52090080E-19
  0.287500024      0.187500000       1.52090080E-19
  0.312500000      0.187500000       1.52090080E-19
  0.337500006      0.187500000       1.52090080E-19
  0.362500012      0.187500000       1.52090080E-19
  0.387499988      0.187500000       1.52090080E-19
  0.412500024      0.187500000       1.52090080E-19
  0.437500000      0.187500000       1.52090080E-19
  0.462500006      0.187500000       1.52090080E-19
  0.487500012      0.187500000       1.52090080E-19
  0.512500048      0.187500000       1.52090080E-19
  0.537500024      0.187500000       1.52090080E-19
  0.562500000      0.187500000       1.52090080E-19
  0.587499976      0.187500000       1.52090080E-19
  0.612500012      0.187500000       1.52090080E-19
  0.637500048      0.187500000       1.52090080E-19
  0.662500024      0.187500000       1.52090093E-19
  0.687500000      0.187500000       1.52090145E-19
  0.712499976      0.187500000       1.52090326E-19
  0.737500012      0.187500000       1.52091063E-19
  0.762500048      0.187500000       1.52093544E-19
  0.787500024      0.187500000       1.52101751E-19
  0.812500000      0.187500000       1.52126761E-19
  0.837499976      0.187500000       1.52197407E-19
  0.862500012      0.187500000       1.52380188E-19
  0.887500048      0.187500000       1.52811110E-19
  0.912500024      0.187500000       1.53727678E-19
  0.937500000      0.187500000       1.55471969E-19
  0.962499976      0.187500000       1.58421166E-19
  0.987500012      0.187500000       1.62888329E-19
   1.00000000      0.187500000       1.62888329E-19
 
   0.00000000      0.212500006       1.04544132E-18
   1.25000002E-02  0.212500006       1.04544132E-18
   3.75000015E-02  0.212500006       1.04544121E-18
   6.25000000E-02  0.212500006       1.04544090E-18
   8.75000060E-02  0.212500006       1.04544090E-18
  0.112499997      0.212500006       1.04544090E-18
  0.137500003      0.212500006       1.04544090E-18
  0.162499994      0.212500006       1.04544090E-18
  0.187500000      0.212500006       1.04544090E-18
  0.212500006      0.212500006       1.04544090E-18
  0.237500012      0.212500006       1.04544090E-18
  0.262499988      0.212500006       1.04544090E-18
  0.287500024      0.212500006       1.04544090E-18
  0.312500000      0.212500006       1.04544090E-18
  0.337500006      0.212500006       1.04544090E-18
  0.362500012      0.212500006       1.04544090E-18
  0.387499988      0.212500006       1.04544090E-18
  0.412500024      0.212500006       1.04544090E-18
  0.437500000      0.212500006       1.04544090E-18
  0.462500006      0.212500006       1.04544090E-18
  0.487500012      0.212500006       1.04544090E-18
  0.512500048      0.212500006       1.04544090E-18
  0.537500024      0.212500006       1.04544090E-18
  0.562500000      0.212500006       1.04544090E-18
  0.587499976      0.212500006       1.04544090E-18
  0.612500012      0.212500006       1.04544090E-18
  0.637500048      0.212500006       1.04544090E-18
  0.662500024      0.212500006       1.04544111E-18
  0.687500000      0.212500006       1.04544152E-18
  0.712499976      0.212500006       1.04544307E-18
  0.737500012      0.212500006       1.04544938E-18
  0.762500048      0.212500006       1.04547006E-18
  0.787500024      0.212500006       1.04553717E-18
  0.812500000      0.212500006       1.04573745E-18
  0.837499976      0.212500006       1.04629176E-18
  0.862500012      0.212500006       1.04769590E-18
  0.887500048      0.212500006       1.05093349E-18
  0.912500024      0.212500006       1.05766663E-18
  0.937500000      0.212500006       1.07019346E-18
  0.962499976      0.212500006       1.09090575E-18
  0.987500012      0.212500006       1.12163530E-18
   1.00000000      0.212500006       1.12163530E-18
 
   0.00000000      0.237500012       7.02872820E-18
   1.25000002E-02  0.237500012       7.02872820E-18
   3.75000015E-02  0.237500012       7.02872737E-18
   6.25000000E-02  0.237500012       7.02872572E-18
   8.75000060E-02  0.237500012       7.02872572E-18
  0.112499997      0.237500012       7.02872572E-18
  0.137500003      0.237500012       7.02872572E-18
  0.162499994      0.237500012       7.02872572E-18
  0.187500000      0.237500012       7.02872572E-18
  0.212500006      0.237500012       7.02872572E-18
  0.237500012      0.237500012       7.02872572E-18
  0.262499988      0.237500012       7.02872572E-18
  0.287500024      0.237500012       7.02872572E-18
  0.312500000      0.237500012       7.02872572E-18
  0.337500006      0.237500012       7.02872572E-18
  0.362500012      0.237500012       7.02872572E-18
  0.387499988      0.237500012       7.02872572E-18
  0.412500024      0.237500012       7.02872572E-18
  0.437500000      0.237500012       7.02872572E-18
  0.462500006      0.237500012       7.02872572E-18
  0.487500012      0.237500012       7.02872572E-18
  0.512500048      0.237500012       7.02872572E-18
  0.537500024      0.237500012       7.02872572E-18
  0.562500000      0.237500012       7.02872572E-18
  0.587499976      0.237500012       7.02872572E-18
  0.612500012      0.237500012       7.02872572E-18
  0.637500048      0.237500012       7.02872572E-18
  0.662500024      0.237500012       7.02872655E-18
  0.687500000      0.237500012       7.02873068E-18
  0.712499976      0.237500012       7.02874392E-18
  0.737500012      0.237500012       7.02879520E-18
  0.762500048      0.237500012       7.02896560E-18
  0.787500024      0.237500012       7.02950410E-18
  0.812500000      0.237500012       7.03107905E-18
  0.837499976      0.237500012       7.03534068E-18
  0.862500012      0.237500012       7.04590212E-18
  0.887500048      0.237500012       7.06970176E-18
  0.912500024      0.237500012       7.11805626E-18
  0.937500000      0.237500012       7.20592683E-18
  0.962499976      0.237500012       7.34789088E-18
  0.987500012      0.237500012       7.55407640E-18
   1.00000000      0.237500012       7.55407640E-18
 
   0.00000000      0.262499988       4.61820428E-17
   1.25000002E-02  0.262499988       4.61820428E-17
   3.75000015E-02  0.262499988       4.61820329E-17
   6.25000000E-02  0.262499988       4.61820230E-17
   8.75000060E-02  0.262499988       4.61820197E-17
  0.112499997      0.262499988       4.61820197E-17
  0.137500003      0.262499988       4.61820197E-17
  0.162499994      0.262499988       4.61820197E-17
  0.187500000      0.262499988       4.61820197E-17
  0.212500006      0.262499988       4.61820197E-17
  0.237500012      0.262499988       4.61820197E-17
  0.262499988      0.262499988       4.61820197E-17
  0.287500024      0.262499988       4.61820197E-17
  0.312500000      0.262499988       4.61820197E-17
  0.337500006      0.262499988       4.61820197E-17
  0.362500012      0.262499988       4.61820197E-17
  0.387499988      0.262499988       4.61820197E-17
  0.412500024      0.262499988       4.61820197E-17
  0.437500000      0.262499988       4.61820197E-17
  0.462500006      0.262499988       4.61820197E-17
  0.487500012      0.262499988       4.61820197E-17
  0.512500048      0.262499988       4.61820197E-17
  0.537500024      0.262499988       4.61820197E-17
  0.562500000      0.262499988       4.61820197E-17
  0.587499976      0.262499988       4.61820197E-17
  0.612500012      0.262499988       4.61820230E-17
  0.637500048      0.262499988       4.61820230E-17
  0.662500024      0.262499988       4.61820296E-17
  0.687500000      0.262499988       4.61820627E-17
  0.712499976      0.262499988       4.61821818E-17
  0.737500012      0.262499988       4.61825987E-17
  0.762500048      0.262499988       4.61839685E-17
  0.787500024      0.262499988       4.61882037E-17
  0.812500000      0.262499988       4.62003368E-17
  0.837499976      0.262499988       4.62324281E-17
  0.862500012      0.262499988       4.63101400E-17
  0.887500048      0.262499988       4.64811447E-17
  0.912500024      0.262499988       4.68202722E-17
  0.937500000      0.262499988       4.74216723E-17
  0.962499976      0.262499988       4.83702433E-17
  0.987500012      0.262499988       4.97180845E-17
   1.00000000      0.262499988       4.97180845E-17
 
   0.00000000      0.287500024       2.96283311E-16
   1.25000002E-02  0.287500024       2.96283311E-16
   3.75000015E-02  0.287500024       2.96283231E-16
   6.25000000E-02  0.287500024       2.96283205E-16
   8.75000060E-02  0.287500024       2.96283178E-16
  0.112499997      0.287500024       2.96283178E-16
  0.137500003      0.287500024       2.96283178E-16
  0.162499994      0.287500024       2.96283178E-16
  0.187500000      0.287500024       2.96283178E-16
  0.212500006      0.287500024       2.96283178E-16
  0.237500012      0.287500024       2.96283178E-16
  0.262499988      0.287500024       2.96283178E-16
  0.287500024      0.287500024       2.96283178E-16
  0.312500000      0.287500024       2.96283178E-16
  0.337500006      0.287500024       2.96283178E-16
  0.362500012      0.287500024       2.96283178E-16
  0.387499988      0.287500024       2.96283178E-16
  0.412500024      0.287500024       2.96283178E-16
  0.437500000      0.287500024       2.96283178E-16
  0.462500006      0.287500024       2.96283178E-16
  0.487500012      0.287500024       2.96283178E-16
  0.512500048      0.287500024       2.96283178E-16
  0.537500024      0.287500024       2.96283178E-16
  0.562500000      0.287500024       2.96283178E-16
  0.587499976      0.287500024       2.96283178E-16
  0.612500012      0.287500024       2.96283205E-16
  0.637500048      0.287500024       2.96283205E-16
  0.662500024      0.287500024       2.96283231E-16
  0.687500000      0.287500024       2.96283522E-16
  0.712499976      0.287500024       2.96284528E-16
  0.737500012      0.287500024       2.96287890E-16
  0.762500048      0.287500024       2.96298689E-16
  0.787500024      0.287500024       2.96331300E-16
  0.812500000      0.287500024       2.96422859E-16
  0.837499976      0.287500024       2.96659234E-16
  0.862500012      0.287500024       2.97218197E-16
  0.887500048      0.287500024       2.98418019E-16
  0.912500024      0.287500024       3.00738174E-16
  0.937500000      0.287500024       3.04749405E-16
  0.962499976      0.287500024       3.10920463E-16
  0.987500012      0.287500024       3.19493919E-16
   1.00000000      0.287500024       3.19493919E-16
 
   0.00000000      0.312500000       1.85427032E-15
   1.25000002E-02  0.312500000       1.85427032E-15
   3.75000015E-02  0.312500000       1.85427011E-15
   6.25000000E-02  0.312500000       1.85426989E-15
   8.75000060E-02  0.312500000       1.85426968E-15
  0.112499997      0.312500000       1.85426968E-15
  0.137500003      0.312500000       1.85426968E-15
  0.162499994      0.312500000       1.85426968E-15
  0.187500000      0.312500000       1.85426968E-15
  0.212500006      0.312500000       1.85426968E-15
  0.237500012      0.312500000       1.85426968E-15
  0.262499988      0.312500000       1.85426968E-15
  0.287500024      0.312500000       1.85426968E-15
  0.312500000      0.312500000       1.85426968E-15
  0.337500006      0.312500000       1.85426968E-15
  0.362500012      0.312500000       1.85426968E-15
  0.387499988      0.312500000       1.85426968E-15
  0.412500024      0.312500000       1.85426968E-15
  0.437500000      0.312500000       1.85426968E-15
  0.462500006      0.312500000       1.85426968E-15
  0.487500012      0.312500000       1.85426968E-15
  0.512500048      0.312500000       1.85426968E-15
  0.537500024      0.312500000       1.85426968E-15
  0.562500000      0.312500000       1.85426968E-15
  0.587499976      0.312500000       1.85426968E-15
  0.612500012      0.312500000       1.85426989E-15
  0.637500048      0.312500000       1.85426989E-15
  0.662500024      0.312500000       1.85427011E-15
  0.687500000      0.312500000       1.85427265E-15
  0.712499976      0.312500000       1.85428048E-15
  0.737500012      0.312500000       1.85430695E-15
  0.762500048      0.312500000       1.85439038E-15
  0.787500024      0.312500000       1.85463708E-15
  0.812500000      0.312500000       1.85531259E-15
  0.837499976      0.312500000       1.85701470E-15
  0.862500012      0.312500000       1.86093964E-15
  0.887500048      0.312500000       1.86915120E-15
  0.912500024      0.312500000       1.88461718E-15
  0.937500000      0.312500000       1.91065667E-15
  0.962499976      0.312500000       1.94969197E-15
  0.987500012      0.312500000       2.00268362E-15
   1.00000000      0.312500000       2.00268362E-15
 
   0.00000000      0.337500006       1.13093688E-14
   1.25000002E-02  0.337500006       1.13093688E-14
   3.75000015E-02  0.337500006       1.13093662E-14
   6.25000000E-02  0.337500006       1.13093662E-14
   8.75000060E-02  0.337500006       1.13093662E-14
  0.112499997      0.337500006       1.13093662E-14
  0.137500003      0.337500006       1.13093662E-14
  0.162499994      0.337500006       1.13093662E-14
  0.187500000      0.337500006       1.13093662E-14
  0.212500006      0.337500006       1.13093662E-14
  0.237500012      0.337500006       1.13093662E-14
  0.262499988      0.337500006       1.13093662E-14
  0.287500024      0.337500006       1.13093662E-14
  0.312500000      0.337500006       1.13093662E-14
  0.337500006      0.337500006       1.13093662E-14
  0.362500012      0.337500006       1.13093662E-14
  0.387499988      0.337500006       1.13093662E-14
  0.412500024      0.337500006       1.13093662E-14
  0.437500000      0.337500006       1.13093662E-14
  0.462500006      0.337500006       1.13093662E-14
  0.487500012      0.337500006       1.13093662E-14
  0.512500048      0.337500006       1.13093662E-14
  0.537500024      0.337500006       1.13093662E-14
  0.562500000      0.337500006       1.13093662E-14
  0.587499976      0.337500006       1.13093662E-14
  0.612500012      0.337500006       1.13093679E-14
  0.637500048      0.337500006       1.13093688E-14
  0.662500024      0.337500006       1.13093713E-14
  0.687500000      0.337500006       1.13093891E-14
  0.712499976      0.337500006       1.13094518E-14
  0.737500012      0.337500006       1.13096576E-14
  0.762500048      0.337500006       1.13102861E-14
  0.787500024      0.337500006       1.13121098E-14
  0.812500000      0.337500006       1.13169811E-14
  0.837499976      0.337500006       1.13289496E-14
  0.862500012      0.337500006       1.13558311E-14
  0.887500048      0.337500006       1.14105799E-14
  0.912500024      0.337500006       1.15108957E-14
  0.937500000      0.337500006       1.16751811E-14
  0.962499976      0.337500006       1.19149016E-14
  0.987500012      0.337500006       1.22327050E-14
   1.00000000      0.337500006       1.22327050E-14
 
   0.00000000      0.362500012       6.71493500E-14
   1.25000002E-02  0.362500012       6.71493500E-14
   3.75000015E-02  0.362500012       6.71493433E-14
   6.25000000E-02  0.362500012       6.71493365E-14
   8.75000060E-02  0.362500012       6.71493365E-14
  0.112499997      0.362500012       6.71493365E-14
  0.137500003      0.362500012       6.71493365E-14
  0.162499994      0.362500012       6.71493365E-14
  0.187500000      0.362500012       6.71493365E-14
  0.212500006      0.362500012       6.71493365E-14
  0.237500012      0.362500012       6.71493365E-14
  0.262499988      0.362500012       6.71493365E-14
  0.287500024      0.362500012       6.71493365E-14
  0.312500000      0.362500012       6.71493365E-14
  0.337500006      0.362500012       6.71493365E-14
  0.362500012      0.362500012       6.71493365E-14
  0.387499988      0.362500012       6.71493365E-14
  0.412500024      0.362500012       6.71493365E-14
  0.437500000      0.362500012       6.71493365E-14
  0.462500006      0.362500012       6.71493365E-14
  0.487500012      0.362500012       6.71493365E-14
  0.512500048      0.362500012       6.71493365E-14
  0.537500024      0.362500012       6.71493365E-14
  0.562500000      0.362500012       6.71493365E-14
  0.587499976      0.362500012       6.71493365E-14
  0.612500012      0.362500012       6.71493500E-14
  0.637500048      0.362500012       6.71493568E-14
  0.662500024      0.362500012       6.71493907E-14
  0.687500000      0.362500012       6.71495398E-14
  0.712499976      0.362500012       6.71500141E-14
  0.737500012      0.362500012       6.71515591E-14
  0.762500048      0.362500012       6.71562280E-14
  0.787500024      0.362500012       6.71693942E-14
  0.812500000      0.362500012       6.72036754E-14
  0.837499976      0.362500012       6.72857359E-14
  0.862500012      0.362500012       6.74651036E-14
  0.887500048      0.362500012       6.78202272E-14
  0.912500024      0.362500012       6.84524391E-14
  0.937500000      0.362500012       6.94581992E-14
  0.962499976      0.362500012       7.08850703E-14
  0.987500012      0.362500012       7.27313514E-14
   1.00000000      0.362500012       7.27313514E-14
 
   0.00000000      0.387499988       3.87695057E-13
   1.25000002E-02  0.387499988       3.87695057E-13
   3.75000015E-02  0.387499988       3.87695003E-13
   6.25000000E-02  0.387499988       3.87694976E-13
   8.75000060E-02  0.387499988       3.87694976E-13
  0.112499997      0.387499988       3.87694976E-13
  0.137500003      0.387499988       3.87694976E-13
  0.162499994      0.387499988       3.87694976E-13
  0.187500000      0.387499988       3.87694976E-13
  0.212500006      0.387499988       3.87694976E-13
  0.237500012      0.387499988       3.87694976E-13
  0.262499988      0.387499988       3.87694976E-13
  0.287500024      0.387499988       3.87694976E-13
  0.312500000      0.387499988       3.87694976E-13
  0.337500006      0.387499988       3.87694976E-13
  0.362500012      0.387499988       3.87694976E-13
  0.387499988      0.387499988       3.87694976E-13
  0.412500024      0.387499988       3.87694976E-13
  0.437500000      0.387499988       3.87694976E-13
  0.462500006      0.387499988       3.87694976E-13
  0.487500012      0.387499988       3.87694976E-13
  0.512500048      0.387499988       3.87694976E-13
  0.537500024      0.387499988       3.87694976E-13
  0.562500000      0.387499988       3.87694976E-13
  0.587499976      0.387499988       3.87694976E-13
  0.612500012      0.387499988       3.87695030E-13
  0.637500048      0.387499988       3.87695111E-13
  0.662500024      0.387499988       3.87695355E-13
  0.687500000      0.387499988       3.87696521E-13
  0.712499976      0.387499988       3.87700153E-13
  0.737500012      0.387499988       3.87711618E-13
  0.762500048      0.387499988       3.87745418E-13
  0.787500024      0.387499988       3.87838226E-13
  0.812500000      0.387499988       3.88073579E-13
  0.837499976      0.387499988       3.88621779E-13
  0.862500012      0.387499988       3.89785941E-13
  0.887500048      0.387499988       3.92023680E-13
  0.912500024      0.387499988       3.95888400E-13
  0.937500000      0.387499988       4.01852732E-13
  0.962499976      0.387499988       4.10069331E-13
  0.987500012      0.387499988       4.20440972E-13
   1.00000000      0.387499988       4.20440972E-13
 
   0.00000000      0.412500024       2.17398191E-12
   1.25000002E-02  0.412500024       2.17398191E-12
   3.75000015E-02  0.412500024       2.17398148E-12
   6.25000000E-02  0.412500024       2.17398126E-12
   8.75000060E-02  0.412500024       2.17398126E-12
  0.112499997      0.412500024       2.17398126E-12
  0.137500003      0.412500024       2.17398126E-12
  0.162499994      0.412500024       2.17398126E-12
  0.187500000      0.412500024       2.17398126E-12
  0.212500006      0.412500024       2.17398126E-12
  0.237500012      0.412500024       2.17398126E-12
  0.262499988      0.412500024       2.17398126E-12
  0.287500024      0.412500024       2.17398126E-12
  0.312500000      0.412500024       2.17398126E-12
  0.337500006      0.412500024       2.17398126E-12
  0.362500012      0.412500024       2.17398126E-12
  0.387499988      0.412500024       2.17398126E-12
  0.412500024      0.412500024       2.17398126E-12
  0.437500000      0.412500024       2.17398126E-12
  0.462500006      0.412500024       2.17398126E-12
  0.487500012      0.412500024       2.17398126E-12
  0.512500048      0.412500024       2.17398126E-12
  0.537500024      0.412500024       2.17398126E-12
  0.562500000      0.412500024       2.17398126E-12
  0.587499976      0.412500024       2.17398126E-12
  0.612500012      0.412500024       2.17398170E-12
  0.637500048      0.412500024       2.17398213E-12
  0.662500024      0.412500024       2.17398430E-12
  0.687500000      0.412500024       2.17399297E-12
  0.712499976      0.412500024       2.17402008E-12
  0.737500012      0.412500024       2.17410335E-12
  0.762500048      0.412500024       2.17434187E-12
  0.787500024      0.412500024       2.17498003E-12
  0.812500000      0.412500024       2.17655408E-12
  0.837499976      0.412500024       2.18011568E-12
  0.862500012      0.412500024       2.18745530E-12
  0.887500048      0.412500024       2.20113034E-12
  0.912500024      0.412500024       2.22400570E-12
  0.937500000      0.412500024       2.25819754E-12
  0.962499976      0.412500024       2.30387671E-12
  0.987500012      0.412500024       2.36010538E-12
   1.00000000      0.412500024       2.36010538E-12
 
   0.00000000      0.437500000       1.18242239E-11
   1.25000002E-02  0.437500000       1.18242239E-11
   3.75000015E-02  0.437500000       1.18242222E-11
   6.25000000E-02  0.437500000       1.18242187E-11
   8.75000060E-02  0.437500000       1.18242187E-11
  0.112499997      0.437500000       1.18242187E-11
  0.137500003      0.437500000       1.18242187E-11
  0.162499994      0.437500000       1.18242187E-11
  0.187500000      0.437500000       1.18242187E-11
  0.212500006      0.437500000       1.18242187E-11
  0.237500012      0.437500000       1.18242187E-11
  0.262499988      0.437500000       1.18242187E-11
  0.287500024      0.437500000       1.18242187E-11
  0.312500000      0.437500000       1.18242187E-11
  0.337500006      0.437500000       1.18242187E-11
  0.362500012      0.437500000       1.18242187E-11
  0.387499988      0.437500000       1.18242187E-11
  0.412500024      0.437500000       1.18242187E-11
  0.437500000      0.437500000       1.18242187E-11
  0.462500006      0.437500000       1.18242187E-11
  0.487500012      0.437500000       1.18242187E-11
  0.512500048      0.437500000       1.18242187E-11
  0.537500024      0.437500000       1.18242187E-11
  0.562500000      0.437500000       1.18242187E-11
  0.587499976      0.437500000       1.18242187E-11
  0.612500012      0.437500000       1.18242239E-11
  0.637500048      0.437500000       1.18242256E-11
  0.662500024      0.437500000       1.18242447E-11
  0.687500000      0.437500000       1.18243080E-11
  0.712499976      0.437500000       1.18245058E-11
  0.737500012      0.437500000       1.18250930E-11
  0.762500048      0.437500000       1.18267384E-11
  0.787500024      0.437500000       1.18310110E-11
  0.812500000      0.437500000       1.18412511E-11
  0.837499976      0.437500000       1.18637261E-11
  0.862500012      0.437500000       1.19085974E-11
  0.887500048      0.437500000       1.19894910E-11
  0.912500024      0.437500000       1.21203160E-11
  0.937500000      0.437500000       1.23093783E-11
  0.962499976      0.437500000       1.25539761E-11
  0.987500012      0.437500000       1.28475381E-11
   1.00000000      0.437500000       1.28475381E-11
 
   0.00000000      0.462500006       6.22920049E-11
   1.25000002E-02  0.462500006       6.22920049E-11
   3.75000015E-02  0.462500006       6.22919771E-11
   6.25000000E-02  0.462500006       6.22919771E-11
   8.75000060E-02  0.462500006       6.22919771E-11
  0.112499997      0.462500006       6.22919771E-11
  0.137500003      0.462500006       6.22919771E-11
  0.162499994      0.462500006       6.22919771E-11
  0.187500000      0.462500006       6.22919771E-11
  0.212500006      0.462500006       6.22919771E-11
  0.237500012      0.462500006       6.22919771E-11
  0.262499988      0.462500006       6.22919771E-11
  0.287500024      0.462500006       6.22919771E-11
  0.312500000      0.462500006       6.22919771E-11
  0.337500006      0.462500006       6.22919771E-11
  0.362500012      0.462500006       6.22919771E-11
  0.387499988      0.462500006       6.22919771E-11
  0.412500024      0.462500006       6.22919771E-11
  0.437500000      0.462500006       6.22919771E-11
  0.462500006      0.462500006       6.22919771E-11
  0.487500012      0.462500006       6.22919771E-11
  0.512500048      0.462500006       6.22919771E-11
  0.537500024      0.462500006       6.22919771E-11
  0.562500000      0.462500006       6.22919771E-11
  0.587499976      0.462500006       6.22919771E-11
  0.612500012      0.462500006       6.22919979E-11
  0.637500048      0.462500006       6.22920326E-11
  0.662500024      0.462500006       6.22921645E-11
  0.687500000      0.462500006       6.22926224E-11
  0.712499976      0.462500006       6.22940241E-11
  0.737500012      0.462500006       6.22980625E-11
  0.762500048      0.462500006       6.23091162E-11
  0.787500024      0.462500006       6.23369620E-11
  0.812500000      0.462500006       6.24016602E-11
  0.837499976      0.462500006       6.25391822E-11
  0.862500012      0.462500006       6.28046712E-11
  0.887500048      0.462500006       6.32668848E-11
  0.912500024      0.462500006       6.39881065E-11
  0.937500000      0.462500006       6.49938575E-11
  0.962499976      0.462500006       6.62519831E-11
  0.987500012      0.462500006       6.77244788E-11
   1.00000000      0.462500006       6.77244788E-11
 
   0.00000000      0.487500012       3.17380455E-10
   1.25000002E-02  0.487500012       3.17380455E-10
   3.75000015E-02  0.487500012       3.17380316E-10
   6.25000000E-02  0.487500012       3.17380316E-10
   8.75000060E-02  0.487500012       3.17380316E-10
  0.112499997      0.487500012       3.17380316E-10
  0.137500003      0.487500012       3.17380316E-10
  0.162499994      0.487500012       3.17380316E-10
  0.187500000      0.487500012       3.17380316E-10
  0.212500006      0.487500012       3.17380316E-10
  0.237500012      0.487500012       3.17380316E-10
  0.262499988      0.487500012       3.17380316E-10
  0.287500024      0.487500012       3.17380316E-10
  0.312500000      0.487500012       3.17380316E-10
  0.337500006      0.487500012       3.17380316E-10
  0.362500012      0.487500012       3.17380316E-10
  0.387499988      0.487500012       3.17380316E-10
  0.412500024      0.487500012       3.17380316E-10
  0.437500000      0.487500012       3.17380316E-10
  0.462500006      0.487500012       3.17380316E-10
  0.487500012      0.487500012       3.17380316E-10
  0.512500048      0.487500012       3.17380316E-10
  0.537500024      0.487500012       3.17380316E-10
  0.562500000      0.487500012       3.17380316E-10
  0.587499976      0.487500012       3.17380344E-10
  0.612500012      0.487500012       3.17380455E-10
  0.637500048      0.487500012       3.17380705E-10
  0.662500024      0.487500012       3.17381760E-10
  0.687500000      0.487500012       3.17384979E-10
  0.712499976      0.487500012       3.17394611E-10
  0.737500012      0.487500012       3.17421756E-10
  0.762500048      0.487500012       3.17493920E-10
  0.787500024      0.487500012       3.17670112E-10
  0.812500000      0.487500012       3.18066490E-10
  0.837499976      0.487500012       3.18880838E-10
  0.862500012      0.487500012       3.20397875E-10
  0.887500048      0.487500012       3.22942534E-10
  0.912500024      0.487500012       3.26764588E-10
  0.937500000      0.487500012       3.31896483E-10
  0.962499976      0.487500012       3.38094136E-10
  0.987500012      0.487500012       3.45172363E-10
   1.00000000      0.487500012       3.45172363E-10
 
   0.00000000      0.512500048       1.56138724E-09
   1.25000002E-02  0.512500048       1.56138724E-09
   3.75000015E-02  0.512500048       1.56138646E-09
   6.25000000E-02  0.512500048       1.56138646E-09
   8.75000060E-02  0.512500048       1.56138646E-09
  0.112499997      0.512500048       1.56138646E-09
  0.137500003      0.512500048       1.56138646E-09
  0.162499994      0.512500048       1.56138646E-09
  0.187500000      0.512500048       1.56138646E-09
  0.212500006      0.512500048       1.56138646E-09
  0.237500012      0.512500048       1.56138646E-09
  0.262499988      0.512500048       1.56138646E-09
  0.287500024      0.512500048       1.56138646E-09
  0.312500000      0.512500048       1.56138646E-09
  0.337500006      0.512500048       1.56138646E-09
  0.362500012      0.512500048       1.56138646E-09
  0.387499988      0.512500048       1.56138646E-09
  0.412500024      0.512500048       1.56138646E-09
  0.437500000      0.512500048       1.56138646E-09
  0.462500006      0.512500048       1.56138646E-09
  0.487500012      0.512500048       1.56138646E-09
  0.512500048      0.512500048       1.56138646E-09
  0.537500024      0.512500048       1.56138646E-09
  0.562500000      0.512500048       1.56138646E-09
  0.587499976      0.512500048       1.56138658E-09
  0.612500012      0.512500048       1.56138724E-09
  0.637500048      0.512500048       1.56138924E-09
  0.662500024      0.512500048       1.56139635E-09
  0.687500000      0.512500048       1.56141866E-09
  0.712499976      0.512500048       1.56148305E-09
  0.737500012      0.512500048       1.56166102E-09
  0.762500048      0.512500048       1.56211810E-09
  0.787500024      0.512500048       1.56319935E-09
  0.812500000      0.512500048       1.56554958E-09
  0.837499976      0.512500048       1.57020608E-09
  0.862500012      0.512500048       1.57855640E-09
  0.887500048      0.512500048       1.59201619E-09
  0.912500024      0.512500048       1.61142422E-09
  0.937500000      0.512500048       1.63645364E-09
  0.962499976      0.512500048       1.66558967E-09
  0.987500012      0.512500048       1.69810832E-09
   1.00000000      0.512500048       1.69810832E-09
 
   0.00000000      0.537500024       7.43358219E-09
   1.25000002E-02  0.537500024       7.43358219E-09
   3.75000015E-02  0.537500024       7.43357953E-09
   6.25000000E-02  0.537500024       7.43357953E-09
   8.75000060E-02  0.537500024       7.43357953E-09
  0.112499997      0.537500024       7.43357953E-09
  0.137500003      0.537500024       7.43357953E-09
  0.162499994      0.537500024       7.43357953E-09
  0.187500000      0.537500024       7.43357953E-09
  0.212500006      0.537500024       7.43357953E-09
  0.237500012      0.537500024       7.43357953E-09
  0.262499988      0.537500024       7.43357953E-09
  0.287500024      0.537500024       7.43357953E-09
  0.312500000      0.537500024       7.43357953E-09
  0.337500006      0.537500024       7.43357953E-09
  0.362500012      0.537500024       7.43357953E-09
  0.387499988      0.537500024       7.43357953E-09
  0.412500024      0.537500024       7.43357953E-09
  0.437500000      0.537500024       7.43357953E-09
  0.462500006      0.537500024       7.43357953E-09
  0.487500012      0.537500024       7.43357953E-09
  0.512500048      0.537500024       7.43357953E-09
  0.537500024      0.537500024       7.43357953E-09
  0.562500000      0.537500024       7.43357953E-09
  0.587499976      0.537500024       7.43357953E-09
  0.612500012      0.537500024       7.43358264E-09
  0.637500048      0.537500024       7.43359063E-09
  0.662500024      0.537500024       7.43361950E-09
  0.687500000      0.537500024       7.43371320E-09
  0.712499976      0.537500024       7.43398365E-09
  0.737500012      0.537500024       7.43473327E-09
  0.762500048      0.537500024       7.43665884E-09
  0.787500024      0.537500024       7.44123341E-09
  0.812500000      0.537500024       7.45119788E-09
  0.837499976      0.537500024       7.47099005E-09
  0.862500012      0.537500024       7.50655538E-09
  0.887500048      0.537500024       7.56397345E-09
  0.912500024      0.537500024       7.64685026E-09
  0.937500000      0.537500024       7.75374875E-09
  0.962499976      0.537500024       7.87808574E-09
  0.987500012      0.537500024       8.01664957E-09
   1.00000000      0.537500024       8.01664957E-09
 
   0.00000000      0.562500000       3.40366419E-08
   1.25000002E-02  0.562500000       3.40366419E-08
   3.75000015E-02  0.562500000       3.40366348E-08
   6.25000000E-02  0.562500000       3.40366348E-08
   8.75000060E-02  0.562500000       3.40366348E-08
  0.112499997      0.562500000       3.40366348E-08
  0.137500003      0.562500000       3.40366348E-08
  0.162499994      0.562500000       3.40366348E-08
  0.187500000      0.562500000       3.40366348E-08
  0.212500006      0.562500000       3.40366348E-08
  0.237500012      0.562500000       3.40366348E-08
  0.262499988      0.562500000       3.40366348E-08
  0.287500024      0.562500000       3.40366348E-08
  0.312500000      0.562500000       3.40366348E-08
  0.337500006      0.562500000       3.40366348E-08
  0.362500012      0.562500000       3.40366348E-08
  0.387499988      0.562500000       3.40366348E-08
  0.412500024      0.562500000       3.40366348E-08
  0.437500000      0.562500000       3.40366348E-08
  0.462500006      0.562500000       3.40366348E-08
  0.487500012      0.562500000       3.40366348E-08
  0.512500048      0.562500000       3.40366348E-08
  0.537500024      0.562500000       3.40366348E-08
  0.562500000      0.562500000       3.40366348E-08
  0.587499976      0.562500000       3.40366348E-08
  0.612500012      0.562500000       3.40366491E-08
  0.637500048      0.562500000       3.40366775E-08
  0.662500024      0.562500000       3.40367876E-08
  0.687500000      0.562500000       3.40371571E-08
  0.712499976      0.562500000       3.40382300E-08
  0.737500012      0.562500000       3.40411823E-08
  0.762500048      0.562500000       3.40488242E-08
  0.787500024      0.562500000       3.40670567E-08
  0.812500000      0.562500000       3.41069253E-08
  0.837499976      0.562500000       3.41864315E-08
  0.862500012      0.562500000       3.43298190E-08
  0.887500048      0.562500000       3.45620670E-08
  0.912500024      0.562500000       3.48981892E-08
  0.937500000      0.562500000       3.53325724E-08
  0.962499976      0.562500000       3.58382053E-08
  0.987500012      0.562500000       3.64014738E-08
   1.00000000      0.562500000       3.64014738E-08
 
   0.00000000      0.587499976       1.49548313E-07
   1.25000002E-02  0.587499976       1.49548313E-07
   3.75000015E-02  0.587499976       1.49548313E-07
   6.25000000E-02  0.587499976       1.49548313E-07
   8.75000060E-02  0.587499976       1.49548313E-07
  0.112499997      0.587499976       1.49548313E-07
  0.137500003      0.587499976       1.49548313E-07
  0.162499994      0.587499976       1.49548313E-07
  0.187500000      0.587499976       1.49548313E-07
  0.212500006      0.587499976       1.49548313E-07
  0.237500012      0.587499976       1.49548313E-07
  0.262499988      0.587499976       1.49548313E-07
  0.287500024      0.587499976       1.49548313E-07
  0.312500000      0.587499976       1.49548313E-07
  0.337500006      0.587499976       1.49548313E-07
  0.362500012      0.587499976       1.49548313E-07
  0.387499988      0.587499976       1.49548313E-07
  0.412500024      0.587499976       1.49548313E-07
  0.437500000      0.587499976       1.49548313E-07
  0.462500006      0.587499976       1.49548313E-07
  0.487500012      0.587499976       1.49548313E-07
  0.512500048      0.587499976       1.49548313E-07
  0.537500024      0.587499976       1.49548313E-07
  0.562500000      0.587499976       1.49548313E-07
  0.587499976      0.587499976       1.49548313E-07
  0.612500012      0.587499976       1.49548356E-07
  0.637500048      0.587499976       1.49548484E-07
  0.662500024      0.587499976       1.49548882E-07
  0.687500000      0.587499976       1.49550232E-07
  0.712499976      0.587499976       1.49554268E-07
  0.737500012      0.587499976       1.49565395E-07
  0.762500048      0.587499976       1.49594243E-07
  0.787500024      0.587499976       1.49663407E-07
  0.812500000      0.587499976       1.49815278E-07
  0.837499976      0.587499976       1.50119277E-07
  0.862500012      0.587499976       1.50669621E-07
  0.887500048      0.587499976       1.51564038E-07
  0.912500024      0.587499976       1.52862015E-07
  0.937500000      0.587499976       1.54542761E-07
  0.962499976      0.587499976       1.56500946E-07
  0.987500012      0.587499976       1.58681644E-07
   1.00000000      0.587499976       1.58681644E-07
 
   0.00000000      0.612500012       6.29108115E-07
   1.25000002E-02  0.612500012       6.29108115E-07
   3.75000015E-02  0.612500012       6.29108115E-07
   6.25000000E-02  0.612500012       6.29108115E-07
   8.75000060E-02  0.612500012       6.29108115E-07
  0.112499997      0.612500012       6.29108115E-07
  0.137500003      0.612500012       6.29108115E-07
  0.162499994      0.612500012       6.29108115E-07
  0.187500000      0.612500012       6.29108115E-07
  0.212500006      0.612500012       6.29108115E-07
  0.237500012      0.612500012       6.29108115E-07
  0.262499988      0.612500012       6.29108115E-07
  0.287500024      0.612500012       6.29108115E-07
  0.312500000      0.612500012       6.29108115E-07
  0.337500006      0.612500012       6.29108115E-07
  0.362500012      0.612500012       6.29108115E-07
  0.387499988      0.612500012       6.29108115E-07
  0.412500024      0.612500012       6.29108115E-07
  0.437500000      0.612500012       6.29108115E-07
  0.462500006      0.612500012       6.29108115E-07
  0.487500012      0.612500012       6.29108115E-07
  0.512500048      0.612500012       6.29108115E-07
  0.537500024      0.612500012       6.29108115E-07
  0.562500000      0.612500012       6.29108115E-07
  0.587499976      0.612500012       6.29108115E-07
  0.612500012      0.612500012       6.29108229E-07
  0.637500048      0.612500012       6.29108797E-07
  0.662500024      0.612500012       6.29110161E-07
  0.687500000      0.612500012       6.29114993E-07
  0.712499976      0.612500012       6.29129261E-07
  0.737500012      0.612500012       6.29168937E-07
  0.762500048      0.612500012       6.29272563E-07
  0.787500024      0.612500012       6.29521537E-07
  0.812500000      0.612500012       6.30070815E-07
  0.837499976      0.612500012       6.31174657E-07
  0.862500012      0.612500012       6.33180036E-07
  0.887500048      0.612500012       6.36450238E-07
  0.912500024      0.612500012       6.41208771E-07
  0.937500000      0.612500012       6.47382365E-07
  0.962499976      0.612500012       6.54581640E-07
  0.987500012      0.612500012       6.62596619E-07
   1.00000000      0.612500012       6.62596619E-07
 
   0.00000000      0.637500048       2.52765972E-06
   1.25000002E-02  0.637500048       2.52765972E-06
   3.75000015E-02  0.637500048       2.52765972E-06
   6.25000000E-02  0.637500048       2.52765972E-06
   8.75000060E-02  0.637500048       2.52765972E-06
  0.112499997      0.637500048       2.52765972E-06
  0.137500003      0.637500048       2.52765972E-06
  0.162499994      0.637500048       2.52765972E-06
  0.187500000      0.637500048       2.52765972E-06
  0.212500006      0.637500048       2.52765972E-06
  0.237500012      0.637500048       2.52765972E-06
  0.262499988      0.637500048       2.52765972E-06
  0.287500024      0.637500048       2.52765972E-06
  0.312500000      0.637500048       2.52765972E-06
  0.337500006      0.637500048       2.52765972E-06
  0.362500012      0.637500048       2.52765972E-06
  0.387499988      0.637500048       2.52765972E-06
  0.412500024      0.637500048       2.52765972E-06
  0.437500000      0.637500048       2.52765972E-06
  0.462500006      0.637500048       2.52765972E-06
  0.487500012      0.637500048       2.52765972E-06
  0.512500048      0.637500048       2.52765972E-06
  0.537500024      0.637500048       2.52765972E-06
  0.562500000      0.637500048       2.52765972E-06
  0.587499976      0.637500048       2.52765972E-06
  0.612500012      0.637500048       2.52765994E-06
  0.637500048      0.637500048       2.52766154E-06
  0.662500024      0.637500048       2.52766677E-06
  0.687500000      0.637500048       2.52768291E-06
  0.712499976      0.637500048       2.52773043E-06
  0.737500012      0.637500048       2.52786504E-06
  0.762500048      0.637500048       2.52821678E-06
  0.787500024      0.637500048       2.52906534E-06
  0.812500000      0.637500048       2.53094481E-06
  0.837499976      0.637500048       2.53473740E-06
  0.862500012      0.637500048       2.54165184E-06
  0.887500048      0.637500048       2.55296368E-06
  0.912500024      0.637500048       2.56946737E-06
  0.937500000      0.637500048       2.59091780E-06
  0.962499976      0.637500048       2.61595346E-06
  0.987500012      0.637500048       2.64381856E-06
   1.00000000      0.637500048       2.64381856E-06
 
   0.00000000      0.662500024       9.67405595E-06
   1.25000002E-02  0.662500024       9.67405595E-06
   3.75000015E-02  0.662500024       9.67405595E-06
   6.25000000E-02  0.662500024       9.67405595E-06
   8.75000060E-02  0.662500024       9.67405595E-06
  0.112499997      0.662500024       9.67405595E-06
  0.137500003      0.662500024       9.67405595E-06
  0.162499994      0.662500024       9.67405595E-06
  0.187500000      0.662500024       9.67405595E-06
  0.212500006      0.662500024       9.67405595E-06
  0.237500012      0.662500024       9.67405595E-06
  0.262499988      0.662500024       9.67405595E-06
  0.287500024      0.662500024       9.67405595E-06
  0.312500000      0.662500024       9.67405595E-06
  0.337500006      0.662500024       9.67405595E-06
  0.362500012      0.662500024       9.67405595E-06
  0.387499988      0.662500024       9.67405595E-06
  0.412500024      0.662500024       9.67405595E-06
  0.437500000      0.662500024       9.67405595E-06
  0.462500006      0.662500024       9.67405595E-06
  0.487500012      0.662500024       9.67405595E-06
  0.512500048      0.662500024       9.67405595E-06
  0.537500024      0.662500024       9.67405595E-06
  0.562500000      0.662500024       9.67405595E-06
  0.587499976      0.662500024       9.67405595E-06
  0.612500012      0.662500024       9.67405595E-06
  0.637500048      0.662500024       9.67406049E-06
  0.662500024      0.662500024       9.67407686E-06
  0.687500000      0.662500024       9.67412780E-06
  0.712499976      0.662500024       9.67427968E-06
  0.737500012      0.662500024       9.67470714E-06
  0.762500048      0.662500024       9.67583401E-06
  0.787500024      0.662500024       9.67856067E-06
  0.812500000      0.662500024       9.68462609E-06
  0.837499976      0.662500024       9.69690700E-06
  0.862500012      0.662500024       9.71937607E-06
  0.887500048      0.662500024       9.75624971E-06
  0.912500024      0.662500024       9.81018275E-06
  0.937500000      0.662500024       9.88040301E-06
  0.962499976      0.662500024       9.96242034E-06
  0.987500012      0.662500024       1.00536790E-05
   1.00000000      0.662500024       1.00536790E-05
 
   0.00000000      0.687500000       3.51673116E-05
   1.25000002E-02  0.687500000       3.51673116E-05
   3.75000015E-02  0.687500000       3.51673116E-05
   6.25000000E-02  0.687500000       3.51673116E-05
   8.75000060E-02  0.687500000       3.51673116E-05
  0.112499997      0.687500000       3.51673116E-05
  0.137500003      0.687500000       3.51673116E-05
  0.162499994      0.687500000       3.51673116E-05
  0.187500000      0.687500000       3.51673116E-05
  0.212500006      0.687500000       3.51673116E-05
  0.237500012      0.687500000       3.51673116E-05
  0.262499988      0.687500000       3.51673116E-05
  0.287500024      0.687500000       3.51673116E-05
  0.312500000      0.687500000       3.51673116E-05
  0.337500006      0.687500000       3.51673116E-05
  0.362500012      0.687500000       3.51673116E-05
  0.387499988      0.687500000       3.51673116E-05
  0.412500024      0.687500000       3.51673116E-05
  0.437500000      0.687500000       3.51673116E-05
  0.462500006      0.687500000       3.51673116E-05
  0.487500012      0.687500000       3.51673116E-05
  0.512500048      0.687500000       3.51673116E-05
  0.537500024      0.687500000       3.51673116E-05
  0.562500000      0.687500000       3.51673116E-05
  0.587499976      0.687500000       3.51673116E-05
  0.612500012      0.687500000       3.51673116E-05
  0.637500048      0.687500000       3.51673261E-05
  0.662500024      0.687500000       3.51673734E-05
  0.687500000      0.687500000       3.51675117E-05
  0.712499976      0.687500000       3.51679701E-05
  0.737500012      0.687500000       3.51692543E-05
  0.762500048      0.687500000       3.51726412E-05
  0.787500024      0.687500000       3.51808667E-05
  0.812500000      0.687500000       3.51992348E-05
  0.837499976      0.687500000       3.52365641E-05
  0.862500012      0.687500000       3.53050818E-05
  0.887500048      0.687500000       3.54178592E-05
  0.912500024      0.687500000       3.55831908E-05
  0.937500000      0.687500000       3.57987847E-05
  0.962499976      0.687500000       3.60507183E-05
  0.987500012      0.687500000       3.63309446E-05
   1.00000000      0.687500000       3.63309446E-05
 
   0.00000000      0.712499976       1.21043624E-04
   1.25000002E-02  0.712499976       1.21043624E-04
   3.75000015E-02  0.712499976       1.21043624E-04
   6.25000000E-02  0.712499976       1.21043624E-04
   8.75000060E-02  0.712499976       1.21043624E-04
  0.112499997      0.712499976       1.21043624E-04
  0.137500003      0.712499976       1.21043624E-04
  0.162499994      0.712499976       1.21043624E-04
  0.187500000      0.712499976       1.21043624E-04
  0.212500006      0.712499976       1.21043624E-04
  0.237500012      0.712499976       1.21043624E-04
  0.262499988      0.712499976       1.21043624E-04
  0.287500024      0.712499976       1.21043624E-04
  0.312500000      0.712499976       1.21043624E-04
  0.337500006      0.712499976       1.21043624E-04
  0.362500012      0.712499976       1.21043624E-04
  0.387499988      0.712499976       1.21043624E-04
  0.412500024      0.712499976       1.21043624E-04
  0.437500000      0.712499976       1.21043624E-04
  0.462500006      0.712499976       1.21043624E-04
  0.487500012      0.712499976       1.21043624E-04
  0.512500048      0.712499976       1.21043624E-04
  0.537500024      0.712499976       1.21043624E-04
  0.562500000      0.712499976       1.21043624E-04
  0.587499976      0.712499976       1.21043624E-04
  0.612500012      0.712499976       1.21043639E-04
  0.637500048      0.712499976       1.21043675E-04
  0.662500024      0.712499976       1.21043806E-04
  0.687500000      0.712499976       1.21044206E-04
  0.712499976      0.712499976       1.21045457E-04
  0.737500012      0.712499976       1.21049052E-04
  0.762500048      0.712499976       1.21058583E-04
  0.787500024      0.712499976       1.21081743E-04
  0.812500000      0.712499976       1.21133729E-04
  0.837499976      0.712499976       1.21239689E-04
  0.862500012      0.712499976       1.21434845E-04
  0.887500048      0.712499976       1.21756828E-04
  0.912500024      0.712499976       1.22229860E-04
  0.937500000      0.712499976       1.22847399E-04
  0.962499976      0.712499976       1.23569262E-04
  0.987500012      0.712499976       1.24371712E-04
   1.00000000      0.712499976       1.24371712E-04
 
   0.00000000      0.737500012       3.93122435E-04
   1.25000002E-02  0.737500012       3.93122435E-04
   3.75000015E-02  0.737500012       3.93122435E-04
   6.25000000E-02  0.737500012       3.93122435E-04
   8.75000060E-02  0.737500012       3.93122435E-04
  0.112499997      0.737500012       3.93122435E-04
  0.137500003      0.737500012       3.93122435E-04
  0.162499994      0.737500012       3.93122435E-04
  0.187500000      0.737500012       3.93122435E-04
  0.212500006      0.737500012       3.93122435E-04
  0.237500012      0.737500012       3.93122435E-04
  0.262499988      0.737500012       3.93122435E-04
  0.287500024      0.737500012       3.93122435E-04
  0.312500000      0.737500012       3.93122435E-04
  0.337500006      0.737500012       3.93122435E-04
  0.362500012      0.737500012       3.93122435E-04
  0.387499988      0.737500012       3.93122435E-04
  0.412500024      0.737500012       3.93122435E-04
  0.437500000      0.737500012       3.93122435E-04
  0.462500006      0.737500012       3.93122435E-04
  0.487500012      0.737500012       3.93122435E-04
  0.512500048      0.737500012       3.93122435E-04
  0.537500024      0.737500012       3.93122435E-04
  0.562500000      0.737500012       3.93122435E-04
  0.587499976      0.737500012       3.93122435E-04
  0.612500012      0.737500012       3.93122435E-04
  0.637500048      0.737500012       3.93122464E-04
  0.662500024      0.737500012       3.93122813E-04
  0.687500000      0.737500012       3.93123832E-04
  0.712499976      0.737500012       3.93127062E-04
  0.737500012      0.737500012       3.93136404E-04
  0.762500048      0.737500012       3.93161288E-04
  0.787500024      0.737500012       3.93221970E-04
  0.812500000      0.737500012       3.93358583E-04
  0.837499976      0.737500012       3.93638125E-04
  0.862500012      0.737500012       3.94154253E-04
  0.887500048      0.737500012       3.95007693E-04
  0.912500024      0.737500012       3.96263407E-04
  0.937500000      0.737500012       3.97904078E-04
  0.962499976      0.737500012       3.99821467E-04
  0.987500012      0.737500012       4.01951227E-04
   1.00000000      0.737500012       4.01951227E-04
 
   0.00000000      0.762500048       1.20027317E-03
   1.25000002E-02  0.762500048       1.20027317E-03
   3.75000015E-02  0.762500048       1.20027317E-03
   6.25000000E-02  0.762500048       1.20027317E-03
   8.75000060E-02  0.762500048       1.20027317E-03
  0.112499997      0.762500048       1.20027317E-03
  0.137500003      0.762500048       1.20027317E-03
  0.162499994      0.762500048       1.20027317E-03
  0.187500000      0.762500048       1.20027317E-03
  0.212500006      0.762500048       1.20027317E-03
  0.237500012      0.762500048       1.20027317E-03
  0.262499988      0.762500048       1.20027317E-03
  0.287500024      0.762500048       1.20027317E-03
  0.312500000      0.762500048       1.20027317E-03
  0.337500006      0.762500048       1.20027317E-03
  0.362500012      0.762500048       1.20027317E-03
  0.387499988      0.762500048       1.20027317E-03
  0.412500024      0.762500048       1.20027317E-03
  0.437500000      0.762500048       1.20027317E-03
  0.462500006      0.762500048       1.20027317E-03
  0.487500012      0.762500048       1.20027317E-03
  0.512500048      0.762500048       1.20027317E-03
  0.537500024      0.762500048       1.20027317E-03
  0.562500000      0.762500048       1.20027317E-03
  0.587499976      0.762500048       1.20027317E-03
  0.612500012      0.762500048       1.20027317E-03
  0.637500048      0.762500048       1.20027317E-03
  0.662500024      0.762500048       1.20027410E-03
  0.687500000      0.762500048       1.20027643E-03
  0.712499976      0.762500048       1.20028423E-03
  0.737500012      0.762500048       1.20030669E-03
  0.762500048      0.762500048       1.20036665E-03
  0.787500024      0.762500048       1.20051333E-03
  0.812500000      0.762500048       1.20084523E-03
  0.837499976      0.762500048       1.20152580E-03
  0.862500012      0.762500048       1.20278529E-03
  0.887500048      0.762500048       1.20487181E-03
  0.912500024      0.762500048       1.20794435E-03
  0.937500000      0.762500048       1.21195929E-03
  0.962499976      0.762500048       1.21664780E-03
  0.987500012      0.762500048       1.22184865E-03
   1.00000000      0.762500048       1.22184865E-03
 
   0.00000000      0.787500024       3.43125546E-03
   1.25000002E-02  0.787500024       3.43125546E-03
   3.75000015E-02  0.787500024       3.43125546E-03
   6.25000000E-02  0.787500024       3.43125546E-03
   8.75000060E-02  0.787500024       3.43125546E-03
  0.112499997      0.787500024       3.43125546E-03
  0.137500003      0.787500024       3.43125546E-03
  0.162499994      0.787500024       3.43125546E-03
  0.187500000      0.787500024       3.43125546E-03
  0.212500006      0.787500024       3.43125546E-03
  0.237500012      0.787500024       3.43125546E-03
  0.262499988      0.787500024       3.43125546E-03
  0.287500024      0.787500024       3.43125546E-03
  0.312500000      0.787500024       3.43125546E-03
  0.337500006      0.787500024       3.43125546E-03
  0.362500012      0.787500024       3.43125546E-03
  0.387499988      0.787500024       3.43125546E-03
  0.412500024      0.787500024       3.43125546E-03
  0.437500000      0.787500024       3.43125546E-03
  0.462500006      0.787500024       3.43125546E-03
  0.487500012      0.787500024       3.43125546E-03
  0.512500048      0.787500024       3.43125546E-03
  0.537500024      0.787500024       3.43125546E-03
  0.562500000      0.787500024       3.43125546E-03
  0.587499976      0.787500024       3.43125546E-03
  0.612500012      0.787500024       3.43125546E-03
  0.637500048      0.787500024       3.43125546E-03
  0.662500024      0.787500024       3.43125733E-03
  0.687500000      0.787500024       3.43126175E-03
  0.712499976      0.787500024       3.43127898E-03
  0.737500012      0.787500024       3.43132950E-03
  0.762500048      0.787500024       3.43146129E-03
  0.787500024      0.787500024       3.43178725E-03
  0.812500000      0.787500024       3.43252579E-03
  0.837499976      0.787500024       3.43404431E-03
  0.862500012      0.787500024       3.43685946E-03
  0.887500048      0.787500024       3.44152818E-03
  0.912500024      0.787500024       3.44840600E-03
  0.937500000      0.787500024       3.45738418E-03
  0.962499976      0.787500024       3.46784969E-03
  0.987500012      0.787500024       3.47943488E-03
   1.00000000      0.787500024       3.47943488E-03
 
   0.00000000      0.812500000       9.14487243E-03
   1.25000002E-02  0.812500000       9.14487243E-03
   3.75000015E-02  0.812500000       9.14487243E-03
   6.25000000E-02  0.812500000       9.14487243E-03
   8.75000060E-02  0.812500000       9.14487243E-03
  0.112499997      0.812500000       9.14487243E-03
  0.137500003      0.812500000       9.14487243E-03
  0.162499994      0.812500000       9.14487243E-03
  0.187500000      0.812500000       9.14487243E-03
  0.212500006      0.812500000       9.14487243E-03
  0.237500012      0.812500000       9.14487243E-03
  0.262499988      0.812500000       9.14487243E-03
  0.287500024      0.812500000       9.14487243E-03
  0.312500000      0.812500000       9.14487243E-03
  0.337500006      0.812500000       9.14487243E-03
  0.362500012      0.812500000       9.14487243E-03
  0.387499988      0.812500000       9.14487243E-03
  0.412500024      0.812500000       9.14487243E-03
  0.437500000      0.812500000       9.14487243E-03
  0.462500006      0.812500000       9.14487243E-03
  0.487500012      0.812500000       9.14487243E-03
  0.512500048      0.812500000       9.14487243E-03
  0.537500024      0.812500000       9.14487243E-03
  0.562500000      0.812500000       9.14487243E-03
  0.587499976      0.812500000       9.14487243E-03
  0.612500012      0.812500000       9.14487243E-03
  0.637500048      0.812500000       9.14487243E-03
  0.662500024      0.812500000       9.14487615E-03
  0.687500000      0.812500000       9.14488547E-03
  0.712499976      0.812500000       9.14491992E-03
  0.737500012      0.812500000       9.14502051E-03
  0.762500048      0.812500000       9.14528687E-03
  0.787500024      0.812500000       9.14594531E-03
  0.812500000      0.812500000       9.14744008E-03
  0.837499976      0.812500000       9.15051624E-03
  0.862500012      0.812500000       9.15623177E-03
  0.887500048      0.812500000       9.16571263E-03
  0.912500024      0.812500000       9.17966664E-03
  0.937500000      0.812500000       9.19783954E-03
  0.962499976      0.812500000       9.21895541E-03
  0.987500012      0.812500000       9.24225245E-03
   1.00000000      0.812500000       9.24225245E-03
 
   0.00000000      0.837499976       2.26194989E-02
   1.25000002E-02  0.837499976       2.26194989E-02
   3.75000015E-02  0.837499976       2.26194989E-02
   6.25000000E-02  0.837499976       2.26194989E-02
   8.75000060E-02  0.837499976       2.26194989E-02
  0.112499997      0.837499976       2.26194989E-02
  0.137500003      0.837499976       2.26194989E-02
  0.162499994      0.837499976       2.26194989E-02
  0.187500000      0.837499976       2.26194989E-02
  0.212500006      0.837499976       2.26194989E-02
  0.237500012      0.837499976       2.26194989E-02
  0.262499988      0.837499976       2.26194989E-02
  0.287500024      0.837499976       2.26194989E-02
  0.312500000      0.837499976       2.26194989E-02
  0.337500006      0.837499976       2.26194989E-02
  0.362500012      0.837499976       2.26194989E-02
  0.387499988      0.837499976       2.26194989E-02
  0.412500024      0.837499976       2.26194989E-02
  0.437500000      0.837499976       2.26194989E-02
  0.462500006      0.837499976       2.26194989E-02
  0.487500012      0.837499976       2.26194989E-02
  0.512500048      0.837499976       2.26194989E-02
  0.537500024      0.837499976       2.26194989E-02
  0.562500000      0.837499976       2.26194989E-02
  0.587499976      0.837499976       2.26194989E-02
  0.612500012      0.837499976       2.26194989E-02
  0.637500048      0.837499976       2.26194989E-02
  0.662500024      0.837499976       2.26195026E-02
  0.687500000      0.837499976       2.26195268E-02
  0.712499976      0.837499976       2.26195827E-02
  0.737500012      0.837499976       2.26197653E-02
  0.762500048      0.837499976       2.26202514E-02
  0.787500024      0.837499976       2.26214472E-02
  0.812500000      0.837499976       2.26241685E-02
  0.837499976      0.837499976       2.26297863E-02
  0.862500012      0.837499976       2.26402171E-02
  0.887500048      0.837499976       2.26575043E-02
  0.912500024      0.837499976       2.26828922E-02
  0.937500000      0.837499976       2.27158200E-02
  0.962499976      0.837499976       2.27538608E-02
  0.987500012      0.837499976       2.27956008E-02
   1.00000000      0.837499976       2.27956008E-02
 
   0.00000000      0.862500012       5.16822785E-02
   1.25000002E-02  0.862500012       5.16822785E-02
   3.75000015E-02  0.862500012       5.16822785E-02
   6.25000000E-02  0.862500012       5.16822785E-02
   8.75000060E-02  0.862500012       5.16822785E-02
  0.112499997      0.862500012       5.16822785E-02
  0.137500003      0.862500012       5.16822785E-02
  0.162499994      0.862500012       5.16822785E-02
  0.187500000      0.862500012       5.16822785E-02
  0.212500006      0.862500012       5.16822785E-02
  0.237500012      0.862500012       5.16822785E-02
  0.262499988      0.862500012       5.16822785E-02
  0.287500024      0.862500012       5.16822785E-02
  0.312500000      0.862500012       5.16822785E-02
  0.337500006      0.862500012       5.16822785E-02
  0.362500012      0.862500012       5.16822785E-02
  0.387499988      0.862500012       5.16822785E-02
  0.412500024      0.862500012       5.16822785E-02
  0.437500000      0.862500012       5.16822785E-02
  0.462500006      0.862500012       5.16822785E-02
  0.487500012      0.862500012       5.16822785E-02
  0.512500048      0.862500012       5.16822785E-02
  0.537500024      0.862500012       5.16822785E-02
  0.562500000      0.862500012       5.16822785E-02
  0.587499976      0.862500012       5.16822785E-02
  0.612500012      0.862500012       5.16822785E-02
  0.637500048      0.862500012       5.16822860E-02
  0.662500024      0.862500012       5.16822971E-02
  0.687500000      0.862500012       5.16823269E-02
  0.712499976      0.862500012       5.16824238E-02
  0.737500012      0.862500012       5.16827255E-02
  0.762500048      0.862500012       5.16835041E-02
  0.787500024      0.862500012       5.16854301E-02
  0.812500000      0.862500012       5.16898483E-02
  0.837499976      0.862500012       5.16989678E-02
  0.862500012      0.862500012       5.17158769E-02
  0.887500048      0.862500012       5.17438352E-02
  0.912500024      0.862500012       5.17847091E-02
  0.937500000      0.862500012       5.18373586E-02
  0.962499976      0.862500012       5.18976524E-02
  0.987500012      0.862500012       5.19631803E-02
   1.00000000      0.862500012       5.19631803E-02
 
   0.00000000      0.887500048      0.108581074    
   1.25000002E-02  0.887500048      0.108581074    
   3.75000015E-02  0.887500048      0.108581074    
   6.25000000E-02  0.887500048      0.108581074    
   8.75000060E-02  0.887500048      0.108581074    
  0.112499997      0.887500048      0.108581074    
  0.137500003      0.887500048      0.108581074    
  0.162499994      0.887500048      0.108581074    
  0.187500000      0.887500048      0.108581074    
  0.212500006      0.887500048      0.108581074    
  0.237500012      0.887500048      0.108581074    
  0.262499988      0.887500048      0.108581074    
  0.287500024      0.887500048      0.108581074    
  0.312500000      0.887500048      0.108581074    
  0.337500006      0.887500048      0.108581074    
  0.362500012      0.887500048      0.108581074    
  0.387499988      0.887500048      0.108581074    
  0.412500024      0.887500048      0.108581074    
  0.437500000      0.887500048      0.108581074    
  0.462500006      0.887500048      0.108581074    
  0.487500012      0.887500048      0.108581074    
  0.512500048      0.887500048      0.108581074    
  0.537500024      0.887500048      0.108581074    
  0.562500000      0.887500048      0.108581074    
  0.587499976      0.887500048      0.108581074    
  0.612500012      0.887500048      0.108581074    
  0.637500048      0.887500048      0.108581074    
  0.662500024      0.887500048      0.108581103    
  0.687500000      0.887500048      0.108581148    
  0.712499976      0.887500048      0.108581282    
  0.737500012      0.887500048      0.108581699    
  0.762500048      0.887500048      0.108582824    
  0.787500024      0.887500048      0.108585551    
  0.812500000      0.887500048      0.108591825    
  0.837499976      0.887500048      0.108604759    
  0.862500012      0.887500048      0.108628705    
  0.887500048      0.887500048      0.108668178    
  0.912500024      0.887500048      0.108725466    
  0.937500000      0.887500048      0.108798496    
  0.962499976      0.887500048      0.108880922    
  0.987500012      0.887500048      0.108968996    
   1.00000000      0.887500048      0.108968996    
 
   0.00000000      0.912500024      0.208878011    
   1.25000002E-02  0.912500024      0.208878011    
   3.75000015E-02  0.912500024      0.208878011    
   6.25000000E-02  0.912500024      0.208878011    
   8.75000060E-02  0.912500024      0.208878011    
  0.112499997      0.912500024      0.208878011    
  0.137500003      0.912500024      0.208878011    
  0.162499994      0.912500024      0.208878011    
  0.187500000      0.912500024      0.208878011    
  0.212500006      0.912500024      0.208878011    
  0.237500012      0.912500024      0.208878011    
  0.262499988      0.912500024      0.208878011    
  0.287500024      0.912500024      0.208878011    
  0.312500000      0.912500024      0.208878011    
  0.337500006      0.912500024      0.208878011    
  0.362500012      0.912500024      0.208878011    
  0.387499988      0.912500024      0.208878011    
  0.412500024      0.912500024      0.208878011    
  0.437500000      0.912500024      0.208878011    
  0.462500006      0.912500024      0.208878011    
  0.487500012      0.912500024      0.208878011    
  0.512500048      0.912500024      0.208878011    
  0.537500024      0.912500024      0.208878011    
  0.562500000      0.912500024      0.208878011    
  0.587499976      0.912500024      0.208878011    
  0.612500012      0.912500024      0.208878011    
  0.637500048      0.912500024      0.208878011    
  0.662500024      0.912500024      0.208878055    
  0.687500000      0.912500024      0.208878130    
  0.712499976      0.912500024      0.208878294    
  0.737500012      0.912500024      0.208878770    
  0.762500048      0.912500024      0.208880141    
  0.787500024      0.912500024      0.208883479    
  0.812500000      0.912500024      0.208891138    
  0.837499976      0.912500024      0.208906829    
  0.862500012      0.912500024      0.208935857    
  0.887500048      0.912500024      0.208983377    
  0.912500024      0.912500024      0.209051669    
  0.937500000      0.912500024      0.209137455    
  0.962499976      0.912500024      0.209231973    
  0.987500012      0.912500024      0.209329963    
   1.00000000      0.912500024      0.209329963    
 
   0.00000000      0.937500000      0.366715193    
   1.25000002E-02  0.937500000      0.366715193    
   3.75000015E-02  0.937500000      0.366715193    
   6.25000000E-02  0.937500000      0.366715193    
   8.75000060E-02  0.937500000      0.366715193    
  0.112499997      0.937500000      0.366715193    
  0.137500003      0.937500000      0.366715193    
  0.162499994      0.937500000      0.366715193    
  0.187500000      0.937500000      0.366715193    
  0.212500006      0.937500000      0.366715193    
  0.237500012      0.937500000      0.366715193    
  0.262499988      0.937500000      0.366715193    
  0.287500024      0.937500000      0.366715193    
  0.312500000      0.937500000      0.366715193    
  0.337500006      0.937500000      0.366715193    
  0.362500012      0.937500000      0.366715193    
  0.387499988      0.937500000      0.366715193    
  0.412500024      0.937500000      0.366715193    
  0.437500000      0.937500000      0.366715193    
  0.462500006      0.937500000      0.366715193    
  0.487500012      0.937500000      0.366715193    
  0.512500048      0.937500000      0.366715193    
  0.537500024      0.937500000      0.366715193    
  0.562500000      0.937500000      0.366715193    
  0.587499976      0.937500000      0.366715193    
  0.612500012      0.937500000      0.366715193    
  0.637500048      0.937500000      0.366715193    
  0.662500024      0.937500000      0.366715223    
  0.687500000      0.937500000      0.366715312    
  0.712499976      0.937500000      0.366715521    
  0.737500012      0.937500000      0.366716057    
  0.762500048      0.937500000      0.366717309    
  0.787500024      0.937500000      0.366720647    
  0.812500000      0.937500000      0.366728365    
  0.837499976      0.937500000      0.366744131    
  0.862500012      0.937500000      0.366773009    
  0.887500048      0.937500000      0.366820097    
  0.912500024      0.937500000      0.366886735    
  0.937500000      0.937500000      0.366968870    
  0.962499976      0.937500000      0.367055953    
  0.987500012      0.937500000      0.367140949    
   1.00000000      0.937500000      0.367140949    
 
   0.00000000      0.962499976      0.586623490    
   1.25000002E-02  0.962499976      0.586623490    
   3.75000015E-02  0.962499976      0.586623490    
   6.25000000E-02  0.962499976      0.586623490    
   8.75000060E-02  0.962499976      0.586623490    
  0.112499997      0.962499976      0.586623490    
  0.137500003      0.962499976      0.586623490    
  0.162499994      0.962499976      0.586623490    
  0.187500000      0.962499976      0.586623490    
  0.212500006      0.962499976      0.586623490    
  0.237500012      0.962499976      0.586623490    
  0.262499988      0.962499976      0.586623490    
  0.287500024      0.962499976      0.586623490    
  0.312500000      0.962499976      0.586623490    
  0.337500006      0.962499976      0.586623490    
  0.362500012      0.962499976      0.586623490    
  0.387499988      0.962499976      0.586623490    
  0.412500024      0.962499976      0.586623490    
  0.437500000      0.962499976      0.586623490    
  0.462500006      0.962499976      0.586623490    
  0.487500012      0.962499976      0.586623490    
  0.512500048      0.962499976      0.586623490    
  0.537500024      0.962499976      0.586623490    
  0.562500000      0.962499976      0.586623490    
  0.587499976      0.962499976      0.586623490    
  0.612500012      0.962499976      0.586623490    
  0.637500048      0.962499976      0.586623490    
  0.662500024      0.962499976      0.586623490    
  0.687500000      0.962499976      0.586623490    
  0.712499976      0.962499976      0.586623609    
  0.737500012      0.962499976      0.586624146    
  0.762500048      0.962499976      0.586624980    
  0.787500024      0.962499976      0.586627483    
  0.812500000      0.962499976      0.586633265    
  0.837499976      0.962499976      0.586645186    
  0.862500012      0.962499976      0.586666822    
  0.887500048      0.962499976      0.586701870    
  0.912500024      0.962499976      0.586750746    
  0.937500000      0.962499976      0.586809516    
  0.962499976      0.962499976      0.586868584    
  0.987500012      0.962499976      0.586919010    
   1.00000000      0.962499976      0.586919010    
 
   0.00000000      0.987500012      0.855882227    
   1.25000002E-02  0.987500012      0.855882227    
   3.75000015E-02  0.987500012      0.855882227    
   6.25000000E-02  0.987500012      0.855882227    
   8.75000060E-02  0.987500012      0.855882227    
  0.112499997      0.987500012      0.855882227    
  0.137500003      0.987500012      0.855882227    
  0.162499994      0.987500012      0.855882227    
  0.187500000      0.987500012      0.855882227    
  0.212500006      0.987500012      0.855882227    
  0.237500012      0.987500012      0.855882227    
  0.262499988      0.987500012      0.855882227    
  0.287500024      0.987500012      0.855882227    
  0.312500000      0.987500012      0.855882227    
  0.337500006      0.987500012      0.855882227    
  0.362500012      0.987500012      0.855882227    
  0.387499988      0.987500012      0.855882227    
  0.412500024      0.987500012      0.855882227    
  0.437500000      0.987500012      0.855882227    
  0.462500006      0.987500012      0.855882227    
  0.487500012      0.987500012      0.855882227    
  0.512500048      0.987500012      0.855882227    
  0.537500024      0.987500012      0.855882227    
  0.562500000      0.987500012      0.855882227    
  0.587499976      0.987500012      0.855882227    
  0.612500012      0.987500012      0.855882227    
  0.637500048      0.987500012      0.855882227    
  0.662500024      0.987500012      0.855882227    
  0.687500000      0.987500012      0.855882227    
  0.712499976      0.987500012      0.855882227    
  0.737500012      0.987500012      0.855882525    
  0.762500048      0.987500012      0.855882823    
  0.787500024      0.987500012      0.855883718    
  0.812500000      0.987500012      0.855885863    
  0.837499976      0.987500012      0.855890274    
  0.862500012      0.987500012      0.855898440    
  0.887500048      0.987500012      0.855911314    
  0.912500024      0.987500012      0.855929375    
  0.937500000      0.987500012      0.855950415    
  0.962499976      0.987500012      0.855970740    
  0.987500012      0.987500012      0.855985224    
   1.00000000      0.987500012      0.855985224    
 
   0.00000000       1.00000000       1.00000000    
   1.25000002E-02   1.00000000       1.00000000    
   3.75000015E-02   1.00000000       1.00000000    
   6.25000000E-02   1.00000000       1.00000000    
   8.75000060E-02   1.00000000       1.00000000    
  0.112499997       1.00000000       1.00000000    
  0.137500003       1.00000000       1.00000000    
  0.162499994       1.00000000       1.00000000    
  0.187500000       1.00000000       1.00000000    
  0.212500006       1.00000000       1.00000000    
  0.237500012       1.00000000       1.00000000    
  0.262499988       1.00000000       1.00000000    
  0.287500024       1.00000000       1.00000000    
  0.312500000       1.00000000       1.00000000    
  0.337500006       1.00000000       1.00000000    
  0.362500012       1.00000000       1.00000000    
  0.387499988       1.00000000       1.00000000    
  0.412500024       1.00000000       1.00000000    
  0.437500000       1.00000000       1.00000000    
  0.462500006       1.00000000       1.00000000    
  0.487500012       1.00000000       1.00000000    
  0.512500048       1.00000000       1.00000000    
  0.537500024       1.00000000       1.00000000    
  0.562500000       1.00000000       1.00000000    
  0.587499976       1.00000000       1.00000000    
  0.612500012       1.00000000       1.00000000    
  0.637500048       1.00000000       1.00000000    
  0.662500024       1.00000000       1.00000000    
  0.687500000       1.00000000       1.00000000    
  0.712499976       1.00000000       1.00000000    
  0.737500012       1.00000000       1.00000000    
  0.762500048       1.00000000       1.00000000    
  0.787500024       1.00000000       1.00000000    
  0.812500000       1.00000000       1.00000000    
  0.837499976       1.00000000       1.00000000    
  0.862500012       1.00000000       1.00000000    
  0.887500048       1.00000000       1.00000000    
  0.912500024       1.00000000       1.00000000    
  0.937500000       1.00000000       1.00000000    
  0.962499976       1.00000000       1.00000000    
  0.987500012       1.00000000       1.00000000    
   1.00000000       1.00000000       1.00000000    
 
