   0.00000000       0.00000000       0.00000000    
   1.25000002E-02   0.00000000       0.00000000    
   3.75000015E-02   0.00000000       0.00000000    
   6.25000000E-02   0.00000000       0.00000000    
   8.75000060E-02   0.00000000       0.00000000    
  0.112499997       0.00000000       0.00000000    
  0.137500003       0.00000000       0.00000000    
  0.162499994       0.00000000       0.00000000    
  0.187500000       0.00000000       0.00000000    
  0.212500006       0.00000000       0.00000000    
  0.237500012       0.00000000       0.00000000    
  0.262499988       0.00000000       0.00000000    
  0.287500024       0.00000000       0.00000000    
  0.312500000       0.00000000       0.00000000    
  0.337500006       0.00000000       0.00000000    
  0.362500012       0.00000000       0.00000000    
  0.387499988       0.00000000       0.00000000    
  0.412500024       0.00000000       0.00000000    
  0.437500000       0.00000000       0.00000000    
  0.462500006       0.00000000       0.00000000    
  0.487500012       0.00000000       0.00000000    
  0.512500048       0.00000000       0.00000000    
  0.537500024       0.00000000       0.00000000    
  0.562500000       0.00000000       0.00000000    
  0.587499976       0.00000000       0.00000000    
  0.612500012       0.00000000       0.00000000    
  0.637500048       0.00000000       0.00000000    
  0.662500024       0.00000000       0.00000000    
  0.687500000       0.00000000       0.00000000    
  0.712499976       0.00000000       0.00000000    
  0.737500012       0.00000000       0.00000000    
  0.762500048       0.00000000       0.00000000    
  0.787500024       0.00000000       0.00000000    
  0.812500000       0.00000000       0.00000000    
  0.837499976       0.00000000       0.00000000    
  0.862500012       0.00000000       0.00000000    
  0.887500048       0.00000000       0.00000000    
  0.912500024       0.00000000       0.00000000    
  0.937500000       0.00000000       0.00000000    
  0.962499976       0.00000000       0.00000000    
  0.987500012       0.00000000       0.00000000    
   1.00000000       0.00000000       0.00000000    
 
   0.00000000       1.25000002E-02   9.97980254E-10
   1.25000002E-02   1.25000002E-02   9.97980254E-10
   3.75000015E-02   1.25000002E-02   9.97980587E-10
   6.25000000E-02   1.25000002E-02   9.97980587E-10
   8.75000060E-02   1.25000002E-02   9.97980587E-10
  0.112499997       1.25000002E-02   9.97980587E-10
  0.137500003       1.25000002E-02   9.97980587E-10
  0.162499994       1.25000002E-02   9.97980587E-10
  0.187500000       1.25000002E-02   9.97980587E-10
  0.212500006       1.25000002E-02   9.97980587E-10
  0.237500012       1.25000002E-02   9.97980254E-10
  0.262499988       1.25000002E-02   9.97980143E-10
  0.287500024       1.25000002E-02   9.97980143E-10
  0.312500000       1.25000002E-02   9.97980143E-10
  0.337500006       1.25000002E-02   9.97980143E-10
  0.362500012       1.25000002E-02   9.97980143E-10
  0.387499988       1.25000002E-02   9.97980143E-10
  0.412500024       1.25000002E-02   9.97980143E-10
  0.437500000       1.25000002E-02   9.97980365E-10
  0.462500006       1.25000002E-02   9.97980587E-10
  0.487500012       1.25000002E-02   9.97981031E-10
  0.512500048       1.25000002E-02   9.97982030E-10
  0.537500024       1.25000002E-02   9.97984140E-10
  0.562500000       1.25000002E-02   9.97987804E-10
  0.587499976       1.25000002E-02   9.97993910E-10
  0.612500012       1.25000002E-02   9.98004124E-10
  0.637500048       1.25000002E-02   9.98020222E-10
  0.662500024       1.25000002E-02   9.98046201E-10
  0.687500000       1.25000002E-02   9.98085503E-10
  0.712499976       1.25000002E-02   9.98144567E-10
  0.737500012       1.25000002E-02   9.98231386E-10
  0.762500048       1.25000002E-02   9.98355953E-10
  0.787500024       1.25000002E-02   9.98529814E-10
  0.812500000       1.25000002E-02   9.98767624E-10
  0.837499976       1.25000002E-02   9.99084926E-10
  0.862500012       1.25000002E-02   9.99499594E-10
  0.887500048       1.25000002E-02   1.00002895E-09
  0.912500024       1.25000002E-02   1.00069009E-09
  0.937500000       1.25000002E-02   1.00149911E-09
  0.962499976       1.25000002E-02   1.00246811E-09
  0.987500012       1.25000002E-02   1.00360664E-09
   1.00000000       1.25000002E-02   1.00360664E-09
 
   0.00000000       3.75000015E-02   3.76993237E-09
   1.25000002E-02   3.75000015E-02   3.76993237E-09
   3.75000015E-02   3.75000015E-02   3.76993281E-09
   6.25000000E-02   3.75000015E-02   3.76993281E-09
   8.75000060E-02   3.75000015E-02   3.76993281E-09
  0.112499997       3.75000015E-02   3.76993281E-09
  0.137500003       3.75000015E-02   3.76993281E-09
  0.162499994       3.75000015E-02   3.76993281E-09
  0.187500000       3.75000015E-02   3.76993281E-09
  0.212500006       3.75000015E-02   3.76993281E-09
  0.237500012       3.75000015E-02   3.76993237E-09
  0.262499988       3.75000015E-02   3.76993148E-09
  0.287500024       3.75000015E-02   3.76993148E-09
  0.312500000       3.75000015E-02   3.76993148E-09
  0.337500006       3.75000015E-02   3.76993148E-09
  0.362500012       3.75000015E-02   3.76993148E-09
  0.387499988       3.75000015E-02   3.76993148E-09
  0.412500024       3.75000015E-02   3.76993148E-09
  0.437500000       3.75000015E-02   3.76993281E-09
  0.462500006       3.75000015E-02   3.76993281E-09
  0.487500012       3.75000015E-02   3.76993503E-09
  0.512500048       3.75000015E-02   3.76994036E-09
  0.537500024       3.75000015E-02   3.76994880E-09
  0.562500000       3.75000015E-02   3.76996656E-09
  0.587499976       3.75000015E-02   3.76999276E-09
  0.612500012       3.75000015E-02   3.77003673E-09
  0.637500048       3.75000015E-02   3.77010689E-09
  0.662500024       3.75000015E-02   3.77021570E-09
  0.687500000       3.75000015E-02   3.77038134E-09
  0.712499976       3.75000015E-02   3.77062825E-09
  0.737500012       3.75000015E-02   3.77098708E-09
  0.762500048       3.75000015E-02   3.77149689E-09
  0.787500024       3.75000015E-02   3.77220166E-09
  0.812500000       3.75000015E-02   3.77315779E-09
  0.837499976       3.75000015E-02   3.77442166E-09
  0.862500012       3.75000015E-02   3.77606213E-09
  0.887500048       3.75000015E-02   3.77813825E-09
  0.912500024       3.75000015E-02   3.78071352E-09
  0.937500000       3.75000015E-02   3.78384080E-09
  0.962499976       3.75000015E-02   3.78756315E-09
  0.987500012       3.75000015E-02   3.79190812E-09
   1.00000000       3.75000015E-02   3.79190812E-09
 
   0.00000000       6.25000000E-02   9.41080991E-09
   1.25000002E-02   6.25000000E-02   9.41080991E-09
   3.75000015E-02   6.25000000E-02   9.41081524E-09
   6.25000000E-02   6.25000000E-02   9.41081613E-09
   8.75000060E-02   6.25000000E-02   9.41081790E-09
  0.112499997       6.25000000E-02   9.41081790E-09
  0.137500003       6.25000000E-02   9.41081701E-09
  0.162499994       6.25000000E-02   9.41081613E-09
  0.187500000       6.25000000E-02   9.41081613E-09
  0.212500006       6.25000000E-02   9.41081524E-09
  0.237500012       6.25000000E-02   9.41081435E-09
  0.262499988       6.25000000E-02   9.41081257E-09
  0.287500024       6.25000000E-02   9.41081257E-09
  0.312500000       6.25000000E-02   9.41081257E-09
  0.337500006       6.25000000E-02   9.41081169E-09
  0.362500012       6.25000000E-02   9.41081169E-09
  0.387499988       6.25000000E-02   9.41081169E-09
  0.412500024       6.25000000E-02   9.41081169E-09
  0.437500000       6.25000000E-02   9.41081524E-09
  0.462500006       6.25000000E-02   9.41081879E-09
  0.487500012       6.25000000E-02   9.41082856E-09
  0.512500048       6.25000000E-02   9.41084544E-09
  0.537500024       6.25000000E-02   9.41087563E-09
  0.562500000       6.25000000E-02   9.41092626E-09
  0.587499976       6.25000000E-02   9.41100886E-09
  0.612500012       6.25000000E-02   9.41114475E-09
  0.637500048       6.25000000E-02   9.41135525E-09
  0.662500024       6.25000000E-02   9.41168388E-09
  0.687500000       6.25000000E-02   9.41217060E-09
  0.712499976       6.25000000E-02   9.41288736E-09
  0.737500012       6.25000000E-02   9.41391676E-09
  0.762500048       6.25000000E-02   9.41535205E-09
  0.787500024       6.25000000E-02   9.41731315E-09
  0.812500000       6.25000000E-02   9.41993772E-09
  0.837499976       6.25000000E-02   9.42336698E-09
  0.862500012       6.25000000E-02   9.42775547E-09
  0.887500048       6.25000000E-02   9.43324352E-09
  0.912500024       6.25000000E-02   9.43997414E-09
  0.937500000       6.25000000E-02   9.44805745E-09
  0.962499976       6.25000000E-02   9.45757694E-09
  0.987500012       6.25000000E-02   9.46857970E-09
   1.00000000       6.25000000E-02   9.46857970E-09
 
   0.00000000       8.75000060E-02   2.19668248E-08
   1.25000002E-02   8.75000060E-02   2.19668248E-08
   3.75000015E-02   8.75000060E-02   2.19668213E-08
   6.25000000E-02   8.75000060E-02   2.19668213E-08
   8.75000060E-02   8.75000060E-02   2.19668213E-08
  0.112499997       8.75000060E-02   2.19668213E-08
  0.137500003       8.75000060E-02   2.19668213E-08
  0.162499994       8.75000060E-02   2.19668213E-08
  0.187500000       8.75000060E-02   2.19668177E-08
  0.212500006       8.75000060E-02   2.19668141E-08
  0.237500012       8.75000060E-02   2.19668141E-08
  0.262499988       8.75000060E-02   2.19668106E-08
  0.287500024       8.75000060E-02   2.19668106E-08
  0.312500000       8.75000060E-02   2.19668106E-08
  0.337500006       8.75000060E-02   2.19668088E-08
  0.362500012       8.75000060E-02   2.19668088E-08
  0.387499988       8.75000060E-02   2.19668088E-08
  0.412500024       8.75000060E-02   2.19668141E-08
  0.437500000       8.75000060E-02   2.19668195E-08
  0.462500006       8.75000060E-02   2.19668355E-08
  0.487500012       8.75000060E-02   2.19668639E-08
  0.512500048       8.75000060E-02   2.19669207E-08
  0.537500024       8.75000060E-02   2.19670113E-08
  0.562500000       8.75000060E-02   2.19671641E-08
  0.587499976       8.75000060E-02   2.19674128E-08
  0.612500012       8.75000060E-02   2.19678107E-08
  0.637500048       8.75000060E-02   2.19684200E-08
  0.662500024       8.75000060E-02   2.19693508E-08
  0.687500000       8.75000060E-02   2.19707221E-08
  0.712499976       8.75000060E-02   2.19726957E-08
  0.737500012       8.75000060E-02   2.19754845E-08
  0.762500048       8.75000060E-02   2.19793179E-08
  0.787500024       8.75000060E-02   2.19844800E-08
  0.812500000       8.75000060E-02   2.19912835E-08
  0.837499976       8.75000060E-02   2.20000356E-08
  0.862500012       8.75000060E-02   2.20110810E-08
  0.887500048       8.75000060E-02   2.20247092E-08
  0.912500024       8.75000060E-02   2.20411920E-08
  0.937500000       8.75000060E-02   2.20607532E-08
  0.962499976       8.75000060E-02   2.20835119E-08
  0.987500012       8.75000060E-02   2.21095302E-08
   1.00000000       8.75000060E-02   2.21095302E-08
 
   0.00000000      0.112499997       5.00115114E-08
   1.25000002E-02  0.112499997       5.00115114E-08
   3.75000015E-02  0.112499997       5.00115007E-08
   6.25000000E-02  0.112499997       5.00114936E-08
   8.75000060E-02  0.112499997       5.00114901E-08
  0.112499997      0.112499997       5.00114901E-08
  0.137500003      0.112499997       5.00114830E-08
  0.162499994      0.112499997       5.00114830E-08
  0.187500000      0.112499997       5.00114758E-08
  0.212500006      0.112499997       5.00114723E-08
  0.237500012      0.112499997       5.00114723E-08
  0.262499988      0.112499997       5.00114723E-08
  0.287500024      0.112499997       5.00114723E-08
  0.312500000      0.112499997       5.00114723E-08
  0.337500006      0.112499997       5.00114723E-08
  0.362500012      0.112499997       5.00114723E-08
  0.387499988      0.112499997       5.00114723E-08
  0.412500024      0.112499997       5.00114865E-08
  0.437500000      0.112499997       5.00115114E-08
  0.462500006      0.112499997       5.00115682E-08
  0.487500012      0.112499997       5.00116535E-08
  0.512500048      0.112499997       5.00118240E-08
  0.537500024      0.112499997       5.00121047E-08
  0.562500000      0.112499997       5.00125630E-08
  0.587499976      0.112499997       5.00132806E-08
  0.612500012      0.112499997       5.00144317E-08
  0.637500048      0.112499997       5.00161654E-08
  0.662500024      0.112499997       5.00187518E-08
  0.687500000      0.112499997       5.00224999E-08
  0.712499976      0.112499997       5.00278219E-08
  0.737500012      0.112499997       5.00352044E-08
  0.762500048      0.112499997       5.00451982E-08
  0.787500024      0.112499997       5.00584356E-08
  0.812500000      0.112499997       5.00756059E-08
  0.837499976      0.112499997       5.00973769E-08
  0.862500012      0.112499997       5.01244344E-08
  0.887500048      0.112499997       5.01573574E-08
  0.912500024      0.112499997       5.01966397E-08
  0.937500000      0.112499997       5.02426367E-08
  0.962499976      0.112499997       5.02955153E-08
  0.987500012      0.112499997       5.03552933E-08
   1.00000000      0.112499997       5.03552933E-08
 
   0.00000000      0.137500003       1.11793923E-07
   1.25000002E-02  0.137500003       1.11793923E-07
   3.75000015E-02  0.137500003       1.11793895E-07
   6.25000000E-02  0.137500003       1.11793881E-07
   8.75000060E-02  0.137500003       1.11793881E-07
  0.112499997      0.137500003       1.11793881E-07
  0.137500003      0.137500003       1.11793874E-07
  0.162499994      0.137500003       1.11793874E-07
  0.187500000      0.137500003       1.11793860E-07
  0.212500006      0.137500003       1.11793860E-07
  0.237500012      0.137500003       1.11793845E-07
  0.262499988      0.137500003       1.11793845E-07
  0.287500024      0.137500003       1.11793845E-07
  0.312500000      0.137500003       1.11793845E-07
  0.337500006      0.137500003       1.11793831E-07
  0.362500012      0.137500003       1.11793845E-07
  0.387499988      0.137500003       1.11793845E-07
  0.412500024      0.137500003       1.11793909E-07
  0.437500000      0.137500003       1.11793995E-07
  0.462500006      0.137500003       1.11794165E-07
  0.487500012      0.137500003       1.11794456E-07
  0.512500048      0.137500003       1.11794961E-07
  0.537500024      0.137500003       1.11795799E-07
  0.562500000      0.137500003       1.11797121E-07
  0.587499976      0.137500003       1.11799217E-07
  0.612500012      0.137500003       1.11802457E-07
  0.637500048      0.137500003       1.11807289E-07
  0.662500024      0.137500003       1.11814337E-07
  0.687500000      0.137500003       1.11824413E-07
  0.712499976      0.137500003       1.11838439E-07
  0.737500012      0.137500003       1.11857574E-07
  0.762500048      0.137500003       1.11883068E-07
  0.787500024      0.137500003       1.11916279E-07
  0.812500000      0.137500003       1.11958677E-07
  0.837499976      0.137500003       1.12011627E-07
  0.862500012      0.137500003       1.12076393E-07
  0.887500048      0.137500003       1.12154105E-07
  0.912500024      0.137500003       1.12245580E-07
  0.937500000      0.137500003       1.12351252E-07
  0.962499976      0.137500003       1.12471298E-07
  0.987500012      0.137500003       1.12605456E-07
   1.00000000      0.137500003       1.12605456E-07
 
   0.00000000      0.162499994       2.45592759E-07
   1.25000002E-02  0.162499994       2.45592759E-07
   3.75000015E-02  0.162499994       2.45592702E-07
   6.25000000E-02  0.162499994       2.45592702E-07
   8.75000060E-02  0.162499994       2.45592645E-07
  0.112499997      0.162499994       2.45592645E-07
  0.137500003      0.162499994       2.45592645E-07
  0.162499994      0.162499994       2.45592616E-07
  0.187500000      0.162499994       2.45592616E-07
  0.212500006      0.162499994       2.45592616E-07
  0.237500012      0.162499994       2.45592616E-07
  0.262499988      0.162499994       2.45592616E-07
  0.287500024      0.162499994       2.45592616E-07
  0.312500000      0.162499994       2.45592588E-07
  0.337500006      0.162499994       2.45592588E-07
  0.362500012      0.162499994       2.45592616E-07
  0.387499988      0.162499994       2.45592673E-07
  0.412500024      0.162499994       2.45592815E-07
  0.437500000      0.162499994       2.45593071E-07
  0.462500006      0.162499994       2.45593583E-07
  0.487500012      0.162499994       2.45594521E-07
  0.512500048      0.162499994       2.45596055E-07
  0.537500024      0.162499994       2.45598471E-07
  0.562500000      0.162499994       2.45602308E-07
  0.587499976      0.162499994       2.45608277E-07
  0.612500012      0.162499994       2.45617201E-07
  0.637500048      0.162499994       2.45630332E-07
  0.662500024      0.162499994       2.45649204E-07
  0.687500000      0.162499994       2.45675665E-07
  0.712499976      0.162499994       2.45711931E-07
  0.737500012      0.162499994       2.45760418E-07
  0.762500048      0.162499994       2.45824083E-07
  0.787500024      0.162499994       2.45905625E-07
  0.812500000      0.162499994       2.46008000E-07
  0.837499976      0.162499994       2.46133823E-07
  0.862500012      0.162499994       2.46285367E-07
  0.887500048      0.162499994       2.46464651E-07
  0.912500024      0.162499994       2.46672698E-07
  0.937500000      0.162499994       2.46909963E-07
  0.962499976      0.162499994       2.47176217E-07
  0.987500012      0.162499994       2.47470524E-07
   1.00000000      0.162499994       2.47470524E-07
 
   0.00000000      0.187500000       5.30209491E-07
   1.25000002E-02  0.187500000       5.30209491E-07
   3.75000015E-02  0.187500000       5.30209491E-07
   6.25000000E-02  0.187500000       5.30209491E-07
   8.75000060E-02  0.187500000       5.30209377E-07
  0.112499997      0.187500000       5.30209377E-07
  0.137500003      0.187500000       5.30209320E-07
  0.162499994      0.187500000       5.30209206E-07
  0.187500000      0.187500000       5.30209149E-07
  0.212500006      0.187500000       5.30209149E-07
  0.237500012      0.187500000       5.30209149E-07
  0.262499988      0.187500000       5.30209149E-07
  0.287500024      0.187500000       5.30209149E-07
  0.312500000      0.187500000       5.30209093E-07
  0.337500006      0.187500000       5.30209149E-07
  0.362500012      0.187500000       5.30209263E-07
  0.387499988      0.187500000       5.30209491E-07
  0.412500024      0.187500000       5.30210059E-07
  0.437500000      0.187500000       5.30210968E-07
  0.462500006      0.187500000       5.30212446E-07
  0.487500012      0.187500000       5.30215232E-07
  0.512500048      0.187500000       5.30219779E-07
  0.537500024      0.187500000       5.30226714E-07
  0.562500000      0.187500000       5.30237571E-07
  0.587499976      0.187500000       5.30253828E-07
  0.612500012      0.187500000       5.30278101E-07
  0.637500048      0.187500000       5.30313116E-07
  0.662500024      0.187500000       5.30362684E-07
  0.687500000      0.187500000       5.30430782E-07
  0.712499976      0.187500000       5.30522243E-07
  0.737500012      0.187500000       5.30642751E-07
  0.762500048      0.187500000       5.30797990E-07
  0.787500024      0.187500000       5.30993475E-07
  0.812500000      0.187500000       5.31235003E-07
  0.837499976      0.187500000       5.31526950E-07
  0.862500012      0.187500000       5.31873468E-07
  0.887500048      0.187500000       5.32277170E-07
  0.912500024      0.187500000       5.32739307E-07
  0.937500000      0.187500000       5.33259538E-07
  0.962499976      0.187500000       5.33836442E-07
  0.987500012      0.187500000       5.34467176E-07
   1.00000000      0.187500000       5.34467176E-07
 
   0.00000000      0.212500006       1.12467899E-06
   1.25000002E-02  0.212500006       1.12467899E-06
   3.75000015E-02  0.212500006       1.12467899E-06
   6.25000000E-02  0.212500006       1.12467899E-06
   8.75000060E-02  0.212500006       1.12467865E-06
  0.112499997      0.212500006       1.12467865E-06
  0.137500003      0.212500006       1.12467865E-06
  0.162499994      0.212500006       1.12467842E-06
  0.187500000      0.212500006       1.12467831E-06
  0.212500006      0.212500006       1.12467831E-06
  0.237500012      0.212500006       1.12467831E-06
  0.262499988      0.212500006       1.12467831E-06
  0.287500024      0.212500006       1.12467831E-06
  0.312500000      0.212500006       1.12467842E-06
  0.337500006      0.212500006       1.12467876E-06
  0.362500012      0.212500006       1.12467899E-06
  0.387499988      0.212500006       1.12467978E-06
  0.412500024      0.212500006       1.12468149E-06
  0.437500000      0.212500006       1.12468410E-06
  0.462500006      0.212500006       1.12468877E-06
  0.487500012      0.212500006       1.12469684E-06
  0.512500048      0.212500006       1.12470980E-06
  0.537500024      0.212500006       1.12472947E-06
  0.562500000      0.212500006       1.12475936E-06
  0.587499976      0.212500006       1.12480370E-06
  0.612500012      0.212500006       1.12486850E-06
  0.637500048      0.212500006       1.12495979E-06
  0.662500024      0.212500006       1.12508656E-06
  0.687500000      0.212500006       1.12525754E-06
  0.712499976      0.212500006       1.12548366E-06
  0.737500012      0.212500006       1.12577595E-06
  0.762500048      0.212500006       1.12614589E-06
  0.787500024      0.212500006       1.12660348E-06
  0.812500000      0.212500006       1.12715918E-06
  0.837499976      0.212500006       1.12782027E-06
  0.862500012      0.212500006       1.12859277E-06
  0.887500048      0.212500006       1.12947976E-06
  0.912500024      0.212500006       1.13048168E-06
  0.937500000      0.212500006       1.13159501E-06
  0.962499976      0.212500006       1.13281487E-06
  0.987500012      0.212500006       1.13413410E-06
   1.00000000      0.212500006       1.13413410E-06
 
   0.00000000      0.237500012       2.34347976E-06
   1.25000002E-02  0.237500012       2.34347976E-06
   3.75000015E-02  0.237500012       2.34347954E-06
   6.25000000E-02  0.237500012       2.34347931E-06
   8.75000060E-02  0.237500012       2.34347863E-06
  0.112499997      0.237500012       2.34347863E-06
  0.137500003      0.237500012       2.34347840E-06
  0.162499994      0.237500012       2.34347817E-06
  0.187500000      0.237500012       2.34347817E-06
  0.212500006      0.237500012       2.34347817E-06
  0.237500012      0.237500012       2.34347817E-06
  0.262499988      0.237500012       2.34347817E-06
  0.287500024      0.237500012       2.34347817E-06
  0.312500000      0.237500012       2.34347863E-06
  0.337500006      0.237500012       2.34347954E-06
  0.362500012      0.237500012       2.34348090E-06
  0.387499988      0.237500012       2.34348317E-06
  0.412500024      0.237500012       2.34348863E-06
  0.437500000      0.237500012       2.34349682E-06
  0.462500006      0.237500012       2.34351046E-06
  0.487500012      0.237500012       2.34353365E-06
  0.512500048      0.237500012       2.34356980E-06
  0.537500024      0.237500012       2.34362392E-06
  0.562500000      0.237500012       2.34370509E-06
  0.587499976      0.237500012       2.34382310E-06
  0.612500012      0.237500012       2.34399135E-06
  0.637500048      0.237500012       2.34422464E-06
  0.662500024      0.237500012       2.34454160E-06
  0.687500000      0.237500012       2.34496201E-06
  0.712499976      0.237500012       2.34550726E-06
  0.737500012      0.237500012       2.34619893E-06
  0.762500048      0.237500012       2.34705794E-06
  0.787500024      0.237500012       2.34810318E-06
  0.812500000      0.237500012       2.34934964E-06
  0.837499976      0.237500012       2.35080984E-06
  0.862500012      0.237500012       2.35248899E-06
  0.887500048      0.237500012       2.35438938E-06
  0.912500024      0.237500012       2.35650577E-06
  0.937500000      0.237500012       2.35882862E-06
  0.962499976      0.237500012       2.36134497E-06
  0.987500012      0.237500012       2.36403707E-06
   1.00000000      0.237500012       2.36403707E-06
 
   0.00000000      0.262499988       4.79563460E-06
   1.25000002E-02  0.262499988       4.79563460E-06
   3.75000015E-02  0.262499988       4.79563278E-06
   6.25000000E-02  0.262499988       4.79563232E-06
   8.75000060E-02  0.262499988       4.79563141E-06
  0.112499997      0.262499988       4.79563141E-06
  0.137500003      0.262499988       4.79563141E-06
  0.162499994      0.262499988       4.79563050E-06
  0.187500000      0.262499988       4.79562959E-06
  0.212500006      0.262499988       4.79562959E-06
  0.237500012      0.262499988       4.79563005E-06
  0.262499988      0.262499988       4.79563050E-06
  0.287500024      0.262499988       4.79563141E-06
  0.312500000      0.262499988       4.79563187E-06
  0.337500006      0.262499988       4.79563460E-06
  0.362500012      0.262499988       4.79563960E-06
  0.387499988      0.262499988       4.79564687E-06
  0.412500024      0.262499988       4.79566415E-06
  0.437500000      0.262499988       4.79568735E-06
  0.462500006      0.262499988       4.79572873E-06
  0.487500012      0.262499988       4.79579239E-06
  0.512500048      0.262499988       4.79589107E-06
  0.537500024      0.262499988       4.79603841E-06
  0.562500000      0.262499988       4.79625260E-06
  0.587499976      0.262499988       4.79655955E-06
  0.612500012      0.262499988       4.79698747E-06
  0.637500048      0.262499988       4.79756909E-06
  0.662500024      0.262499988       4.79834534E-06
  0.687500000      0.262499988       4.79935261E-06
  0.712499976      0.262499988       4.80063363E-06
  0.737500012      0.262499988       4.80222798E-06
  0.762500048      0.262499988       4.80417202E-06
  0.787500024      0.262499988       4.80649715E-06
  0.812500000      0.262499988       4.80922154E-06
  0.837499976      0.262499988       4.81236020E-06
  0.862500012      0.262499988       4.81591496E-06
  0.887500048      0.262499988       4.81987854E-06
  0.912500024      0.262499988       4.82423366E-06
  0.937500000      0.262499988       4.82895530E-06
  0.962499976      0.262499988       4.83401436E-06
  0.987500012      0.262499988       4.83937401E-06
   1.00000000      0.262499988       4.83937401E-06
 
   0.00000000      0.287500024       9.63571438E-06
   1.25000002E-02  0.287500024       9.63571438E-06
   3.75000015E-02  0.287500024       9.63571074E-06
   6.25000000E-02  0.287500024       9.63570983E-06
   8.75000060E-02  0.287500024       9.63570892E-06
  0.112499997      0.287500024       9.63570619E-06
  0.137500003      0.287500024       9.63570528E-06
  0.162499994      0.287500024       9.63570346E-06
  0.187500000      0.287500024       9.63570346E-06
  0.212500006      0.287500024       9.63570346E-06
  0.237500012      0.287500024       9.63570437E-06
  0.262499988      0.287500024       9.63570619E-06
  0.287500024      0.287500024       9.63570710E-06
  0.312500000      0.287500024       9.63571256E-06
  0.337500006      0.287500024       9.63572256E-06
  0.362500012      0.287500024       9.63573802E-06
  0.387499988      0.287500024       9.63576167E-06
  0.412500024      0.287500024       9.63580806E-06
  0.437500000      0.287500024       9.63587809E-06
  0.462500006      0.287500024       9.63599086E-06
  0.487500012      0.287500024       9.63616640E-06
  0.512500048      0.287500024       9.63643288E-06
  0.537500024      0.287500024       9.63681941E-06
  0.562500000      0.287500024       9.63737784E-06
  0.587499976      0.287500024       9.63815637E-06
  0.612500012      0.287500024       9.63921866E-06
  0.637500048      0.287500024       9.64063111E-06
  0.662500024      0.287500024       9.64248011E-06
  0.687500000      0.287500024       9.64483297E-06
  0.712499976      0.287500024       9.64776609E-06
  0.737500012      0.287500024       9.65134677E-06
  0.762500048      0.287500024       9.65563140E-06
  0.787500024      0.287500024       9.66065545E-06
  0.812500000      0.287500024       9.66644984E-06
  0.837499976      0.287500024       9.67301185E-06
  0.862500012      0.287500024       9.68033146E-06
  0.887500048      0.287500024       9.68837685E-06
  0.912500024      0.287500024       9.69710163E-06
  0.937500000      0.287500024       9.70644487E-06
  0.962499976      0.287500024       9.71634927E-06
  0.987500012      0.287500024       9.72674661E-06
   1.00000000      0.287500024       9.72674661E-06
 
   0.00000000      0.312500000       1.90053761E-05
   1.25000002E-02  0.312500000       1.90053761E-05
   3.75000015E-02  0.312500000       1.90053725E-05
   6.25000000E-02  0.312500000       1.90053725E-05
   8.75000060E-02  0.312500000       1.90053652E-05
  0.112499997      0.312500000       1.90053561E-05
  0.137500003      0.312500000       1.90053543E-05
  0.162499994      0.312500000       1.90053543E-05
  0.187500000      0.312500000       1.90053543E-05
  0.212500006      0.312500000       1.90053543E-05
  0.237500012      0.312500000       1.90053597E-05
  0.262499988      0.312500000       1.90053652E-05
  0.287500024      0.312500000       1.90053706E-05
  0.312500000      0.312500000       1.90053870E-05
  0.337500006      0.312500000       1.90054143E-05
  0.362500012      0.312500000       1.90054598E-05
  0.387499988      0.312500000       1.90055398E-05
  0.412500024      0.312500000       1.90056653E-05
  0.437500000      0.312500000       1.90058690E-05
  0.462500006      0.312500000       1.90061764E-05
  0.487500012      0.312500000       1.90066494E-05
  0.512500048      0.312500000       1.90073497E-05
  0.537500024      0.312500000       1.90083483E-05
  0.562500000      0.312500000       1.90097562E-05
  0.587499976      0.312500000       1.90116825E-05
  0.612500012      0.312500000       1.90142509E-05
  0.637500048      0.312500000       1.90176106E-05
  0.662500024      0.312500000       1.90218907E-05
  0.687500000      0.312500000       1.90272349E-05
  0.712499976      0.312500000       1.90337651E-05
  0.737500012      0.312500000       1.90415831E-05
  0.762500048      0.312500000       1.90507490E-05
  0.787500024      0.312500000       1.90613100E-05
  0.812500000      0.312500000       1.90732753E-05
  0.837499976      0.312500000       1.90866031E-05
  0.862500012      0.312500000       1.91012477E-05
  0.887500048      0.312500000       1.91171166E-05
  0.912500024      0.312500000       1.91341060E-05
  0.937500000      0.312500000       1.91520976E-05
  0.962499976      0.312500000       1.91709751E-05
  0.987500012      0.312500000       1.91906220E-05
   1.00000000      0.312500000       1.91906220E-05
 
   0.00000000      0.337500006       3.67897337E-05
   1.25000002E-02  0.337500006       3.67897337E-05
   3.75000015E-02  0.337500006       3.67897410E-05
   6.25000000E-02  0.337500006       3.67897264E-05
   8.75000060E-02  0.337500006       3.67897082E-05
  0.112499997      0.337500006       3.67897082E-05
  0.137500003      0.337500006       3.67897082E-05
  0.162499994      0.337500006       3.67897082E-05
  0.187500000      0.337500006       3.67897082E-05
  0.212500006      0.337500006       3.67897082E-05
  0.237500012      0.337500006       3.67897155E-05
  0.262499988      0.337500006       3.67897301E-05
  0.287500024      0.337500006       3.67897555E-05
  0.312500000      0.337500006       3.67897992E-05
  0.337500006      0.337500006       3.67898901E-05
  0.362500012      0.337500006       3.67900211E-05
  0.387499988      0.337500006       3.67902503E-05
  0.412500024      0.337500006       3.67905996E-05
  0.437500000      0.337500006       3.67911598E-05
  0.462500006      0.337500006       3.67919893E-05
  0.487500012      0.337500006       3.67932371E-05
  0.512500048      0.337500006       3.67950306E-05
  0.537500024      0.337500006       3.67975554E-05
  0.562500000      0.337500006       3.68010260E-05
  0.587499976      0.337500006       3.68056608E-05
  0.612500012      0.337500006       3.68117071E-05
  0.637500048      0.337500006       3.68194524E-05
  0.662500024      0.337500006       3.68291076E-05
  0.687500000      0.337500006       3.68409019E-05
  0.712499976      0.337500006       3.68550209E-05
  0.737500012      0.337500006       3.68715591E-05
  0.762500048      0.337500006       3.68906040E-05
  0.787500024      0.337500006       3.69121371E-05
  0.812500000      0.337500006       3.69360932E-05
  0.837499976      0.337500006       3.69623704E-05
  0.862500012      0.337500006       3.69907975E-05
  0.887500048      0.337500006       3.70211928E-05
  0.912500024      0.337500006       3.70533380E-05
  0.937500000      0.337500006       3.70870221E-05
  0.962499976      0.337500006       3.71220158E-05
  0.987500012      0.337500006       3.71581664E-05
   1.00000000      0.337500006       3.71581664E-05
 
   0.00000000      0.362500012       6.98777803E-05
   1.25000002E-02  0.362500012       6.98777803E-05
   3.75000015E-02  0.362500012       6.98777949E-05
   6.25000000E-02  0.362500012       6.98777803E-05
   8.75000060E-02  0.362500012       6.98777585E-05
  0.112499997      0.362500012       6.98777440E-05
  0.137500003      0.362500012       6.98777440E-05
  0.162499994      0.362500012       6.98777440E-05
  0.187500000      0.362500012       6.98777512E-05
  0.212500006      0.362500012       6.98777585E-05
  0.237500012      0.362500012       6.98777731E-05
  0.262499988      0.362500012       6.98778094E-05
  0.287500024      0.362500012       6.98778895E-05
  0.312500000      0.362500012       6.98780423E-05
  0.337500006      0.362500012       6.98782824E-05
  0.362500012      0.362500012       6.98786753E-05
  0.387499988      0.362500012       6.98793010E-05
  0.412500024      0.362500012       6.98802978E-05
  0.437500000      0.362500012       6.98817676E-05
  0.462500006      0.362500012       6.98839649E-05
  0.487500012      0.362500012       6.98871809E-05
  0.512500048      0.362500012       6.98916920E-05
  0.537500024      0.362500012       6.98978765E-05
  0.562500000      0.362500012       6.99061784E-05
  0.587499976      0.362500012       6.99170050E-05
  0.612500012      0.362500012       6.99308803E-05
  0.637500048      0.362500012       6.99481971E-05
  0.662500024      0.362500012       6.99693337E-05
  0.687500000      0.362500012       6.99945740E-05
  0.712499976      0.362500012       7.00241144E-05
  0.737500012      0.362500012       7.00580640E-05
  0.762500048      0.362500012       7.00963428E-05
  0.787500024      0.362500012       7.01388635E-05
  0.812500000      0.362500012       7.01853423E-05
  0.837499976      0.362500012       7.02355173E-05
  0.862500012      0.362500012       7.02890466E-05
  0.887500048      0.362500012       7.03455225E-05
  0.912500024      0.362500012       7.04045815E-05
  0.937500000      0.362500012       7.04658305E-05
  0.962499976      0.362500012       7.05289349E-05
  0.987500012      0.362500012       7.05936691E-05
   1.00000000      0.362500012       7.05936691E-05
 
   0.00000000      0.387499988       1.30202869E-04
   1.25000002E-02  0.387499988       1.30202869E-04
   3.75000015E-02  0.387499988       1.30202869E-04
   6.25000000E-02  0.387499988       1.30202854E-04
   8.75000060E-02  0.387499988       1.30202825E-04
  0.112499997      0.387499988       1.30202767E-04
  0.137500003      0.387499988       1.30202767E-04
  0.162499994      0.387499988       1.30202767E-04
  0.187500000      0.387499988       1.30202796E-04
  0.212500006      0.387499988       1.30202840E-04
  0.237500012      0.387499988       1.30202898E-04
  0.262499988      0.387499988       1.30203014E-04
  0.287500024      0.387499988       1.30203262E-04
  0.312500000      0.387499988       1.30203713E-04
  0.337500006      0.387499988       1.30204382E-04
  0.362500012      0.387499988       1.30205473E-04
  0.387499988      0.387499988       1.30207161E-04
  0.412500024      0.387499988       1.30209810E-04
  0.437500000      0.387499988       1.30213739E-04
  0.462500006      0.387499988       1.30219414E-04
  0.487500012      0.387499988       1.30227403E-04
  0.512500048      0.387499988       1.30238419E-04
  0.537500024      0.387499988       1.30253175E-04
  0.562500000      0.387499988       1.30272470E-04
  0.587499976      0.387499988       1.30297180E-04
  0.612500012      0.387499988       1.30327928E-04
  0.637500048      0.387499988       1.30365486E-04
  0.662500024      0.387499988       1.30410233E-04
  0.687500000      0.387499988       1.30462533E-04
  0.712499976      0.387499988       1.30522341E-04
  0.737500012      0.387499988       1.30589659E-04
  0.762500048      0.387499988       1.30664077E-04
  0.787500024      0.387499988       1.30745204E-04
  0.812500000      0.387499988       1.30832472E-04
  0.837499976      0.387499988       1.30925197E-04
  0.862500012      0.387499988       1.31022694E-04
  0.887500048      0.387499988       1.31124412E-04
  0.912500024      0.387499988       1.31229637E-04
  0.937500000      0.387499988       1.31337845E-04
  0.962499976      0.387499988       1.31448440E-04
  0.987500012      0.387499988       1.31561232E-04
   1.00000000      0.387499988       1.31561232E-04
 
   0.00000000      0.412500024       2.37946908E-04
   1.25000002E-02  0.412500024       2.37946908E-04
   3.75000015E-02  0.412500024       2.37946821E-04
   6.25000000E-02  0.412500024       2.37946821E-04
   8.75000060E-02  0.412500024       2.37946748E-04
  0.112499997      0.412500024       2.37946690E-04
  0.137500003      0.412500024       2.37946675E-04
  0.162499994      0.412500024       2.37946690E-04
  0.187500000      0.412500024       2.37946748E-04
  0.212500006      0.412500024       2.37946908E-04
  0.237500012      0.412500024       2.37947112E-04
  0.262499988      0.412500024       2.37947534E-04
  0.287500024      0.412500024       2.37948261E-04
  0.312500000      0.412500024       2.37949527E-04
  0.337500006      0.412500024       2.37951434E-04
  0.362500012      0.412500024       2.37954446E-04
  0.387499988      0.412500024       2.37958957E-04
  0.412500024      0.412500024       2.37965840E-04
  0.437500000      0.412500024       2.37975866E-04
  0.462500006      0.412500024       2.37990040E-04
  0.487500012      0.412500024       2.38009481E-04
  0.512500048      0.412500024       2.38035602E-04
  0.537500024      0.412500024       2.38069813E-04
  0.562500000      0.412500024       2.38113425E-04
  0.587499976      0.412500024       2.38167850E-04
  0.612500012      0.412500024       2.38233944E-04
  0.637500048      0.412500024       2.38312496E-04
  0.662500024      0.412500024       2.38404100E-04
  0.687500000      0.412500024       2.38508495E-04
  0.712499976      0.412500024       2.38625376E-04
  0.737500012      0.412500024       2.38754117E-04
  0.762500048      0.412500024       2.38893699E-04
  0.787500024      0.412500024       2.39043133E-04
  0.812500000      0.412500024       2.39201268E-04
  0.837499976      0.412500024       2.39366855E-04
  0.862500012      0.412500024       2.39538858E-04
  0.887500048      0.412500024       2.39716232E-04
  0.912500024      0.412500024       2.39898072E-04
  0.937500000      0.412500024       2.40083536E-04
  0.962499976      0.412500024       2.40271867E-04
  0.987500012      0.412500024       2.40463240E-04
   1.00000000      0.412500024       2.40463240E-04
 
   0.00000000      0.437500000       4.26412356E-04
   1.25000002E-02  0.437500000       4.26412356E-04
   3.75000015E-02  0.437500000       4.26412182E-04
   6.25000000E-02  0.437500000       4.26412094E-04
   8.75000060E-02  0.437500000       4.26412065E-04
  0.112499997      0.437500000       4.26411978E-04
  0.137500003      0.437500000       4.26412007E-04
  0.162499994      0.437500000       4.26412094E-04
  0.187500000      0.437500000       4.26412327E-04
  0.212500006      0.437500000       4.26412706E-04
  0.237500012      0.437500000       4.26413404E-04
  0.262499988      0.437500000       4.26414656E-04
  0.287500024      0.437500000       4.26416780E-04
  0.312500000      0.437500000       4.26420185E-04
  0.337500006      0.437500000       4.26425424E-04
  0.362500012      0.437500000       4.26433457E-04
  0.387499988      0.437500000       4.26445476E-04
  0.412500024      0.437500000       4.26462997E-04
  0.437500000      0.437500000       4.26487823E-04
  0.462500006      0.437500000       4.26522107E-04
  0.487500012      0.437500000       4.26568120E-04
  0.512500048      0.437500000       4.26628307E-04
  0.537500024      0.437500000       4.26705054E-04
  0.562500000      0.437500000       4.26800398E-04
  0.587499976      0.437500000       4.26915998E-04
  0.612500012      0.437500000       4.27052990E-04
  0.637500048      0.437500000       4.27211780E-04
  0.662500024      0.437500000       4.27392049E-04
  0.687500000      0.437500000       4.27592779E-04
  0.712499976      0.437500000       4.27812425E-04
  0.737500012      0.437500000       4.28049359E-04
  0.762500048      0.437500000       4.28301486E-04
  0.787500024      0.437500000       4.28566709E-04
  0.812500000      0.437500000       4.28842934E-04
  0.837499976      0.437500000       4.29128500E-04
  0.862500012      0.437500000       4.29421721E-04
  0.887500048      0.437500000       4.29721229E-04
  0.912500024      0.437500000       4.30025771E-04
  0.937500000      0.437500000       4.30334243E-04
  0.962499976      0.437500000       4.30645974E-04
  0.987500012      0.437500000       4.30961925E-04
   1.00000000      0.437500000       4.30961925E-04
 
   0.00000000      0.462500006       7.49179337E-04
   1.25000002E-02  0.462500006       7.49179337E-04
   3.75000015E-02  0.462500006       7.49179046E-04
   6.25000000E-02  0.462500006       7.49178871E-04
   8.75000060E-02  0.462500006       7.49178755E-04
  0.112499997      0.462500006       7.49178696E-04
  0.137500003      0.462500006       7.49178755E-04
  0.162499994      0.462500006       7.49179220E-04
  0.187500000      0.462500006       7.49180035E-04
  0.212500006      0.462500006       7.49181141E-04
  0.237500012      0.462500006       7.49183237E-04
  0.262499988      0.462500006       7.49186845E-04
  0.287500024      0.462500006       7.49192783E-04
  0.312500000      0.462500006       7.49201863E-04
  0.337500006      0.462500006       7.49215833E-04
  0.362500012      0.462500006       7.49236904E-04
  0.387499988      0.462500006       7.49267580E-04
  0.412500024      0.462500006       7.49311177E-04
  0.437500000      0.462500006       7.49371131E-04
  0.462500006      0.462500006       7.49451690E-04
  0.487500012      0.462500006       7.49556988E-04
  0.512500048      0.462500006       7.49690924E-04
  0.537500024      0.462500006       7.49857340E-04
  0.562500000      0.462500006       7.50057981E-04
  0.587499976      0.462500006       7.50294887E-04
  0.612500012      0.462500006       7.50567939E-04
  0.637500048      0.462500006       7.50875857E-04
  0.662500024      0.462500006       7.51216547E-04
  0.687500000      0.462500006       7.51586689E-04
  0.712499976      0.462500006       7.51982850E-04
  0.737500012      0.462500006       7.52401364E-04
  0.762500048      0.462500006       7.52838561E-04
  0.787500024      0.462500006       7.53291242E-04
  0.812500000      0.462500006       7.53756322E-04
  0.837499976      0.462500006       7.54231238E-04
  0.862500012      0.462500006       7.54714245E-04
  0.887500048      0.462500006       7.55203480E-04
  0.912500024      0.462500006       7.55697838E-04
  0.937500000      0.462500006       7.56195979E-04
  0.962499976      0.462500006       7.56697147E-04
  0.987500012      0.462500006       7.57205766E-04
   1.00000000      0.462500006       7.57205766E-04
 
   0.00000000      0.487500012       1.29023450E-03
   1.25000002E-02  0.487500012       1.29023450E-03
   3.75000015E-02  0.487500012       1.29023346E-03
   6.25000000E-02  0.487500012       1.29023311E-03
   8.75000060E-02  0.487500012       1.29023322E-03
  0.112499997      0.487500012       1.29023381E-03
  0.137500003      0.487500012       1.29023416E-03
  0.162499994      0.487500012       1.29023509E-03
  0.187500000      0.487500012       1.29023753E-03
  0.212500006      0.487500012       1.29024102E-03
  0.237500012      0.487500012       1.29024719E-03
  0.262499988      0.487500012       1.29025744E-03
  0.287500024      0.487500012       1.29027292E-03
  0.312500000      0.487500012       1.29029748E-03
  0.337500006      0.487500012       1.29033427E-03
  0.362500012      0.487500012       1.29038759E-03
  0.387499988      0.487500012       1.29046373E-03
  0.412500024      0.487500012       1.29056850E-03
  0.437500000      0.487500012       1.29070925E-03
  0.462500006      0.487500012       1.29089237E-03
  0.487500012      0.487500012       1.29112508E-03
  0.512500048      0.487500012       1.29141251E-03
  0.537500024      0.487500012       1.29175920E-03
  0.562500000      0.487500012       1.29216514E-03
  0.587499976      0.487500012       1.29263022E-03
  0.612500012      0.487500012       1.29315106E-03
  0.637500048      0.487500012       1.29372254E-03
  0.662500024      0.487500012       1.29433791E-03
  0.687500000      0.487500012       1.29499089E-03
  0.712499976      0.487500012       1.29567436E-03
  0.737500012      0.487500012       1.29638193E-03
  0.762500048      0.487500012       1.29710871E-03
  0.787500024      0.487500012       1.29785039E-03
  0.812500000      0.487500012       1.29860372E-03
  0.837499976      0.487500012       1.29936542E-03
  0.862500012      0.487500012       1.30013388E-03
  0.887500048      0.487500012       1.30090758E-03
  0.912500024      0.487500012       1.30168581E-03
  0.937500000      0.487500012       1.30246673E-03
  0.962499976      0.487500012       1.30324962E-03
  0.987500012      0.487500012       1.30404916E-03
   1.00000000      0.487500012       1.30404916E-03
 
   0.00000000      0.512500048       2.17772811E-03
   1.25000002E-02  0.512500048       2.17772811E-03
   3.75000015E-02  0.512500048       2.17772671E-03
   6.25000000E-02  0.512500048       2.17772648E-03
   8.75000060E-02  0.512500048       2.17772694E-03
  0.112499997      0.512500048       2.17772811E-03
  0.137500003      0.512500048       2.17772997E-03
  0.162499994      0.512500048       2.17773323E-03
  0.187500000      0.512500048       2.17773952E-03
  0.212500006      0.512500048       2.17775023E-03
  0.237500012      0.512500048       2.17776792E-03
  0.262499988      0.512500048       2.17779516E-03
  0.287500024      0.512500048       2.17783707E-03
  0.312500000      0.512500048       2.17790017E-03
  0.337500006      0.512500048       2.17799307E-03
  0.362500012      0.512500048       2.17812485E-03
  0.387499988      0.512500048       2.17830762E-03
  0.412500024      0.512500048       2.17855186E-03
  0.437500000      0.512500048       2.17887014E-03
  0.462500006      0.512500048       2.17927201E-03
  0.487500012      0.512500048       2.17976701E-03
  0.512500048      0.512500048       2.18036002E-03
  0.537500024      0.512500048       2.18105130E-03
  0.562500000      0.512500048       2.18183664E-03
  0.587499976      0.512500048       2.18270742E-03
  0.612500012      0.512500048       2.18365411E-03
  0.637500048      0.512500048       2.18466343E-03
  0.662500024      0.512500048       2.18572235E-03
  0.687500000      0.512500048       2.18681851E-03
  0.712499976      0.512500048       2.18794215E-03
  0.737500012      0.512500048       2.18908442E-03
  0.762500048      0.512500048       2.19024089E-03
  0.787500024      0.512500048       2.19140714E-03
  0.812500000      0.512500048       2.19258014E-03
  0.837499976      0.512500048       2.19375873E-03
  0.862500012      0.512500048       2.19494081E-03
  0.887500048      0.512500048       2.19612615E-03
  0.912500024      0.512500048       2.19731312E-03
  0.937500000      0.512500048       2.19850196E-03
  0.962499976      0.512500048       2.19969056E-03
  0.987500012      0.512500048       2.20092223E-03
   1.00000000      0.512500048       2.20092223E-03
 
   0.00000000      0.537500024       3.60300788E-03
   1.25000002E-02  0.537500024       3.60300788E-03
   3.75000015E-02  0.537500024       3.60300532E-03
   6.25000000E-02  0.537500024       3.60300532E-03
   8.75000060E-02  0.537500024       3.60300671E-03
  0.112499997      0.537500024       3.60300904E-03
  0.137500003      0.537500024       3.60301207E-03
  0.162499994      0.537500024       3.60301835E-03
  0.187500000      0.537500024       3.60302953E-03
  0.212500006      0.537500024       3.60304816E-03
  0.237500012      0.537500024       3.60307982E-03
  0.262499988      0.537500024       3.60312685E-03
  0.287500024      0.537500024       3.60320066E-03
  0.312500000      0.537500024       3.60331056E-03
  0.337500006      0.537500024       3.60347074E-03
  0.362500012      0.537500024       3.60369636E-03
  0.387499988      0.537500024       3.60400695E-03
  0.412500024      0.537500024       3.60442000E-03
  0.437500000      0.537500024       3.60495457E-03
  0.462500006      0.537500024       3.60562513E-03
  0.487500012      0.537500024       3.60644353E-03
  0.512500048      0.537500024       3.60741490E-03
  0.537500024      0.537500024       3.60853667E-03
  0.562500000      0.537500024       3.60979978E-03
  0.587499976      0.537500024       3.61118652E-03
  0.612500012      0.537500024       3.61267850E-03
  0.637500048      0.537500024       3.61425476E-03
  0.662500024      0.537500024       3.61589156E-03
  0.687500000      0.537500024       3.61757167E-03
  0.712499976      0.537500024       3.61928064E-03
  0.737500012      0.537500024       3.62100662E-03
  0.762500048      0.537500024       3.62274353E-03
  0.787500024      0.537500024       3.62448767E-03
  0.812500000      0.537500024       3.62623460E-03
  0.837499976      0.537500024       3.62798502E-03
  0.862500012      0.537500024       3.62973730E-03
  0.887500048      0.537500024       3.63149238E-03
  0.912500024      0.537500024       3.63324746E-03
  0.937500000      0.537500024       3.63500393E-03
  0.962499976      0.537500024       3.63675901E-03
  0.987500012      0.537500024       3.63858207E-03
   1.00000000      0.537500024       3.63858207E-03
 
   0.00000000      0.562500000       5.84091200E-03
   1.25000002E-02  0.562500000       5.84091200E-03
   3.75000015E-02  0.562500000       5.84091060E-03
   6.25000000E-02  0.562500000       5.84091106E-03
   8.75000060E-02  0.562500000       5.84091246E-03
  0.112499997      0.562500000       5.84091712E-03
  0.137500003      0.562500000       5.84092224E-03
  0.162499994      0.562500000       5.84093109E-03
  0.187500000      0.562500000       5.84094785E-03
  0.212500006      0.562500000       5.84097765E-03
  0.237500012      0.562500000       5.84102469E-03
  0.262499988      0.562500000       5.84109779E-03
  0.287500024      0.562500000       5.84121142E-03
  0.312500000      0.562500000       5.84137999E-03
  0.337500006      0.562500000       5.84162539E-03
  0.362500012      0.562500000       5.84196905E-03
  0.387499988      0.562500000       5.84244123E-03
  0.412500024      0.562500000       5.84306847E-03
  0.437500000      0.562500000       5.84387733E-03
  0.462500006      0.562500000       5.84489154E-03
  0.487500012      0.562500000       5.84612228E-03
  0.512500048      0.562500000       5.84757980E-03
  0.537500024      0.562500000       5.84925711E-03
  0.562500000      0.562500000       5.85113652E-03
  0.587499976      0.562500000       5.85319567E-03
  0.612500012      0.562500000       5.85539825E-03
  0.637500048      0.562500000       5.85771631E-03
  0.662500024      0.562500000       5.86011494E-03
  0.687500000      0.562500000       5.86256897E-03
  0.712499976      0.562500000       5.86505467E-03
  0.737500012      0.562500000       5.86755853E-03
  0.762500048      0.562500000       5.87007031E-03
  0.787500024      0.562500000       5.87258767E-03
  0.812500000      0.562500000       5.87510783E-03
  0.837499976      0.562500000       5.87762799E-03
  0.862500012      0.562500000       5.88014908E-03
  0.887500048      0.562500000       5.88267203E-03
  0.912500024      0.562500000       5.88519499E-03
  0.937500000      0.562500000       5.88771841E-03
  0.962499976      0.562500000       5.89024043E-03
  0.987500012      0.562500000       5.89286257E-03
   1.00000000      0.562500000       5.89286257E-03
 
   0.00000000      0.587499976       9.27594025E-03
   1.25000002E-02  0.587499976       9.27594025E-03
   3.75000015E-02  0.587499976       9.27594025E-03
   6.25000000E-02  0.587499976       9.27594211E-03
   8.75000060E-02  0.587499976       9.27594583E-03
  0.112499997      0.587499976       9.27595049E-03
  0.137500003      0.587499976       9.27596074E-03
  0.162499994      0.587499976       9.27597098E-03
  0.187500000      0.587499976       9.27599613E-03
  0.212500006      0.587499976       9.27603617E-03
  0.237500012      0.587499976       9.27610416E-03
  0.262499988      0.587499976       9.27621126E-03
  0.287500024      0.587499976       9.27637517E-03
  0.312500000      0.587499976       9.27662198E-03
  0.337500006      0.587499976       9.27697308E-03
  0.362500012      0.587499976       9.27746855E-03
  0.387499988      0.587499976       9.27814469E-03
  0.412500024      0.587499976       9.27904621E-03
  0.437500000      0.587499976       9.28020477E-03
  0.462500006      0.587499976       9.28165950E-03
  0.487500012      0.587499976       9.28342436E-03
  0.512500048      0.587499976       9.28550400E-03
  0.537500024      0.587499976       9.28789657E-03
  0.562500000      0.587499976       9.29057412E-03
  0.587499976      0.587499976       9.29349940E-03
  0.612500012      0.587499976       9.29662213E-03
  0.637500048      0.587499976       9.29990131E-03
  0.662500024      0.587499976       9.30329133E-03
  0.687500000      0.587499976       9.30675305E-03
  0.712499976      0.587499976       9.31024924E-03
  0.737500012      0.587499976       9.31376591E-03
  0.762500048      0.587499976       9.31728911E-03
  0.787500024      0.587499976       9.32081696E-03
  0.812500000      0.587499976       9.32434667E-03
  0.837499976      0.587499976       9.32787172E-03
  0.862500012      0.587499976       9.33140051E-03
  0.887500048      0.587499976       9.33492649E-03
  0.912500024      0.587499976       9.33845527E-03
  0.937500000      0.587499976       9.34198219E-03
  0.962499976      0.587499976       9.34550818E-03
  0.987500012      0.587499976       9.34917387E-03
   1.00000000      0.587499976       9.34917387E-03
 
   0.00000000      0.612500012       1.44290878E-02
   1.25000002E-02  0.612500012       1.44290878E-02
   3.75000015E-02  0.612500012       1.44290878E-02
   6.25000000E-02  0.612500012       1.44290896E-02
   8.75000060E-02  0.612500012       1.44290952E-02
  0.112499997      0.612500012       1.44291036E-02
  0.137500003      0.612500012       1.44291129E-02
  0.162499994      0.612500012       1.44291315E-02
  0.187500000      0.612500012       1.44291632E-02
  0.212500006      0.612500012       1.44292200E-02
  0.237500012      0.612500012       1.44293159E-02
  0.262499988      0.612500012       1.44294649E-02
  0.287500024      0.612500012       1.44296894E-02
  0.312500000      0.612500012       1.44300256E-02
  0.337500006      0.612500012       1.44305136E-02
  0.362500012      0.612500012       1.44312009E-02
  0.387499988      0.612500012       1.44321425E-02
  0.412500024      0.612500012       1.44333858E-02
  0.437500000      0.612500012       1.44349933E-02
  0.462500006      0.612500012       1.44369975E-02
  0.487500012      0.612500012       1.44394310E-02
  0.512500048      0.612500012       1.44422995E-02
  0.537500024      0.612500012       1.44455973E-02
  0.562500000      0.612500012       1.44492825E-02
  0.587499976      0.612500012       1.44533021E-02
  0.612500012      0.612500012       1.44575946E-02
  0.637500048      0.612500012       1.44620929E-02
  0.662500024      0.612500012       1.44667318E-02
  0.687500000      0.612500012       1.44714611E-02
  0.712499976      0.612500012       1.44762387E-02
  0.737500012      0.612500012       1.44810388E-02
  0.762500048      0.612500012       1.44858453E-02
  0.787500024      0.612500012       1.44906472E-02
  0.812500000      0.612500012       1.44954463E-02
  0.837499976      0.612500012       1.45002473E-02
  0.862500012      0.612500012       1.45050464E-02
  0.887500048      0.612500012       1.45098418E-02
  0.912500024      0.612500012       1.45146409E-02
  0.937500000      0.612500012       1.45194335E-02
  0.962499976      0.612500012       1.45242298E-02
  0.987500012      0.612500012       1.45292133E-02
   1.00000000      0.612500012       1.45292133E-02
 
   0.00000000      0.637500048       2.19828635E-02
   1.25000002E-02  0.637500048       2.19828635E-02
   3.75000015E-02  0.637500048       2.19828673E-02
   6.25000000E-02  0.637500048       2.19828673E-02
   8.75000060E-02  0.637500048       2.19828729E-02
  0.112499997      0.637500048       2.19828803E-02
  0.137500003      0.637500048       2.19828971E-02
  0.162499994      0.637500048       2.19829194E-02
  0.187500000      0.637500048       2.19829604E-02
  0.212500006      0.637500048       2.19830405E-02
  0.237500012      0.637500048       2.19831709E-02
  0.262499988      0.637500048       2.19833702E-02
  0.287500024      0.637500048       2.19836682E-02
  0.312500000      0.637500048       2.19841227E-02
  0.337500006      0.637500048       2.19847746E-02
  0.362500012      0.637500048       2.19856948E-02
  0.387499988      0.637500048       2.19869576E-02
  0.412500024      0.637500048       2.19886266E-02
  0.437500000      0.637500048       2.19907816E-02
  0.462500006      0.637500048       2.19934601E-02
  0.487500012      0.637500048       2.19967160E-02
  0.512500048      0.637500048       2.20005587E-02
  0.537500024      0.637500048       2.20049657E-02
  0.562500000      0.637500048       2.20098849E-02
  0.587499976      0.637500048       2.20152456E-02
  0.612500012      0.637500048       2.20209714E-02
  0.637500048      0.637500048       2.20269635E-02
  0.662500024      0.637500048       2.20331308E-02
  0.687500000      0.637500048       2.20394135E-02
  0.712499976      0.637500048       2.20457539E-02
  0.737500012      0.637500048       2.20521148E-02
  0.762500048      0.637500048       2.20584795E-02
  0.787500024      0.637500048       2.20648423E-02
  0.812500000      0.637500048       2.20711958E-02
  0.837499976      0.637500048       2.20775399E-02
  0.862500012      0.637500048       2.20838841E-02
  0.887500048      0.637500048       2.20902301E-02
  0.912500024      0.637500048       2.20965650E-02
  0.937500000      0.637500048       2.21029017E-02
  0.962499976      0.637500048       2.21092422E-02
  0.987500012      0.637500048       2.21158229E-02
   1.00000000      0.637500048       2.21158229E-02
 
   0.00000000      0.662500024       3.27997357E-02
   1.25000002E-02  0.662500024       3.27997357E-02
   3.75000015E-02  0.662500024       3.27997357E-02
   6.25000000E-02  0.662500024       3.27997394E-02
   8.75000060E-02  0.662500024       3.27997543E-02
  0.112499997      0.662500024       3.27997655E-02
  0.137500003      0.662500024       3.27997878E-02
  0.162499994      0.662500024       3.27998139E-02
  0.187500000      0.662500024       3.27998698E-02
  0.212500006      0.662500024       3.27999741E-02
  0.237500012      0.662500024       3.28001343E-02
  0.262499988      0.662500024       3.28003950E-02
  0.287500024      0.662500024       3.28007825E-02
  0.312500000      0.662500024       3.28013711E-02
  0.337500006      0.662500024       3.28022242E-02
  0.362500012      0.662500024       3.28034237E-02
  0.387499988      0.662500024       3.28050703E-02
  0.412500024      0.662500024       3.28072384E-02
  0.437500000      0.662500024       3.28100324E-02
  0.462500006      0.662500024       3.28135230E-02
  0.487500012      0.662500024       3.28177474E-02
  0.512500048      0.662500024       3.28227468E-02
  0.537500024      0.662500024       3.28284614E-02
  0.562500000      0.662500024       3.28348503E-02
  0.587499976      0.662500024       3.28418016E-02
  0.612500012      0.662500024       3.28492187E-02
  0.637500048      0.662500024       3.28569673E-02
  0.662500024      0.662500024       3.28649394E-02
  0.687500000      0.662500024       3.28730457E-02
  0.712499976      0.662500024       3.28812264E-02
  0.737500012      0.662500024       3.28894146E-02
  0.762500048      0.662500024       3.28976028E-02
  0.787500024      0.662500024       3.29057910E-02
  0.812500000      0.662500024       3.29139456E-02
  0.837499976      0.662500024       3.29221040E-02
  0.862500012      0.662500024       3.29302475E-02
  0.887500048      0.662500024       3.29383872E-02
  0.912500024      0.662500024       3.29465196E-02
  0.937500000      0.662500024       3.29546593E-02
  0.962499976      0.662500024       3.29627953E-02
  0.987500012      0.662500024       3.29712443E-02
   1.00000000      0.662500024       3.29712443E-02
 
   0.00000000      0.687500000       4.79277335E-02
   1.25000002E-02  0.687500000       4.79277335E-02
   3.75000015E-02  0.687500000       4.79277335E-02
   6.25000000E-02  0.687500000       4.79277335E-02
   8.75000060E-02  0.687500000       4.79277410E-02
  0.112499997      0.687500000       4.79277596E-02
  0.137500003      0.687500000       4.79277857E-02
  0.162499994      0.687500000       4.79278266E-02
  0.187500000      0.687500000       4.79279011E-02
  0.212500006      0.687500000       4.79280278E-02
  0.237500012      0.687500000       4.79282327E-02
  0.262499988      0.687500000       4.79285605E-02
  0.287500024      0.687500000       4.79290448E-02
  0.312500000      0.687500000       4.79297899E-02
  0.337500006      0.687500000       4.79308628E-02
  0.362500012      0.687500000       4.79323864E-02
  0.387499988      0.687500000       4.79344614E-02
  0.412500024      0.687500000       4.79372032E-02
  0.437500000      0.687500000       4.79407236E-02
  0.462500006      0.687500000       4.79451418E-02
  0.487500012      0.687500000       4.79504801E-02
  0.512500048      0.687500000       4.79567870E-02
  0.537500024      0.687500000       4.79639918E-02
  0.562500000      0.687500000       4.79720347E-02
  0.587499976      0.687500000       4.79807928E-02
  0.612500012      0.687500000       4.79901098E-02
  0.637500048      0.687500000       4.79998477E-02
  0.662500024      0.687500000       4.80098501E-02
  0.687500000      0.687500000       4.80200127E-02
  0.712499976      0.687500000       4.80302572E-02
  0.737500012      0.687500000       4.80404980E-02
  0.762500048      0.687500000       4.80507165E-02
  0.787500024      0.687500000       4.80609238E-02
  0.812500000      0.687500000       4.80711162E-02
  0.837499976      0.687500000       4.80812825E-02
  0.862500012      0.687500000       4.80914265E-02
  0.887500048      0.687500000       4.81015518E-02
  0.912500024      0.687500000       4.81116809E-02
  0.937500000      0.687500000       4.81218174E-02
  0.962499976      0.687500000       4.81319427E-02
  0.987500012      0.687500000       4.81424592E-02
   1.00000000      0.687500000       4.81424592E-02
 
   0.00000000      0.712499976       6.85864761E-02
   1.25000002E-02  0.712499976       6.85864761E-02
   3.75000015E-02  0.712499976       6.85864761E-02
   6.25000000E-02  0.712499976       6.85864836E-02
   8.75000060E-02  0.712499976       6.85865059E-02
  0.112499997      0.712499976       6.85865134E-02
  0.137500003      0.712499976       6.85865358E-02
  0.162499994      0.712499976       6.85865805E-02
  0.187500000      0.712499976       6.85866773E-02
  0.212500006      0.712499976       6.85868338E-02
  0.237500012      0.712499976       6.85870871E-02
  0.262499988      0.712499976       6.85874820E-02
  0.287500024      0.712499976       6.85880780E-02
  0.312500000      0.712499976       6.85890093E-02
  0.337500006      0.712499976       6.85903206E-02
  0.362500012      0.712499976       6.85921609E-02
  0.387499988      0.712499976       6.85947314E-02
  0.412500024      0.712499976       6.85980842E-02
  0.437500000      0.712499976       6.86023980E-02
  0.462500006      0.712499976       6.86078072E-02
  0.487500012      0.712499976       6.86143488E-02
  0.512500048      0.712499976       6.86220601E-02
  0.537500024      0.712499976       6.86308965E-02
  0.562500000      0.712499976       6.86407238E-02
  0.587499976      0.712499976       6.86514229E-02
  0.612500012      0.712499976       6.86627924E-02
  0.637500048      0.712499976       6.86746612E-02
  0.662500024      0.712499976       6.86868355E-02
  0.687500000      0.712499976       6.86991736E-02
  0.712499976      0.712499976       6.87116235E-02
  0.737500012      0.712499976       6.87240288E-02
  0.762500048      0.712499976       6.87364265E-02
  0.787500024      0.712499976       6.87487721E-02
  0.812500000      0.712499976       6.87610954E-02
  0.837499976      0.712499976       6.87733814E-02
  0.862500012      0.712499976       6.87856302E-02
  0.887500048      0.712499976       6.87978342E-02
  0.912500024      0.712499976       6.88100457E-02
  0.937500000      0.712499976       6.88222945E-02
  0.962499976      0.712499976       6.88344836E-02
  0.987500012      0.712499976       6.88471496E-02
   1.00000000      0.712499976       6.88471496E-02
 
   0.00000000      0.737500012       9.61271450E-02
   1.25000002E-02  0.737500012       9.61271450E-02
   3.75000015E-02  0.737500012       9.61271450E-02
   6.25000000E-02  0.737500012       9.61271599E-02
   8.75000060E-02  0.737500012       9.61271897E-02
  0.112499997      0.737500012       9.61272046E-02
  0.137500003      0.737500012       9.61272195E-02
  0.162499994      0.737500012       9.61272940E-02
  0.187500000      0.737500012       9.61274132E-02
  0.212500006      0.737500012       9.61276218E-02
  0.237500012      0.737500012       9.61279050E-02
  0.262499988      0.737500012       9.61283594E-02
  0.287500024      0.737500012       9.61290672E-02
  0.312500000      0.737500012       9.61301774E-02
  0.337500006      0.737500012       9.61317420E-02
  0.362500012      0.737500012       9.61339399E-02
  0.387499988      0.737500012       9.61369574E-02
  0.412500024      0.737500012       9.61409509E-02
  0.437500000      0.737500012       9.61460993E-02
  0.462500006      0.737500012       9.61525217E-02
  0.487500012      0.737500012       9.61602777E-02
  0.512500048      0.737500012       9.61694270E-02
  0.537500024      0.737500012       9.61799100E-02
  0.562500000      0.737500012       9.61915478E-02
  0.587499976      0.737500012       9.62042212E-02
  0.612500012      0.737500012       9.62176919E-02
  0.637500048      0.737500012       9.62316990E-02
  0.662500024      0.737500012       9.62460712E-02
  0.687500000      0.737500012       9.62605923E-02
  0.712499976      0.737500012       9.62752327E-02
  0.737500012      0.737500012       9.62898135E-02
  0.762500048      0.737500012       9.63043347E-02
  0.787500024      0.737500012       9.63188037E-02
  0.812500000      0.737500012       9.63332430E-02
  0.837499976      0.737500012       9.63476077E-02
  0.862500012      0.737500012       9.63619128E-02
  0.887500048      0.737500012       9.63761657E-02
  0.912500024      0.737500012       9.63904485E-02
  0.937500000      0.737500012       9.64046940E-02
  0.962499976      0.737500012       9.64189172E-02
  0.987500012      0.737500012       9.64336917E-02
   1.00000000      0.737500012       9.64336917E-02
 
   0.00000000      0.762500048      0.131961897    
   1.25000002E-02  0.762500048      0.131961897    
   3.75000015E-02  0.762500048      0.131961897    
   6.25000000E-02  0.762500048      0.131961912    
   8.75000060E-02  0.762500048      0.131961912    
  0.112499997      0.762500048      0.131961927    
  0.137500003      0.762500048      0.131961927    
  0.162499994      0.762500048      0.131961986    
  0.187500000      0.762500048      0.131962180    
  0.212500006      0.762500048      0.131962419    
  0.237500012      0.762500048      0.131962717    
  0.262499988      0.762500048      0.131963253    
  0.287500024      0.762500048      0.131964073    
  0.312500000      0.762500048      0.131965354    
  0.337500006      0.762500048      0.131967127    
  0.362500012      0.762500048      0.131969705    
  0.387499988      0.762500048      0.131973132    
  0.412500024      0.762500048      0.131977752    
  0.437500000      0.762500048      0.131983653    
  0.462500006      0.762500048      0.131991059    
  0.487500012      0.762500048      0.131999940    
  0.512500048      0.762500048      0.132010490    
  0.537500024      0.762500048      0.132022485    
  0.562500000      0.762500048      0.132035851    
  0.587499976      0.762500048      0.132050365    
  0.612500012      0.762500048      0.132065818    
  0.637500048      0.762500048      0.132081792    
  0.662500024      0.762500048      0.132098198    
  0.687500000      0.762500048      0.132114798    
  0.712499976      0.762500048      0.132131428    
  0.737500012      0.762500048      0.132147998    
  0.762500048      0.762500048      0.132164448    
  0.787500024      0.762500048      0.132180825    
  0.812500000      0.762500048      0.132197142    
  0.837499976      0.762500048      0.132213384    
  0.862500012      0.762500048      0.132229507    
  0.887500048      0.762500048      0.132245600    
  0.912500024      0.762500048      0.132261679    
  0.937500000      0.762500048      0.132277727    
  0.962499976      0.762500048      0.132293686    
  0.987500012      0.762500048      0.132310376    
   1.00000000      0.762500048      0.132310376    
 
   0.00000000      0.787500024      0.177461579    
   1.25000002E-02  0.787500024      0.177461579    
   3.75000015E-02  0.787500024      0.177461579    
   6.25000000E-02  0.787500024      0.177461579    
   8.75000060E-02  0.787500024      0.177461624    
  0.112499997      0.787500024      0.177461639    
  0.137500003      0.787500024      0.177461684    
  0.162499994      0.787500024      0.177461758    
  0.187500000      0.787500024      0.177461922    
  0.212500006      0.787500024      0.177462161    
  0.237500012      0.787500024      0.177462503    
  0.262499988      0.787500024      0.177463084    
  0.287500024      0.787500024      0.177464038    
  0.312500000      0.787500024      0.177465409    
  0.337500006      0.787500024      0.177467406    
  0.362500012      0.787500024      0.177470267    
  0.387499988      0.787500024      0.177474126    
  0.412500024      0.787500024      0.177479222    
  0.437500000      0.787500024      0.177485779    
  0.462500006      0.787500024      0.177493975    
  0.487500012      0.787500024      0.177503869    
  0.512500048      0.787500024      0.177515551    
  0.537500024      0.787500024      0.177528843    
  0.562500000      0.787500024      0.177543700    
  0.587499976      0.787500024      0.177559733    
  0.612500012      0.787500024      0.177576765    
  0.637500048      0.787500024      0.177594423    
  0.662500024      0.787500024      0.177612484    
  0.687500000      0.787500024      0.177630782    
  0.712499976      0.787500024      0.177649051    
  0.737500012      0.787500024      0.177667230    
  0.762500048      0.787500024      0.177685261    
  0.787500024      0.787500024      0.177703127    
  0.812500000      0.787500024      0.177720919    
  0.837499976      0.787500024      0.177738577    
  0.862500012      0.787500024      0.177756101    
  0.887500048      0.787500024      0.177773610    
  0.912500024      0.787500024      0.177790999    
  0.937500000      0.787500024      0.177808404    
  0.962499976      0.787500024      0.177825704    
  0.987500012      0.787500024      0.177843720    
   1.00000000      0.787500024      0.177843720    
 
   0.00000000      0.812500000      0.233826861    
   1.25000002E-02  0.812500000      0.233826861    
   3.75000015E-02  0.812500000      0.233826861    
   6.25000000E-02  0.812500000      0.233826861    
   8.75000060E-02  0.812500000      0.233826920    
  0.112499997      0.812500000      0.233826935    
  0.137500003      0.812500000      0.233827025    
  0.162499994      0.812500000      0.233827099    
  0.187500000      0.812500000      0.233827233    
  0.212500006      0.812500000      0.233827442    
  0.237500012      0.812500000      0.233827814    
  0.262499988      0.812500000      0.233828455    
  0.287500024      0.812500000      0.233829528    
  0.312500000      0.812500000      0.233830988    
  0.337500006      0.812500000      0.233833119    
  0.362500012      0.812500000      0.233836159    
  0.387499988      0.812500000      0.233840346    
  0.412500024      0.812500000      0.233845755    
  0.437500000      0.812500000      0.233852759    
  0.462500006      0.812500000      0.233861521    
  0.487500012      0.812500000      0.233872071    
  0.512500048      0.812500000      0.233884573    
  0.537500024      0.812500000      0.233898818    
  0.562500000      0.812500000      0.233914644    
  0.587499976      0.812500000      0.233931735    
  0.612500012      0.812500000      0.233949825    
  0.637500048      0.812500000      0.233968601    
  0.662500024      0.812500000      0.233987808    
  0.687500000      0.812500000      0.234007180    
  0.712499976      0.812500000      0.234026477    
  0.737500012      0.812500000      0.234045655    
  0.762500048      0.812500000      0.234064683    
  0.787500024      0.812500000      0.234083459    
  0.812500000      0.812500000      0.234102085    
  0.837499976      0.812500000      0.234120578    
  0.862500012      0.812500000      0.234138936    
  0.887500048      0.812500000      0.234157160    
  0.912500024      0.812500000      0.234175220    
  0.937500000      0.812500000      0.234193265    
  0.962499976      0.812500000      0.234211296    
  0.987500012      0.812500000      0.234229997    
   1.00000000      0.812500000      0.234229997    
 
   0.00000000      0.837499976      0.301941633    
   1.25000002E-02  0.837499976      0.301941633    
   3.75000015E-02  0.837499976      0.301941633    
   6.25000000E-02  0.837499976      0.301941633    
   8.75000060E-02  0.837499976      0.301941633    
  0.112499997      0.837499976      0.301941663    
  0.137500003      0.837499976      0.301941752    
  0.162499994      0.837499976      0.301941872    
  0.187500000      0.837499976      0.301942050    
  0.212500006      0.837499976      0.301942170    
  0.237500012      0.837499976      0.301942557    
  0.262499988      0.837499976      0.301943272    
  0.287500024      0.837499976      0.301944315    
  0.312500000      0.837499976      0.301945806    
  0.337500006      0.837499976      0.301948041    
  0.362500012      0.837499976      0.301951081    
  0.387499988      0.837499976      0.301955462    
  0.412500024      0.837499976      0.301961005    
  0.437500000      0.837499976      0.301968217    
  0.462500006      0.837499976      0.301977187    
  0.487500012      0.837499976      0.301988035    
  0.512500048      0.837499976      0.302000761    
  0.537500024      0.837499976      0.302015394    
  0.562500000      0.837499976      0.302031517    
  0.587499976      0.837499976      0.302049041    
  0.612500012      0.837499976      0.302067459    
  0.637500048      0.837499976      0.302086622    
  0.662500024      0.837499976      0.302106172    
  0.687500000      0.837499976      0.302125871    
  0.712499976      0.837499976      0.302145481    
  0.737500012      0.837499976      0.302164882    
  0.762500048      0.837499976      0.302184135    
  0.787500024      0.837499976      0.302202940    
  0.812500000      0.837499976      0.302221715    
  0.837499976      0.837499976      0.302240163    
  0.862500012      0.837499976      0.302258581    
  0.887500048      0.837499976      0.302276731    
  0.912500024      0.837499976      0.302294701    
  0.937500000      0.837499976      0.302312613    
  0.962499976      0.837499976      0.302330375    
  0.987500012      0.837499976      0.302348912    
   1.00000000      0.837499976      0.302348912    
 
   0.00000000      0.862500012      0.382227123    
   1.25000002E-02  0.862500012      0.382227123    
   3.75000015E-02  0.862500012      0.382227123    
   6.25000000E-02  0.862500012      0.382227123    
   8.75000060E-02  0.862500012      0.382227123    
  0.112499997      0.862500012      0.382227153    
  0.137500003      0.862500012      0.382227272    
  0.162499994      0.862500012      0.382227272    
  0.187500000      0.862500012      0.382227391    
  0.212500006      0.862500012      0.382227510    
  0.237500012      0.862500012      0.382227927    
  0.262499988      0.862500012      0.382228613    
  0.287500024      0.862500012      0.382229686    
  0.312500000      0.862500012      0.382231146    
  0.337500006      0.862500012      0.382233351    
  0.362500012      0.862500012      0.382236421    
  0.387499988      0.862500012      0.382240504    
  0.412500024      0.862500012      0.382245928    
  0.437500000      0.862500012      0.382253051    
  0.462500006      0.862500012      0.382261813    
  0.487500012      0.862500012      0.382272393    
  0.512500048      0.862500012      0.382284820    
  0.537500024      0.862500012      0.382299125    
  0.562500000      0.862500012      0.382314861    
  0.587499976      0.862500012      0.382331878    
  0.612500012      0.862500012      0.382349908    
  0.637500048      0.862500012      0.382368624    
  0.662500024      0.862500012      0.382387459    
  0.687500000      0.862500012      0.382406592    
  0.712499976      0.862500012      0.382425576    
  0.737500012      0.862500012      0.382444352    
  0.762500048      0.862500012      0.382462800    
  0.787500024      0.862500012      0.382480890    
  0.812500000      0.862500012      0.382498860    
  0.837499976      0.862500012      0.382516503    
  0.862500012      0.862500012      0.382533938    
  0.887500048      0.862500012      0.382551193    
  0.912500024      0.862500012      0.382568151    
  0.937500000      0.862500012      0.382584989    
  0.962499976      0.862500012      0.382601559    
  0.987500012      0.862500012      0.382618845    
   1.00000000      0.862500012      0.382618845    
 
   0.00000000      0.887500048      0.474513829    
   1.25000002E-02  0.887500048      0.474513829    
   3.75000015E-02  0.887500048      0.474513829    
   6.25000000E-02  0.887500048      0.474513829    
   8.75000060E-02  0.887500048      0.474513829    
  0.112499997      0.887500048      0.474513829    
  0.137500003      0.887500048      0.474513918    
  0.162499994      0.887500048      0.474513918    
  0.187500000      0.887500048      0.474514186    
  0.212500006      0.887500048      0.474514186    
  0.237500012      0.887500048      0.474514455    
  0.262499988      0.887500048      0.474515200    
  0.287500024      0.887500048      0.474516213    
  0.312500000      0.887500048      0.474517554    
  0.337500006      0.887500048      0.474519670    
  0.362500012      0.887500048      0.474522412    
  0.387499988      0.887500048      0.474526137    
  0.412500024      0.887500048      0.474531204    
  0.437500000      0.887500048      0.474537790    
  0.462500006      0.887500048      0.474545836    
  0.487500012      0.887500048      0.474555612    
  0.512500048      0.887500048      0.474567115    
  0.537500024      0.887500048      0.474580228    
  0.562500000      0.887500048      0.474594712    
  0.587499976      0.887500048      0.474610478    
  0.612500012      0.887500048      0.474627048    
  0.637500048      0.887500048      0.474644154    
  0.662500024      0.887500048      0.474661589    
  0.687500000      0.887500048      0.474679053    
  0.712499976      0.887500048      0.474696368    
  0.737500012      0.887500048      0.474713445    
  0.762500048      0.887500048      0.474730104    
  0.787500024      0.887500048      0.474746644    
  0.812500000      0.887500048      0.474762827    
  0.837499976      0.887500048      0.474778801    
  0.862500012      0.887500048      0.474794477    
  0.887500048      0.887500048      0.474809885    
  0.912500024      0.887500048      0.474824905    
  0.937500000      0.887500048      0.474839658    
  0.962499976      0.887500048      0.474854112    
  0.987500012      0.887500048      0.474869162    
   1.00000000      0.887500048      0.474869162    
 
   0.00000000      0.912500024      0.577957273    
   1.25000002E-02  0.912500024      0.577957273    
   3.75000015E-02  0.912500024      0.577957273    
   6.25000000E-02  0.912500024      0.577957273    
   8.75000060E-02  0.912500024      0.577957273    
  0.112499997      0.912500024      0.577957332    
  0.137500003      0.912500024      0.577957451    
  0.162499994      0.912500024      0.577957451    
  0.187500000      0.912500024      0.577957511    
  0.212500006      0.912500024      0.577957571    
  0.237500012      0.912500024      0.577957988    
  0.262499988      0.912500024      0.577958524    
  0.287500024      0.912500024      0.577959478    
  0.312500000      0.912500024      0.577960491    
  0.337500006      0.912500024      0.577962339    
  0.362500012      0.912500024      0.577964604    
  0.387499988      0.912500024      0.577967823    
  0.412500024      0.912500024      0.577972174    
  0.437500000      0.912500024      0.577977955    
  0.462500006      0.912500024      0.577984750    
  0.487500012      0.912500024      0.577993155    
  0.512500048      0.912500024      0.578002989    
  0.537500024      0.912500024      0.578014314    
  0.562500000      0.912500024      0.578026831    
  0.587499976      0.912500024      0.578040063    
  0.612500012      0.912500024      0.578054190    
  0.637500048      0.912500024      0.578068852    
  0.662500024      0.912500024      0.578083694    
  0.687500000      0.912500024      0.578098476    
  0.712499976      0.912500024      0.578113317    
  0.737500012      0.912500024      0.578127742    
  0.762500048      0.912500024      0.578141749    
  0.787500024      0.912500024      0.578155577    
  0.812500000      0.912500024      0.578169227    
  0.837499976      0.912500024      0.578182697    
  0.862500012      0.912500024      0.578195810    
  0.887500048      0.912500024      0.578208566    
  0.912500024      0.912500024      0.578220785    
  0.937500000      0.912500024      0.578232765    
  0.962499976      0.912500024      0.578244328    
  0.987500012      0.912500024      0.578256071    
   1.00000000      0.912500024      0.578256071    
 
   0.00000000      0.937500000      0.691012740    
   1.25000002E-02  0.937500000      0.691012740    
   3.75000015E-02  0.937500000      0.691012740    
   6.25000000E-02  0.937500000      0.691012740    
   8.75000060E-02  0.937500000      0.691012740    
  0.112499997      0.937500000      0.691012740    
  0.137500003      0.937500000      0.691012800    
  0.162499994      0.937500000      0.691012859    
  0.187500000      0.937500000      0.691012919    
  0.212500006      0.937500000      0.691013038    
  0.237500012      0.937500000      0.691013217    
  0.262499988      0.937500000      0.691013694    
  0.287500024      0.937500000      0.691014409    
  0.312500000      0.937500000      0.691015244    
  0.337500006      0.937500000      0.691016555    
  0.362500012      0.937500000      0.691018283    
  0.387499988      0.937500000      0.691020727    
  0.412500024      0.937500000      0.691024065    
  0.437500000      0.937500000      0.691028476    
  0.462500006      0.937500000      0.691033900    
  0.487500012      0.937500000      0.691040277    
  0.512500048      0.937500000      0.691047728    
  0.537500024      0.937500000      0.691056311    
  0.562500000      0.937500000      0.691065907    
  0.587499976      0.937500000      0.691076100    
  0.612500012      0.937500000      0.691087067    
  0.637500048      0.937500000      0.691098332    
  0.662500024      0.937500000      0.691109538    
  0.687500000      0.937500000      0.691120982    
  0.712499976      0.937500000      0.691132128    
  0.737500012      0.937500000      0.691143334    
  0.762500048      0.937500000      0.691153884    
  0.787500024      0.937500000      0.691164434    
  0.812500000      0.937500000      0.691174626    
  0.837499976      0.937500000      0.691184819    
  0.862500012      0.937500000      0.691194654    
  0.887500048      0.937500000      0.691204071    
  0.912500024      0.937500000      0.691213131    
  0.937500000      0.937500000      0.691221714    
  0.962499976      0.937500000      0.691229761    
  0.987500012      0.937500000      0.691237688    
   1.00000000      0.937500000      0.691237688    
 
   0.00000000      0.962499976      0.811480939    
   1.25000002E-02  0.962499976      0.811480939    
   3.75000015E-02  0.962499976      0.811480939    
   6.25000000E-02  0.962499976      0.811480939    
   8.75000060E-02  0.962499976      0.811480939    
  0.112499997      0.962499976      0.811480939    
  0.137500003      0.962499976      0.811480939    
  0.162499994      0.962499976      0.811480939    
  0.187500000      0.962499976      0.811480939    
  0.212500006      0.962499976      0.811481059    
  0.237500012      0.962499976      0.811481237    
  0.262499988      0.962499976      0.811481357    
  0.287500024      0.962499976      0.811481774    
  0.312500000      0.962499976      0.811482430    
  0.337500006      0.962499976      0.811483383    
  0.362500012      0.962499976      0.811484396    
  0.387499988      0.962499976      0.811485887    
  0.412500024      0.962499976      0.811488032    
  0.437500000      0.962499976      0.811490715    
  0.462500006      0.962499976      0.811494112    
  0.487500012      0.962499976      0.811498165    
  0.512500048      0.962499976      0.811502874    
  0.537500024      0.962499976      0.811508238    
  0.562500000      0.962499976      0.811514378    
  0.587499976      0.962499976      0.811520696    
  0.612500012      0.962499976      0.811527610    
  0.637500048      0.962499976      0.811534762    
  0.662500024      0.962499976      0.811541736    
  0.687500000      0.962499976      0.811548889    
  0.712499976      0.962499976      0.811555803    
  0.737500012      0.962499976      0.811562896    
  0.762500048      0.962499976      0.811569333    
  0.787500024      0.962499976      0.811576009    
  0.812500000      0.962499976      0.811582386    
  0.837499976      0.962499976      0.811588883    
  0.862500012      0.962499976      0.811594784    
  0.887500048      0.962499976      0.811600626    
  0.912500024      0.962499976      0.811606050    
  0.937500000      0.962499976      0.811611056    
  0.962499976      0.962499976      0.811615705    
  0.987500012      0.962499976      0.811619699    
   1.00000000      0.962499976      0.811619699    
 
   0.00000000      0.987500012      0.936627567    
   1.25000002E-02  0.987500012      0.936627567    
   3.75000015E-02  0.987500012      0.936627567    
   6.25000000E-02  0.987500012      0.936627567    
   8.75000060E-02  0.987500012      0.936627567    
  0.112499997      0.987500012      0.936627567    
  0.137500003      0.987500012      0.936627567    
  0.162499994      0.987500012      0.936627686    
  0.187500000      0.987500012      0.936627686    
  0.212500006      0.987500012      0.936627686    
  0.237500012      0.987500012      0.936627686    
  0.262499988      0.987500012      0.936627805    
  0.287500024      0.987500012      0.936627865    
  0.312500000      0.987500012      0.936628222    
  0.337500006      0.987500012      0.936628282    
  0.362500012      0.987500012      0.936628699    
  0.387499988      0.987500012      0.936629355    
  0.412500024      0.987500012      0.936629951    
  0.437500000      0.987500012      0.936630785    
  0.462500006      0.987500012      0.936632216    
  0.487500012      0.987500012      0.936633646    
  0.512500048      0.987500012      0.936635017    
  0.537500024      0.987500012      0.936636865    
  0.562500000      0.987500012      0.936639011    
  0.587499976      0.987500012      0.936641037    
  0.612500012      0.987500012      0.936643541    
  0.637500048      0.987500012      0.936645925    
  0.662500024      0.987500012      0.936648250    
  0.687500000      0.987500012      0.936650932    
  0.712499976      0.987500012      0.936653078    
  0.737500012      0.987500012      0.936655343    
  0.762500048      0.987500012      0.936657727    
  0.787500024      0.987500012      0.936660111    
  0.812500000      0.987500012      0.936662138    
  0.837499976      0.987500012      0.936664402    
  0.862500012      0.987500012      0.936666489    
  0.887500048      0.987500012      0.936668336    
  0.912500024      0.987500012      0.936670184    
  0.937500000      0.987500012      0.936671615    
  0.962499976      0.987500012      0.936673284    
  0.987500012      0.987500012      0.936674237    
   1.00000000      0.987500012      0.936674237    
 
   0.00000000       1.00000000       1.00000000    
   1.25000002E-02   1.00000000       1.00000000    
   3.75000015E-02   1.00000000       1.00000000    
   6.25000000E-02   1.00000000       1.00000000    
   8.75000060E-02   1.00000000       1.00000000    
  0.112499997       1.00000000       1.00000000    
  0.137500003       1.00000000       1.00000000    
  0.162499994       1.00000000       1.00000000    
  0.187500000       1.00000000       1.00000000    
  0.212500006       1.00000000       1.00000000    
  0.237500012       1.00000000       1.00000000    
  0.262499988       1.00000000       1.00000000    
  0.287500024       1.00000000       1.00000000    
  0.312500000       1.00000000       1.00000000    
  0.337500006       1.00000000       1.00000000    
  0.362500012       1.00000000       1.00000000    
  0.387499988       1.00000000       1.00000000    
  0.412500024       1.00000000       1.00000000    
  0.437500000       1.00000000       1.00000000    
  0.462500006       1.00000000       1.00000000    
  0.487500012       1.00000000       1.00000000    
  0.512500048       1.00000000       1.00000000    
  0.537500024       1.00000000       1.00000000    
  0.562500000       1.00000000       1.00000000    
  0.587499976       1.00000000       1.00000000    
  0.612500012       1.00000000       1.00000000    
  0.637500048       1.00000000       1.00000000    
  0.662500024       1.00000000       1.00000000    
  0.687500000       1.00000000       1.00000000    
  0.712499976       1.00000000       1.00000000    
  0.737500012       1.00000000       1.00000000    
  0.762500048       1.00000000       1.00000000    
  0.787500024       1.00000000       1.00000000    
  0.812500000       1.00000000       1.00000000    
  0.837499976       1.00000000       1.00000000    
  0.862500012       1.00000000       1.00000000    
  0.887500048       1.00000000       1.00000000    
  0.912500024       1.00000000       1.00000000    
  0.937500000       1.00000000       1.00000000    
  0.962499976       1.00000000       1.00000000    
  0.987500012       1.00000000       1.00000000    
   1.00000000       1.00000000       1.00000000    
 
