   0.00000000       0.00000000       0.00000000    
   1.25000002E-02   0.00000000       0.00000000    
   3.75000015E-02   0.00000000       0.00000000    
   6.25000000E-02   0.00000000       0.00000000    
   8.75000060E-02   0.00000000       0.00000000    
  0.112499997       0.00000000       0.00000000    
  0.137500003       0.00000000       0.00000000    
  0.162499994       0.00000000       0.00000000    
  0.187500000       0.00000000       0.00000000    
  0.212500006       0.00000000       0.00000000    
  0.237500012       0.00000000       0.00000000    
  0.262499988       0.00000000       0.00000000    
  0.287500024       0.00000000       0.00000000    
  0.312500000       0.00000000       0.00000000    
  0.337500006       0.00000000       0.00000000    
  0.362500012       0.00000000       0.00000000    
  0.387499988       0.00000000       0.00000000    
  0.412500024       0.00000000       0.00000000    
  0.437500000       0.00000000       0.00000000    
  0.462500006       0.00000000       0.00000000    
  0.487500012       0.00000000       0.00000000    
  0.512500048       0.00000000       0.00000000    
  0.537500024       0.00000000       0.00000000    
  0.562500000       0.00000000       0.00000000    
  0.587499976       0.00000000       0.00000000    
  0.612500012       0.00000000       0.00000000    
  0.637500048       0.00000000       0.00000000    
  0.662500024       0.00000000       0.00000000    
  0.687500000       0.00000000       0.00000000    
  0.712499976       0.00000000       0.00000000    
  0.737500012       0.00000000       0.00000000    
  0.762500048       0.00000000       0.00000000    
  0.787500024       0.00000000       0.00000000    
  0.812500000       0.00000000       0.00000000    
  0.837499976       0.00000000       0.00000000    
  0.862500012       0.00000000       0.00000000    
  0.887500048       0.00000000       0.00000000    
  0.912500024       0.00000000       0.00000000    
  0.937500000       0.00000000       0.00000000    
  0.962499976       0.00000000       0.00000000    
  0.987500012       0.00000000       0.00000000    
   1.00000000       0.00000000       0.00000000    
 
   0.00000000       1.25000002E-02   1.18401682E-03
   1.25000002E-02   1.25000002E-02   1.18401682E-03
   3.75000015E-02   1.25000002E-02   1.18401763E-03
   6.25000000E-02   1.25000002E-02   1.18401763E-03
   8.75000060E-02   1.25000002E-02   1.18401775E-03
  0.112499997       1.25000002E-02   1.18401775E-03
  0.137500003       1.25000002E-02   1.18401810E-03
  0.162499994       1.25000002E-02   1.18401833E-03
  0.187500000       1.25000002E-02   1.18401833E-03
  0.212500006       1.25000002E-02   1.18401833E-03
  0.237500012       1.25000002E-02   1.18401833E-03
  0.262499988       1.25000002E-02   1.18401833E-03
  0.287500024       1.25000002E-02   1.18401833E-03
  0.312500000       1.25000002E-02   1.18401833E-03
  0.337500006       1.25000002E-02   1.18401833E-03
  0.362500012       1.25000002E-02   1.18401891E-03
  0.387499988       1.25000002E-02   1.18401938E-03
  0.412500024       1.25000002E-02   1.18401996E-03
  0.437500000       1.25000002E-02   1.18402054E-03
  0.462500006       1.25000002E-02   1.18402182E-03
  0.487500012       1.25000002E-02   1.18402345E-03
  0.512500048       1.25000002E-02   1.18402496E-03
  0.537500024       1.25000002E-02   1.18402706E-03
  0.562500000       1.25000002E-02   1.18402950E-03
  0.587499976       1.25000002E-02   1.18403265E-03
  0.612500012       1.25000002E-02   1.18403649E-03
  0.637500048       1.25000002E-02   1.18404080E-03
  0.662500024       1.25000002E-02   1.18404557E-03
  0.687500000       1.25000002E-02   1.18405104E-03
  0.712499976       1.25000002E-02   1.18405744E-03
  0.737500012       1.25000002E-02   1.18406443E-03
  0.762500048       1.25000002E-02   1.18407211E-03
  0.787500024       1.25000002E-02   1.18408108E-03
  0.812500000       1.25000002E-02   1.18409086E-03
  0.837499976       1.25000002E-02   1.18410180E-03
  0.862500012       1.25000002E-02   1.18411356E-03
  0.887500048       1.25000002E-02   1.18412590E-03
  0.912500024       1.25000002E-02   1.18413998E-03
  0.937500000       1.25000002E-02   1.18415488E-03
  0.962499976       1.25000002E-02   1.18417072E-03
  0.987500012       1.25000002E-02   1.18418783E-03
   1.00000000       1.25000002E-02   1.18418783E-03
 
   0.00000000       3.75000015E-02   3.58993816E-03
   1.25000002E-02   3.75000015E-02   3.58993816E-03
   3.75000015E-02   3.75000015E-02   3.58993956E-03
   6.25000000E-02   3.75000015E-02   3.58994002E-03
   8.75000060E-02   3.75000015E-02   3.58994002E-03
  0.112499997       3.75000015E-02   3.58994049E-03
  0.137500003       3.75000015E-02   3.58994049E-03
  0.162499994       3.75000015E-02   3.58994049E-03
  0.187500000       3.75000015E-02   3.58994049E-03
  0.212500006       3.75000015E-02   3.58994049E-03
  0.237500012       3.75000015E-02   3.58994049E-03
  0.262499988       3.75000015E-02   3.58994049E-03
  0.287500024       3.75000015E-02   3.58994049E-03
  0.312500000       3.75000015E-02   3.58994049E-03
  0.337500006       3.75000015E-02   3.58994096E-03
  0.362500012       3.75000015E-02   3.58994212E-03
  0.387499988       3.75000015E-02   3.58994422E-03
  0.412500024       3.75000015E-02   3.58994678E-03
  0.437500000       3.75000015E-02   3.58994887E-03
  0.462500006       3.75000015E-02   3.58995306E-03
  0.487500012       3.75000015E-02   3.58995725E-03
  0.512500048       3.75000015E-02   3.58996214E-03
  0.537500024       3.75000015E-02   3.58996959E-03
  0.562500000       3.75000015E-02   3.58997751E-03
  0.587499976       3.75000015E-02   3.58998682E-03
  0.612500012       3.75000015E-02   3.58999870E-03
  0.637500048       3.75000015E-02   3.59001243E-03
  0.662500024       3.75000015E-02   3.59002757E-03
  0.687500000       3.75000015E-02   3.59004410E-03
  0.712499976       3.75000015E-02   3.59006412E-03
  0.737500012       3.75000015E-02   3.59008531E-03
  0.762500048       3.75000015E-02   3.59010953E-03
  0.787500024       3.75000015E-02   3.59013746E-03
  0.812500000       3.75000015E-02   3.59016727E-03
  0.837499976       3.75000015E-02   3.59020079E-03
  0.862500012       3.75000015E-02   3.59023735E-03
  0.887500048       3.75000015E-02   3.59027553E-03
  0.912500024       3.75000015E-02   3.59031861E-03
  0.937500000       3.75000015E-02   3.59036354E-03
  0.962499976       3.75000015E-02   3.59041267E-03
  0.987500012       3.75000015E-02   3.59046506E-03
   1.00000000       3.75000015E-02   3.59046506E-03
 
   0.00000000       6.25000000E-02   6.10995665E-03
   1.25000002E-02   6.25000000E-02   6.10995665E-03
   3.75000015E-02   6.25000000E-02   6.10996224E-03
   6.25000000E-02   6.25000000E-02   6.10996317E-03
   8.75000060E-02   6.25000000E-02   6.10996410E-03
  0.112499997       6.25000000E-02   6.10996503E-03
  0.137500003       6.25000000E-02   6.10996550E-03
  0.162499994       6.25000000E-02   6.10996550E-03
  0.187500000       6.25000000E-02   6.10996550E-03
  0.212500006       6.25000000E-02   6.10996550E-03
  0.237500012       6.25000000E-02   6.10996550E-03
  0.262499988       6.25000000E-02   6.10996550E-03
  0.287500024       6.25000000E-02   6.10996550E-03
  0.312500000       6.25000000E-02   6.10996550E-03
  0.337500006       6.25000000E-02   6.10996597E-03
  0.362500012       6.25000000E-02   6.10996922E-03
  0.387499988       6.25000000E-02   6.10997295E-03
  0.412500024       6.25000000E-02   6.10997714E-03
  0.437500000       6.25000000E-02   6.10998133E-03
  0.462500006       6.25000000E-02   6.10998832E-03
  0.487500012       6.25000000E-02   6.10999670E-03
  0.512500048       6.25000000E-02   6.11000694E-03
  0.537500024       6.25000000E-02   6.11001905E-03
  0.562500000       6.25000000E-02   6.11003442E-03
  0.587499976       6.25000000E-02   6.11005211E-03
  0.612500012       6.25000000E-02   6.11007353E-03
  0.637500048       6.25000000E-02   6.11009728E-03
  0.662500024       6.25000000E-02   6.11012522E-03
  0.687500000       6.25000000E-02   6.11015642E-03
  0.712499976       6.25000000E-02   6.11019135E-03
  0.737500012       6.25000000E-02   6.11023000E-03
  0.762500048       6.25000000E-02   6.11027190E-03
  0.787500024       6.25000000E-02   6.11032033E-03
  0.812500000       6.25000000E-02   6.11037295E-03
  0.837499976       6.25000000E-02   6.11043116E-03
  0.862500012       6.25000000E-02   6.11049449E-03
  0.887500048       6.25000000E-02   6.11056248E-03
  0.912500024       6.25000000E-02   6.11063559E-03
  0.937500000       6.25000000E-02   6.11071335E-03
  0.962499976       6.25000000E-02   6.11079950E-03
  0.987500012       6.25000000E-02   6.11088937E-03
   1.00000000       6.25000000E-02   6.11088937E-03
 
   0.00000000       8.75000060E-02   8.82157777E-03
   1.25000002E-02   8.75000060E-02   8.82157777E-03
   3.75000015E-02   8.75000060E-02   8.82157870E-03
   6.25000000E-02   8.75000060E-02   8.82157777E-03
   8.75000060E-02   8.75000060E-02   8.82157777E-03
  0.112499997       8.75000060E-02   8.82157870E-03
  0.137500003       8.75000060E-02   8.82157870E-03
  0.162499994       8.75000060E-02   8.82157870E-03
  0.187500000       8.75000060E-02   8.82157870E-03
  0.212500006       8.75000060E-02   8.82157870E-03
  0.237500012       8.75000060E-02   8.82157870E-03
  0.262499988       8.75000060E-02   8.82157870E-03
  0.287500024       8.75000060E-02   8.82157870E-03
  0.312500000       8.75000060E-02   8.82157963E-03
  0.337500006       8.75000060E-02   8.82158149E-03
  0.362500012       8.75000060E-02   8.82158615E-03
  0.387499988       8.75000060E-02   8.82159173E-03
  0.412500024       8.75000060E-02   8.82160105E-03
  0.437500000       8.75000060E-02   8.82160850E-03
  0.462500006       8.75000060E-02   8.82161967E-03
  0.487500012       8.75000060E-02   8.82163364E-03
  0.512500048       8.75000060E-02   8.82165041E-03
  0.537500024       8.75000060E-02   8.82166810E-03
  0.562500000       8.75000060E-02   8.82169418E-03
  0.587499976       8.75000060E-02   8.82172305E-03
  0.612500012       8.75000060E-02   8.82175565E-03
  0.637500048       8.75000060E-02   8.82179476E-03
  0.662500024       8.75000060E-02   8.82183667E-03
  0.687500000       8.75000060E-02   8.82188510E-03
  0.712499976       8.75000060E-02   8.82193632E-03
  0.737500012       8.75000060E-02   8.82199872E-03
  0.762500048       8.75000060E-02   8.82206205E-03
  0.787500024       8.75000060E-02   8.82213376E-03
  0.812500000       8.75000060E-02   8.82221665E-03
  0.837499976       8.75000060E-02   8.82230233E-03
  0.862500012       8.75000060E-02   8.82239733E-03
  0.887500048       8.75000060E-02   8.82249791E-03
  0.912500024       8.75000060E-02   8.82260595E-03
  0.937500000       8.75000060E-02   8.82272329E-03
  0.962499976       8.75000060E-02   8.82284809E-03
  0.987500012       8.75000060E-02   8.82298406E-03
   1.00000000       8.75000060E-02   8.82298406E-03
 
   0.00000000      0.112499997       1.18044280E-02
   1.25000002E-02  0.112499997       1.18044280E-02
   3.75000015E-02  0.112499997       1.18044289E-02
   6.25000000E-02  0.112499997       1.18044270E-02
   8.75000060E-02  0.112499997       1.18044261E-02
  0.112499997      0.112499997       1.18044261E-02
  0.137500003      0.112499997       1.18044261E-02
  0.162499994      0.112499997       1.18044261E-02
  0.187500000      0.112499997       1.18044261E-02
  0.212500006      0.112499997       1.18044261E-02
  0.237500012      0.112499997       1.18044261E-02
  0.262499988      0.112499997       1.18044261E-02
  0.287500024      0.112499997       1.18044261E-02
  0.312500000      0.112499997       1.18044289E-02
  0.337500006      0.112499997       1.18044345E-02
  0.362500012      0.112499997       1.18044410E-02
  0.387499988      0.112499997       1.18044494E-02
  0.412500024      0.112499997       1.18044596E-02
  0.437500000      0.112499997       1.18044754E-02
  0.462500006      0.112499997       1.18044913E-02
  0.487500012      0.112499997       1.18045146E-02
  0.512500048      0.112499997       1.18045406E-02
  0.537500024      0.112499997       1.18045695E-02
  0.562500000      0.112499997       1.18046077E-02
  0.587499976      0.112499997       1.18046505E-02
  0.612500012      0.112499997       1.18047018E-02
  0.637500048      0.112499997       1.18047576E-02
  0.662500024      0.112499997       1.18048172E-02
  0.687500000      0.112499997       1.18048890E-02
  0.712499976      0.112499997       1.18049644E-02
  0.737500012      0.112499997       1.18050529E-02
  0.762500048      0.112499997       1.18051451E-02
  0.787500024      0.112499997       1.18052457E-02
  0.812500000      0.112499997       1.18053593E-02
  0.837499976      0.112499997       1.18054813E-02
  0.862500012      0.112499997       1.18056135E-02
  0.887500048      0.112499997       1.18057551E-02
  0.912500024      0.112499997       1.18059050E-02
  0.937500000      0.112499997       1.18060699E-02
  0.962499976      0.112499997       1.18062422E-02
  0.987500012      0.112499997       1.18064247E-02
   1.00000000      0.112499997       1.18064247E-02
 
   0.00000000      0.137500003       1.51410010E-02
   1.25000002E-02  0.137500003       1.51410010E-02
   3.75000015E-02  0.137500003       1.51409991E-02
   6.25000000E-02  0.137500003       1.51409926E-02
   8.75000060E-02  0.137500003       1.51409907E-02
  0.112499997      0.137500003       1.51409907E-02
  0.137500003      0.137500003       1.51409907E-02
  0.162499994      0.137500003       1.51409907E-02
  0.187500000      0.137500003       1.51409907E-02
  0.212500006      0.137500003       1.51409907E-02
  0.237500012      0.137500003       1.51409907E-02
  0.262499988      0.137500003       1.51409907E-02
  0.287500024      0.137500003       1.51409926E-02
  0.312500000      0.137500003       1.51410019E-02
  0.337500006      0.137500003       1.51410103E-02
  0.362500012      0.137500003       1.51410224E-02
  0.387499988      0.137500003       1.51410401E-02
  0.412500024      0.137500003       1.51410541E-02
  0.437500000      0.137500003       1.51410755E-02
  0.462500006      0.137500003       1.51411034E-02
  0.487500012      0.137500003       1.51411351E-02
  0.512500048      0.137500003       1.51411770E-02
  0.537500024      0.137500003       1.51412254E-02
  0.562500000      0.137500003       1.51412804E-02
  0.587499976      0.137500003       1.51413400E-02
  0.612500012      0.137500003       1.51414154E-02
  0.637500048      0.137500003       1.51414936E-02
  0.662500024      0.137500003       1.51415803E-02
  0.687500000      0.137500003       1.51416818E-02
  0.712499976      0.137500003       1.51417861E-02
  0.737500012      0.137500003       1.51419081E-02
  0.762500048      0.137500003       1.51420366E-02
  0.787500024      0.137500003       1.51421726E-02
  0.812500000      0.137500003       1.51423244E-02
  0.837499976      0.137500003       1.51424911E-02
  0.862500012      0.137500003       1.51426690E-02
  0.887500048      0.137500003       1.51428571E-02
  0.912500024      0.137500003       1.51430620E-02
  0.937500000      0.137500003       1.51432818E-02
  0.962499976      0.137500003       1.51435034E-02
  0.987500012      0.137500003       1.51437512E-02
   1.00000000      0.137500003       1.51437512E-02
 
   0.00000000      0.162499994       1.89173203E-02
   1.25000002E-02  0.162499994       1.89173203E-02
   3.75000015E-02  0.162499994       1.89173128E-02
   6.25000000E-02  0.162499994       1.89173110E-02
   8.75000060E-02  0.162499994       1.89173110E-02
  0.112499997      0.162499994       1.89173110E-02
  0.137500003      0.162499994       1.89173110E-02
  0.162499994      0.162499994       1.89173110E-02
  0.187500000      0.162499994       1.89173110E-02
  0.212500006      0.162499994       1.89173110E-02
  0.237500012      0.162499994       1.89173110E-02
  0.262499988      0.162499994       1.89173110E-02
  0.287500024      0.162499994       1.89173184E-02
  0.312500000      0.162499994       1.89173277E-02
  0.337500006      0.162499994       1.89173445E-02
  0.362500012      0.162499994       1.89173613E-02
  0.387499988      0.162499994       1.89173855E-02
  0.412500024      0.162499994       1.89174172E-02
  0.437500000      0.162499994       1.89174507E-02
  0.462500006      0.162499994       1.89174879E-02
  0.487500012      0.162499994       1.89175382E-02
  0.512500048      0.162499994       1.89175960E-02
  0.537500024      0.162499994       1.89176705E-02
  0.562500000      0.162499994       1.89177506E-02
  0.587499976      0.162499994       1.89178344E-02
  0.612500012      0.162499994       1.89179387E-02
  0.637500048      0.162499994       1.89180505E-02
  0.662500024      0.162499994       1.89181715E-02
  0.687500000      0.162499994       1.89183075E-02
  0.712499976      0.162499994       1.89184546E-02
  0.737500012      0.162499994       1.89186167E-02
  0.762500048      0.162499994       1.89187936E-02
  0.787500024      0.162499994       1.89189781E-02
  0.812500000      0.162499994       1.89191811E-02
  0.837499976      0.162499994       1.89193990E-02
  0.862500012      0.162499994       1.89196281E-02
  0.887500048      0.162499994       1.89198796E-02
  0.912500024      0.162499994       1.89201478E-02
  0.937500000      0.162499994       1.89204291E-02
  0.962499976      0.162499994       1.89207196E-02
  0.987500012      0.162499994       1.89210307E-02
   1.00000000      0.162499994       1.89210307E-02
 
   0.00000000      0.187500000       2.32235081E-02
   1.25000002E-02  0.187500000       2.32235081E-02
   3.75000015E-02  0.187500000       2.32235063E-02
   6.25000000E-02  0.187500000       2.32234970E-02
   8.75000060E-02  0.187500000       2.32234932E-02
  0.112499997      0.187500000       2.32234932E-02
  0.137500003      0.187500000       2.32234932E-02
  0.162499994      0.187500000       2.32234932E-02
  0.187500000      0.187500000       2.32234932E-02
  0.212500006      0.187500000       2.32234970E-02
  0.237500012      0.187500000       2.32234988E-02
  0.262499988      0.187500000       2.32235081E-02
  0.287500024      0.187500000       2.32235175E-02
  0.312500000      0.187500000       2.32235380E-02
  0.337500006      0.187500000       2.32235622E-02
  0.362500012      0.187500000       2.32235920E-02
  0.387499988      0.187500000       2.32236255E-02
  0.412500024      0.187500000       2.32236702E-02
  0.437500000      0.187500000       2.32237242E-02
  0.462500006      0.187500000       2.32237875E-02
  0.487500012      0.187500000       2.32238639E-02
  0.512500048      0.187500000       2.32239459E-02
  0.537500024      0.187500000       2.32240465E-02
  0.562500000      0.187500000       2.32241619E-02
  0.587499976      0.187500000       2.32242849E-02
  0.612500012      0.187500000       2.32244190E-02
  0.637500048      0.187500000       2.32245736E-02
  0.662500024      0.187500000       2.32247412E-02
  0.687500000      0.187500000       2.32249275E-02
  0.712499976      0.187500000       2.32251268E-02
  0.737500012      0.187500000       2.32253429E-02
  0.762500048      0.187500000       2.32255720E-02
  0.787500024      0.187500000       2.32258234E-02
  0.812500000      0.187500000       2.32260861E-02
  0.837499976      0.187500000       2.32263673E-02
  0.862500012      0.187500000       2.32266635E-02
  0.887500048      0.187500000       2.32269857E-02
  0.912500024      0.187500000       2.32273284E-02
  0.937500000      0.187500000       2.32276861E-02
  0.962499976      0.187500000       2.32280605E-02
  0.987500012      0.187500000       2.32284479E-02
   1.00000000      0.187500000       2.32284479E-02
 
   0.00000000      0.212500006       2.81541739E-02
   1.25000002E-02  0.212500006       2.81541739E-02
   3.75000015E-02  0.212500006       2.81541720E-02
   6.25000000E-02  0.212500006       2.81541646E-02
   8.75000060E-02  0.212500006       2.81541627E-02
  0.112499997      0.212500006       2.81541627E-02
  0.137500003      0.212500006       2.81541627E-02
  0.162499994      0.212500006       2.81541627E-02
  0.187500000      0.212500006       2.81541627E-02
  0.212500006      0.212500006       2.81541683E-02
  0.237500012      0.212500006       2.81541795E-02
  0.262499988      0.212500006       2.81541925E-02
  0.287500024      0.212500006       2.81542148E-02
  0.312500000      0.212500006       2.81542446E-02
  0.337500006      0.212500006       2.81542782E-02
  0.362500012      0.212500006       2.81543285E-02
  0.387499988      0.212500006       2.81543918E-02
  0.412500024      0.212500006       2.81544551E-02
  0.437500000      0.212500006       2.81545315E-02
  0.462500006      0.212500006       2.81546246E-02
  0.487500012      0.212500006       2.81547345E-02
  0.512500048      0.212500006       2.81548556E-02
  0.537500024      0.212500006       2.81550009E-02
  0.562500000      0.212500006       2.81551573E-02
  0.587499976      0.212500006       2.81553306E-02
  0.612500012      0.212500006       2.81555150E-02
  0.637500048      0.212500006       2.81557180E-02
  0.662500024      0.212500006       2.81559434E-02
  0.687500000      0.212500006       2.81561874E-02
  0.712499976      0.212500006       2.81564593E-02
  0.737500012      0.212500006       2.81567425E-02
  0.762500048      0.212500006       2.81570461E-02
  0.787500024      0.212500006       2.81573720E-02
  0.812500000      0.212500006       2.81577054E-02
  0.837499976      0.212500006       2.81580687E-02
  0.862500012      0.212500006       2.81584486E-02
  0.887500048      0.212500006       2.81588547E-02
  0.912500024      0.212500006       2.81592850E-02
  0.937500000      0.212500006       2.81597339E-02
  0.962499976      0.212500006       2.81601995E-02
  0.987500012      0.212500006       2.81606857E-02
   1.00000000      0.212500006       2.81606857E-02
 
   0.00000000      0.237500012       3.38086225E-02
   1.25000002E-02  0.237500012       3.38086225E-02
   3.75000015E-02  0.237500012       3.38086188E-02
   6.25000000E-02  0.237500012       3.38086113E-02
   8.75000060E-02  0.237500012       3.38086076E-02
  0.112499997      0.237500012       3.38086076E-02
  0.137500003      0.237500012       3.38086076E-02
  0.162499994      0.237500012       3.38086113E-02
  0.187500000      0.237500012       3.38086151E-02
  0.212500006      0.237500012       3.38086262E-02
  0.237500012      0.237500012       3.38086486E-02
  0.262499988      0.237500012       3.38086784E-02
  0.287500024      0.237500012       3.38087045E-02
  0.312500000      0.237500012       3.38087492E-02
  0.337500006      0.237500012       3.38088162E-02
  0.362500012      0.237500012       3.38088833E-02
  0.387499988      0.237500012       3.38089876E-02
  0.412500024      0.237500012       3.38090770E-02
  0.437500000      0.237500012       3.38091888E-02
  0.462500006      0.237500012       3.38093229E-02
  0.487500012      0.237500012       3.38094793E-02
  0.512500048      0.237500012       3.38096581E-02
  0.537500024      0.237500012       3.38098519E-02
  0.562500000      0.237500012       3.38100716E-02
  0.587499976      0.237500012       3.38103138E-02
  0.612500012      0.237500012       3.38105522E-02
  0.637500048      0.237500012       3.38108242E-02
  0.662500024      0.237500012       3.38111259E-02
  0.687500000      0.237500012       3.38114463E-02
  0.712499976      0.237500012       3.38118076E-02
  0.737500012      0.237500012       3.38121727E-02
  0.762500048      0.237500012       3.38125564E-02
  0.787500024      0.237500012       3.38129736E-02
  0.812500000      0.237500012       3.38134132E-02
  0.837499976      0.237500012       3.38138640E-02
  0.862500012      0.237500012       3.38143371E-02
  0.887500048      0.237500012       3.38148512E-02
  0.912500024      0.237500012       3.38153839E-02
  0.937500000      0.237500012       3.38159390E-02
  0.962499976      0.237500012       3.38165164E-02
  0.987500012      0.237500012       3.38171199E-02
   1.00000000      0.237500012       3.38171199E-02
 
   0.00000000      0.262499988       4.02909815E-02
   1.25000002E-02  0.262499988       4.02909815E-02
   3.75000015E-02  0.262499988       4.02909778E-02
   6.25000000E-02  0.262499988       4.02909704E-02
   8.75000060E-02  0.262499988       4.02909592E-02
  0.112499997      0.262499988       4.02909592E-02
  0.137500003      0.262499988       4.02909592E-02
  0.162499994      0.262499988       4.02909704E-02
  0.187500000      0.262499988       4.02909853E-02
  0.212500006      0.262499988       4.02910113E-02
  0.237500012      0.262499988       4.02910411E-02
  0.262499988      0.262499988       4.02910858E-02
  0.287500024      0.262499988       4.02911454E-02
  0.312500000      0.262499988       4.02912162E-02
  0.337500006      0.262499988       4.02913094E-02
  0.362500012      0.262499988       4.02914211E-02
  0.387499988      0.262499988       4.02915590E-02
  0.412500024      0.262499988       4.02917042E-02
  0.437500000      0.262499988       4.02918756E-02
  0.462500006      0.262499988       4.02920730E-02
  0.487500012      0.262499988       4.02922817E-02
  0.512500048      0.262499988       4.02925275E-02
  0.537500024      0.262499988       4.02927957E-02
  0.562500000      0.262499988       4.02930826E-02
  0.587499976      0.262499988       4.02934030E-02
  0.612500012      0.262499988       4.02937457E-02
  0.637500048      0.262499988       4.02940996E-02
  0.662500024      0.262499988       4.02944870E-02
  0.687500000      0.262499988       4.02949043E-02
  0.712499976      0.262499988       4.02953550E-02
  0.737500012      0.262499988       4.02958393E-02
  0.762500048      0.262499988       4.02963273E-02
  0.787500024      0.262499988       4.02968414E-02
  0.812500000      0.262499988       4.02973965E-02
  0.837499976      0.262499988       4.02979590E-02
  0.862500012      0.262499988       4.02985625E-02
  0.887500048      0.262499988       4.02991883E-02
  0.912500024      0.262499988       4.02998440E-02
  0.937500000      0.262499988       4.03005295E-02
  0.962499976      0.262499988       4.03012261E-02
  0.987500012      0.262499988       4.03019637E-02
   1.00000000      0.262499988       4.03019637E-02
 
   0.00000000      0.287500024       4.77100126E-02
   1.25000002E-02  0.287500024       4.77100126E-02
   3.75000015E-02  0.287500024       4.77100126E-02
   6.25000000E-02  0.287500024       4.77100052E-02
   8.75000060E-02  0.287500024       4.77099903E-02
  0.112499997      0.287500024       4.77099903E-02
  0.137500003      0.287500024       4.77100015E-02
  0.162499994      0.287500024       4.77100201E-02
  0.187500000      0.287500024       4.77100536E-02
  0.212500006      0.287500024       4.77100909E-02
  0.237500012      0.287500024       4.77101468E-02
  0.262499988      0.287500024       4.77102250E-02
  0.287500024      0.287500024       4.77103144E-02
  0.312500000      0.287500024       4.77104299E-02
  0.337500006      0.287500024       4.77105714E-02
  0.362500012      0.287500024       4.77107391E-02
  0.387499988      0.287500024       4.77109440E-02
  0.412500024      0.287500024       4.77111563E-02
  0.437500000      0.287500024       4.77114022E-02
  0.462500006      0.287500024       4.77116741E-02
  0.487500012      0.287500024       4.77119684E-02
  0.512500048      0.287500024       4.77122962E-02
  0.537500024      0.287500024       4.77126539E-02
  0.562500000      0.287500024       4.77130413E-02
  0.587499976      0.287500024       4.77134660E-02
  0.612500012      0.287500024       4.77139130E-02
  0.637500048      0.287500024       4.77143861E-02
  0.662500024      0.287500024       4.77148853E-02
  0.687500000      0.287500024       4.77154143E-02
  0.712499976      0.287500024       4.77159806E-02
  0.737500012      0.287500024       4.77165729E-02
  0.762500048      0.287500024       4.77171838E-02
  0.787500024      0.287500024       4.77178395E-02
  0.812500000      0.287500024       4.77185212E-02
  0.837499976      0.287500024       4.77192253E-02
  0.862500012      0.287500024       4.77199703E-02
  0.887500048      0.287500024       4.77207378E-02
  0.912500024      0.287500024       4.77215387E-02
  0.937500000      0.287500024       4.77223583E-02
  0.962499976      0.287500024       4.77232039E-02
  0.987500012      0.287500024       4.77240793E-02
   1.00000000      0.287500024       4.77240793E-02
 
   0.00000000      0.312500000       5.61786257E-02
   1.25000002E-02  0.312500000       5.61786257E-02
   3.75000015E-02  0.312500000       5.61786257E-02
   6.25000000E-02  0.312500000       5.61786182E-02
   8.75000060E-02  0.312500000       5.61786033E-02
  0.112499997      0.312500000       5.61786182E-02
  0.137500003      0.312500000       5.61786518E-02
  0.162499994      0.312500000       5.61786853E-02
  0.187500000      0.312500000       5.61787374E-02
  0.212500006      0.312500000       5.61788194E-02
  0.237500012      0.312500000       5.61789051E-02
  0.262499988      0.312500000       5.61790317E-02
  0.287500024      0.312500000       5.61791770E-02
  0.312500000      0.312500000       5.61793558E-02
  0.337500006      0.312500000       5.61795756E-02
  0.362500012      0.312500000       5.61798178E-02
  0.387499988      0.312500000       5.61800897E-02
  0.412500024      0.312500000       5.61804026E-02
  0.437500000      0.312500000       5.61807416E-02
  0.462500006      0.312500000       5.61811142E-02
  0.487500012      0.312500000       5.61815277E-02
  0.512500048      0.312500000       5.61819673E-02
  0.537500024      0.312500000       5.61824329E-02
  0.562500000      0.312500000       5.61829545E-02
  0.587499976      0.312500000       5.61835058E-02
  0.612500012      0.312500000       5.61840869E-02
  0.637500048      0.312500000       5.61846867E-02
  0.662500024      0.312500000       5.61853237E-02
  0.687500000      0.312500000       5.61859831E-02
  0.712499976      0.312500000       5.61866835E-02
  0.737500012      0.312500000       5.61874174E-02
  0.762500048      0.312500000       5.61881848E-02
  0.787500024      0.312500000       5.61889969E-02
  0.812500000      0.312500000       5.61898351E-02
  0.837499976      0.312500000       5.61906882E-02
  0.862500012      0.312500000       5.61915934E-02
  0.887500048      0.312500000       5.61925322E-02
  0.912500024      0.312500000       5.61934784E-02
  0.937500000      0.312500000       5.61944582E-02
  0.962499976      0.312500000       5.61954714E-02
  0.987500012      0.312500000       5.61965220E-02
   1.00000000      0.312500000       5.61965220E-02
 
   0.00000000      0.337500006       6.58134744E-02
   1.25000002E-02  0.337500006       6.58134744E-02
   3.75000015E-02  0.337500006       6.58134446E-02
   6.25000000E-02  0.337500006       6.58134446E-02
   8.75000060E-02  0.337500006       6.58134297E-02
  0.112499997      0.337500006       6.58134669E-02
  0.137500003      0.337500006       6.58135340E-02
  0.162499994      0.337500006       6.58136159E-02
  0.187500000      0.337500006       6.58137053E-02
  0.212500006      0.337500006       6.58138394E-02
  0.237500012      0.337500006       6.58139735E-02
  0.262499988      0.337500006       6.58141747E-02
  0.287500024      0.337500006       6.58143982E-02
  0.312500000      0.337500006       6.58146515E-02
  0.337500006      0.337500006       6.58150017E-02
  0.362500012      0.337500006       6.58153594E-02
  0.387499988      0.337500006       6.58157170E-02
  0.412500024      0.337500006       6.58161491E-02
  0.437500000      0.337500006       6.58166409E-02
  0.462500006      0.337500006       6.58171028E-02
  0.487500012      0.337500006       6.58176616E-02
  0.512500048      0.337500006       6.58182502E-02
  0.537500024      0.337500006       6.58188611E-02
  0.562500000      0.337500006       6.58195317E-02
  0.587499976      0.337500006       6.58202618E-02
  0.612500012      0.337500006       6.58210069E-02
  0.637500048      0.337500006       6.58217669E-02
  0.662500024      0.337500006       6.58225417E-02
  0.687500000      0.337500006       6.58233762E-02
  0.712499976      0.337500006       6.58242106E-02
  0.737500012      0.337500006       6.58251122E-02
  0.762500048      0.337500006       6.58260509E-02
  0.787500024      0.337500006       6.58270717E-02
  0.812500000      0.337500006       6.58280402E-02
  0.837499976      0.337500006       6.58291280E-02
  0.862500012      0.337500006       6.58301786E-02
  0.887500048      0.337500006       6.58313036E-02
  0.912500024      0.337500006       6.58324361E-02
  0.937500000      0.337500006       6.58335760E-02
  0.962499976      0.337500006       6.58347756E-02
  0.987500012      0.337500006       6.58360422E-02
   1.00000000      0.337500006       6.58360422E-02
 
   0.00000000      0.362500012       7.67339543E-02
   1.25000002E-02  0.362500012       7.67339543E-02
   3.75000015E-02  0.362500012       7.67339319E-02
   6.25000000E-02  0.362500012       7.67339244E-02
   8.75000060E-02  0.362500012       7.67339393E-02
  0.112499997      0.362500012       7.67339915E-02
  0.137500003      0.362500012       7.67340809E-02
  0.162499994      0.362500012       7.67342299E-02
  0.187500000      0.362500012       7.67344013E-02
  0.212500006      0.362500012       7.67346099E-02
  0.237500012      0.362500012       7.67348409E-02
  0.262499988      0.362500012       7.67351463E-02
  0.287500024      0.362500012       7.67354891E-02
  0.312500000      0.362500012       7.67358765E-02
  0.337500006      0.362500012       7.67363310E-02
  0.362500012      0.362500012       7.67368451E-02
  0.387499988      0.362500012       7.67373666E-02
  0.412500024      0.362500012       7.67379403E-02
  0.437500000      0.362500012       7.67385438E-02
  0.462500006      0.362500012       7.67392218E-02
  0.487500012      0.362500012       7.67399296E-02
  0.512500048      0.362500012       7.67406821E-02
  0.537500024      0.362500012       7.67414719E-02
  0.562500000      0.362500012       7.67423138E-02
  0.587499976      0.362500012       7.67432079E-02
  0.612500012      0.362500012       7.67441466E-02
  0.637500048      0.362500012       7.67451078E-02
  0.662500024      0.362500012       7.67460838E-02
  0.687500000      0.362500012       7.67470822E-02
  0.712499976      0.362500012       7.67481327E-02
  0.737500012      0.362500012       7.67492056E-02
  0.762500048      0.362500012       7.67503604E-02
  0.787500024      0.362500012       7.67515153E-02
  0.812500000      0.362500012       7.67527521E-02
  0.837499976      0.362500012       7.67540038E-02
  0.862500012      0.362500012       7.67552853E-02
  0.887500048      0.362500012       7.67565966E-02
  0.912500024      0.362500012       7.67579377E-02
  0.937500000      0.362500012       7.67592862E-02
  0.962499976      0.362500012       7.67606795E-02
  0.987500012      0.362500012       7.67621323E-02
   1.00000000      0.362500012       7.67621323E-02
 
   0.00000000      0.387499988       8.90611112E-02
   1.25000002E-02  0.387499988       8.90611112E-02
   3.75000015E-02  0.387499988       8.90611038E-02
   6.25000000E-02  0.387499988       8.90610963E-02
   8.75000060E-02  0.387499988       8.90611783E-02
  0.112499997      0.387499988       8.90612677E-02
  0.137500003      0.387499988       8.90614390E-02
  0.162499994      0.387499988       8.90616626E-02
  0.187500000      0.387499988       8.90619308E-02
  0.212500006      0.387499988       8.90622810E-02
  0.237500012      0.387499988       8.90626386E-02
  0.262499988      0.387499988       8.90630782E-02
  0.287500024      0.387499988       8.90635997E-02
  0.312500000      0.387499988       8.90641585E-02
  0.337500006      0.387499988       8.90647918E-02
  0.362500012      0.387499988       8.90654773E-02
  0.387499988      0.387499988       8.90661851E-02
  0.412500024      0.387499988       8.90669376E-02
  0.437500000      0.387499988       8.90677497E-02
  0.462500006      0.387499988       8.90686288E-02
  0.487500012      0.387499988       8.90695304E-02
  0.512500048      0.387499988       8.90704691E-02
  0.537500024      0.387499988       8.90714824E-02
  0.562500000      0.387499988       8.90725479E-02
  0.587499976      0.387499988       8.90736356E-02
  0.612500012      0.387499988       8.90747607E-02
  0.637500048      0.387499988       8.90759230E-02
  0.662500024      0.387499988       8.90771374E-02
  0.687500000      0.387499988       8.90783668E-02
  0.712499976      0.387499988       8.90796334E-02
  0.737500012      0.387499988       8.90809372E-02
  0.762500048      0.387499988       8.90823007E-02
  0.787500024      0.387499988       8.90836939E-02
  0.812500000      0.387499988       8.90851244E-02
  0.837499976      0.387499988       8.90866071E-02
  0.862500012      0.387499988       8.90881047E-02
  0.887500048      0.387499988       8.90896246E-02
  0.912500024      0.387499988       8.90911743E-02
  0.937500000      0.387499988       8.90927613E-02
  0.962499976      0.387499988       8.90943781E-02
  0.987500012      0.387499988       8.90960321E-02
   1.00000000      0.387499988       8.90960321E-02
 
   0.00000000      0.412500024      0.102916345    
   1.25000002E-02  0.412500024      0.102916345    
   3.75000015E-02  0.412500024      0.102916330    
   6.25000000E-02  0.412500024      0.102916390    
   8.75000060E-02  0.412500024      0.102916516    
  0.112499997      0.412500024      0.102916725    
  0.137500003      0.412500024      0.102917008    
  0.162499994      0.412500024      0.102917373    
  0.187500000      0.412500024      0.102917820    
  0.212500006      0.412500024      0.102918312    
  0.237500012      0.412500024      0.102918886    
  0.262499988      0.412500024      0.102919519    
  0.287500024      0.412500024      0.102920242    
  0.312500000      0.412500024      0.102921024    
  0.337500006      0.412500024      0.102921873    
  0.362500012      0.412500024      0.102922775    
  0.387499988      0.412500024      0.102923743    
  0.412500024      0.412500024      0.102924727    
  0.437500000      0.412500024      0.102925733    
  0.462500006      0.412500024      0.102926858    
  0.487500012      0.412500024      0.102928013    
  0.512500048      0.412500024      0.102929190    
  0.537500024      0.412500024      0.102930441    
  0.562500000      0.412500024      0.102931730    
  0.587499976      0.412500024      0.102933057    
  0.612500012      0.412500024      0.102934413    
  0.637500048      0.412500024      0.102935806    
  0.662500024      0.412500024      0.102937281    
  0.687500000      0.412500024      0.102938749    
  0.712499976      0.412500024      0.102940246    
  0.737500012      0.412500024      0.102941804    
  0.762500048      0.412500024      0.102943413    
  0.787500024      0.412500024      0.102945052    
  0.812500000      0.412500024      0.102946736    
  0.837499976      0.412500024      0.102948435    
  0.862500012      0.412500024      0.102950178    
  0.887500048      0.412500024      0.102951936    
  0.912500024      0.412500024      0.102953725    
  0.937500000      0.412500024      0.102955528    
  0.962499976      0.412500024      0.102957390    
  0.987500012      0.412500024      0.102959283    
   1.00000000      0.412500024      0.102959283    
 
   0.00000000      0.437500000      0.118419550    
   1.25000002E-02  0.437500000      0.118419550    
   3.75000015E-02  0.437500000      0.118419573    
   6.25000000E-02  0.437500000      0.118419722    
   8.75000060E-02  0.437500000      0.118420012    
  0.112499997      0.437500000      0.118420385    
  0.137500003      0.437500000      0.118420854    
  0.162499994      0.437500000      0.118421428    
  0.187500000      0.437500000      0.118422061    
  0.212500006      0.437500000      0.118422821    
  0.237500012      0.437500000      0.118423648    
  0.262499988      0.437500000      0.118424565    
  0.287500024      0.437500000      0.118425556    
  0.312500000      0.437500000      0.118426591    
  0.337500006      0.437500000      0.118427709    
  0.362500012      0.437500000      0.118428886    
  0.387499988      0.437500000      0.118430093    
  0.412500024      0.437500000      0.118431360    
  0.437500000      0.437500000      0.118432641    
  0.462500006      0.437500000      0.118434012    
  0.487500012      0.437500000      0.118435480    
  0.512500048      0.437500000      0.118436933    
  0.537500024      0.437500000      0.118438452    
  0.562500000      0.437500000      0.118440010    
  0.587499976      0.437500000      0.118441597    
  0.612500012      0.437500000      0.118443206    
  0.637500048      0.437500000      0.118444897    
  0.662500024      0.437500000      0.118446618    
  0.687500000      0.437500000      0.118448362    
  0.712499976      0.437500000      0.118450120    
  0.737500012      0.437500000      0.118451901    
  0.762500048      0.437500000      0.118453786    
  0.787500024      0.437500000      0.118455701    
  0.812500000      0.437500000      0.118457615    
  0.837499976      0.437500000      0.118459590    
  0.862500012      0.437500000      0.118461579    
  0.887500048      0.437500000      0.118463613    
  0.912500024      0.437500000      0.118465640    
  0.937500000      0.437500000      0.118467674    
  0.962499976      0.437500000      0.118469782    
  0.987500012      0.437500000      0.118471943    
   1.00000000      0.437500000      0.118471943    
 
   0.00000000      0.462500006      0.135687754    
   1.25000002E-02  0.462500006      0.135687754    
   3.75000015E-02  0.462500006      0.135687903    
   6.25000000E-02  0.462500006      0.135688245    
   8.75000060E-02  0.462500006      0.135688767    
  0.112499997      0.462500006      0.135689452    
  0.137500003      0.462500006      0.135690212    
  0.162499994      0.462500006      0.135691062    
  0.187500000      0.462500006      0.135692015    
  0.212500006      0.462500006      0.135693088    
  0.237500012      0.462500006      0.135694221    
  0.262499988      0.462500006      0.135695443    
  0.287500024      0.462500006      0.135696769    
  0.312500000      0.462500006      0.135698155    
  0.337500006      0.462500006      0.135699585    
  0.362500012      0.462500006      0.135701060    
  0.387499988      0.462500006      0.135702595    
  0.412500024      0.462500006      0.135704130    
  0.437500000      0.462500006      0.135705784    
  0.462500006      0.462500006      0.135707423    
  0.487500012      0.462500006      0.135709181    
  0.512500048      0.462500006      0.135710940    
  0.537500024      0.462500006      0.135712758    
  0.562500000      0.462500006      0.135714635    
  0.587499976      0.462500006      0.135716498    
  0.612500012      0.462500006      0.135718390    
  0.637500048      0.462500006      0.135720357    
  0.662500024      0.462500006      0.135722369    
  0.687500000      0.462500006      0.135724381    
  0.712499976      0.462500006      0.135726392    
  0.737500012      0.462500006      0.135728508    
  0.762500048      0.462500006      0.135730639    
  0.787500024      0.462500006      0.135732815    
  0.812500000      0.462500006      0.135735035    
  0.837499976      0.462500006      0.135737255    
  0.862500012      0.462500006      0.135739505    
  0.887500048      0.462500006      0.135741800    
  0.912500024      0.462500006      0.135744110    
  0.937500000      0.462500006      0.135746405    
  0.962499976      0.462500006      0.135748774    
  0.987500012      0.462500006      0.135751158    
   1.00000000      0.462500006      0.135751158    
 
   0.00000000      0.487500012      0.154832974    
   1.25000002E-02  0.487500012      0.154832974    
   3.75000015E-02  0.487500012      0.154833362    
   6.25000000E-02  0.487500012      0.154834077    
   8.75000060E-02  0.487500012      0.154834986    
  0.112499997      0.487500012      0.154836059    
  0.137500003      0.487500012      0.154837266    
  0.162499994      0.487500012      0.154838577    
  0.187500000      0.487500012      0.154839888    
  0.212500006      0.487500012      0.154841349    
  0.237500012      0.487500012      0.154842883    
  0.262499988      0.487500012      0.154844508    
  0.287500024      0.487500012      0.154846117    
  0.312500000      0.487500012      0.154847905    
  0.337500006      0.487500012      0.154849708    
  0.362500012      0.487500012      0.154851511    
  0.387499988      0.487500012      0.154853389    
  0.412500024      0.487500012      0.154855266    
  0.437500000      0.487500012      0.154857218    
  0.462500006      0.487500012      0.154859304    
  0.487500012      0.487500012      0.154861301    
  0.512500048      0.487500012      0.154863447    
  0.537500024      0.487500012      0.154865548    
  0.562500000      0.487500012      0.154867709    
  0.587499976      0.487500012      0.154869869    
  0.612500012      0.487500012      0.154872075    
  0.637500048      0.487500012      0.154874370    
  0.662500024      0.487500012      0.154876664    
  0.687500000      0.487500012      0.154878929    
  0.712499976      0.487500012      0.154881299    
  0.737500012      0.487500012      0.154883653    
  0.762500048      0.487500012      0.154886112    
  0.787500024      0.487500012      0.154888526    
  0.812500000      0.487500012      0.154891059    
  0.837499976      0.487500012      0.154893562    
  0.862500012      0.487500012      0.154896066    
  0.887500048      0.487500012      0.154898599    
  0.912500024      0.487500012      0.154901192    
  0.937500000      0.487500012      0.154903769    
  0.962499976      0.487500012      0.154906392    
  0.987500012      0.487500012      0.154909089    
   1.00000000      0.487500012      0.154909089    
 
   0.00000000      0.512500048      0.175959826    
   1.25000002E-02  0.512500048      0.175959826    
   3.75000015E-02  0.512500048      0.175960839    
   6.25000000E-02  0.512500048      0.175962240    
   8.75000060E-02  0.512500048      0.175963759    
  0.112499997      0.512500048      0.175965369    
  0.137500003      0.512500048      0.175967112    
  0.162499994      0.512500048      0.175968885    
  0.187500000      0.512500048      0.175970763    
  0.212500006      0.512500048      0.175972655    
  0.237500012      0.512500048      0.175974622    
  0.262499988      0.512500048      0.175976709    
  0.287500024      0.512500048      0.175978750    
  0.312500000      0.512500048      0.175980881    
  0.337500006      0.512500048      0.175983042    
  0.362500012      0.512500048      0.175985232    
  0.387499988      0.512500048      0.175987482    
  0.412500024      0.512500048      0.175989777    
  0.437500000      0.512500048      0.175992116    
  0.462500006      0.512500048      0.175994441    
  0.487500012      0.512500048      0.175996810    
  0.512500048      0.512500048      0.175999299    
  0.537500024      0.512500048      0.176001742    
  0.562500000      0.512500048      0.176004201    
  0.587499976      0.512500048      0.176006719    
  0.612500012      0.512500048      0.176009238    
  0.637500048      0.512500048      0.176011860    
  0.662500024      0.512500048      0.176014423    
  0.687500000      0.512500048      0.176017031    
  0.712499976      0.512500048      0.176019683    
  0.737500012      0.512500048      0.176022351    
  0.762500048      0.512500048      0.176025063    
  0.787500024      0.512500048      0.176027790    
  0.812500000      0.512500048      0.176030546    
  0.837499976      0.512500048      0.176033333    
  0.862500012      0.512500048      0.176036119    
  0.887500048      0.512500048      0.176038936    
  0.912500024      0.512500048      0.176041752    
  0.937500000      0.512500048      0.176044658    
  0.962499976      0.512500048      0.176047534    
  0.987500012      0.512500048      0.176050618    
   1.00000000      0.512500048      0.176050618    
 
   0.00000000      0.537500024      0.199165434    
   1.25000002E-02  0.537500024      0.199165434    
   3.75000015E-02  0.537500024      0.199167103    
   6.25000000E-02  0.537500024      0.199169010    
   8.75000060E-02  0.537500024      0.199170977    
  0.112499997      0.537500024      0.199173033    
  0.137500003      0.537500024      0.199175179    
  0.162499994      0.537500024      0.199177399    
  0.187500000      0.537500024      0.199179590    
  0.212500006      0.537500024      0.199181855    
  0.237500012      0.537500024      0.199184239    
  0.262499988      0.537500024      0.199186638    
  0.287500024      0.537500024      0.199189052    
  0.312500000      0.537500024      0.199191526    
  0.337500006      0.537500024      0.199193984    
  0.362500012      0.537500024      0.199196488    
  0.387499988      0.537500024      0.199199095    
  0.412500024      0.537500024      0.199201629    
  0.437500000      0.537500024      0.199204236    
  0.462500006      0.537500024      0.199206933    
  0.487500012      0.537500024      0.199209616    
  0.512500048      0.537500024      0.199212283    
  0.537500024      0.537500024      0.199214995    
  0.562500000      0.537500024      0.199217767    
  0.587499976      0.537500024      0.199220508    
  0.612500012      0.537500024      0.199223325    
  0.637500048      0.537500024      0.199226156    
  0.662500024      0.537500024      0.199228972    
  0.687500000      0.537500024      0.199231848    
  0.712499976      0.537500024      0.199234784    
  0.737500012      0.537500024      0.199237704    
  0.762500048      0.537500024      0.199240640    
  0.787500024      0.537500024      0.199243605    
  0.812500000      0.537500024      0.199246556    
  0.837499976      0.537500024      0.199249551    
  0.862500012      0.537500024      0.199252546    
  0.887500048      0.537500024      0.199255645    
  0.912500024      0.537500024      0.199258715    
  0.937500000      0.537500024      0.199261785    
  0.962499976      0.537500024      0.199264884    
  0.987500012      0.537500024      0.199268177    
   1.00000000      0.537500024      0.199268177    
 
   0.00000000      0.562500000      0.224532470    
   1.25000002E-02  0.562500000      0.224532470    
   3.75000015E-02  0.562500000      0.224534631    
   6.25000000E-02  0.562500000      0.224536955    
   8.75000060E-02  0.562500000      0.224539265    
  0.112499997      0.562500000      0.224541664    
  0.137500003      0.562500000      0.224544168    
  0.162499994      0.562500000      0.224546671    
  0.187500000      0.562500000      0.224549174    
  0.212500006      0.562500000      0.224551812    
  0.237500012      0.562500000      0.224554449    
  0.262499988      0.562500000      0.224557146    
  0.287500024      0.562500000      0.224559754    
  0.312500000      0.562500000      0.224562526    
  0.337500006      0.562500000      0.224565268    
  0.362500012      0.562500000      0.224567994    
  0.387499988      0.562500000      0.224570841    
  0.412500024      0.562500000      0.224573687    
  0.437500000      0.562500000      0.224576548    
  0.462500006      0.562500000      0.224579439    
  0.487500012      0.562500000      0.224582344    
  0.512500048      0.562500000      0.224585250    
  0.537500024      0.562500000      0.224588156    
  0.562500000      0.562500000      0.224591136    
  0.587499976      0.562500000      0.224594101    
  0.612500012      0.562500000      0.224597156    
  0.637500048      0.562500000      0.224600092    
  0.662500024      0.562500000      0.224603161    
  0.687500000      0.562500000      0.224606246    
  0.712499976      0.562500000      0.224609315    
  0.737500012      0.562500000      0.224612460    
  0.762500048      0.562500000      0.224615604    
  0.787500024      0.562500000      0.224618688    
  0.812500000      0.562500000      0.224621862    
  0.837499976      0.562500000      0.224625006    
  0.862500012      0.562500000      0.224628225    
  0.887500048      0.562500000      0.224631503    
  0.912500024      0.562500000      0.224634722    
  0.937500000      0.562500000      0.224637985    
  0.962499976      0.562500000      0.224641263    
  0.987500012      0.562500000      0.224644735    
   1.00000000      0.562500000      0.224644735    
 
   0.00000000      0.587499976      0.252129823    
   1.25000002E-02  0.587499976      0.252129823    
   3.75000015E-02  0.587499976      0.252132326    
   6.25000000E-02  0.587499976      0.252134979    
   8.75000060E-02  0.587499976      0.252137601    
  0.112499997      0.587499976      0.252140284    
  0.137500003      0.587499976      0.252142936    
  0.162499994      0.587499976      0.252145708    
  0.187500000      0.587499976      0.252148509    
  0.212500006      0.587499976      0.252151430    
  0.237500012      0.587499976      0.252154201    
  0.262499988      0.587499976      0.252157152    
  0.287500024      0.587499976      0.252160013    
  0.312500000      0.587499976      0.252162993    
  0.337500006      0.587499976      0.252165884    
  0.362500012      0.587499976      0.252168834    
  0.387499988      0.587499976      0.252171814    
  0.412500024      0.587499976      0.252174824    
  0.437500000      0.587499976      0.252177954    
  0.462500006      0.587499976      0.252180994    
  0.487500012      0.587499976      0.252184033    
  0.512500048      0.587499976      0.252187103    
  0.537500024      0.587499976      0.252190173    
  0.562500000      0.587499976      0.252193362    
  0.587499976      0.587499976      0.252196491    
  0.612500012      0.587499976      0.252199650    
  0.637500048      0.587499976      0.252202779    
  0.662500024      0.587499976      0.252205968    
  0.687500000      0.587499976      0.252209187    
  0.712499976      0.587499976      0.252212465    
  0.737500012      0.587499976      0.252215654    
  0.762500048      0.587499976      0.252218932    
  0.787500024      0.587499976      0.252222210    
  0.812500000      0.587499976      0.252225518    
  0.837499976      0.587499976      0.252228826    
  0.862500012      0.587499976      0.252232134    
  0.887500048      0.587499976      0.252235502    
  0.912500024      0.587499976      0.252238870    
  0.937500000      0.587499976      0.252242178    
  0.962499976      0.587499976      0.252245605    
  0.987500012      0.587499976      0.252249181    
   1.00000000      0.587499976      0.252249181    
 
   0.00000000      0.612500012      0.282009989    
   1.25000002E-02  0.612500012      0.282009989    
   3.75000015E-02  0.612500012      0.282012701    
   6.25000000E-02  0.612500012      0.282015532    
   8.75000060E-02  0.612500012      0.282018423    
  0.112499997      0.612500012      0.282021314    
  0.137500003      0.612500012      0.282024175    
  0.162499994      0.612500012      0.282027245    
  0.187500000      0.612500012      0.282030255    
  0.212500006      0.612500012      0.282033205    
  0.237500012      0.612500012      0.282036245    
  0.262499988      0.612500012      0.282039285    
  0.287500024      0.612500012      0.282042325    
  0.312500000      0.612500012      0.282045394    
  0.337500006      0.612500012      0.282048464    
  0.362500012      0.612500012      0.282051533    
  0.387499988      0.612500012      0.282054693    
  0.412500024      0.612500012      0.282057852    
  0.437500000      0.612500012      0.282060951    
  0.462500006      0.612500012      0.282064170    
  0.487500012      0.612500012      0.282067358    
  0.512500048      0.612500012      0.282070428    
  0.537500024      0.612500012      0.282073736    
  0.562500000      0.612500012      0.282076955    
  0.587499976      0.612500012      0.282080233    
  0.612500012      0.612500012      0.282083511    
  0.637500048      0.612500012      0.282086790    
  0.662500024      0.612500012      0.282090068    
  0.687500000      0.612500012      0.282093406    
  0.712499976      0.612500012      0.282096684    
  0.737500012      0.612500012      0.282099932    
  0.762500048      0.612500012      0.282103360    
  0.787500024      0.612500012      0.282106757    
  0.812500000      0.612500012      0.282110065    
  0.837499976      0.612500012      0.282113463    
  0.862500012      0.612500012      0.282116830    
  0.887500048      0.612500012      0.282120258    
  0.912500024      0.612500012      0.282123715    
  0.937500000      0.612500012      0.282127082    
  0.962499976      0.612500012      0.282130599    
  0.987500012      0.612500012      0.282134265    
   1.00000000      0.612500012      0.282134265    
 
   0.00000000      0.637500048      0.314206928    
   1.25000002E-02  0.637500048      0.314206928    
   3.75000015E-02  0.637500048      0.314209789    
   6.25000000E-02  0.637500048      0.314212888    
   8.75000060E-02  0.637500048      0.314215899    
  0.112499997      0.637500048      0.314218909    
  0.137500003      0.637500048      0.314221919    
  0.162499994      0.637500048      0.314224988    
  0.187500000      0.637500048      0.314228117    
  0.212500006      0.637500048      0.314231277    
  0.237500012      0.637500048      0.314234436    
  0.262499988      0.637500048      0.314237595    
  0.287500024      0.637500048      0.314240664    
  0.312500000      0.637500048      0.314243853    
  0.337500006      0.637500048      0.314246982    
  0.362500012      0.637500048      0.314250171    
  0.387499988      0.637500048      0.314253390    
  0.412500024      0.637500048      0.314256638    
  0.437500000      0.637500048      0.314259827    
  0.462500006      0.637500048      0.314263076    
  0.487500012      0.637500048      0.314266324    
  0.512500048      0.637500048      0.314269543    
  0.537500024      0.637500048      0.314272881    
  0.562500000      0.637500048      0.314276099    
  0.587499976      0.637500048      0.314279556    
  0.612500012      0.637500048      0.314282805    
  0.637500048      0.637500048      0.314286083    
  0.662500024      0.637500048      0.314289451    
  0.687500000      0.637500048      0.314292818    
  0.712499976      0.637500048      0.314296097    
  0.737500012      0.637500048      0.314299434    
  0.762500048      0.637500048      0.314302862    
  0.787500024      0.637500048      0.314306349    
  0.812500000      0.637500048      0.314309657    
  0.837499976      0.637500048      0.314313114    
  0.862500012      0.637500048      0.314316422    
  0.887500048      0.637500048      0.314319938    
  0.912500024      0.637500048      0.314323395    
  0.937500000      0.637500048      0.314326853    
  0.962499976      0.637500048      0.314330339    
  0.987500012      0.637500048      0.314334005    
   1.00000000      0.637500048      0.314334005    
 
   0.00000000      0.662500024      0.348734021    
   1.25000002E-02  0.662500024      0.348734021    
   3.75000015E-02  0.662500024      0.348737091    
   6.25000000E-02  0.662500024      0.348740220    
   8.75000060E-02  0.662500024      0.348743349    
  0.112499997      0.662500024      0.348746389    
  0.137500003      0.662500024      0.348749459    
  0.162499994      0.662500024      0.348752677    
  0.187500000      0.662500024      0.348755836    
  0.212500006      0.662500024      0.348758966    
  0.237500012      0.662500024      0.348762155    
  0.262499988      0.662500024      0.348765433    
  0.287500024      0.662500024      0.348768562    
  0.312500000      0.662500024      0.348771721    
  0.337500006      0.662500024      0.348774880    
  0.362500012      0.662500024      0.348778129    
  0.387499988      0.662500024      0.348781377    
  0.412500024      0.662500024      0.348784655    
  0.437500000      0.662500024      0.348787934    
  0.462500006      0.662500024      0.348791182    
  0.487500012      0.662500024      0.348794490    
  0.512500048      0.662500024      0.348797768    
  0.537500024      0.662500024      0.348801017    
  0.562500000      0.662500024      0.348804325    
  0.587499976      0.662500024      0.348807722    
  0.612500012      0.662500024      0.348810971    
  0.637500048      0.662500024      0.348814279    
  0.662500024      0.662500024      0.348817587    
  0.687500000      0.662500024      0.348820925    
  0.712499976      0.662500024      0.348824263    
  0.737500012      0.662500024      0.348827660    
  0.762500048      0.662500024      0.348831028    
  0.787500024      0.662500024      0.348834425    
  0.812500000      0.662500024      0.348837823    
  0.837499976      0.662500024      0.348841190    
  0.862500012      0.662500024      0.348844588    
  0.887500048      0.662500024      0.348847985    
  0.912500024      0.662500024      0.348851383    
  0.937500000      0.662500024      0.348854810    
  0.962499976      0.662500024      0.348858237    
  0.987500012      0.662500024      0.348861903    
   1.00000000      0.662500024      0.348861903    
 
   0.00000000      0.687500000      0.385582507    
   1.25000002E-02  0.687500000      0.385582507    
   3.75000015E-02  0.687500000      0.385585546    
   6.25000000E-02  0.687500000      0.385588646    
   8.75000060E-02  0.687500000      0.385591835    
  0.112499997      0.687500000      0.385594934    
  0.137500003      0.687500000      0.385598093    
  0.162499994      0.687500000      0.385601223    
  0.187500000      0.687500000      0.385604411    
  0.212500006      0.687500000      0.385607600    
  0.237500012      0.687500000      0.385610729    
  0.262499988      0.687500000      0.385613948    
  0.287500024      0.687500000      0.385617197    
  0.312500000      0.687500000      0.385620266    
  0.337500006      0.687500000      0.385623455    
  0.362500012      0.687500000      0.385626674    
  0.387499988      0.687500000      0.385629922    
  0.412500024      0.687500000      0.385633171    
  0.437500000      0.687500000      0.385636449    
  0.462500006      0.687500000      0.385639638    
  0.487500012      0.687500000      0.385642946    
  0.512500048      0.687500000      0.385646194    
  0.537500024      0.687500000      0.385649383    
  0.562500000      0.687500000      0.385652721    
  0.587499976      0.687500000      0.385655969    
  0.612500012      0.687500000      0.385659188    
  0.637500048      0.687500000      0.385662466    
  0.662500024      0.687500000      0.385665715    
  0.687500000      0.687500000      0.385669023    
  0.712499976      0.687500000      0.385672271    
  0.737500012      0.687500000      0.385675699    
  0.762500048      0.687500000      0.385678977    
  0.787500024      0.687500000      0.385682285    
  0.812500000      0.687500000      0.385685652    
  0.837499976      0.687500000      0.385688961    
  0.862500012      0.687500000      0.385692298    
  0.887500048      0.687500000      0.385695636    
  0.912500024      0.687500000      0.385698915    
  0.937500000      0.687500000      0.385702342    
  0.962499976      0.687500000      0.385705680    
  0.987500012      0.687500000      0.385709167    
   1.00000000      0.687500000      0.385709167    
 
   0.00000000      0.712499976      0.424718797    
   1.25000002E-02  0.712499976      0.424718797    
   3.75000015E-02  0.712499976      0.424721837    
   6.25000000E-02  0.712499976      0.424724966    
   8.75000060E-02  0.712499976      0.424728125    
  0.112499997      0.712499976      0.424731284    
  0.137500003      0.712499976      0.424734324    
  0.162499994      0.712499976      0.424737483    
  0.187500000      0.712499976      0.424740613    
  0.212500006      0.712499976      0.424743682    
  0.237500012      0.712499976      0.424746811    
  0.262499988      0.712499976      0.424749941    
  0.287500024      0.712499976      0.424753189    
  0.312500000      0.712499976      0.424756199    
  0.337500006      0.712499976      0.424759388    
  0.362500012      0.712499976      0.424762487    
  0.387499988      0.712499976      0.424765706    
  0.412500024      0.712499976      0.424768746    
  0.437500000      0.712499976      0.424771965    
  0.462500006      0.712499976      0.424775153    
  0.487500012      0.712499976      0.424778283    
  0.512500048      0.712499976      0.424781442    
  0.537500024      0.712499976      0.424784571    
  0.562500000      0.712499976      0.424787939    
  0.587499976      0.712499976      0.424791098    
  0.612500012      0.712499976      0.424794197    
  0.637500048      0.712499976      0.424797297    
  0.662500024      0.712499976      0.424800575    
  0.687500000      0.712499976      0.424803734    
  0.712499976      0.712499976      0.424806923    
  0.737500012      0.712499976      0.424810231    
  0.762500048      0.712499976      0.424813449    
  0.787500024      0.712499976      0.424816549    
  0.812500000      0.712499976      0.424819887    
  0.837499976      0.712499976      0.424823076    
  0.862500012      0.712499976      0.424826294    
  0.887500048      0.712499976      0.424829602    
  0.912500024      0.712499976      0.424832791    
  0.937500000      0.712499976      0.424836040    
  0.962499976      0.712499976      0.424839318    
  0.987500012      0.712499976      0.424842566    
   1.00000000      0.712499976      0.424842566    
 
   0.00000000      0.737500012      0.466085762    
   1.25000002E-02  0.737500012      0.466085762    
   3.75000015E-02  0.737500012      0.466088653    
   6.25000000E-02  0.737500012      0.466091692    
   8.75000060E-02  0.737500012      0.466094762    
  0.112499997      0.737500012      0.466097921    
  0.137500003      0.737500012      0.466100961    
  0.162499994      0.737500012      0.466104001    
  0.187500000      0.737500012      0.466106981    
  0.212500006      0.737500012      0.466110021    
  0.237500012      0.737500012      0.466113061    
  0.262499988      0.737500012      0.466116130    
  0.287500024      0.737500012      0.466119170    
  0.312500000      0.737500012      0.466122121    
  0.337500006      0.737500012      0.466125131    
  0.362500012      0.737500012      0.466128170    
  0.387499988      0.737500012      0.466131270    
  0.412500024      0.737500012      0.466134191    
  0.437500000      0.737500012      0.466137201    
  0.462500006      0.737500012      0.466140389    
  0.487500012      0.737500012      0.466143370    
  0.512500048      0.737500012      0.466146350    
  0.537500024      0.737500012      0.466149449    
  0.562500000      0.737500012      0.466152638    
  0.587499976      0.737500012      0.466155738    
  0.612500012      0.737500012      0.466158718    
  0.637500048      0.737500012      0.466161698    
  0.662500024      0.737500012      0.466164798    
  0.687500000      0.737500012      0.466167867    
  0.712499976      0.737500012      0.466170907    
  0.737500012      0.737500012      0.466174006    
  0.762500048      0.737500012      0.466177166    
  0.787500024      0.737500012      0.466180146    
  0.812500000      0.737500012      0.466183215    
  0.837499976      0.737500012      0.466186374    
  0.862500012      0.737500012      0.466189504    
  0.887500048      0.737500012      0.466192544    
  0.912500024      0.737500012      0.466195524    
  0.937500000      0.737500012      0.466198683    
  0.962499976      0.737500012      0.466201782    
  0.987500012      0.737500012      0.466204941    
   1.00000000      0.737500012      0.466204941    
 
   0.00000000      0.762500048      0.509600520    
   1.25000002E-02  0.762500048      0.509600520    
   3.75000015E-02  0.762500048      0.509603381    
   6.25000000E-02  0.762500048      0.509606302    
   8.75000060E-02  0.762500048      0.509609163    
  0.112499997      0.762500048      0.509612083    
  0.137500003      0.762500048      0.509615064    
  0.162499994      0.762500048      0.509617865    
  0.187500000      0.762500048      0.509620786    
  0.212500006      0.762500048      0.509623706    
  0.237500012      0.762500048      0.509626627    
  0.262499988      0.762500048      0.509629488    
  0.287500024      0.762500048      0.509632468    
  0.312500000      0.762500048      0.509635210    
  0.337500006      0.762500048      0.509638071    
  0.362500012      0.762500048      0.509641051    
  0.387499988      0.762500048      0.509643972    
  0.412500024      0.762500048      0.509646714    
  0.437500000      0.762500048      0.509649515    
  0.462500006      0.762500048      0.509652436    
  0.487500012      0.762500048      0.509655356    
  0.512500048      0.762500048      0.509658158    
  0.537500024      0.762500048      0.509661078    
  0.562500000      0.762500048      0.509664118    
  0.587499976      0.762500048      0.509667099    
  0.612500012      0.762500048      0.509669900    
  0.637500048      0.762500048      0.509672821    
  0.662500024      0.762500048      0.509675682    
  0.687500000      0.762500048      0.509678662    
  0.712499976      0.762500048      0.509681523    
  0.737500012      0.762500048      0.509684324    
  0.762500048      0.762500048      0.509687245    
  0.787500024      0.762500048      0.509690166    
  0.812500000      0.762500048      0.509693146    
  0.837499976      0.762500048      0.509696066    
  0.862500012      0.762500048      0.509698987    
  0.887500048      0.762500048      0.509701729    
  0.912500024      0.762500048      0.509704709    
  0.937500000      0.762500048      0.509707630    
  0.962499976      0.762500048      0.509710491    
  0.987500012      0.762500048      0.509713531    
   1.00000000      0.762500048      0.509713531    
 
   0.00000000      0.787500024      0.555154979    
   1.25000002E-02  0.787500024      0.555154979    
   3.75000015E-02  0.787500024      0.555157542    
   6.25000000E-02  0.787500024      0.555160344    
   8.75000060E-02  0.787500024      0.555162966    
  0.112499997      0.787500024      0.555165708    
  0.137500003      0.787500024      0.555168509    
  0.162499994      0.787500024      0.555171072    
  0.187500000      0.787500024      0.555173874    
  0.212500006      0.787500024      0.555176616    
  0.237500012      0.787500024      0.555179298    
  0.262499988      0.787500024      0.555181921    
  0.287500024      0.787500024      0.555184782    
  0.312500000      0.787500024      0.555187345    
  0.337500006      0.787500024      0.555190027    
  0.362500012      0.787500024      0.555192888    
  0.387499988      0.787500024      0.555195332    
  0.412500024      0.787500024      0.555198133    
  0.437500000      0.787500024      0.555200756    
  0.462500006      0.787500024      0.555203319    
  0.487500012      0.787500024      0.555206180    
  0.512500048      0.787500024      0.555208921    
  0.537500024      0.787500024      0.555211484    
  0.562500000      0.787500024      0.555214405    
  0.587499976      0.787500024      0.555217028    
  0.612500012      0.787500024      0.555219650    
  0.637500048      0.787500024      0.555222452    
  0.662500024      0.787500024      0.555224836    
  0.687500000      0.787500024      0.555227518    
  0.712499976      0.787500024      0.555230439    
  0.737500012      0.787500024      0.555233061    
  0.762500048      0.787500024      0.555235803    
  0.787500024      0.787500024      0.555238605    
  0.812500000      0.787500024      0.555241108    
  0.837499976      0.787500024      0.555243969    
  0.862500012      0.787500024      0.555246592    
  0.887500048      0.787500024      0.555248916    
  0.912500024      0.787500024      0.555251777    
  0.937500000      0.787500024      0.555254459    
  0.962499976      0.787500024      0.555257142    
  0.987500012      0.787500024      0.555260062    
   1.00000000      0.787500024      0.555260062    
 
   0.00000000      0.812500000      0.602615356    
   1.25000002E-02  0.812500000      0.602615356    
   3.75000015E-02  0.812500000      0.602617800    
   6.25000000E-02  0.812500000      0.602620423    
   8.75000060E-02  0.812500000      0.602622807    
  0.112499997      0.812500000      0.602625310    
  0.137500003      0.812500000      0.602627873    
  0.162499994      0.812500000      0.602630258    
  0.187500000      0.812500000      0.602632582    
  0.212500006      0.812500000      0.602635205    
  0.237500012      0.812500000      0.602637649    
  0.262499988      0.812500000      0.602640152    
  0.287500024      0.812500000      0.602642655    
  0.312500000      0.812500000      0.602645278    
  0.337500006      0.812500000      0.602647543    
  0.362500012      0.812500000      0.602649987    
  0.387499988      0.812500000      0.602652252    
  0.412500024      0.812500000      0.602654755    
  0.437500000      0.812500000      0.602657378    
  0.462500006      0.812500000      0.602659881    
  0.487500012      0.812500000      0.602662325    
  0.512500048      0.812500000      0.602664828    
  0.537500024      0.812500000      0.602667093    
  0.562500000      0.812500000      0.602669656    
  0.587499976      0.812500000      0.602672160    
  0.612500012      0.812500000      0.602674544    
  0.637500048      0.812500000      0.602676988    
  0.662500024      0.812500000      0.602679372    
  0.687500000      0.812500000      0.602681816    
  0.712499976      0.812500000      0.602684379    
  0.737500012      0.812500000      0.602686703    
  0.762500048      0.812500000      0.602689207    
  0.787500024      0.812500000      0.602691710    
  0.812500000      0.812500000      0.602694035    
  0.837499976      0.812500000      0.602696478    
  0.862500012      0.812500000      0.602699101    
  0.887500048      0.812500000      0.602701247    
  0.912500024      0.812500000      0.602703631    
  0.937500000      0.812500000      0.602706194    
  0.962499976      0.812500000      0.602708340    
  0.987500012      0.812500000      0.602711082    
   1.00000000      0.812500000      0.602711082    
 
   0.00000000      0.837499976      0.651823997    
   1.25000002E-02  0.837499976      0.651823997    
   3.75000015E-02  0.837499976      0.651826322    
   6.25000000E-02  0.837499976      0.651828527    
   8.75000060E-02  0.837499976      0.651830554    
  0.112499997      0.837499976      0.651832879    
  0.137500003      0.837499976      0.651835084    
  0.162499994      0.837499976      0.651837409    
  0.187500000      0.837499976      0.651839495    
  0.212500006      0.837499976      0.651841760    
  0.237500012      0.837499976      0.651844025    
  0.262499988      0.837499976      0.651846349    
  0.287500024      0.837499976      0.651848495    
  0.312500000      0.837499976      0.651850760    
  0.337500006      0.837499976      0.651852965    
  0.362500012      0.837499976      0.651854932    
  0.387499988      0.837499976      0.651857078    
  0.412500024      0.837499976      0.651859283    
  0.437500000      0.837499976      0.651861548    
  0.462500006      0.837499976      0.651863992    
  0.487500012      0.837499976      0.651866138    
  0.512500048      0.837499976      0.651868165    
  0.537500024      0.837499976      0.651870430    
  0.562500000      0.837499976      0.651872516    
  0.587499976      0.837499976      0.651874721    
  0.612500012      0.837499976      0.651876986    
  0.637500048      0.837499976      0.651879072    
  0.662500024      0.837499976      0.651881158    
  0.687500000      0.837499976      0.651883483    
  0.712499976      0.837499976      0.651885629    
  0.737500012      0.837499976      0.651887774    
  0.762500048      0.837499976      0.651889920    
  0.787500024      0.837499976      0.651892066    
  0.812500000      0.837499976      0.651894212    
  0.837499976      0.837499976      0.651896298    
  0.862500012      0.837499976      0.651898623    
  0.887500048      0.837499976      0.651900530    
  0.912500024      0.837499976      0.651902616    
  0.937500000      0.837499976      0.651904821    
  0.962499976      0.837499976      0.651906729    
  0.987500012      0.837499976      0.651909113    
   1.00000000      0.837499976      0.651909113    
 
   0.00000000      0.862500012      0.702600002    
   1.25000002E-02  0.862500012      0.702600002    
   3.75000015E-02  0.862500012      0.702602029    
   6.25000000E-02  0.862500012      0.702603936    
   8.75000060E-02  0.862500012      0.702605724    
  0.112499997      0.862500012      0.702607751    
  0.137500003      0.862500012      0.702609777    
  0.162499994      0.862500012      0.702611744    
  0.187500000      0.862500012      0.702613652    
  0.212500006      0.862500012      0.702615559    
  0.237500012      0.862500012      0.702617586    
  0.262499988      0.862500012      0.702619374    
  0.287500024      0.862500012      0.702621341    
  0.312500000      0.862500012      0.702623308    
  0.337500006      0.862500012      0.702625155    
  0.362500012      0.862500012      0.702626944    
  0.387499988      0.862500012      0.702628851    
  0.412500024      0.862500012      0.702630699    
  0.437500000      0.862500012      0.702632666    
  0.462500006      0.862500012      0.702634811    
  0.487500012      0.862500012      0.702636719    
  0.512500048      0.862500012      0.702638507    
  0.537500024      0.862500012      0.702640414    
  0.562500000      0.862500012      0.702642202    
  0.587499976      0.862500012      0.702644110    
  0.612500012      0.862500012      0.702646077    
  0.637500048      0.862500012      0.702647865    
  0.662500024      0.862500012      0.702649653    
  0.687500000      0.862500012      0.702651560    
  0.712499976      0.862500012      0.702653468    
  0.737500012      0.862500012      0.702655256    
  0.762500048      0.862500012      0.702657163    
  0.787500024      0.862500012      0.702659070    
  0.812500000      0.862500012      0.702660859    
  0.837499976      0.862500012      0.702662647    
  0.862500012      0.862500012      0.702664554    
  0.887500048      0.862500012      0.702666223    
  0.912500024      0.862500012      0.702668071    
  0.937500000      0.862500012      0.702669859    
  0.962499976      0.862500012      0.702671587    
  0.987500012      0.862500012      0.702673435    
   1.00000000      0.862500012      0.702673435    
 
   0.00000000      0.887500048      0.754741490    
   1.25000002E-02  0.887500048      0.754741490    
   3.75000015E-02  0.887500048      0.754743099    
   6.25000000E-02  0.887500048      0.754744709    
   8.75000060E-02  0.887500048      0.754746318    
  0.112499997      0.887500048      0.754748046    
  0.137500003      0.887500048      0.754749715    
  0.162499994      0.887500048      0.754751444    
  0.187500000      0.887500048      0.754752994    
  0.212500006      0.887500048      0.754754484    
  0.237500012      0.887500048      0.754756153    
  0.262499988      0.887500048      0.754757822    
  0.287500024      0.887500048      0.754759371    
  0.312500000      0.887500048      0.754761040    
  0.337500006      0.887500048      0.754762530    
  0.362500012      0.887500048      0.754764080    
  0.387499988      0.887500048      0.754765570    
  0.412500024      0.887500048      0.754767120    
  0.437500000      0.887500048      0.754768848    
  0.462500006      0.887500048      0.754770577    
  0.487500012      0.887500048      0.754772127    
  0.512500048      0.887500048      0.754773676    
  0.537500024      0.887500048      0.754775167    
  0.562500000      0.887500048      0.754776776    
  0.587499976      0.887500048      0.754778266    
  0.612500012      0.887500048      0.754779994    
  0.637500048      0.887500048      0.754781604    
  0.662500024      0.887500048      0.754783094    
  0.687500000      0.887500048      0.754784644    
  0.712499976      0.887500048      0.754786134    
  0.737500012      0.887500048      0.754787683    
  0.762500048      0.887500048      0.754789233    
  0.787500024      0.887500048      0.754790723    
  0.812500000      0.887500048      0.754792213    
  0.837499976      0.887500048      0.754793704    
  0.862500012      0.887500048      0.754795253    
  0.887500048      0.887500048      0.754796684    
  0.912500024      0.887500048      0.754798114    
  0.937500000      0.887500048      0.754799604    
  0.962499976      0.887500048      0.754800916    
  0.987500012      0.887500048      0.754802465    
   1.00000000      0.887500048      0.754802465    
 
   0.00000000      0.912500024      0.808026075    
   1.25000002E-02  0.912500024      0.808026075    
   3.75000015E-02  0.912500024      0.808027387    
   6.25000000E-02  0.912500024      0.808028758    
   8.75000060E-02  0.912500024      0.808030009    
  0.112499997      0.912500024      0.808031440    
  0.137500003      0.912500024      0.808032811    
  0.162499994      0.912500024      0.808034003    
  0.187500000      0.912500024      0.808035254    
  0.212500006      0.912500024      0.808036387    
  0.237500012      0.912500024      0.808037877    
  0.262499988      0.912500024      0.808039129    
  0.287500024      0.912500024      0.808040440    
  0.312500000      0.912500024      0.808041573    
  0.337500006      0.912500024      0.808042884    
  0.362500012      0.912500024      0.808044016    
  0.387499988      0.912500024      0.808045268    
  0.412500024      0.912500024      0.808046460    
  0.437500000      0.912500024      0.808047712    
  0.462500006      0.912500024      0.808049083    
  0.487500012      0.912500024      0.808050334    
  0.512500048      0.912500024      0.808051586    
  0.537500024      0.912500024      0.808052838    
  0.562500000      0.912500024      0.808054090    
  0.587499976      0.912500024      0.808055282    
  0.612500012      0.912500024      0.808056593    
  0.637500048      0.912500024      0.808057904    
  0.662500024      0.912500024      0.808058977    
  0.687500000      0.912500024      0.808060229    
  0.712499976      0.912500024      0.808061302    
  0.737500012      0.912500024      0.808062613    
  0.762500048      0.912500024      0.808063865    
  0.787500024      0.912500024      0.808064997    
  0.812500000      0.912500024      0.808066189    
  0.837499976      0.912500024      0.808067381    
  0.862500012      0.912500024      0.808068514    
  0.887500048      0.912500024      0.808069646    
  0.912500024      0.912500024      0.808070779    
  0.937500000      0.912500024      0.808071911    
  0.962499976      0.912500024      0.808073044    
  0.987500012      0.912500024      0.808073997    
   1.00000000      0.912500024      0.808073997    
 
   0.00000000      0.937500000      0.862217367    
   1.25000002E-02  0.937500000      0.862217367    
   3.75000015E-02  0.937500000      0.862218320    
   6.25000000E-02  0.937500000      0.862219214    
   8.75000060E-02  0.937500000      0.862220168    
  0.112499997      0.937500000      0.862221181    
  0.137500003      0.937500000      0.862222135    
  0.162499994      0.937500000      0.862223029    
  0.187500000      0.937500000      0.862223804    
  0.212500006      0.937500000      0.862224698    
  0.237500012      0.937500000      0.862225771    
  0.262499988      0.937500000      0.862226725    
  0.287500024      0.937500000      0.862227619    
  0.312500000      0.937500000      0.862228572    
  0.337500006      0.937500000      0.862229466    
  0.362500012      0.937500000      0.862230182    
  0.387499988      0.937500000      0.862231076    
  0.412500024      0.937500000      0.862232029    
  0.437500000      0.937500000      0.862232924    
  0.462500006      0.937500000      0.862233937    
  0.487500012      0.937500000      0.862234771    
  0.512500048      0.937500000      0.862235725    
  0.537500024      0.937500000      0.862236619    
  0.562500000      0.937500000      0.862237573    
  0.587499976      0.937500000      0.862238526    
  0.612500012      0.937500000      0.862239480    
  0.637500048      0.937500000      0.862240374    
  0.662500024      0.937500000      0.862241030    
  0.687500000      0.937500000      0.862241924    
  0.712499976      0.937500000      0.862242877    
  0.737500012      0.937500000      0.862243712    
  0.762500048      0.937500000      0.862244666    
  0.787500024      0.937500000      0.862245500    
  0.812500000      0.937500000      0.862246335    
  0.837499976      0.937500000      0.862247229    
  0.862500012      0.937500000      0.862247884    
  0.887500048      0.937500000      0.862248719    
  0.912500024      0.937500000      0.862249553    
  0.937500000      0.937500000      0.862250388    
  0.962499976      0.937500000      0.862251043    
  0.987500012      0.937500000      0.862251759    
   1.00000000      0.937500000      0.862251759    
 
   0.00000000      0.962499976      0.917065322    
   1.25000002E-02  0.962499976      0.917065322    
   3.75000015E-02  0.962499976      0.917066097    
   6.25000000E-02  0.962499976      0.917066634    
   8.75000060E-02  0.962499976      0.917067170    
  0.112499997      0.962499976      0.917067707    
  0.137500003      0.962499976      0.917068243    
  0.162499994      0.962499976      0.917068839    
  0.187500000      0.962499976      0.917069197    
  0.212500006      0.962499976      0.917069852    
  0.237500012      0.962499976      0.917070448    
  0.262499988      0.962499976      0.917071104    
  0.287500024      0.962499976      0.917071521    
  0.312500000      0.962499976      0.917072058    
  0.337500006      0.962499976      0.917072594    
  0.362500012      0.962499976      0.917073131    
  0.387499988      0.962499976      0.917073548    
  0.412500024      0.962499976      0.917074323    
  0.437500000      0.962499976      0.917074621    
  0.462500006      0.962499976      0.917075276    
  0.487500012      0.962499976      0.917075872    
  0.512500048      0.962499976      0.917076409    
  0.537500024      0.962499976      0.917076945    
  0.562500000      0.962499976      0.917077601    
  0.587499976      0.962499976      0.917078137    
  0.612500012      0.962499976      0.917078674    
  0.637500048      0.962499976      0.917079389    
  0.662500024      0.962499976      0.917079747    
  0.687500000      0.962499976      0.917080283    
  0.712499976      0.962499976      0.917080820    
  0.737500012      0.962499976      0.917081356    
  0.762500048      0.962499976      0.917081952    
  0.787500024      0.962499976      0.917082369    
  0.812500000      0.962499976      0.917082906    
  0.837499976      0.962499976      0.917083442    
  0.862500012      0.962499976      0.917083800    
  0.887500048      0.962499976      0.917084336    
  0.912500024      0.962499976      0.917084873    
  0.937500000      0.962499976      0.917085290    
  0.962499976      0.962499976      0.917085707    
  0.987500012      0.962499976      0.917086124    
   1.00000000      0.962499976      0.917086124    
 
   0.00000000      0.987500012      0.972311080    
   1.25000002E-02  0.987500012      0.972311080    
   3.75000015E-02  0.987500012      0.972311437    
   6.25000000E-02  0.987500012      0.972311556    
   8.75000060E-02  0.987500012      0.972311676    
  0.112499997      0.987500012      0.972311854    
  0.137500003      0.987500012      0.972312212    
  0.162499994      0.987500012      0.972312212    
  0.187500000      0.987500012      0.972312272    
  0.212500006      0.987500012      0.972312510    
  0.237500012      0.987500012      0.972312808    
  0.262499988      0.987500012      0.972312987    
  0.287500024      0.987500012      0.972312987    
  0.312500000      0.987500012      0.972313285    
  0.337500006      0.987500012      0.972313523    
  0.362500012      0.987500012      0.972313702    
  0.387499988      0.987500012      0.972313821    
  0.412500024      0.987500012      0.972314060    
  0.437500000      0.987500012      0.972314119    
  0.462500006      0.987500012      0.972314537    
  0.487500012      0.987500012      0.972314656    
  0.512500048      0.987500012      0.972314775    
  0.537500024      0.987500012      0.972314954    
  0.562500000      0.987500012      0.972315192    
  0.587499976      0.987500012      0.972315371    
  0.612500012      0.987500012      0.972315490    
  0.637500048      0.987500012      0.972315788    
  0.662500024      0.987500012      0.972315967    
  0.687500000      0.987500012      0.972316086    
  0.712499976      0.987500012      0.972316086    
  0.737500012      0.987500012      0.972316384    
  0.762500048      0.987500012      0.972316682    
  0.787500024      0.987500012      0.972316802    
  0.812500000      0.987500012      0.972316921    
  0.837499976      0.987500012      0.972317040    
  0.862500012      0.987500012      0.972317219    
  0.887500048      0.987500012      0.972317636    
  0.912500024      0.987500012      0.972317636    
  0.937500000      0.987500012      0.972317636    
  0.962499976      0.987500012      0.972317755    
  0.987500012      0.987500012      0.972318053    
   1.00000000      0.987500012      0.972318053    
 
   0.00000000       1.00000000       1.00000000    
   1.25000002E-02   1.00000000       1.00000000    
   3.75000015E-02   1.00000000       1.00000000    
   6.25000000E-02   1.00000000       1.00000000    
   8.75000060E-02   1.00000000       1.00000000    
  0.112499997       1.00000000       1.00000000    
  0.137500003       1.00000000       1.00000000    
  0.162499994       1.00000000       1.00000000    
  0.187500000       1.00000000       1.00000000    
  0.212500006       1.00000000       1.00000000    
  0.237500012       1.00000000       1.00000000    
  0.262499988       1.00000000       1.00000000    
  0.287500024       1.00000000       1.00000000    
  0.312500000       1.00000000       1.00000000    
  0.337500006       1.00000000       1.00000000    
  0.362500012       1.00000000       1.00000000    
  0.387499988       1.00000000       1.00000000    
  0.412500024       1.00000000       1.00000000    
  0.437500000       1.00000000       1.00000000    
  0.462500006       1.00000000       1.00000000    
  0.487500012       1.00000000       1.00000000    
  0.512500048       1.00000000       1.00000000    
  0.537500024       1.00000000       1.00000000    
  0.562500000       1.00000000       1.00000000    
  0.587499976       1.00000000       1.00000000    
  0.612500012       1.00000000       1.00000000    
  0.637500048       1.00000000       1.00000000    
  0.662500024       1.00000000       1.00000000    
  0.687500000       1.00000000       1.00000000    
  0.712499976       1.00000000       1.00000000    
  0.737500012       1.00000000       1.00000000    
  0.762500048       1.00000000       1.00000000    
  0.787500024       1.00000000       1.00000000    
  0.812500000       1.00000000       1.00000000    
  0.837499976       1.00000000       1.00000000    
  0.862500012       1.00000000       1.00000000    
  0.887500048       1.00000000       1.00000000    
  0.912500024       1.00000000       1.00000000    
  0.937500000       1.00000000       1.00000000    
  0.962499976       1.00000000       1.00000000    
  0.987500012       1.00000000       1.00000000    
   1.00000000       1.00000000       1.00000000    
 
