  0.0000000E+00  0.0000000E+00  0.0000000E+00
  0.1250000      0.0000000E+00  1.2499999E-02
  0.3750000      0.0000000E+00  3.7499998E-02
  0.6250000      0.0000000E+00  6.2499996E-02
  0.8750000      0.0000000E+00  8.7499991E-02
   1.125000      0.0000000E+00  0.1125000    
   1.375000      0.0000000E+00  0.1375000    
   1.625000      0.0000000E+00  0.1625000    
   1.875000      0.0000000E+00  0.1875000    
   2.125000      0.0000000E+00  0.2125000    
   2.375000      0.0000000E+00  0.2375000    
   2.625000      0.0000000E+00  0.2625000    
   2.875000      0.0000000E+00  0.2875000    
   3.125000      0.0000000E+00  0.3125000    
   3.375000      0.0000000E+00  0.3375000    
   3.625000      0.0000000E+00  0.3625000    
   3.875000      0.0000000E+00  0.3875000    
   4.125000      0.0000000E+00  0.4125000    
   4.375000      0.0000000E+00  0.4375000    
   4.625000      0.0000000E+00  0.4625000    
   4.875000      0.0000000E+00  0.4875000    
   5.125000      0.0000000E+00  0.5125000    
   5.375000      0.0000000E+00  0.5375000    
   5.625000      0.0000000E+00  0.5624999    
   5.875000      0.0000000E+00  0.5875000    
   6.125000      0.0000000E+00  0.6125000    
   6.375000      0.0000000E+00  0.6375000    
   6.625000      0.0000000E+00  0.6625000    
   6.875000      0.0000000E+00  0.6874999    
   7.125000      0.0000000E+00  0.7125000    
   7.375000      0.0000000E+00  0.7375000    
   7.625000      0.0000000E+00  0.7624999    
   7.875000      0.0000000E+00  0.7875000    
   8.125000      0.0000000E+00  0.8124999    
   8.375000      0.0000000E+00  0.8375000    
   8.625000      0.0000000E+00  0.8625000    
   8.875000      0.0000000E+00  0.8874999    
   9.125000      0.0000000E+00  0.9125000    
   9.375000      0.0000000E+00  0.9374999    
   9.625000      0.0000000E+00  0.9624999    
   9.875000      0.0000000E+00  0.9875000    
   10.00000      0.0000000E+00   1.000000    
 
  0.0000000E+00  1.2500000E-02  0.0000000E+00
  0.1250000      1.2500000E-02  1.1626709E-02
  0.3750000      1.2500000E-02  3.5599962E-02
  0.6250000      1.2500000E-02  5.9857365E-02
  0.8750000      1.2500000E-02  8.4301233E-02
   1.125000      1.2500000E-02  0.1088867    
   1.375000      1.2500000E-02  0.1335825    
   1.625000      1.2500000E-02  0.1583629    
   1.875000      1.2500000E-02  0.1832070    
   2.125000      1.2500000E-02  0.2080976    
   2.375000      1.2500000E-02  0.2330212    
   2.625000      1.2500000E-02  0.2579671    
   2.875000      1.2500000E-02  0.2829272    
   3.125000      1.2500000E-02  0.3078948    
   3.375000      1.2500000E-02  0.3328647    
   3.625000      1.2500000E-02  0.3578328    
   3.875000      1.2500000E-02  0.3827955    
   4.125000      1.2500000E-02  0.4077500    
   4.375000      1.2500000E-02  0.4326939    
   4.625000      1.2500000E-02  0.4576255    
   4.875000      1.2500000E-02  0.4825435    
   5.125000      1.2500000E-02  0.5074471    
   5.375000      1.2500000E-02  0.5323358    
   5.625000      1.2500000E-02  0.5572098    
   5.875000      1.2500000E-02  0.5820695    
   6.125000      1.2500000E-02  0.6069154    
   6.375000      1.2500000E-02  0.6317489    
   6.625000      1.2500000E-02  0.6565710    
   6.875000      1.2500000E-02  0.6813828    
   7.125000      1.2500000E-02  0.7061859    
   7.375000      1.2500000E-02  0.7309814    
   7.625000      1.2500000E-02  0.7557706    
   7.875000      1.2500000E-02  0.7805545    
   8.125000      1.2500000E-02  0.8053344    
   8.375000      1.2500000E-02  0.8301111    
   8.625000      1.2500000E-02  0.8548859    
   8.875000      1.2500000E-02  0.8796617    
   9.125000      1.2500000E-02  0.9044512    
   9.375000      1.2500000E-02  0.9293176    
   9.625000      1.2500000E-02  0.9545930    
   9.875000      1.2500000E-02  0.9819288    
   10.00000      1.2500000E-02   1.000000    
 
  0.0000000E+00  3.7500001E-02  0.0000000E+00
  0.1250000      3.7500001E-02  9.9303368E-03
  0.3750000      3.7500001E-02  3.1856224E-02
  0.6250000      3.7500001E-02  5.4630142E-02
  0.8750000      3.7500001E-02  7.7962667E-02
   1.125000      3.7500001E-02  0.1017199    
   1.375000      3.7500001E-02  0.1258076    
   1.625000      3.7500001E-02  0.1501494    
   1.875000      3.7500001E-02  0.1746820    
   2.125000      3.7500001E-02  0.1993541    
   2.375000      3.7500001E-02  0.2241250    
   2.625000      3.7500001E-02  0.2489632    
   2.875000      3.7500001E-02  0.2738435    
   3.125000      3.7500001E-02  0.2987466    
   3.375000      3.7500001E-02  0.3236567    
   3.625000      3.7500001E-02  0.3485612    
   3.875000      3.7500001E-02  0.3734496    
   4.125000      3.7500001E-02  0.3983133    
   4.375000      3.7500001E-02  0.4231457    
   4.625000      3.7500001E-02  0.4479410    
   4.875000      3.7500001E-02  0.4726956    
   5.125000      3.7500001E-02  0.4974069    
   5.375000      3.7500001E-02  0.5220737    
   5.625000      3.7500001E-02  0.5466964    
   5.875000      3.7500001E-02  0.5712761    
   6.125000      3.7500001E-02  0.5958148    
   6.375000      3.7500001E-02  0.6203158    
   6.625000      3.7500001E-02  0.6447825    
   6.875000      3.7500001E-02  0.6692188    
   7.125000      3.7500001E-02  0.6936285    
   7.375000      3.7500001E-02  0.7180157    
   7.625000      3.7500001E-02  0.7423838    
   7.875000      3.7500001E-02  0.7667363    
   8.125000      3.7500001E-02  0.7910764    
   8.375000      3.7500001E-02  0.8154070    
   8.625000      3.7500001E-02  0.8397316    
   8.875000      3.7500001E-02  0.8640596    
   9.125000      3.7500001E-02  0.8884276    
   9.375000      3.7500001E-02  0.9130239    
   9.625000      3.7500001E-02  0.9388344    
   9.875000      3.7500001E-02  0.9707749    
   10.00000      3.7500001E-02   1.000000    
 
  0.0000000E+00  6.2500000E-02  0.0000000E+00
  0.1250000      6.2500000E-02  8.3566792E-03
  0.3750000      6.2500000E-02  2.8262291E-02
  0.6250000      6.2500000E-02  4.9561735E-02
  0.8750000      6.2500000E-02  7.1788311E-02
   1.125000      6.2500000E-02  9.4721183E-02
   1.375000      6.2500000E-02  0.1182042    
   1.625000      6.2500000E-02  0.1421098    
   1.875000      6.2500000E-02  0.1663329    
   2.125000      6.2500000E-02  0.1907880    
   2.375000      6.2500000E-02  0.2154075    
   2.625000      6.2500000E-02  0.2401388    
   2.875000      6.2500000E-02  0.2649404    
   3.125000      6.2500000E-02  0.2897799    
   3.375000      6.2500000E-02  0.3146310    
   3.625000      6.2500000E-02  0.3394728    
   3.875000      6.2500000E-02  0.3642880    
   4.125000      6.2500000E-02  0.3890622    
   4.375000      6.2500000E-02  0.4137842    
   4.625000      6.2500000E-02  0.4384447    
   4.875000      6.2500000E-02  0.4630374    
   5.125000      6.2500000E-02  0.4875582    
   5.375000      6.2500000E-02  0.5120049    
   5.625000      6.2500000E-02  0.5363779    
   5.875000      6.2500000E-02  0.5606794    
   6.125000      6.2500000E-02  0.5849127    
   6.375000      6.2500000E-02  0.6090832    
   6.625000      6.2500000E-02  0.6331963    
   6.875000      6.2500000E-02  0.6572588    
   7.125000      6.2500000E-02  0.6812769    
   7.375000      6.2500000E-02  0.7052571    
   7.625000      6.2500000E-02  0.7292057    
   7.875000      6.2500000E-02  0.7531282    
   8.125000      6.2500000E-02  0.7770298    
   8.375000      6.2500000E-02  0.8009157    
   8.625000      6.2500000E-02  0.8247914    
   8.875000      6.2500000E-02  0.8486724    
   9.125000      6.2500000E-02  0.8726183    
   9.375000      6.2500000E-02  0.8969371    
   9.625000      6.2500000E-02  0.9232401    
   9.875000      6.2500000E-02  0.9596130    
   10.00000      6.2500000E-02   1.000000    
 
  0.0000000E+00  8.7500006E-02  0.0000000E+00
  0.1250000      8.7500006E-02  6.9469619E-03
  0.3750000      8.7500006E-02  2.4887694E-02
  0.6250000      8.7500006E-02  4.4733666E-02
  0.8750000      8.7500006E-02  6.5867379E-02
   1.125000      8.7500006E-02  8.7985806E-02
   1.375000      8.7500006E-02  0.1108717    
   1.625000      8.7500006E-02  0.1343474    
   1.875000      8.7500006E-02  0.1582656    
   2.125000      8.7500006E-02  0.1825073    
   2.375000      8.7500006E-02  0.2069783    
   2.625000      8.7500006E-02  0.2316050    
   2.875000      8.7500006E-02  0.2563296    
   3.125000      8.7500006E-02  0.2811069    
   3.375000      8.7500006E-02  0.3059006    
   3.625000      8.7500006E-02  0.3306814    
   3.875000      8.7500006E-02  0.3554248    
   4.125000      8.7500006E-02  0.3801113    
   4.375000      8.7500006E-02  0.4047247    
   4.625000      8.7500006E-02  0.4292525    
   4.875000      8.7500006E-02  0.4536857    
   5.125000      8.7500006E-02  0.4780182    
   5.375000      8.7500006E-02  0.5022474    
   5.625000      8.7500006E-02  0.5263735    
   5.875000      8.7500006E-02  0.5503995    
   6.125000      8.7500006E-02  0.5743302    
   6.375000      8.7500006E-02  0.5981728    
   6.625000      8.7500006E-02  0.6219351    
   6.875000      8.7500006E-02  0.6456263    
   7.125000      8.7500006E-02  0.6692554    
   7.375000      8.7500006E-02  0.6928312    
   7.625000      8.7500006E-02  0.7163627    
   7.875000      8.7500006E-02  0.7398574    
   8.125000      8.7500006E-02  0.7633229    
   8.375000      8.7500006E-02  0.7867659    
   8.625000      8.7500006E-02  0.8101948    
   8.875000      8.7500006E-02  0.8336303    
   9.125000      8.7500006E-02  0.8571538    
   9.375000      8.7500006E-02  0.8811842    
   9.625000      8.7500006E-02  0.9079187    
   9.875000      8.7500006E-02  0.9484780    
   10.00000      8.7500006E-02   1.000000    
 
  0.0000000E+00  0.1125000      0.0000000E+00
  0.1250000      0.1125000      5.7186424E-03
  0.3750000      0.1125000      2.1780545E-02
  0.6250000      0.1125000      4.0209655E-02
  0.8750000      0.1125000      6.0274109E-02
   1.125000      0.1125000      8.1596009E-02
   1.375000      0.1125000      0.1038990    
   1.625000      0.1125000      0.1269556    
   1.875000      0.1125000      0.1505774    
   2.125000      0.1125000      0.1746122    
   2.375000      0.1125000      0.1989395    
   2.625000      0.1125000      0.2234652    
   2.875000      0.1125000      0.2481158    
   3.125000      0.1125000      0.2728335    
   3.375000      0.1125000      0.2975719    
   3.625000      0.1125000      0.3222935    
   3.875000      0.1125000      0.3469674    
   4.125000      0.1125000      0.3715683    
   4.375000      0.1125000      0.3960756    
   4.625000      0.1125000      0.4204732    
   4.875000      0.1125000      0.4447495    
   5.125000      0.1125000      0.4688968    
   5.375000      0.1125000      0.4929116    
   5.625000      0.1125000      0.5167941    
   5.875000      0.1125000      0.5405478    
   6.125000      0.1125000      0.5641794    
   6.375000      0.1125000      0.5876976    
   6.625000      0.1125000      0.6111125    
   6.875000      0.1125000      0.6344358    
   7.125000      0.1125000      0.6576793    
   7.375000      0.1125000      0.6808538    
   7.625000      0.1125000      0.7039713    
   7.875000      0.1125000      0.7270414    
   8.125000      0.1125000      0.7500736    
   8.375000      0.1125000      0.7730768    
   8.625000      0.1125000      0.7960618    
   8.875000      0.1125000      0.8190536    
   9.125000      0.1125000      0.8421546    
   9.375000      0.1125000      0.8658840    
   9.625000      0.1125000      0.8929778    
   9.875000      0.1125000      0.9374285    
   10.00000      0.1125000       1.000000    
 
  0.0000000E+00  0.1375000      0.0000000E+00
  0.1250000      0.1375000      4.6724649E-03
  0.3750000      0.1375000      1.8970463E-02
  0.6250000      0.1375000      3.6037300E-02
  0.8750000      0.1375000      5.5068951E-02
   1.125000      0.1375000      7.5622246E-02
   1.375000      0.1375000      9.7364321E-02
   1.625000      0.1375000      0.1200189    
   1.875000      0.1375000      0.1433574    
   2.125000      0.1375000      0.1671950    
   2.375000      0.1375000      0.1913859    
   2.625000      0.1375000      0.2158162    
   2.875000      0.1375000      0.2403971    
   3.125000      0.1375000      0.2650584    
   3.375000      0.1375000      0.2897443    
   3.625000      0.1375000      0.3144094    
   3.875000      0.1375000      0.3390161    
   4.125000      0.1375000      0.3635339    
   4.375000      0.1375000      0.3879377    
   4.625000      0.1375000      0.4122080    
   4.875000      0.1375000      0.4363303    
   5.125000      0.1375000      0.4602958    
   5.375000      0.1375000      0.4840997    
   5.625000      0.1375000      0.5077421    
   5.875000      0.1375000      0.5312276    
   6.125000      0.1375000      0.5545638    
   6.375000      0.1375000      0.5777616    
   6.625000      0.1375000      0.6008331    
   6.875000      0.1375000      0.6237925    
   7.125000      0.1375000      0.6466542    
   7.375000      0.1375000      0.6694317    
   7.625000      0.1375000      0.6921386    
   7.875000      0.1375000      0.7147878    
   8.125000      0.1375000      0.7373905    
   8.375000      0.1375000      0.7599574    
   8.625000      0.1375000      0.7825017    
   8.875000      0.1375000      0.8050529    
   9.125000      0.1375000      0.8277318    
   9.375000      0.1375000      0.8511470    
   9.625000      0.1375000      0.8785223    
   9.875000      0.1375000      0.9265409    
   10.00000      0.1375000       1.000000    
 
  0.0000000E+00  0.1625000      0.0000000E+00
  0.1250000      0.1625000      3.7984082E-03
  0.3750000      0.1625000      1.6471837E-02
  0.6250000      0.1625000      3.2250129E-02
  0.8750000      0.1625000      5.0300047E-02
   1.125000      0.1625000      7.0124224E-02
   1.375000      0.1625000      9.1336362E-02
   1.625000      0.1625000      0.1136131    
   1.875000      0.1625000      0.1366866    
   2.125000      0.1625000      0.1603408    
   2.375000      0.1625000      0.1844056    
   2.625000      0.1625000      0.2087480    
   2.875000      0.1625000      0.2332648    
   3.125000      0.1625000      0.2578742    
   3.375000      0.1625000      0.2825111    
   3.625000      0.1625000      0.3071227    
   3.875000      0.1625000      0.3316650    
   4.125000      0.1625000      0.3561023    
   4.375000      0.1625000      0.3804054    
   4.625000      0.1625000      0.4045513    
   4.875000      0.1625000      0.4285229    
   5.125000      0.1625000      0.4523098    
   5.375000      0.1625000      0.4759063    
   5.625000      0.1625000      0.4993126    
   5.875000      0.1625000      0.5225338    
   6.125000      0.1625000      0.5455790    
   6.375000      0.1625000      0.5684606    
   6.625000      0.1625000      0.5911931    
   6.875000      0.1625000      0.6137930    
   7.125000      0.1625000      0.6362773    
   7.375000      0.1625000      0.6586620    
   7.625000      0.1625000      0.6809632    
   7.875000      0.1625000      0.7031959    
   8.125000      0.1625000      0.7253732    
   8.375000      0.1625000      0.7475080    
   8.625000      0.1625000      0.7696157    
   8.875000      0.1625000      0.7917299    
   9.125000      0.1625000      0.8139874    
   9.375000      0.1625000      0.8370760    
   9.625000      0.1625000      0.8646537    
   9.875000      0.1625000      0.9159034    
   10.00000      0.1625000       1.000000    
 
  0.0000000E+00  0.1875000      0.0000000E+00
  0.1250000      0.1875000      3.0803611E-03
  0.3750000      0.1875000      1.4287118E-02
  0.6250000      0.1875000      2.8869720E-02
  0.8750000      0.1875000      4.6004735E-02
   1.125000      0.1875000      6.5151989E-02
   1.375000      0.1875000      8.5875355E-02
   1.625000      0.1875000      0.1078061    
   1.875000      0.1875000      0.1306388    
   2.125000      0.1875000      0.1541277    
   2.375000      0.1875000      0.1780796    
   2.625000      0.1875000      0.2023440    
   2.875000      0.1875000      0.2268038    
   3.125000      0.1875000      0.2513667    
   3.375000      0.1875000      0.2759589    
   3.625000      0.1875000      0.3005202    
   3.875000      0.1875000      0.3250011    
   4.125000      0.1875000      0.3493607    
   4.375000      0.1875000      0.3735659    
   4.625000      0.1875000      0.3975902    
   4.875000      0.1875000      0.4214143    
   5.125000      0.1875000      0.4450258    
   5.375000      0.1875000      0.4684185    
   5.625000      0.1875000      0.4915926    
   5.875000      0.1875000      0.5145537    
   6.125000      0.1875000      0.5373120    
   6.375000      0.1875000      0.5598819    
   6.625000      0.1875000      0.5822800    
   6.875000      0.1875000      0.6045253    
   7.125000      0.1875000      0.6266369    
   7.375000      0.1875000      0.6486338    
   7.625000      0.1875000      0.6705340    
   7.875000      0.1875000      0.6923550    
   8.125000      0.1875000      0.7141120    
   8.375000      0.1875000      0.7358195    
   8.625000      0.1875000      0.7574952    
   8.875000      0.1875000      0.7791768    
   9.125000      0.1875000      0.8010148    
   9.375000      0.1875000      0.8237653    
   9.625000      0.1875000      0.8514689    
   9.875000      0.1875000      0.9056107    
   10.00000      0.1875000       1.000000    
 
  0.0000000E+00  0.2125000      0.0000000E+00
  0.1250000      0.2125000      2.4995625E-03
  0.3750000      0.2125000      1.2410098E-02
  0.6250000      0.2125000      2.5908118E-02
  0.8750000      0.2125000      4.2211436E-02
   1.125000      0.2125000      6.0747512E-02
   1.375000      0.2125000      8.1033923E-02
   1.625000      0.2125000      0.1026587    
   1.875000      0.2125000      0.1252809    
   2.125000      0.2125000      0.1486270    
   2.375000      0.2125000      0.1724826    
   2.625000      0.2125000      0.1966810    
   2.875000      0.2125000      0.2210926    
   3.125000      0.2125000      0.2456154    
   3.375000      0.2125000      0.2701675    
   3.625000      0.2125000      0.2946825    
   3.875000      0.2125000      0.3191050    
   4.125000      0.2125000      0.3433896    
   4.375000      0.2125000      0.3674995    
   4.625000      0.2125000      0.3914048    
   4.875000      0.2125000      0.4150842    
   5.125000      0.2125000      0.4385235    
   5.375000      0.2125000      0.4617159    
   5.625000      0.2125000      0.4846614    
   5.875000      0.2125000      0.5073663    
   6.125000      0.2125000      0.5298421    
   6.375000      0.2125000      0.5521049    
   6.625000      0.2125000      0.5741735    
   6.875000      0.2125000      0.5960691    
   7.125000      0.2125000      0.6178132    
   7.375000      0.2125000      0.6394273    
   7.625000      0.2125000      0.6609319    
   7.875000      0.2125000      0.6823466    
   8.125000      0.2125000      0.7036884    
   8.375000      0.2125000      0.7249742    
   8.625000      0.2125000      0.7462232    
   8.875000      0.2125000      0.7674770    
   9.125000      0.2125000      0.7888982    
   9.375000      0.2125000      0.8113013    
   9.625000      0.2125000      0.8390594    
   9.875000      0.2125000      0.8957598    
   10.00000      0.2125000       1.000000    
 
  0.0000000E+00  0.2375000      0.0000000E+00
  0.1250000      0.2375000      2.0369645E-03
  0.3750000      0.2375000      1.0828903E-02
  0.6250000      0.2375000      2.3370249E-02
  0.8750000      0.2375000      3.8941521E-02
   1.125000      0.2375000      5.6946035E-02
   1.375000      0.2375000      7.6858349E-02
   1.625000      0.2375000      9.8225690E-02
   1.875000      0.2375000      0.1206739    
   2.125000      0.2375000      0.1439043    
   2.375000      0.2375000      0.1676833    
   2.625000      0.2375000      0.1918300    
   2.875000      0.2375000      0.2162038    
   3.125000      0.2375000      0.2406938    
   3.375000      0.2375000      0.2652113    
   3.625000      0.2375000      0.2896838    
   3.875000      0.2375000      0.3140510    
   4.125000      0.2375000      0.3382634    
   4.375000      0.2375000      0.3622802    
   4.625000      0.2375000      0.3860691    
   4.875000      0.2375000      0.4096061    
   5.125000      0.2375000      0.4328760    
   5.375000      0.2375000      0.4558711    
   5.625000      0.2375000      0.4785915    
   5.875000      0.2375000      0.5010440    
   6.125000      0.2375000      0.5232415    
   6.375000      0.2375000      0.5452017    
   6.625000      0.2375000      0.5669455    
   6.875000      0.2375000      0.5884964    
   7.125000      0.2375000      0.6098784    
   7.375000      0.2375000      0.6311152    
   7.625000      0.2375000      0.6522298    
   7.875000      0.2375000      0.6732438    
   8.125000      0.2375000      0.6941763    
   8.375000      0.2375000      0.7150462    
   8.625000      0.2375000      0.7358746    
   8.875000      0.2375000      0.7567062    
   9.125000      0.2375000      0.7777142    
   9.375000      0.2375000      0.7997628    
   9.625000      0.2375000      0.8275106    
   9.875000      0.2375000      0.8864468    
   10.00000      0.2375000       1.000000    
 
  0.0000000E+00  0.2625000      0.0000000E+00
  0.1250000      0.2625000      1.6747394E-03
  0.3750000      0.2625000      9.5286565E-03
  0.6250000      0.2625000      2.1256337E-02
  0.8750000      0.2625000      3.6211304E-02
   1.125000      0.2625000      5.3777743E-02
   1.375000      0.2625000      7.3389739E-02
   1.625000      0.2625000      9.4556339E-02
   1.875000      0.2625000      0.1168733    
   2.125000      0.2625000      0.1400194    
   2.375000      0.2625000      0.1637446    
   2.625000      0.2625000      0.1878560    
   2.875000      0.2625000      0.2122035    
   3.125000      0.2625000      0.2366690    
   3.375000      0.2625000      0.2611577    
   3.625000      0.2625000      0.2855920    
   3.875000      0.2625000      0.3099071    
   4.125000      0.2625000      0.3340495    
   4.375000      0.2625000      0.3579754    
   4.625000      0.2625000      0.3816497    
   4.875000      0.2625000      0.4050466    
   5.125000      0.2625000      0.4281493    
   5.375000      0.2625000      0.4509498    
   5.625000      0.2625000      0.4734480    
   5.875000      0.2625000      0.4956516    
   6.125000      0.2625000      0.5175747    
   6.375000      0.2625000      0.5392367    
   6.625000      0.2625000      0.5606604    
   6.875000      0.2625000      0.5818717    
   7.125000      0.2625000      0.6028969    
   7.375000      0.2625000      0.6237621    
   7.625000      0.2625000      0.6444926    
   7.875000      0.2625000      0.6651122    
   8.125000      0.2625000      0.6856418    
   8.375000      0.2625000      0.7061021    
   8.625000      0.2625000      0.7265162    
   8.875000      0.2625000      0.7469320    
   9.125000      0.2625000      0.7675317    
   9.375000      0.2625000      0.7892208    
   9.625000      0.2625000      0.8169015    
   9.875000      0.2625000      0.8777646    
   10.00000      0.2625000       1.000000    
 
  0.0000000E+00  0.2875000      0.0000000E+00
  0.1250000      0.2875000      1.3971594E-03
  0.3750000      0.2875000      8.4937727E-03
  0.6250000      0.2875000      1.9564256E-02
  0.8750000      0.2875000      3.4034077E-02
   1.125000      0.2875000      5.1269297E-02
   1.375000      0.2875000      7.0665255E-02
   1.625000      0.2875000      9.1695674E-02
   1.875000      0.2875000      0.1139296    
   2.125000      0.2875000      0.1370268    
   2.375000      0.2875000      0.1607239    
   2.625000      0.2875000      0.1848182    
   2.875000      0.2875000      0.2091524    
   3.125000      0.2875000      0.2336024    
   3.375000      0.2875000      0.2580685    
   3.625000      0.2875000      0.2824688    
   3.875000      0.2875000      0.3067347    
   4.125000      0.2875000      0.3308093    
   4.375000      0.2875000      0.3546459    
   4.625000      0.2875000      0.3782071    
   4.875000      0.2875000      0.4014654    
   5.125000      0.2875000      0.4244027    
   5.375000      0.2875000      0.4470106    
   5.625000      0.2875000      0.4692892    
   5.875000      0.2875000      0.4912469    
   6.125000      0.2875000      0.5128992    
   6.375000      0.2875000      0.5342669    
   6.625000      0.2875000      0.5553752    
   6.875000      0.2875000      0.5762520    
   7.125000      0.2875000      0.5969259    
   7.375000      0.2875000      0.6174254    
   7.625000      0.2875000      0.6377780    
   7.875000      0.2875000      0.6580095    
   8.125000      0.2875000      0.6781429    
   8.375000      0.2875000      0.6982004    
   8.625000      0.2875000      0.7182073    
   8.875000      0.2875000      0.7382141    
   9.125000      0.2875000      0.7584113    
   9.375000      0.2875000      0.7797388    
   9.625000      0.2875000      0.8073035    
   9.875000      0.2875000      0.8698001    
   10.00000      0.2875000       1.000000    
 
  0.0000000E+00  0.3125000      0.0000000E+00
  0.1250000      0.3125000      1.1910368E-03
  0.3750000      0.3125000      7.7098957E-03
  0.6250000      0.3125000      1.8291747E-02
  0.8750000      0.3125000      3.2422077E-02
   1.125000      0.3125000      4.9445510E-02
   1.375000      0.3125000      6.8719402E-02
   1.625000      0.3125000      8.9685261E-02
   1.875000      0.3125000      0.1118894    
   2.125000      0.3125000      0.1349766    
   2.375000      0.3125000      0.1586736    
   2.625000      0.3125000      0.1827707    
   2.875000      0.3125000      0.2071054    
   3.125000      0.3125000      0.2315495    
   3.375000      0.3125000      0.2559994    
   3.625000      0.3125000      0.2803698    
   3.875000      0.3125000      0.3045891    
   4.125000      0.3125000      0.3285977    
   4.375000      0.3125000      0.3523461    
   4.625000      0.3125000      0.3757952    
   4.875000      0.3125000      0.3989157    
   5.125000      0.3125000      0.4216889    
   5.375000      0.3125000      0.4441057    
   5.625000      0.3125000      0.4661668    
   5.875000      0.3125000      0.4878812    
   6.125000      0.3125000      0.5092657    
   6.375000      0.3125000      0.5303431    
   6.625000      0.3125000      0.5511402    
   6.875000      0.3125000      0.5716875    
   7.125000      0.3125000      0.5920157    
   7.375000      0.3125000      0.6121554    
   7.625000      0.3125000      0.6321366    
   7.875000      0.3125000      0.6519867    
   8.125000      0.3125000      0.6717309    
   8.375000      0.3125000      0.6913928    
   8.625000      0.3125000      0.7110000    
   8.875000      0.3125000      0.7306055    
   9.125000      0.3125000      0.7504070    
   9.375000      0.3125000      0.7713733    
   9.625000      0.3125000      0.7987814    
   9.875000      0.3125000      0.8626331    
   10.00000      0.3125000       1.000000    
 
  0.0000000E+00  0.3375000      0.0000000E+00
  0.1250000      0.3375000      1.0459023E-03
  0.3750000      0.3375000      7.1655051E-03
  0.6250000      0.3375000      1.7438479E-02
  0.8750000      0.3375000      3.1388402E-02
   1.125000      0.3375000      4.8330911E-02
   1.375000      0.3375000      6.7585230E-02
   1.625000      0.3375000      8.8564143E-02
   1.875000      0.3375000      0.1107959    
   2.125000      0.3375000      0.1339148    
   2.375000      0.3375000      0.1576415    
   2.625000      0.3375000      0.1817624    
   2.875000      0.3375000      0.2061121    
   3.125000      0.3375000      0.2305601    
   3.375000      0.3375000      0.2550002    
   3.625000      0.3375000      0.2793448    
   3.875000      0.3375000      0.3035200    
   4.125000      0.3375000      0.3274637    
   4.375000      0.3375000      0.3511246    
   4.625000      0.3375000      0.3744618    
   4.875000      0.3375000      0.3974450    
   5.125000      0.3375000      0.4200544    
   5.375000      0.3375000      0.4422811    
   5.625000      0.3375000      0.4641261    
   5.875000      0.3375000      0.4855992    
   6.125000      0.3375000      0.5067189    
   6.375000      0.3375000      0.5275093    
   6.625000      0.3375000      0.5479997    
   6.875000      0.3375000      0.5682222    
   7.125000      0.3375000      0.5882101    
   7.375000      0.3375000      0.6079962    
   7.625000      0.3375000      0.6276124    
   7.875000      0.3375000      0.6470883    
   8.125000      0.3375000      0.6664506    
   8.375000      0.3375000      0.6857248    
   8.625000      0.3375000      0.7049400    
   8.875000      0.3375000      0.7241524    
   9.125000      0.3375000      0.7435663    
   9.375000      0.3375000      0.7641742    
   9.625000      0.3375000      0.7913928    
   9.875000      0.3375000      0.8563363    
   10.00000      0.3375000       1.000000    
 
  0.0000000E+00  0.3625000      0.0000000E+00
  0.1250000      0.3625000      9.5403410E-04
  0.3750000      0.3625000      6.8532540E-03
  0.6250000      0.3625000      1.7007874E-02
  0.8750000      0.3625000      3.0948725E-02
   1.125000      0.3625000      4.7951065E-02
   1.375000      0.3625000      6.7295320E-02
   1.625000      0.3625000      8.8369519E-02
   1.875000      0.3625000      0.1106893    
   2.125000      0.3625000      0.1338834    
   2.375000      0.3625000      0.1576707    
   2.625000      0.3625000      0.1818371    
   2.875000      0.3625000      0.2062168    
   3.125000      0.3625000      0.2306784    
   3.375000      0.3625000      0.2551151    
   3.625000      0.3625000      0.2794376    
   3.875000      0.3625000      0.3035706    
   4.125000      0.3625000      0.3274501    
   4.375000      0.3625000      0.3510235    
   4.625000      0.3625000      0.3742485    
   4.875000      0.3625000      0.3970939    
   5.125000      0.3625000      0.4195395    
   5.375000      0.3625000      0.4415764    
   5.625000      0.3625000      0.4632061    
   5.875000      0.3625000      0.4844396    
   6.125000      0.3625000      0.5052966    
   6.375000      0.3625000      0.5258033    
   6.625000      0.3625000      0.5459908    
   6.875000      0.3625000      0.5658934    
   7.125000      0.3625000      0.5855465    
   7.375000      0.3625000      0.6049851    
   7.625000      0.3625000      0.6242432    
   7.875000      0.3625000      0.6433521    
   8.125000      0.3625000      0.6623402    
   8.375000      0.3625000      0.6812348    
   8.625000      0.3625000      0.7000666    
   8.875000      0.3625000      0.7188948    
   9.125000      0.3625000      0.7379297    
   9.375000      0.3625000      0.7581847    
   9.625000      0.3625000      0.7851883    
   9.875000      0.3625000      0.8509741    
   10.00000      0.3625000       1.000000    
 
  0.0000000E+00  0.3875000      0.0000000E+00
  0.1250000      0.3875000      9.1044419E-04
  0.3750000      0.3875000      6.7711161E-03
  0.6250000      0.3875000      1.7008787E-02
  0.8750000      0.3875000      3.1122865E-02
   1.125000      0.3875000      4.8333883E-02
   1.375000      0.3875000      6.7882672E-02
   1.625000      0.3875000      8.9137420E-02
   1.875000      0.3875000      0.1116072    
   2.125000      0.3875000      0.1349210    
   2.375000      0.3875000      0.1588002    
   2.625000      0.3875000      0.1830337    
   2.875000      0.3875000      0.2074580    
   3.125000      0.3875000      0.2319430    
   3.375000      0.3875000      0.2563821    
   3.625000      0.3875000      0.2806859    
   3.875000      0.3875000      0.3047780    
   4.125000      0.3875000      0.3285935    
   4.375000      0.3875000      0.3520787    
   4.625000      0.3875000      0.3751905    
   4.875000      0.3875000      0.3978972    
   5.125000      0.3875000      0.4201780    
   5.375000      0.3875000      0.4420248    
   5.625000      0.3875000      0.4634395    
   5.875000      0.3875000      0.4844345    
   6.125000      0.3875000      0.5050309    
   6.375000      0.3875000      0.5252567    
   6.625000      0.3875000      0.5451451    
   6.875000      0.3875000      0.5647325    
   7.125000      0.3875000      0.5840563    
   7.375000      0.3875000      0.6031537    
   7.625000      0.3875000      0.6220606    
   7.875000      0.3875000      0.6408100    
   8.125000      0.3875000      0.6594321    
   8.375000      0.3875000      0.6779555    
   8.625000      0.3875000      0.6964129    
   8.875000      0.3875000      0.7148660    
   9.125000      0.3875000      0.7335320    
   9.375000      0.3875000      0.7534417    
   9.625000      0.3875000      0.7802115    
   9.875000      0.3875000      0.8466023    
   10.00000      0.3875000       1.000000    
 
  0.0000000E+00  0.4125000      0.0000000E+00
  0.1250000      0.4125000      9.1289333E-04
  0.3750000      0.4125000      6.9234176E-03
  0.6250000      0.4125000      1.7456941E-02
  0.8750000      0.4125000      3.1936128E-02
   1.125000      0.4125000      4.9510557E-02
   1.375000      0.4125000      6.9381446E-02
   1.625000      0.4125000      9.0903103E-02
   1.875000      0.4125000      0.1135850    
   2.125000      0.4125000      0.1370625    
   2.375000      0.4125000      0.1610646    
   2.625000      0.4125000      0.1853864    
   2.875000      0.4125000      0.2098695    
   3.125000      0.4125000      0.2343869    
   3.375000      0.4125000      0.2588338    
   3.625000      0.4125000      0.2831213    
   3.875000      0.4125000      0.3071733    
   4.125000      0.4125000      0.3309243    
   4.375000      0.4125000      0.3543201    
   4.625000      0.4125000      0.3773170    
   4.875000      0.4125000      0.3998830    
   5.125000      0.4125000      0.4219978    
   5.375000      0.4125000      0.4436534    
   5.625000      0.4125000      0.4648529    
   5.875000      0.4125000      0.4856100    
   6.125000      0.4125000      0.5059474    
   6.375000      0.4125000      0.5258948    
   6.625000      0.4125000      0.5454877    
   6.875000      0.4125000      0.5647644    
   7.125000      0.4125000      0.5837646    
   7.375000      0.4125000      0.6025271    
   7.625000      0.4125000      0.6210899    
   7.875000      0.4125000      0.6394876    
   8.125000      0.4125000      0.6577520    
   8.375000      0.4125000      0.6759133    
   8.625000      0.4125000      0.6940055    
   8.875000      0.4125000      0.7120939    
   9.125000      0.4125000      0.7304015    
   9.375000      0.4125000      0.7499759    
   9.625000      0.4125000      0.7764989    
   9.875000      0.4125000      0.8432681    
   10.00000      0.4125000       1.000000    
 
  0.0000000E+00  0.4375000      0.0000000E+00
  0.1250000      0.4375000      9.6199068E-04
  0.3750000      0.4375000      7.3218266E-03
  0.6250000      0.4375000      1.8376237E-02
  0.8750000      0.4375000      3.3420358E-02
   1.125000      0.4375000      5.1516373E-02
   1.375000      0.4375000      7.1827419E-02
   1.625000      0.4375000      9.3701445E-02
   1.875000      0.4375000      0.1166563    
   2.125000      0.4375000      0.1403402    
   2.375000      0.4375000      0.1644945    
   2.625000      0.4375000      0.1889247    
   2.875000      0.4375000      0.2134797    
   3.125000      0.4375000      0.2380376    
   3.375000      0.4375000      0.2624969    
   3.625000      0.4375000      0.2867701    
   3.875000      0.4375000      0.3107820    
   4.125000      0.4375000      0.3344673    
   4.375000      0.4375000      0.3577716    
   4.625000      0.4375000      0.3806512    
   4.875000      0.4375000      0.4030743    
   5.125000      0.4375000      0.4250210    
   5.375000      0.4375000      0.4464839    
   5.625000      0.4375000      0.4674676    
   5.875000      0.4375000      0.4879870    
   6.125000      0.4375000      0.5080666    
   6.375000      0.4375000      0.5277381    
   6.625000      0.4375000      0.5470390    
   6.875000      0.4375000      0.5660095    
   7.125000      0.4375000      0.5846915    
   7.375000      0.4375000      0.6031258    
   7.625000      0.4375000      0.6213518    
   7.875000      0.4375000      0.6394060    
   8.125000      0.4375000      0.6573215    
   8.375000      0.4375000      0.6751298    
   8.625000      0.4375000      0.6928669    
   8.875000      0.4375000      0.7106011    
   9.125000      0.4375000      0.7285620    
   9.375000      0.4375000      0.7478129    
   9.625000      0.4375000      0.7740817    
   9.875000      0.4375000      0.8410110    
   10.00000      0.4375000       1.000000    
 
  0.0000000E+00  0.4625000      0.0000000E+00
  0.1250000      0.4625000      1.0614272E-03
  0.3750000      0.4625000      7.9863295E-03
  0.6250000      0.4625000      1.9799776E-02
  0.8750000      0.4625000      3.5614666E-02
   1.125000      0.4625000      5.4391019E-02
   1.375000      0.4625000      7.5258113E-02
   1.625000      0.4625000      9.7566806E-02
   1.875000      0.4625000      0.1208522    
   2.125000      0.4625000      0.1447824    
   2.375000      0.4625000      0.1691163    
   2.625000      0.4625000      0.1936732    
   2.875000      0.4625000      0.2183117    
   3.125000      0.4625000      0.2429172    
   3.375000      0.4625000      0.2673923    
   3.625000      0.4625000      0.2916523    
   3.875000      0.4625000      0.3156234    
   4.125000      0.4625000      0.3392410    
   4.375000      0.4625000      0.3624511    
   4.625000      0.4625000      0.3852105    
   4.875000      0.4625000      0.4074878    
   5.125000      0.4625000      0.4292637    
   5.375000      0.4625000      0.4505321    
   5.625000      0.4625000      0.4712988    
   5.875000      0.4625000      0.4915805    
   6.125000      0.4625000      0.5114033    
   6.375000      0.4625000      0.5308011    
   6.625000      0.4625000      0.5498134    
   6.875000      0.4625000      0.5684824    
   7.125000      0.4625000      0.5868518    
   7.375000      0.4625000      0.6049645    
   7.625000      0.4625000      0.6228614    
   7.875000      0.4625000      0.6405805    
   8.125000      0.4625000      0.6581562    
   8.375000      0.4625000      0.6756213    
   8.625000      0.4625000      0.6930136    
   8.875000      0.4625000      0.7104049    
   9.125000      0.4625000      0.7280317    
   9.375000      0.4625000      0.7469730    
   9.625000      0.4625000      0.7729844    
   9.875000      0.4625000      0.8398615    
   10.00000      0.4625000       1.000000    
 
  0.0000000E+00  0.4875000      0.0000000E+00
  0.1250000      0.4875000      1.2183905E-03
  0.3750000      0.4875000      8.9462651E-03
  0.6250000      0.4875000      2.1770716E-02
  0.8750000      0.4875000      3.8565818E-02
   1.125000      0.4875000      5.8178667E-02
   1.375000      0.4875000      7.9712585E-02
   1.625000      0.4875000      0.1025329    
   1.875000      0.4875000      0.1262018    
   2.125000      0.4875000      0.1504144    
   2.375000      0.4875000      0.1749521    
   2.625000      0.4875000      0.1996514    
   2.875000      0.4875000      0.2243835    
   3.125000      0.4875000      0.2490420    
   3.375000      0.4875000      0.2735353    
   3.625000      0.4875000      0.2977821    
   3.875000      0.4875000      0.3217108    
   4.125000      0.4875000      0.3452581    
   4.375000      0.4875000      0.3683707    
   4.625000      0.4875000      0.3910064    
   4.875000      0.4875000      0.4131343    
   5.125000      0.4875000      0.4347365    
   5.375000      0.4875000      0.4558082    
   5.625000      0.4875000      0.4763566    
   5.875000      0.4875000      0.4964001    
   6.125000      0.4875000      0.5159671    
   6.375000      0.4875000      0.5350934    
   6.625000      0.4875000      0.5538206    
   6.875000      0.4875000      0.5721927    
   7.125000      0.4875000      0.5902554    
   7.375000      0.4875000      0.6080535    
   7.625000      0.4875000      0.6256292    
   7.875000      0.4875000      0.6430220    
   8.125000      0.4875000      0.6602672    
   8.375000      0.4875000      0.6773995    
   8.625000      0.4875000      0.6944578    
   8.875000      0.4875000      0.7115180    
   9.125000      0.4875000      0.7288244    
   9.375000      0.4875000      0.7474717    
   9.625000      0.4875000      0.7732263    
   9.875000      0.4875000      0.8398423    
   10.00000      0.4875000       1.000000    
 
  0.0000000E+00  0.5125000      0.0000000E+00
  0.1250000      0.5125000      1.4442079E-03
  0.3750000      0.5125000      1.0241404E-02
  0.6250000      0.5125000      2.4342835E-02
  0.8750000      0.5125000      4.2328198E-02
   1.125000      0.5125000      6.2927499E-02
   1.375000      0.5125000      8.5230984E-02
   1.625000      0.5125000      0.1086323    
   1.875000      0.5125000      0.1327312    
   2.125000      0.5125000      0.1572571    
   2.375000      0.5125000      0.1820191    
   2.625000      0.5125000      0.2068738    
   2.875000      0.5125000      0.2317071    
   3.125000      0.5125000      0.2564225    
   3.375000      0.5125000      0.2809350    
   3.625000      0.5125000      0.3051677    
   3.875000      0.5125000      0.3290515    
   4.125000      0.5125000      0.3525251    
   4.375000      0.5125000      0.3755365    
   4.625000      0.5125000      0.3980443    
   4.875000      0.5125000      0.4200191    
   5.125000      0.5125000      0.4414443    
   5.375000      0.5125000      0.4623167    
   5.625000      0.5125000      0.4826451    
   5.875000      0.5125000      0.5024502    
   6.125000      0.5125000      0.5217623    
   6.375000      0.5125000      0.5406194    
   6.625000      0.5125000      0.5590649    
   6.875000      0.5125000      0.5771450    
   7.125000      0.5125000      0.5949073    
   7.375000      0.5125000      0.6123979    
   7.625000      0.5125000      0.6296607    
   7.875000      0.5125000      0.6467363    
   8.125000      0.5125000      0.6636611    
   8.375000      0.5125000      0.6804709    
   8.625000      0.5125000      0.6972067    
   8.875000      0.5125000      0.7139481    
   9.125000      0.5125000      0.7309487    
   9.375000      0.5125000      0.7493192    
   9.625000      0.5125000      0.7748208    
   9.875000      0.5125000      0.8409688    
   10.00000      0.5125000       1.000000    
 
  0.0000000E+00  0.5375000      0.0000000E+00
  0.1250000      0.5375000      1.7552703E-03
  0.3750000      0.5375000      1.1923107E-02
  0.6250000      0.5375000      2.7580824E-02
  0.8750000      0.5375000      4.6963327E-02
   1.125000      0.5375000      6.8689033E-02
   1.375000      0.5375000      9.1853723E-02
   1.625000      0.5375000      0.1158955    
   1.875000      0.5375000      0.1404631    
   2.125000      0.5375000      0.1653277    
   2.375000      0.5375000      0.1903297    
   2.625000      0.5375000      0.2153495    
   2.875000      0.5375000      0.2402892    
   3.125000      0.5375000      0.2650635    
   3.375000      0.5375000      0.2895949    
   3.625000      0.5375000      0.3138115    
   3.875000      0.5375000      0.3376471    
   4.125000      0.5375000      0.3610430    
   4.375000      0.5375000      0.3839486    
   4.625000      0.5375000      0.4063241    
   4.875000      0.5375000      0.4281418    
   5.125000      0.5375000      0.4493866    
   5.375000      0.5375000      0.4700569    
   5.625000      0.5375000      0.4901638    
   5.875000      0.5375000      0.5097302    
   6.125000      0.5375000      0.5287884    
   6.375000      0.5375000      0.5473785    
   6.625000      0.5375000      0.5655464    
   6.875000      0.5375000      0.5833398    
   7.125000      0.5375000      0.6008080    
   7.375000      0.5375000      0.6179987    
   7.625000      0.5375000      0.6349573    
   7.875000      0.5375000      0.6517251    
   8.125000      0.5375000      0.6683398    
   8.375000      0.5375000      0.6848385    
   8.625000      0.5375000      0.7012637    
   8.875000      0.5375000      0.7176992    
   9.125000      0.5375000      0.7344093    
   9.375000      0.5375000      0.7525219    
   9.625000      0.5375000      0.7777768    
   9.875000      0.5375000      0.8432490    
   10.00000      0.5375000       1.000000    
 
  0.0000000E+00  0.5625000      0.0000000E+00
  0.1250000      0.5625000      2.1743025E-03
  0.3750000      0.5625000      1.4055473E-02
  0.6250000      0.5625000      3.1560134E-02
  0.8750000      0.5625000      5.2538916E-02
   1.125000      0.5625000      7.5516835E-02
   1.375000      0.5625000      9.9620342E-02
   1.625000      0.5625000      0.1243506    
   1.875000      0.5625000      0.1494167    
   2.125000      0.5625000      0.1746380    
   2.375000      0.5625000      0.1998912    
   2.625000      0.5625000      0.2250821    
   2.875000      0.5625000      0.2501307    
   3.125000      0.5625000      0.2749639    
   3.375000      0.5625000      0.2995125    
   3.625000      0.5625000      0.3237097    
   3.875000      0.5625000      0.3474932    
   4.125000      0.5625000      0.3708068    
   4.375000      0.5625000      0.3936019    
   4.625000      0.5625000      0.4158405    
   4.875000      0.5625000      0.4374967    
   5.125000      0.5625000      0.4585575    
   5.375000      0.5625000      0.4790232    
   5.625000      0.5625000      0.4989073    
   5.875000      0.5625000      0.5182347    
   6.125000      0.5625000      0.5370404    
   6.375000      0.5625000      0.5553665    
   6.625000      0.5625000      0.5732607    
   6.875000      0.5625000      0.5907729    
   7.125000      0.5625000      0.6079540    
   7.375000      0.5625000      0.6248530    
   7.625000      0.5625000      0.6415163    
   7.875000      0.5625000      0.6579865    
   8.125000      0.5625000      0.6743021    
   8.375000      0.5625000      0.6905010    
   8.625000      0.5625000      0.7066280    
   8.875000      0.5625000      0.7227715    
   9.125000      0.5625000      0.7392073    
   9.375000      0.5625000      0.7570822    
   9.625000      0.5625000      0.7820985    
   9.875000      0.5625000      0.8466845    
   10.00000      0.5625000       1.000000    
 
  0.0000000E+00  0.5875000      0.0000000E+00
  0.1250000      0.5875000      2.7320453E-03
  0.3750000      0.5875000      1.6716402E-02
  0.6250000      0.5875000      3.6366351E-02
  0.8750000      0.5875000      5.9127301E-02
   1.125000      0.5875000      8.3464809E-02
   1.375000      0.5875000      0.1085680    
   1.625000      0.5875000      0.1340214    
   1.875000      0.5875000      0.1596056    
   2.125000      0.5875000      0.1851947    
   2.375000      0.5875000      0.2107047    
   2.625000      0.5875000      0.2360688    
   2.875000      0.5875000      0.2612261    
   3.125000      0.5875000      0.2861164    
   3.375000      0.5875000      0.3106788    
   3.625000      0.5875000      0.3348525    
   3.875000      0.5875000      0.3585793    
   4.125000      0.5875000      0.3818055    
   4.375000      0.5875000      0.4044850    
   4.625000      0.5875000      0.4265820    
   4.875000      0.5875000      0.4480725    
   5.125000      0.5875000      0.4689459    
   5.375000      0.5875000      0.4892047    
   5.625000      0.5875000      0.5088648    
   5.875000      0.5875000      0.5279537    
   6.125000      0.5875000      0.5465085    
   6.375000      0.5875000      0.5645736    
   6.625000      0.5875000      0.5821989    
   6.875000      0.5875000      0.5994360    
   7.125000      0.5875000      0.6163372    
   7.375000      0.5875000      0.6329531    
   7.625000      0.5875000      0.6493310    
   7.875000      0.5875000      0.6655142    
   8.125000      0.5875000      0.6815419    
   8.375000      0.5875000      0.6974532    
   8.625000      0.5875000      0.7132949    
   8.875000      0.5875000      0.7291606    
   9.125000      0.5875000      0.7453391    
   9.375000      0.5875000      0.7629980    
   9.625000      0.5875000      0.7877853    
   9.875000      0.5875000      0.8512699    
   10.00000      0.5875000       1.000000    
 
  0.0000000E+00  0.6125000      0.0000000E+00
  0.1250000      0.6125000      3.4694278E-03
  0.3750000      0.6125000      1.9998519E-02
  0.6250000      0.6125000      4.2093981E-02
  0.8750000      0.6125000      6.6803388E-02
   1.125000      0.6125000      9.2585333E-02
   1.375000      0.6125000      0.1187301    
   1.625000      0.6125000      0.1449266    
   1.875000      0.6125000      0.1710382    
   2.125000      0.6125000      0.1969985    
   2.375000      0.6125000      0.2227654    
   2.625000      0.6125000      0.2483010    
   2.875000      0.6125000      0.2735640    
   3.125000      0.6125000      0.2985075    
   3.375000      0.6125000      0.3230792    
   3.625000      0.6125000      0.3472245    
   3.875000      0.6125000      0.3708891    
   4.125000      0.6125000      0.3940227    
   4.375000      0.6125000      0.4165815    
   4.625000      0.6125000      0.4385322    
   4.875000      0.6125000      0.4598530    
   5.125000      0.6125000      0.4805359    
   5.375000      0.6125000      0.5005860    
   5.625000      0.6125000      0.5200214    
   5.875000      0.6125000      0.5388725    
   6.125000      0.6125000      0.5571789    
   6.375000      0.6125000      0.5749870    
   6.625000      0.6125000      0.5923487    
   6.875000      0.6125000      0.6093174    
   7.125000      0.6125000      0.6259469    
   7.375000      0.6125000      0.6422887    
   7.625000      0.6125000      0.6583914    
   7.875000      0.6125000      0.6742986    
   8.125000      0.6125000      0.6900505    
   8.375000      0.6125000      0.7056869    
   8.625000      0.6125000      0.7212568    
   8.875000      0.6125000      0.7368596    
   9.125000      0.6125000      0.7527989    
   9.375000      0.6125000      0.7702645    
   9.625000      0.6125000      0.7948330    
   9.875000      0.6125000      0.8569945    
   10.00000      0.6125000       1.000000    
 
  0.0000000E+00  0.6375000      0.0000000E+00
  0.1250000      0.6375000      4.4402909E-03
  0.3750000      0.6375000      2.4009617E-02
  0.6250000      0.6375000      4.8844427E-02
  0.8750000      0.6375000      7.5641945E-02
   1.125000      0.6375000      0.1029267    
   1.375000      0.6375000      0.1301339    
   1.625000      0.6375000      0.1570784    
   1.875000      0.6375000      0.1837155    
   2.125000      0.6375000      0.2100427    
   2.375000      0.6375000      0.2360613    
   2.625000      0.6375000      0.2617630    
   2.875000      0.6375000      0.2871260    
   3.125000      0.6375000      0.3121169    
   3.375000      0.6375000      0.3366922    
   3.625000      0.6375000      0.3608033    
   3.875000      0.6375000      0.3844002    
   4.125000      0.6375000      0.4074356    
   4.375000      0.6375000      0.4298687    
   4.625000      0.6375000      0.4516687    
   4.875000      0.6375000      0.4728164    
   5.125000      0.6375000      0.4933063    
   5.375000      0.6375000      0.5131463    
   5.625000      0.6375000      0.5323573    
   5.875000      0.6375000      0.5509723    
   6.125000      0.6375000      0.5690331    
   6.375000      0.6375000      0.5865889    
   6.625000      0.6375000      0.6036929    
   6.875000      0.6375000      0.6204008    
   7.125000      0.6375000      0.6367672    
   7.375000      0.6375000      0.6528450    
   7.625000      0.6375000      0.6686832    
   7.875000      0.6375000      0.6843263    
   8.125000      0.6375000      0.6998149    
   8.375000      0.6375000      0.7151896    
   8.625000      0.6375000      0.7305017    
   8.875000      0.6375000      0.7458571    
   9.125000      0.6375000      0.7615758    
   9.375000      0.6375000      0.7788720    
   9.625000      0.6375000      0.8032325    
   9.875000      0.6375000      0.8638417    
   10.00000      0.6375000       1.000000    
 
  0.0000000E+00  0.6625000      0.0000000E+00
  0.1250000      0.6625000      5.7147201E-03
  0.3750000      0.6625000      2.8872572E-02
  0.6250000      0.6625000      5.6723200E-02
  0.8750000      0.6625000      8.5714497E-02
   1.125000      0.6625000      0.1145305    
   1.375000      0.6625000      0.1427992    
   1.625000      0.6625000      0.1704811    
   1.875000      0.6625000      0.1976313    
   2.125000      0.6625000      0.2243136    
   2.375000      0.6625000      0.2505736    
   2.625000      0.6625000      0.2764323    
   2.875000      0.6625000      0.3018875    
   3.125000      0.6625000      0.3269184    
   3.375000      0.6625000      0.3514905    
   3.625000      0.6625000      0.3755612    
   3.875000      0.6625000      0.3990844    
   4.125000      0.6625000      0.4220164    
   4.375000      0.6625000      0.4443191    
   4.625000      0.6625000      0.4659645    
   4.875000      0.6625000      0.4869362    
   5.125000      0.6625000      0.5072315    
   5.375000      0.6625000      0.5268610    
   5.625000      0.6625000      0.5458486    
   5.875000      0.6625000      0.5642299    
   6.125000      0.6625000      0.5820493    
   6.375000      0.6625000      0.5993581    
   6.625000      0.6625000      0.6162117    
   6.875000      0.6625000      0.6326669    
   7.125000      0.6625000      0.6487799    
   7.375000      0.6625000      0.6646041    
   7.625000      0.6625000      0.6801896    
   7.875000      0.6625000      0.6955811    
   8.125000      0.6625000      0.7108195    
   8.375000      0.6625000      0.7259461    
   8.625000      0.6625000      0.7410151    
   8.875000      0.6625000      0.7561393    
   9.125000      0.6625000      0.7716567    
   9.375000      0.6625000      0.7888083    
   9.625000      0.6625000      0.8129717    
   9.875000      0.6625000      0.8717912    
   10.00000      0.6625000       1.000000    
 
  0.0000000E+00  0.6875000      0.0000000E+00
  0.1250000      0.6875000      7.3829815E-03
  0.3750000      0.6875000      3.4724247E-02
  0.6250000      0.6875000      6.5836176E-02
  0.8750000      0.6875000      9.7085640E-02
   1.125000      0.6875000      0.1274293    
   1.375000      0.6875000      0.1567360    
   1.625000      0.6875000      0.1851297    
   1.875000      0.6875000      0.2127704    
   2.125000      0.6875000      0.2397894    
   2.375000      0.6875000      0.2662759    
   2.625000      0.6875000      0.2922794    
   2.875000      0.6875000      0.3178165    
   3.125000      0.6875000      0.3428790    
   3.375000      0.6875000      0.3674405    
   3.625000      0.6875000      0.3914641    
   3.875000      0.6875000      0.4149079    
   4.125000      0.6875000      0.4377315    
   4.375000      0.6875000      0.4598998    
   4.625000      0.6875000      0.4813875    
   4.875000      0.6875000      0.5021812    
   5.125000      0.6875000      0.5222811    
   5.375000      0.6875000      0.5417008    
   5.625000      0.6875000      0.5604672    
   5.875000      0.6875000      0.5786185    
   6.125000      0.6875000      0.5962017    
   6.375000      0.6875000      0.6132702    
   6.625000      0.6875000      0.6298812    
   6.875000      0.6875000      0.6460932    
   7.125000      0.6875000      0.6619630    
   7.375000      0.6875000      0.6775454    
   7.625000      0.6875000      0.6928903    
   7.875000      0.6875000      0.7080432    
   8.125000      0.6875000      0.7230452    
   8.375000      0.6875000      0.7379383    
   8.625000      0.6875000      0.7527794    
   8.875000      0.6875000      0.7676890    
   9.125000      0.6875000      0.7830250    
   9.375000      0.6875000      0.8000574    
   9.625000      0.6875000      0.8240341    
   9.875000      0.6875000      0.8808188    
   10.00000      0.6875000       1.000000    
 
  0.0000000E+00  0.7125000      0.0000000E+00
  0.1250000      0.7125000      9.5599713E-03
  0.3750000      0.7125000      4.1713074E-02
  0.6250000      0.7125000      7.6284774E-02
  0.8750000      0.7125000      0.1098090    
   1.125000      0.7125000      0.1416430    
   1.375000      0.7125000      0.1719427    
   1.625000      0.7125000      0.2010087    
   1.875000      0.7125000      0.2291083    
   2.125000      0.7125000      0.2564394    
   2.375000      0.7125000      0.2831334    
   2.625000      0.7125000      0.3092669    
   2.875000      0.7125000      0.3348742    
   3.125000      0.7125000      0.3599587    
   3.375000      0.7125000      0.3845018    
   3.625000      0.7125000      0.4084716    
   3.875000      0.7125000      0.4318308    
   4.125000      0.7125000      0.4545416    
   4.375000      0.7125000      0.4765722    
   4.625000      0.7125000      0.4979001    
   4.875000      0.7125000      0.5185151    
   5.125000      0.7125000      0.5384202    
   5.375000      0.7125000      0.5576321    
   5.625000      0.7125000      0.5761808    
   5.875000      0.7125000      0.5941072    
   6.125000      0.7125000      0.6114606    
   6.375000      0.7125000      0.6282966    
   6.625000      0.7125000      0.6446742    
   6.875000      0.7125000      0.6606532    
   7.125000      0.7125000      0.6762915    
   7.375000      0.7125000      0.6916443    
   7.625000      0.7125000      0.7067618    
   7.875000      0.7125000      0.7216899    
   8.125000      0.7125000      0.7364699    
   8.375000      0.7125000      0.7511445    
   8.625000      0.7125000      0.7657733    
   8.875000      0.7125000      0.7804854    
   9.125000      0.7125000      0.7956604    
   9.375000      0.7125000      0.8125995    
   9.625000      0.7125000      0.8364001    
   9.875000      0.7125000      0.8908986    
   10.00000      0.7125000       1.000000    
 
  0.0000000E+00  0.7375000      0.0000000E+00
  0.1250000      0.7375000      1.2389954E-02
  0.3750000      0.7375000      4.9995035E-02
  0.6250000      0.7375000      8.8160358E-02
  0.8750000      0.7375000      0.1239230    
   1.125000      0.7375000      0.1571772    
   1.375000      0.7375000      0.1884048    
   1.625000      0.7375000      0.2180912    
   1.875000      0.7375000      0.2466103    
   2.125000      0.7375000      0.2742240    
   2.375000      0.7375000      0.3011033    
   2.625000      0.7375000      0.3273500    
   2.875000      0.7375000      0.3530147    
   3.125000      0.7375000      0.3781111    
   3.375000      0.7375000      0.4026277    
   3.625000      0.7375000      0.4265378    
   3.875000      0.7375000      0.4498073    
   4.125000      0.7375000      0.4724020    
   4.375000      0.7375000      0.4942929    
   4.625000      0.7375000      0.5154604    
   4.875000      0.7375000      0.5358973    
   5.125000      0.7375000      0.5556096    
   5.375000      0.7375000      0.5746174    
   5.625000      0.7375000      0.5929534    
   5.875000      0.7375000      0.6106613    
   6.125000      0.7375000      0.6277929    
   6.375000      0.7375000      0.6444057    
   6.625000      0.7375000      0.6605604    
   6.875000      0.7375000      0.6763180    
   7.125000      0.7375000      0.6917372    
   7.375000      0.7375000      0.7068736    
   7.625000      0.7375000      0.7217779    
   7.875000      0.7375000      0.7364957    
   8.125000      0.7375000      0.7510687    
   8.375000      0.7375000      0.7655404    
   8.625000      0.7375000      0.7799730    
   8.875000      0.7375000      0.7945051    
   9.125000      0.7375000      0.8095399    
   9.375000      0.7375000      0.8264115    
   9.625000      0.7375000      0.8500460    
   9.875000      0.7375000      0.9020042    
   10.00000      0.7375000       1.000000    
 
  0.0000000E+00  0.7625000      0.0000000E+00
  0.1250000      0.7625000      1.6051142E-02
  0.3750000      0.7625000      5.9727497E-02
  0.6250000      0.7625000      0.1015379    
  0.8750000      0.7625000      0.1394473    
   1.125000      0.7625000      0.1740201    
   1.375000      0.7625000      0.2060933    
   1.625000      0.7625000      0.2363382    
   1.875000      0.7625000      0.2652314    
   2.125000      0.7625000      0.2930944    
   2.375000      0.7625000      0.3201345    
   2.625000      0.7625000      0.3464763    
   2.875000      0.7625000      0.3721847    
   3.125000      0.7625000      0.3972829    
   3.375000      0.7625000      0.4217656    
   3.625000      0.7625000      0.4456103    
   3.875000      0.7625000      0.4687867    
   4.125000      0.7625000      0.4912631    
   4.375000      0.7625000      0.5130135    
   4.625000      0.7625000      0.5340215    
   4.875000      0.7625000      0.5542827    
   5.125000      0.7625000      0.5738062    
   5.375000      0.7625000      0.5926152    
   5.625000      0.7625000      0.6107454    
   5.875000      0.7625000      0.6282429    
   6.125000      0.7625000      0.6451622    
   6.375000      0.7625000      0.6615626    
   6.625000      0.7625000      0.6775061    
   6.875000      0.7625000      0.6930552    
   7.125000      0.7625000      0.7082688    
   7.375000      0.7625000      0.7232032    
   7.625000      0.7625000      0.7379091    
   7.875000      0.7625000      0.7524320    
   8.125000      0.7625000      0.7668138    
   8.375000      0.7625000      0.7810986    
   8.625000      0.7625000      0.7953518    
   8.875000      0.7625000      0.8097216    
   9.125000      0.7625000      0.8246369    
   9.375000      0.7625000      0.8414667    
   9.625000      0.7625000      0.8649452    
   9.875000      0.7625000      0.9141123    
   10.00000      0.7625000       1.000000    
 
  0.0000000E+00  0.7875000      0.0000000E+00
  0.1250000      0.7875000      2.0759301E-02
  0.3750000      0.7875000      7.1060576E-02
  0.6250000      0.7875000      0.1164689    
  0.8750000      0.7875000      0.1563786    
   1.125000      0.7875000      0.1921414    
   1.375000      0.7875000      0.2249638    
   1.625000      0.7875000      0.2556978    
   1.875000      0.7875000      0.2849153    
   2.125000      0.7875000      0.3129919    
   2.375000      0.7875000      0.3401672    
   2.625000      0.7875000      0.3665854    
   2.875000      0.7875000      0.3923241    
   3.125000      0.7875000      0.4174144    
   3.375000      0.7875000      0.4418563    
   3.625000      0.7875000      0.4656313    
   3.875000      0.7875000      0.4887120    
   4.125000      0.7875000      0.5110697    
   4.375000      0.7875000      0.5326808    
   4.625000      0.7875000      0.5535321    
   4.875000      0.7875000      0.5736219    
   5.125000      0.7875000      0.5929626    
   5.375000      0.7875000      0.6115803    
   5.625000      0.7875000      0.6295134    
   5.875000      0.7875000      0.6468108    
   6.125000      0.7875000      0.6635292    
   6.375000      0.7875000      0.6797293    
   6.625000      0.7875000      0.6954752    
   6.875000      0.7875000      0.7108296    
   7.125000      0.7875000      0.7258525    
   7.375000      0.7875000      0.7406003    
   7.625000      0.7875000      0.7551233    
   7.875000      0.7875000      0.7694676    
   8.125000      0.7875000      0.7836745    
   8.375000      0.7875000      0.7977892    
   8.625000      0.7875000      0.8118801    
   8.875000      0.7875000      0.8261059    
   9.125000      0.7875000      0.8409221    
   9.375000      0.7875000      0.8577345    
   9.625000      0.7875000      0.8810676    
   9.875000      0.7875000      0.9272055    
   10.00000      0.7875000       1.000000    
 
  0.0000000E+00  0.8125000      0.0000000E+00
  0.1250000      0.8125000      2.6769228E-02
  0.3750000      0.8125000      8.4126212E-02
  0.6250000      0.8125000      0.1329750    
  0.8750000      0.8125000      0.1746876    
   1.125000      0.8125000      0.2114901    
   1.375000      0.8125000      0.2449560    
   1.625000      0.8125000      0.2761052    
   1.875000      0.8125000      0.3055951    
   2.125000      0.8125000      0.3338488    
   2.375000      0.8125000      0.3611331    
   2.625000      0.8125000      0.3876093    
   2.875000      0.8125000      0.4133654    
   3.125000      0.8125000      0.4384390    
   3.375000      0.8125000      0.4628346    
   3.625000      0.8125000      0.4865369    
   3.875000      0.8125000      0.5095213    
   4.125000      0.8125000      0.5317616    
   4.375000      0.8125000      0.5532368    
   4.625000      0.8125000      0.5739363    
   4.875000      0.8125000      0.5938615    
   5.125000      0.8125000      0.6130276    
   5.375000      0.8125000      0.6314635    
   5.625000      0.8125000      0.6492106    
   5.875000      0.8125000      0.6663202    
   6.125000      0.8125000      0.6828507    
   6.375000      0.8125000      0.6988649    
   6.625000      0.8125000      0.7144279    
   6.875000      0.8125000      0.7296032    
   7.125000      0.8125000      0.7444515    
   7.375000      0.8125000      0.7590288    
   7.625000      0.8125000      0.7733858    
   7.875000      0.8125000      0.7875683    
   8.125000      0.8125000      0.8016173    
   8.375000      0.8125000      0.8155792    
   8.625000      0.8125000      0.8295253    
   8.875000      0.8125000      0.8436252    
   9.125000      0.8125000      0.8583621    
   9.375000      0.8125000      0.8751801    
   9.625000      0.8125000      0.8983793    
   9.875000      0.8125000      0.9412764    
   10.00000      0.8125000       1.000000    
 
  0.0000000E+00  0.8375000      0.0000000E+00
  0.1250000      0.8375000      3.4372225E-02
  0.3750000      0.8375000      9.9024564E-02
  0.6250000      0.8375000      0.1510410    
  0.8750000      0.8375000      0.1943172    
   1.125000      0.8375000      0.2319947    
   1.375000      0.8375000      0.2659932    
   1.625000      0.8375000      0.2974823    
   1.875000      0.8375000      0.3271928    
   2.125000      0.8375000      0.3555872    
   2.375000      0.8375000      0.3829554    
   2.625000      0.8375000      0.4094722    
   2.875000      0.8375000      0.4352338    
   3.125000      0.8375000      0.4602833    
   3.375000      0.8375000      0.4846288    
   3.625000      0.8375000      0.5082574    
   3.875000      0.8375000      0.5311469    
   4.125000      0.8375000      0.5532733    
   4.375000      0.8375000      0.5746183    
   4.625000      0.8375000      0.5951735    
   4.875000      0.8375000      0.6149433    
   5.125000      0.8375000      0.6339455    
   5.375000      0.8375000      0.6522119    
   5.625000      0.8375000      0.6697862    
   5.875000      0.8375000      0.6867223    
   6.125000      0.8375000      0.7030803    
   6.375000      0.8375000      0.7189246    
   6.625000      0.8375000      0.7343212    
   6.875000      0.8375000      0.7493345    
   7.125000      0.8375000      0.7640252    
   7.375000      0.8375000      0.7784495    
   7.625000      0.8375000      0.7926582    
   7.875000      0.8375000      0.8066964    
   8.125000      0.8375000      0.8206055    
   8.375000      0.8375000      0.8344321    
   8.625000      0.8375000      0.8482512    
   8.875000      0.8375000      0.8622432    
   9.125000      0.8375000      0.8769196    
   9.375000      0.8375000      0.8937635    
   9.625000      0.8375000      0.9168422    
   9.875000      0.8375000      0.9563325    
   10.00000      0.8375000       1.000000    
 
  0.0000000E+00  0.8625000      0.0000000E+00
  0.1250000      0.8625000      4.3887295E-02
  0.3750000      0.8625000      0.1158092    
  0.6250000      0.8625000      0.1706105    
  0.8750000      0.8625000      0.2151814    
   1.125000      0.8625000      0.2535630    
   1.375000      0.8625000      0.2879835    
   1.625000      0.8625000      0.3197387    
   1.875000      0.8625000      0.3496197    
   2.125000      0.8625000      0.3781206    
   2.375000      0.8625000      0.4055492    
   2.625000      0.8625000      0.4320909    
   2.875000      0.8625000      0.4578481    
   3.125000      0.8625000      0.4828680    
   3.375000      0.8625000      0.5071615    
   3.625000      0.8625000      0.5307177    
   3.875000      0.8625000      0.5535161    
   4.125000      0.8625000      0.5755350    
   4.375000      0.8625000      0.5967581    
   4.625000      0.8625000      0.6171793    
   4.875000      0.8625000      0.6368057    
   5.125000      0.8625000      0.6556575    
   5.375000      0.8625000      0.6737692    
   5.625000      0.8625000      0.6911868    
   5.875000      0.8625000      0.7079661    
   6.125000      0.8625000      0.7241690    
   6.375000      0.8625000      0.7398612    
   6.625000      0.8625000      0.7551096    
   6.875000      0.8625000      0.7699791    
   7.125000      0.8625000      0.7845309    
   7.375000      0.8625000      0.7988210    
   7.625000      0.8625000      0.8128996    
   7.875000      0.8625000      0.8268120    
   8.125000      0.8625000      0.8405993    
   8.375000      0.8625000      0.8543090    
   8.625000      0.8625000      0.8680191    
   8.875000      0.8625000      0.8819211    
   9.125000      0.8625000      0.8965544    
   9.375000      0.8625000      0.9134414    
   9.625000      0.8625000      0.9364153    
   9.875000      0.8625000      0.9724039    
   10.00000      0.8625000       1.000000    
 
  0.0000000E+00  0.8875000      0.0000000E+00
  0.1250000      0.8875000      5.5642806E-02
  0.3750000      0.8875000      0.1344709    
  0.6250000      0.8875000      0.1915825    
  0.8750000      0.8875000      0.2371653    
   1.125000      0.8875000      0.2760828    
   1.375000      0.8875000      0.3108196    
   1.625000      0.8875000      0.3427718    
   1.875000      0.8875000      0.3727770    
   2.125000      0.8875000      0.4013533    
   2.375000      0.8875000      0.4288214    
   2.625000      0.8875000      0.4553746    
   2.875000      0.8875000      0.4811199    
   3.125000      0.8875000      0.5061072    
   3.375000      0.8875000      0.5303492    
   3.625000      0.8875000      0.5538367    
   3.875000      0.8875000      0.5765508    
   4.125000      0.8875000      0.5984712    
   4.375000      0.8875000      0.6195838    
   4.625000      0.8875000      0.6398845    
   4.875000      0.8875000      0.6593825    
   5.125000      0.8875000      0.6781004    
   5.375000      0.8875000      0.6960750    
   5.625000      0.8875000      0.7133545    
   5.875000      0.8875000      0.7299963    
   6.125000      0.8875000      0.7460636    
   6.375000      0.8875000      0.7616239    
   6.625000      0.8875000      0.7767440    
   6.875000      0.8875000      0.7914898    
   7.125000      0.8875000      0.8059223    
   7.375000      0.8875000      0.8200978    
   7.625000      0.8875000      0.8340659    
   7.875000      0.8875000      0.8478716    
   8.125000      0.8875000      0.8615561    
   8.375000      0.8875000      0.8751674    
   8.625000      0.8875000      0.8887868    
   8.875000      0.8875000      0.9026161    
   9.125000      0.8875000      0.9172216    
   9.375000      0.8875000      0.9341639    
   9.625000      0.8875000      0.9570518    
   9.875000      0.8875000      0.9895492    
   10.00000      0.8875000       1.000000    
 
  0.0000000E+00  0.9125000      0.0000000E+00
  0.1250000      0.9125000      6.9945134E-02
  0.3750000      0.9125000      0.1549240    
  0.6250000      0.9125000      0.2138105    
  0.8750000      0.9125000      0.2601268    
   1.125000      0.9125000      0.2994229    
   1.375000      0.9125000      0.3343798    
   1.625000      0.9125000      0.3664674    
   1.875000      0.9125000      0.3965560    
   2.125000      0.9125000      0.4251805    
   2.375000      0.9125000      0.4526708    
   2.625000      0.9125000      0.4792254    
   2.875000      0.9125000      0.5049540    
   3.125000      0.9125000      0.5299082    
   3.375000      0.9125000      0.5541022    
   3.625000      0.9125000      0.5775278    
   3.875000      0.9125000      0.6001673    
   4.125000      0.9125000      0.6220016    
   4.375000      0.9125000      0.6430184    
   4.625000      0.9125000      0.6632151    
   4.875000      0.9125000      0.6826031    
   5.125000      0.9125000      0.7012068    
   5.375000      0.9125000      0.7190651    
   5.625000      0.9125000      0.7362278    
   5.875000      0.9125000      0.7527540    
   6.125000      0.9125000      0.7687079    
   6.375000      0.9125000      0.7841581    
   6.625000      0.9125000      0.7991718    
   6.875000      0.9125000      0.8138153    
   7.125000      0.9125000      0.8281498    
   7.375000      0.9125000      0.8422313    
   7.625000      0.9125000      0.8561091    
   7.875000      0.9125000      0.8698281    
   8.125000      0.9125000      0.8834292    
   8.375000      0.9125000      0.8969612    
   8.625000      0.9125000      0.9105082    
   8.875000      0.9125000      0.9242812    
   9.125000      0.9125000      0.9388719    
   9.375000      0.9125000      0.9558761    
   9.625000      0.9125000      0.9786996    
   9.875000      0.9125000       1.007864    
   10.00000      0.9125000       1.000000    
 
  0.0000000E+00  0.9375000      0.0000000E+00
  0.1250000      0.9375000      8.7030441E-02
  0.3750000      0.9375000      0.1769952    
  0.6250000      0.9375000      0.2371048    
  0.8750000      0.9375000      0.2838988    
   1.125000      0.9375000      0.3234354    
   1.375000      0.9375000      0.3585299    
   1.625000      0.9375000      0.3907003    
   1.875000      0.9375000      0.4208385    
   2.125000      0.9375000      0.4494896    
   2.375000      0.9375000      0.4769891    
   2.625000      0.9375000      0.5035381    
   2.875000      0.9375000      0.5292485    
   3.125000      0.9375000      0.5541727    
   3.375000      0.9375000      0.5783253    
   3.625000      0.9375000      0.6016990    
   3.875000      0.9375000      0.6242768    
   4.125000      0.9375000      0.6460409    
   4.375000      0.9375000      0.6669800    
   4.625000      0.9375000      0.6870931    
   4.875000      0.9375000      0.7063928    
   5.125000      0.9375000      0.7249055    
   5.375000      0.9375000      0.7426714    
   5.625000      0.9375000      0.7597417    
   5.875000      0.9375000      0.7761769    
   6.125000      0.9375000      0.7920419    
   6.375000      0.9375000      0.8074060    
   6.625000      0.9375000      0.8223370    
   6.875000      0.9375000      0.8369014    
   7.125000      0.9375000      0.8511603    
   7.375000      0.9375000      0.8651694    
   7.625000      0.9375000      0.8789783    
   7.875000      0.9375000      0.8926312    
   8.125000      0.9375000      0.9061689    
   8.375000      0.9375000      0.9196410    
   8.625000      0.9375000      0.9331337    
   8.875000      0.9375000      0.9468666    
   9.125000      0.9375000      0.9614518    
   9.375000      0.9375000      0.9785171    
   9.625000      0.9375000       1.001300    
   9.875000      0.9375000       1.027492    
   10.00000      0.9375000       1.000000    
 
  0.0000000E+00  0.9625000      0.0000000E+00
  0.1250000      0.9625000      0.1069965    
  0.3750000      0.9625000      0.2004193    
  0.6250000      0.9625000      0.2612370    
  0.8750000      0.9625000      0.3082926    
   1.125000      0.9625000      0.3479573    
   1.375000      0.9625000      0.3831235    
   1.625000      0.9625000      0.4153361    
   1.875000      0.9625000      0.4454979    
   2.125000      0.9625000      0.4741599    
   2.375000      0.9625000      0.5016601    
   2.625000      0.9625000      0.5282011    
   2.875000      0.9625000      0.5538954    
   3.125000      0.9625000      0.5787957    
   3.375000      0.9625000      0.6029170    
   3.625000      0.9625000      0.6262523    
   3.875000      0.9625000      0.6487853    
   4.125000      0.9625000      0.6704986    
   4.375000      0.9625000      0.6913820    
   4.625000      0.9625000      0.7114353    
   4.875000      0.9625000      0.7306724    
   5.125000      0.9625000      0.7491206    
   5.375000      0.9625000      0.7668213    
   5.625000      0.9625000      0.7838269    
   5.875000      0.9625000      0.8001983    
   6.125000      0.9625000      0.8160014    
   6.375000      0.9625000      0.8313059    
   6.625000      0.9625000      0.8461796    
   6.875000      0.9625000      0.8606898    
   7.125000      0.9625000      0.8748968    
   7.375000      0.9625000      0.8888566    
   7.625000      0.9625000      0.9026186    
   7.875000      0.9625000      0.9162267    
   8.125000      0.9625000      0.9297218    
   8.375000      0.9625000      0.9431535    
   8.625000      0.9625000      0.9566104    
   8.875000      0.9625000      0.9703175    
   9.125000      0.9625000      0.9849033    
   9.375000      0.9625000       1.002020    
   9.625000      0.9625000       1.024784    
   9.875000      0.9625000       1.048631    
   10.00000      0.9625000       1.000000    
 
  0.0000000E+00  0.9875000      0.0000000E+00
  0.1250000      0.9875000      0.1297131    
  0.3750000      0.9875000      0.2248440    
  0.6250000      0.9875000      0.2859463    
  0.8750000      0.9875000      0.3331009    
   1.125000      0.9875000      0.3728124    
   1.375000      0.9875000      0.4080038    
   1.625000      0.9875000      0.4402304    
   1.875000      0.9875000      0.4703992    
   2.125000      0.9875000      0.4990632    
   2.375000      0.9875000      0.5265610    
   2.625000      0.9875000      0.5530956    
   2.875000      0.9875000      0.5787797    
   3.125000      0.9875000      0.6036662    
   3.375000      0.9875000      0.6277699    
   3.625000      0.9875000      0.6510842    
   3.875000      0.9875000      0.6735928    
   4.125000      0.9875000      0.6952787    
   4.375000      0.9875000      0.7161322    
   4.625000      0.9875000      0.7361536    
   4.875000      0.9875000      0.7553574    
   5.125000      0.9875000      0.7737716    
   5.375000      0.9875000      0.7914378    
   5.625000      0.9875000      0.8084095    
   5.875000      0.9875000      0.8247476    
   6.125000      0.9875000      0.8405183    
   6.375000      0.9875000      0.8557918    
   6.625000      0.9875000      0.8706360    
   6.875000      0.9875000      0.8851180    
   7.125000      0.9875000      0.8992985    
   7.375000      0.9875000      0.9132332    
   7.625000      0.9875000      0.9269711    
   7.875000      0.9875000      0.9405565    
   8.125000      0.9875000      0.9540299    
   8.375000      0.9875000      0.9674414    
   8.625000      0.9875000      0.9808804    
   8.875000      0.9875000      0.9945753    
   9.125000      0.9875000       1.009164    
   9.375000      0.9875000       1.026312    
   9.625000      0.9875000       1.049074    
   9.875000      0.9875000       1.071538    
   10.00000      0.9875000       1.000000    
 
  0.0000000E+00   1.000000      0.0000000E+00
  0.1250000       1.000000      0.1297131    
  0.3750000       1.000000      0.2248440    
  0.6250000       1.000000      0.2859463    
  0.8750000       1.000000      0.3331009    
   1.125000       1.000000      0.3728124    
   1.375000       1.000000      0.4080038    
   1.625000       1.000000      0.4402304    
   1.875000       1.000000      0.4703992    
   2.125000       1.000000      0.4990632    
   2.375000       1.000000      0.5265610    
   2.625000       1.000000      0.5530956    
   2.875000       1.000000      0.5787797    
   3.125000       1.000000      0.6036662    
   3.375000       1.000000      0.6277699    
   3.625000       1.000000      0.6510842    
   3.875000       1.000000      0.6735928    
   4.125000       1.000000      0.6952787    
   4.375000       1.000000      0.7161322    
   4.625000       1.000000      0.7361536    
   4.875000       1.000000      0.7553574    
   5.125000       1.000000      0.7737716    
   5.375000       1.000000      0.7914378    
   5.625000       1.000000      0.8084095    
   5.875000       1.000000      0.8247476    
   6.125000       1.000000      0.8405183    
   6.375000       1.000000      0.8557918    
   6.625000       1.000000      0.8706360    
   6.875000       1.000000      0.8851180    
   7.125000       1.000000      0.8992985    
   7.375000       1.000000      0.9132332    
   7.625000       1.000000      0.9269711    
   7.875000       1.000000      0.9405565    
   8.125000       1.000000      0.9540299    
   8.375000       1.000000      0.9674414    
   8.625000       1.000000      0.9808804    
   8.875000       1.000000      0.9945753    
   9.125000       1.000000       1.009164    
   9.375000       1.000000       1.026312    
   9.625000       1.000000       1.049074    
   9.875000       1.000000       1.071538    
   10.00000       1.000000       1.000000    
 
