  0.0000000E+00  0.0000000E+00  0.0000000E+00
  0.1250000      0.0000000E+00  1.2499999E-02
  0.3750000      0.0000000E+00  3.7499998E-02
  0.6250000      0.0000000E+00  6.2499996E-02
  0.8750000      0.0000000E+00  8.7499991E-02
   1.125000      0.0000000E+00  0.1125000    
   1.375000      0.0000000E+00  0.1375000    
   1.625000      0.0000000E+00  0.1625000    
   1.875000      0.0000000E+00  0.1875000    
   2.125000      0.0000000E+00  0.2125000    
   2.375000      0.0000000E+00  0.2375000    
   2.625000      0.0000000E+00  0.2625000    
   2.875000      0.0000000E+00  0.2875000    
   3.125000      0.0000000E+00  0.3125000    
   3.375000      0.0000000E+00  0.3375000    
   3.625000      0.0000000E+00  0.3625000    
   3.875000      0.0000000E+00  0.3875000    
   4.125000      0.0000000E+00  0.4125000    
   4.375000      0.0000000E+00  0.4375000    
   4.625000      0.0000000E+00  0.4625000    
   4.875000      0.0000000E+00  0.4875000    
   5.125000      0.0000000E+00  0.5125000    
   5.375000      0.0000000E+00  0.5375000    
   5.625000      0.0000000E+00  0.5624999    
   5.875000      0.0000000E+00  0.5875000    
   6.125000      0.0000000E+00  0.6125000    
   6.375000      0.0000000E+00  0.6375000    
   6.625000      0.0000000E+00  0.6625000    
   6.875000      0.0000000E+00  0.6874999    
   7.125000      0.0000000E+00  0.7125000    
   7.375000      0.0000000E+00  0.7375000    
   7.625000      0.0000000E+00  0.7624999    
   7.875000      0.0000000E+00  0.7875000    
   8.125000      0.0000000E+00  0.8124999    
   8.375000      0.0000000E+00  0.8375000    
   8.625000      0.0000000E+00  0.8625000    
   8.875000      0.0000000E+00  0.8874999    
   9.125000      0.0000000E+00  0.9125000    
   9.375000      0.0000000E+00  0.9374999    
   9.625000      0.0000000E+00  0.9624999    
   9.875000      0.0000000E+00  0.9875000    
   10.00000      0.0000000E+00   1.000000    
 
  0.0000000E+00  1.2500000E-02  0.0000000E+00
  0.1250000      1.2500000E-02  1.1626117E-02
  0.3750000      1.2500000E-02  3.5595715E-02
  0.6250000      1.2500000E-02  5.9843834E-02
  0.8750000      1.2500000E-02  8.4268101E-02
   1.125000      1.2500000E-02  0.1088176    
   1.375000      1.2500000E-02  0.1334539    
   1.625000      1.2500000E-02  0.1581446    
   1.875000      1.2500000E-02  0.1828627    
   2.125000      1.2500000E-02  0.2075873    
   2.375000      1.2500000E-02  0.2323040    
   2.625000      1.2500000E-02  0.2570039    
   2.875000      1.2500000E-02  0.2816830    
   3.125000      1.2500000E-02  0.3063409    
   3.375000      1.2500000E-02  0.3309794    
   3.625000      1.2500000E-02  0.3556016    
   3.875000      1.2500000E-02  0.3802111    
   4.125000      1.2500000E-02  0.4048109    
   4.375000      1.2500000E-02  0.4294041    
   4.625000      1.2500000E-02  0.4539926    
   4.875000      1.2500000E-02  0.4785781    
   5.125000      1.2500000E-02  0.5031618    
   5.375000      1.2500000E-02  0.5277443    
   5.625000      1.2500000E-02  0.5523262    
   5.875000      1.2500000E-02  0.5769077    
   6.125000      1.2500000E-02  0.6014891    
   6.375000      1.2500000E-02  0.6260703    
   6.625000      1.2500000E-02  0.6506515    
   6.875000      1.2500000E-02  0.6752325    
   7.125000      1.2500000E-02  0.6998137    
   7.375000      1.2500000E-02  0.7243947    
   7.625000      1.2500000E-02  0.7489759    
   7.875000      1.2500000E-02  0.7735571    
   8.125000      1.2500000E-02  0.7981383    
   8.375000      1.2500000E-02  0.8227198    
   8.625000      1.2500000E-02  0.8473027    
   8.875000      1.2500000E-02  0.8718930    
   9.125000      1.2500000E-02  0.8965187    
   9.375000      1.2500000E-02  0.9213215    
   9.625000      1.2500000E-02  0.9470030    
   9.875000      1.2500000E-02  0.9768514    
   10.00000      1.2500000E-02   1.000000    
 
  0.0000000E+00  3.7500001E-02  0.0000000E+00
  0.1250000      3.7500001E-02  9.9285915E-03
  0.3750000      3.7500001E-02  3.1843599E-02
  0.6250000      3.7500001E-02  5.4589789E-02
  0.8750000      3.7500001E-02  7.7863812E-02
   1.125000      3.7500001E-02  0.1015134    
   1.375000      3.7500001E-02  0.1254236    
   1.625000      3.7500001E-02  0.1494971    
   1.875000      3.7500001E-02  0.1736528    
   2.125000      3.7500001E-02  0.1978285    
   2.375000      3.7500001E-02  0.2219804    
   2.625000      3.7500001E-02  0.2460819    
   2.875000      3.7500001E-02  0.2701209    
   3.125000      3.7500001E-02  0.2940962    
   3.375000      3.7500001E-02  0.3180132    
   3.625000      3.7500001E-02  0.3418814    
   3.875000      3.7500001E-02  0.3657110    
   4.125000      3.7500001E-02  0.3895118    
   4.375000      3.7500001E-02  0.4132921    
   4.625000      3.7500001E-02  0.4370586    
   4.875000      3.7500001E-02  0.4608162    
   5.125000      3.7500001E-02  0.4845680    
   5.375000      3.7500001E-02  0.5083165    
   5.625000      3.7500001E-02  0.5320630    
   5.875000      3.7500001E-02  0.5558084    
   6.125000      3.7500001E-02  0.5795532    
   6.375000      3.7500001E-02  0.6032977    
   6.625000      3.7500001E-02  0.6270420    
   6.875000      3.7500001E-02  0.6507862    
   7.125000      3.7500001E-02  0.6745303    
   7.375000      3.7500001E-02  0.6982745    
   7.625000      3.7500001E-02  0.7220187    
   7.875000      3.7500001E-02  0.7457628    
   8.125000      3.7500001E-02  0.7695073    
   8.375000      3.7500001E-02  0.7932526    
   8.625000      3.7500001E-02  0.8170022    
   8.875000      3.7500001E-02  0.8407736    
   9.125000      3.7500001E-02  0.8646502    
   9.375000      3.7500001E-02  0.8890519    
   9.625000      3.7500001E-02  0.9160642    
   9.875000      3.7500001E-02  0.9554858    
   10.00000      3.7500001E-02   1.000000    
 
  0.0000000E+00  6.2500000E-02  0.0000000E+00
  0.1250000      6.2500000E-02  8.3538573E-03
  0.3750000      6.2500000E-02  2.8241558E-02
  0.6250000      6.2500000E-02  4.9495243E-02
  0.8750000      6.2500000E-02  7.1625166E-02
   1.125000      6.2500000E-02  9.4380170E-02
   1.375000      6.2500000E-02  0.1175693    
   1.625000      6.2500000E-02  0.1410305    
   1.875000      6.2500000E-02  0.1646290    
   2.125000      6.2500000E-02  0.1882610    
   2.375000      6.2500000E-02  0.2118531    
   2.625000      6.2500000E-02  0.2353614    
   2.875000      6.2500000E-02  0.2587654    
   3.125000      6.2500000E-02  0.2820628    
   3.375000      6.2500000E-02  0.3052627    
   3.625000      6.2500000E-02  0.3283807    
   3.875000      6.2500000E-02  0.3514341    
   4.125000      6.2500000E-02  0.3744391    
   4.375000      6.2500000E-02  0.3974097    
   4.625000      6.2500000E-02  0.4203570    
   4.875000      6.2500000E-02  0.4432893    
   5.125000      6.2500000E-02  0.4662120    
   5.375000      6.2500000E-02  0.4891289    
   5.625000      6.2500000E-02  0.5120425    
   5.875000      6.2500000E-02  0.5349542    
   6.125000      6.2500000E-02  0.5578649    
   6.375000      6.2500000E-02  0.5807750    
   6.625000      6.2500000E-02  0.6036849    
   6.875000      6.2500000E-02  0.6265946    
   7.125000      6.2500000E-02  0.6495042    
   7.375000      6.2500000E-02  0.6724138    
   7.625000      6.2500000E-02  0.6953235    
   7.875000      6.2500000E-02  0.7182332    
   8.125000      6.2500000E-02  0.7411432    
   8.375000      6.2500000E-02  0.7640549    
   8.625000      6.2500000E-02  0.7869736    
   8.875000      6.2500000E-02  0.8099275    
   9.125000      6.2500000E-02  0.8330538    
   9.375000      6.2500000E-02  0.8570380    
   9.625000      6.2500000E-02  0.8852966    
   9.875000      6.2500000E-02  0.9339761    
   10.00000      6.2500000E-02   1.000000    
 
  0.0000000E+00  8.7500006E-02  0.0000000E+00
  0.1250000      8.7500006E-02  6.9431597E-03
  0.3750000      8.7500006E-02  2.4859222E-02
  0.6250000      8.7500006E-02  4.4641964E-02
  0.8750000      8.7500006E-02  6.5641880E-02
   1.125000      8.7500006E-02  8.7513797E-02
   1.375000      8.7500006E-02  0.1099921    
   1.625000      8.7500006E-02  0.1328506    
   1.875000      8.7500006E-02  0.1559010    
   2.125000      8.7500006E-02  0.1789979    
   2.375000      8.7500006E-02  0.2020390    
   2.625000      8.7500006E-02  0.2249622    
   2.875000      8.7500006E-02  0.2477389    
   3.125000      8.7500006E-02  0.2703657    
   3.375000      8.7500006E-02  0.2928554    
   3.625000      8.7500006E-02  0.3152294    
   3.875000      8.7500006E-02  0.3375122    
   4.125000      8.7500006E-02  0.3597267    
   4.375000      8.7500006E-02  0.3818927    
   4.625000      8.7500006E-02  0.4040254    
   4.875000      8.7500006E-02  0.4261368    
   5.125000      8.7500006E-02  0.4482345    
   5.375000      8.7500006E-02  0.4703241    
   5.625000      8.7500006E-02  0.4924088    
   5.875000      8.7500006E-02  0.5144910    
   6.125000      8.7500006E-02  0.5365716    
   6.375000      8.7500006E-02  0.5586514    
   6.625000      8.7500006E-02  0.5807310    
   6.875000      8.7500006E-02  0.6028101    
   7.125000      8.7500006E-02  0.6248893    
   7.375000      8.7500006E-02  0.6469682    
   7.625000      8.7500006E-02  0.6690475    
   7.875000      8.7500006E-02  0.6911267    
   8.125000      8.7500006E-02  0.7132064    
   8.375000      8.7500006E-02  0.7352882    
   8.625000      8.7500006E-02  0.7573798    
   8.875000      8.7500006E-02  0.7795193    
   9.125000      8.7500006E-02  0.8018939    
   9.375000      8.7500006E-02  0.8254382    
   9.625000      8.7500006E-02  0.8548231    
   9.875000      8.7500006E-02  0.9123166    
   10.00000      8.7500006E-02   1.000000    
 
  0.0000000E+00  0.1125000      0.0000000E+00
  0.1250000      0.1125000      5.7139667E-03
  0.3750000      0.1125000      2.1744734E-02
  0.6250000      0.1125000      4.0093731E-02
  0.8750000      0.1125000      5.9988353E-02
   1.125000      0.1125000      8.0996990E-02
   1.375000      0.1125000      0.1027814    
   1.625000      0.1125000      0.1250520    
   1.875000      0.1125000      0.1475678    
   2.125000      0.1125000      0.1701420    
   2.375000      0.1125000      0.1926436    
   2.625000      0.1125000      0.2149927    
   2.875000      0.1125000      0.2371524    
   3.125000      0.1125000      0.2591182    
   3.375000      0.1125000      0.2809065    
   3.625000      0.1125000      0.3025449    
   3.875000      0.1125000      0.3240648    
   4.125000      0.1125000      0.3454959    
   4.375000      0.1125000      0.3668637    
   4.625000      0.1125000      0.3881883    
   4.875000      0.1125000      0.4094848    
   5.125000      0.1125000      0.4307635    
   5.375000      0.1125000      0.4520315    
   5.625000      0.1125000      0.4732932    
   5.875000      0.1125000      0.4945513    
   6.125000      0.1125000      0.5158074    
   6.375000      0.1125000      0.5370627    
   6.625000      0.1125000      0.5583174    
   6.875000      0.1125000      0.5795717    
   7.125000      0.1125000      0.6008260    
   7.375000      0.1125000      0.6220800    
   7.625000      0.1125000      0.6433343    
   7.875000      0.1125000      0.6645886    
   8.125000      0.1125000      0.6858435    
   8.375000      0.1125000      0.7071011    
   8.625000      0.1125000      0.7283709    
   8.875000      0.1125000      0.7497007    
   9.125000      0.1125000      0.7713228    
   9.375000      0.1125000      0.7944013    
   9.625000      0.1125000      0.8247717    
   9.875000      0.1125000      0.8905554    
   10.00000      0.1125000       1.000000    
 
  0.0000000E+00  0.1375000      0.0000000E+00
  0.1250000      0.1375000      4.6670143E-03
  0.3750000      0.1375000      1.8927699E-02
  0.6250000      0.1375000      3.5898112E-02
  0.8750000      0.1375000      5.4724947E-02
   1.125000      0.1375000      7.4899971E-02
   1.375000      0.1375000      9.6015193E-02
   1.625000      0.1375000      0.1177189    
   1.875000      0.1375000      0.1397182    
   2.125000      0.1375000      0.1617859    
   2.375000      0.1375000      0.1837624    
   2.625000      0.1375000      0.2055507    
   2.875000      0.1375000      0.2271058    
   3.125000      0.1375000      0.2484222    
   3.375000      0.1375000      0.2695198    
   3.625000      0.1375000      0.2904325    
   3.875000      0.1375000      0.3111988    
   4.125000      0.1375000      0.3318552    
   4.375000      0.1375000      0.3524331    
   4.625000      0.1375000      0.3729575    
   4.875000      0.1375000      0.3934468    
   5.125000      0.1375000      0.4139140    
   5.375000      0.1375000      0.4343678    
   5.625000      0.1375000      0.4548136    
   5.875000      0.1375000      0.4752551    
   6.125000      0.1375000      0.4956940    
   6.375000      0.1375000      0.5161318    
   6.625000      0.1375000      0.5365688    
   6.875000      0.1375000      0.5570054    
   7.125000      0.1375000      0.5774420    
   7.375000      0.1375000      0.5978782    
   7.625000      0.1375000      0.6183147    
   7.875000      0.1375000      0.6387512    
   8.125000      0.1375000      0.6591885    
   8.375000      0.1375000      0.6796290    
   8.625000      0.1375000      0.7000840    
   8.875000      0.1375000      0.7206098    
   9.125000      0.1375000      0.7414802    
   9.375000      0.1375000      0.7640665    
   9.625000      0.1375000      0.7952723    
   9.875000      0.1375000      0.8687829    
   10.00000      0.1375000       1.000000    
 
  0.0000000E+00  0.1625000      0.0000000E+00
  0.1250000      0.1625000      3.7922671E-03
  0.3750000      0.1625000      1.6422443E-02
  0.6250000      0.1625000      3.2088451E-02
  0.8750000      0.1625000      4.9899418E-02
   1.125000      0.1625000      6.9281816E-02
   1.375000      0.1625000      8.9761280E-02
   1.625000      0.1625000      0.1109258    
   1.875000      0.1625000      0.1324316    
   2.125000      0.1625000      0.1540124    
   2.375000      0.1625000      0.1754812    
   2.625000      0.1625000      0.1967243    
   2.875000      0.1625000      0.2176890    
   3.125000      0.1625000      0.2383690    
   3.375000      0.1625000      0.2587881    
   3.625000      0.1625000      0.2789866    
   3.875000      0.1625000      0.2990099    
   4.125000      0.1625000      0.3189019    
   4.375000      0.1625000      0.3386999    
   4.625000      0.1625000      0.3584335    
   4.875000      0.1625000      0.3781248    
   5.125000      0.1625000      0.3977894    
   5.375000      0.1625000      0.4174378    
   5.625000      0.1625000      0.4370767    
   5.875000      0.1625000      0.4567101    
   6.125000      0.1625000      0.4763406    
   6.375000      0.1625000      0.4959695    
   6.625000      0.1625000      0.5155976    
   6.875000      0.1625000      0.5352253    
   7.125000      0.1625000      0.5548528    
   7.375000      0.1625000      0.5744800    
   7.625000      0.1625000      0.5941074    
   7.875000      0.1625000      0.6137348    
   8.125000      0.1625000      0.6333632    
   8.375000      0.1625000      0.6529950    
   8.625000      0.1625000      0.6726438    
   8.875000      0.1625000      0.6923731    
   9.125000      0.1625000      0.7124940    
   9.375000      0.1625000      0.7345634    
   9.625000      0.1625000      0.7664557    
   9.875000      0.1625000      0.8471182    
   10.00000      0.1625000       1.000000    
 
  0.0000000E+00  0.1875000      0.0000000E+00
  0.1250000      0.1875000      3.0735950E-03
  0.3750000      0.1875000      1.4231327E-02
  0.6250000      0.1875000      2.8686069E-02
  0.8750000      0.1875000      4.5548555E-02
   1.125000      0.1875000      6.4191587E-02
   1.375000      0.1875000      8.4078200E-02
   1.625000      0.1875000      0.1047381    
   1.875000      0.1875000      0.1257786    
   2.125000      0.1875000      0.1468959    
   2.375000      0.1875000      0.1678768    
   2.625000      0.1875000      0.1885919    
   2.875000      0.1875000      0.2089817    
   3.125000      0.1875000      0.2290397    
   3.375000      0.1875000      0.2487938    
   3.625000      0.1875000      0.2682906    
   3.875000      0.1875000      0.2875832    
   4.125000      0.1875000      0.3067223    
   4.375000      0.1875000      0.3257513    
   4.625000      0.1875000      0.3447050    
   4.875000      0.1875000      0.3636089    
   5.125000      0.1875000      0.3824815    
   5.375000      0.1875000      0.4013349    
   5.625000      0.1875000      0.4201770    
   5.875000      0.1875000      0.4390128    
   6.125000      0.1875000      0.4578449    
   6.375000      0.1875000      0.4766752    
   6.625000      0.1875000      0.4955046    
   6.875000      0.1875000      0.5143335    
   7.125000      0.1875000      0.5331621    
   7.375000      0.1875000      0.5519904    
   7.625000      0.1875000      0.5708189    
   7.875000      0.1875000      0.5896475    
   8.125000      0.1875000      0.6084771    
   8.375000      0.1875000      0.6273106    
   8.625000      0.1875000      0.6461629    
   8.875000      0.1875000      0.6651048    
   9.125000      0.1875000      0.6844804    
   9.375000      0.1875000      0.7060118    
   9.625000      0.1875000      0.7384495    
   9.875000      0.1875000      0.8256992    
   10.00000      0.1875000       1.000000    
 
  0.0000000E+00  0.2125000      0.0000000E+00
  0.1250000      0.2125000      2.4922134E-03
  0.3750000      0.2125000      1.2348016E-02
  0.6250000      0.2125000      2.5702657E-02
  0.8750000      0.2125000      4.1700020E-02
   1.125000      0.2125000      5.9669852E-02
   1.375000      0.2125000      7.9016425E-02
   1.625000      0.2125000      9.9213511E-02
   1.875000      0.2125000      0.1198219    
   2.125000      0.2125000      0.1405023    
   2.375000      0.2125000      0.1610172    
   2.625000      0.2125000      0.1812233    
   2.875000      0.2125000      0.2010550    
   3.125000      0.2125000      0.2205062    
   3.375000      0.2125000      0.2396095    
   3.625000      0.2125000      0.2584183    
   3.875000      0.2125000      0.2769933    
   4.125000      0.2125000      0.2953922    
   4.375000      0.2125000      0.3136646    
   4.625000      0.2125000      0.3318505    
   4.875000      0.2125000      0.3499791    
   5.125000      0.2125000      0.3680714    
   5.375000      0.2125000      0.3861416    
   5.625000      0.2125000      0.4041987    
   5.875000      0.2125000      0.4222484    
   6.125000      0.2125000      0.4402940    
   6.375000      0.2125000      0.4583372    
   6.625000      0.2125000      0.4763795    
   6.875000      0.2125000      0.4944212    
   7.125000      0.2125000      0.5124626    
   7.375000      0.2125000      0.5305037    
   7.625000      0.2125000      0.5485448    
   7.875000      0.2125000      0.5665862    
   8.125000      0.2125000      0.5846285    
   8.375000      0.2125000      0.6026753    
   8.625000      0.2125000      0.6207429    
   8.875000      0.2125000      0.6389080    
   9.125000      0.2125000      0.6575448    
   9.375000      0.2125000      0.6785218    
   9.625000      0.2125000      0.7113776    
   9.875000      0.2125000      0.8046743    
   10.00000      0.2125000       1.000000    
 
  0.0000000E+00  0.2375000      0.0000000E+00
  0.1250000      0.2375000      2.0290492E-03
  0.3750000      0.2375000      1.0760487E-02
  0.6250000      0.2375000      2.3142725E-02
  0.8750000      0.2375000      3.8374316E-02
   1.125000      0.2375000      5.5750269E-02
   1.375000      0.2375000      7.4619614E-02
   1.625000      0.2375000      9.4402902E-02
   1.875000      0.2375000      0.1146171    
   2.125000      0.2375000      0.1348903    
   2.375000      0.2375000      0.1549633    
   2.625000      0.2375000      0.1746802    
   2.875000      0.2375000      0.1939713    
   3.125000      0.2375000      0.2128317    
   3.375000      0.2375000      0.2312991    
   3.625000      0.2375000      0.2494343    
   3.875000      0.2375000      0.2673056    
   4.125000      0.2375000      0.2849780    
   4.375000      0.2375000      0.3025074    
   4.625000      0.2375000      0.3199388    
   4.875000      0.2375000      0.3373053    
   5.125000      0.2375000      0.3546306    
   5.375000      0.2375000      0.3719307    
   5.625000      0.2375000      0.3892159    
   5.875000      0.2375000      0.4064926    
   6.125000      0.2375000      0.4237646    
   6.375000      0.2375000      0.4410340    
   6.625000      0.2375000      0.4583023    
   6.875000      0.2375000      0.4755697    
   7.125000      0.2375000      0.4928368    
   7.375000      0.2375000      0.5101037    
   7.625000      0.2375000      0.5273708    
   7.875000      0.2375000      0.5446377    
   8.125000      0.2375000      0.5619060    
   8.375000      0.2375000      0.5791790    
   8.625000      0.2375000      0.5964746    
   8.875000      0.2375000      0.6138754    
   9.125000      0.2375000      0.6317823    
   9.375000      0.2375000      0.6521940    
   9.625000      0.2375000      0.6853576    
   9.875000      0.2375000      0.7841955    
   10.00000      0.2375000       1.000000    
 
  0.0000000E+00  0.2625000      0.0000000E+00
  0.1250000      0.2625000      1.6662481E-03
  0.3750000      0.2625000      9.4536897E-03
  0.6250000      0.2625000      2.1006035E-02
  0.8750000      0.2625000      3.5586741E-02
   1.125000      0.2625000      5.2461177E-02
   1.375000      0.2625000      7.0925891E-02
   1.625000      0.2625000      9.0351224E-02
   1.875000      0.2625000      0.1102138    
   2.125000      0.2625000      0.1301123    
   2.375000      0.2625000      0.1497687    
   2.625000      0.2625000      0.1690172    
   2.875000      0.2625000      0.1877854    
   3.125000      0.2625000      0.2060712    
   3.375000      0.2625000      0.2239181    
   3.625000      0.2625000      0.2413946    
   3.875000      0.2625000      0.2585768    
   4.125000      0.2625000      0.2755372    
   4.375000      0.2625000      0.2923382    
   4.625000      0.2625000      0.3090296    
   4.875000      0.2625000      0.3256485    
   5.125000      0.2625000      0.3422212    
   5.375000      0.2625000      0.3587656    
   5.625000      0.2625000      0.3752933    
   5.875000      0.2625000      0.3918114    
   6.125000      0.2625000      0.4083242    
   6.375000      0.2625000      0.4248342    
   6.625000      0.2625000      0.4413427    
   6.875000      0.2625000      0.4578504    
   7.125000      0.2625000      0.4743577    
   7.375000      0.2625000      0.4908647    
   7.625000      0.2625000      0.5073719    
   7.875000      0.2625000      0.5238791    
   8.125000      0.2625000      0.5403875    
   8.375000      0.2625000      0.5569012    
   8.625000      0.2625000      0.5734391    
   8.875000      0.2625000      0.5900897    
   9.125000      0.2625000      0.6072781    
   9.375000      0.2625000      0.6271197    
   9.625000      0.2625000      0.6605006    
   9.875000      0.2625000      0.7644135    
   10.00000      0.2625000       1.000000    
 
  0.0000000E+00  0.2875000      0.0000000E+00
  0.1250000      0.2875000      1.3880538E-03
  0.3750000      0.2875000      8.4118582E-03
  0.6250000      0.2875000      1.9289937E-02
  0.8750000      0.2875000      3.3349484E-02
   1.125000      0.2875000      4.9827244E-02
   1.375000      0.2875000      6.7969188E-02
   1.625000      0.2875000      8.7098673E-02
   1.875000      0.2875000      0.1066559    
   2.125000      0.2875000      0.1262143    
   2.375000      0.2875000      0.1454805    
   2.625000      0.2875000      0.1642817    
   2.875000      0.2875000      0.1825452    
   3.125000      0.2875000      0.2002725    
   3.375000      0.2875000      0.2175144    
   3.625000      0.2875000      0.2343472    
   3.875000      0.2875000      0.2508555    
   4.125000      0.2875000      0.2671193    
   4.375000      0.2875000      0.2832072    
   4.625000      0.2875000      0.2991742    
   4.875000      0.2875000      0.3150610    
   5.125000      0.2875000      0.3308967    
   5.375000      0.2875000      0.3467011    
   5.625000      0.2875000      0.3624870    
   5.875000      0.2875000      0.3782622    
   6.125000      0.2875000      0.3940315    
   6.375000      0.2875000      0.4097976    
   6.625000      0.2875000      0.4255621    
   6.875000      0.2875000      0.4413257    
   7.125000      0.2875000      0.4570888    
   7.375000      0.2875000      0.4728516    
   7.625000      0.2875000      0.4886146    
   7.875000      0.2875000      0.5043776    
   8.125000      0.2875000      0.5201420    
   8.375000      0.2875000      0.5359120    
   8.625000      0.2875000      0.5517080    
   8.875000      0.2875000      0.5676239    
   9.125000      0.2875000      0.5841078    
   9.375000      0.2875000      0.6033813    
   9.625000      0.2875000      0.6369088    
   9.875000      0.2875000      0.7454739    
   10.00000      0.2875000       1.000000    
 
  0.0000000E+00  0.3125000      0.0000000E+00
  0.1250000      0.3125000      1.1812508E-03
  0.3750000      0.3125000      7.6204324E-03
  0.6250000      0.3125000      1.7991610E-02
  0.8750000      0.3125000      3.1673584E-02
   1.125000      0.3125000      4.7871113E-02
   1.375000      0.3125000      6.5780513E-02
   1.625000      0.3125000      8.4681667E-02
   1.875000      0.3125000      0.1039830    
   2.125000      0.3125000      0.1232374    
   2.375000      0.3125000      0.1421403    
   2.625000      0.3125000      0.1605154    
   2.875000      0.3125000      0.1782916    
   3.125000      0.3125000      0.1954765    
   3.375000      0.3125000      0.2121286    
   3.625000      0.3125000      0.2283332    
   3.875000      0.3125000      0.2441832    
   4.125000      0.3125000      0.2597662    
   4.375000      0.3125000      0.2751572    
   4.625000      0.3125000      0.2904161    
   4.875000      0.3125000      0.3055875    
   5.125000      0.3125000      0.3207029    
   5.375000      0.3125000      0.3357841    
   5.625000      0.3125000      0.3508449    
   5.875000      0.3125000      0.3658942    
   6.125000      0.3125000      0.3809368    
   6.375000      0.3125000      0.3959760    
   6.625000      0.3125000      0.4110134    
   6.875000      0.3125000      0.4260497    
   7.125000      0.3125000      0.4410855    
   7.375000      0.3125000      0.4561211    
   7.625000      0.3125000      0.4711569    
   7.875000      0.3125000      0.4861925    
   8.125000      0.3125000      0.5012298    
   8.375000      0.3125000      0.5162731    
   8.625000      0.3125000      0.5313441    
   8.875000      0.3125000      0.5465426    
   9.125000      0.3125000      0.5623385    
   9.375000      0.3125000      0.5810520    
   9.625000      0.3125000      0.6146770    
   9.875000      0.3125000      0.7275141    
   10.00000      0.3125000       1.000000    
 
  0.0000000E+00  0.3375000      0.0000000E+00
  0.1250000      0.3375000      1.0353397E-03
  0.3750000      0.3375000      7.0676776E-03
  0.6250000      0.3375000      1.7110113E-02
  0.8750000      0.3375000      3.0570865E-02
   1.125000      0.3375000      4.6615019E-02
   1.375000      0.3375000      6.4389251E-02
   1.625000      0.3375000      8.3133921E-02
   1.875000      0.3375000      0.1022310    
   2.125000      0.3375000      0.1212183    
   2.375000      0.3375000      0.1397848    
   2.625000      0.3375000      0.1577541    
   2.875000      0.3375000      0.1750602    
   3.125000      0.3375000      0.1917180    
   3.375000      0.3375000      0.2077955    
   3.625000      0.3375000      0.2233870    
   3.875000      0.3375000      0.2385945    
   4.125000      0.3375000      0.2535131    
   4.375000      0.3375000      0.2682241    
   4.625000      0.3375000      0.2827922    
   4.875000      0.3375000      0.2972657    
   5.125000      0.3375000      0.3116787    
   5.375000      0.3375000      0.3260546    
   5.625000      0.3375000      0.3404084    
   5.875000      0.3375000      0.3547496    
   6.125000      0.3375000      0.3690837    
   6.375000      0.3375000      0.3834140    
   6.625000      0.3375000      0.3977423    
   6.875000      0.3375000      0.4120695    
   7.125000      0.3375000      0.4263961    
   7.375000      0.3375000      0.4407226    
   7.625000      0.3375000      0.4550491    
   7.875000      0.3375000      0.4693756    
   8.125000      0.3375000      0.4837037    
   8.375000      0.3375000      0.4980385    
   8.625000      0.3375000      0.5124029    
   8.875000      0.3375000      0.5269024    
   9.125000      0.3375000      0.5420293    
   9.375000      0.3375000      0.5601981    
   9.625000      0.3375000      0.5938913    
   9.875000      0.3375000      0.7106637    
   10.00000      0.3375000       1.000000    
 
  0.0000000E+00  0.3625000      0.0000000E+00
  0.1250000      0.3625000      9.4256701E-04
  0.3750000      0.3625000      6.7460099E-03
  0.6250000      0.3625000      1.6648229E-02
  0.8750000      0.3625000      3.0055653E-02
   1.125000      0.3625000      4.6082158E-02
   1.375000      0.3625000      6.3824199E-02
   1.625000      0.3625000      8.2487136E-02
   1.875000      0.3625000      0.1014327    
   2.125000      0.3625000      0.1201896    
   2.375000      0.3625000      0.1384457    
   2.625000      0.3625000      0.1560289    
   2.875000      0.3625000      0.1728808    
   3.125000      0.3625000      0.1890263    
   3.375000      0.3625000      0.2045436    
   3.625000      0.3625000      0.2195372    
   3.875000      0.3625000      0.2341181    
   4.125000      0.3625000      0.2483891    
   4.375000      0.3625000      0.2624376    
   4.625000      0.3625000      0.2763330    
   4.875000      0.3625000      0.2901270    
   5.125000      0.3625000      0.3038563    
   5.375000      0.3625000      0.3175459    
   5.625000      0.3625000      0.3312117    
   5.875000      0.3625000      0.3448640    
   6.125000      0.3625000      0.3585086    
   6.375000      0.3625000      0.3721492    
   6.625000      0.3625000      0.3857876    
   6.875000      0.3625000      0.3994249    
   7.125000      0.3625000      0.4130615    
   7.375000      0.3625000      0.4266979    
   7.625000      0.3625000      0.4403344    
   7.875000      0.3625000      0.4539709    
   8.125000      0.3625000      0.4676091    
   8.375000      0.3625000      0.4812545    
   8.625000      0.3625000      0.4949318    
   8.875000      0.3625000      0.5087525    
   9.125000      0.3625000      0.5232320    
   9.375000      0.3625000      0.5408774    
   9.625000      0.3625000      0.5746300    
   9.875000      0.3625000      0.6950418    
   10.00000      0.3625000       1.000000    
 
  0.0000000E+00  0.3875000      0.0000000E+00
  0.1250000      0.3875000      8.9790928E-04
  0.3750000      0.3875000      6.6531477E-03
  0.6250000      0.3875000      1.6614111E-02
  0.8750000      0.3875000      3.0146362E-02
   1.125000      0.3875000      4.6297953E-02
   1.375000      0.3875000      6.4114504E-02
   1.625000      0.3875000      8.2771756E-02
   1.875000      0.3875000      0.1016183    
   2.125000      0.3875000      0.1201805    
   2.375000      0.3875000      0.1381508    
   2.625000      0.3875000      0.1553659    
   2.875000      0.3875000      0.1717784    
   3.125000      0.3875000      0.1874253    
   3.375000      0.3875000      0.2023963    
   3.625000      0.3875000      0.2168069    
   3.875000      0.3875000      0.2307772    
   4.125000      0.3875000      0.2444176    
   4.375000      0.3875000      0.2578216    
   4.625000      0.3875000      0.2710631    
   4.875000      0.3875000      0.2841971    
   5.125000      0.3875000      0.2972623    
   5.375000      0.3875000      0.3102853    
   5.625000      0.3875000      0.3232831    
   5.875000      0.3875000      0.3362667    
   6.125000      0.3875000      0.3492420    
   6.375000      0.3875000      0.3622130    
   6.625000      0.3875000      0.3751818    
   6.875000      0.3875000      0.3881493    
   7.125000      0.3875000      0.4011162    
   7.375000      0.3875000      0.4140828    
   7.625000      0.3875000      0.4270495    
   7.875000      0.3875000      0.4400162    
   8.125000      0.3875000      0.4529848    
   8.375000      0.3875000      0.4659613    
   8.625000      0.3875000      0.4789720    
   8.875000      0.3875000      0.4921353    
   9.125000      0.3875000      0.5059912    
   9.375000      0.3875000      0.5231411    
   9.625000      0.3875000      0.5569634    
   9.875000      0.3875000      0.6807576    
   10.00000      0.3875000       1.000000    
 
  0.0000000E+00  0.4125000      0.0000000E+00
  0.1250000      0.4125000      8.9908839E-04
  0.3750000      0.4125000      6.7931423E-03
  0.6250000      0.4125000      1.7022757E-02
  0.8750000      0.4125000      3.0866813E-02
   1.125000      0.4125000      4.7291070E-02
   1.375000      0.4125000      6.5290377E-02
   1.625000      0.4125000      8.4017493E-02
   1.875000      0.4125000      0.1028158    
   2.125000      0.4125000      0.1212169    
   2.375000      0.4125000      0.1389239    
   2.625000      0.4125000      0.1557870    
   2.875000      0.4125000      0.1717734    
   3.125000      0.4125000      0.1869342    
   3.375000      0.4125000      0.2013722    
   3.625000      0.4125000      0.2152143    
   3.875000      0.4125000      0.2285900    
   4.125000      0.4125000      0.2416173    
   4.375000      0.4125000      0.2543953    
   4.625000      0.4125000      0.2670023    
   4.875000      0.4125000      0.2794961    
   5.125000      0.4125000      0.2919177    
   5.375000      0.4125000      0.3042950    
   5.625000      0.4125000      0.3166457    
   5.875000      0.4125000      0.3289816    
   6.125000      0.4125000      0.3413088    
   6.375000      0.4125000      0.3536314    
   6.625000      0.4125000      0.3659517    
   6.875000      0.4125000      0.3782706    
   7.125000      0.4125000      0.3905888    
   7.375000      0.4125000      0.4029068    
   7.625000      0.4125000      0.4152250    
   7.875000      0.4125000      0.4275432    
   8.125000      0.4125000      0.4398634    
   8.375000      0.4125000      0.4521921    
   8.625000      0.4125000      0.4645579    
   8.875000      0.4125000      0.4770866    
   9.125000      0.4125000      0.4903452    
   9.375000      0.4125000      0.5070336    
   9.625000      0.4125000      0.5409544    
   9.875000      0.4125000      0.6679100    
   10.00000      0.4125000       1.000000    
 
  0.0000000E+00  0.4375000      0.0000000E+00
  0.1250000      0.4375000      9.4666879E-04
  0.3750000      0.4375000      7.1773594E-03
  0.6250000      0.4375000      1.7897287E-02
  0.8750000      0.4375000      3.2247331E-02
   1.125000      0.4375000      4.9094219E-02
   1.375000      0.4375000      6.7383714E-02
   1.625000      0.4375000      8.6253732E-02
   1.875000      0.4375000      0.1050517    
   2.125000      0.4375000      0.1233221    
   2.375000      0.4375000      0.1407856    
   2.625000      0.4375000      0.1573106    
   2.875000      0.4375000      0.1728823    
   3.125000      0.4375000      0.1875683    
   3.375000      0.4375000      0.2014858    
   3.625000      0.4375000      0.2147734    
   3.875000      0.4375000      0.2275704    
   4.125000      0.4375000      0.2400022    
   4.375000      0.4375000      0.2521732    
   4.625000      0.4375000      0.2641657    
   4.875000      0.4375000      0.2760402    
   5.125000      0.4375000      0.2878395    
   5.375000      0.4375000      0.2995927    
   5.625000      0.4375000      0.3113182    
   5.875000      0.4375000      0.3230283    
   6.125000      0.4375000      0.3347293    
   6.375000      0.4375000      0.3464256    
   6.625000      0.4375000      0.3581194    
   6.875000      0.4375000      0.3698119    
   7.125000      0.4375000      0.3815036    
   7.375000      0.4375000      0.3931951    
   7.625000      0.4375000      0.4048867    
   7.875000      0.4375000      0.4165785    
   8.125000      0.4375000      0.4282724    
   8.375000      0.4375000      0.4399756    
   8.625000      0.4375000      0.4517191    
   8.875000      0.4375000      0.4636373    
   9.125000      0.4375000      0.4763272    
   9.375000      0.4375000      0.4925943    
   9.625000      0.4375000      0.5266595    
   9.875000      0.4375000      0.6565887    
   10.00000      0.4375000       1.000000    
 
  0.0000000E+00  0.4625000      0.0000000E+00
  0.1250000      0.4625000      1.0442903E-03
  0.3750000      0.4625000      7.8254566E-03
  0.6250000      0.4625000      1.9269986E-02
  0.8750000      0.4625000      3.4325462E-02
   1.125000      0.4625000      5.1744509E-02
   1.375000      0.4625000      7.0428170E-02
   1.625000      0.4625000      8.9509599E-02
   1.875000      0.4625000      0.1083503    
   2.125000      0.4625000      0.1265167    
   2.375000      0.4625000      0.1437529    
   2.625000      0.4625000      0.1599511    
   2.875000      0.4625000      0.1751176    
   3.125000      0.4625000      0.1893388    
   3.375000      0.4625000      0.2027473    
   3.625000      0.4625000      0.2154944    
   3.875000      0.4625000      0.2277287    
   4.125000      0.4625000      0.2395828    
   4.375000      0.4625000      0.2511663    
   4.625000      0.4625000      0.2625649    
   4.875000      0.4625000      0.2738414    
   5.125000      0.4625000      0.2850405    
   5.375000      0.4625000      0.2961919    
   5.625000      0.4625000      0.3073149    
   5.875000      0.4625000      0.3184218    
   6.125000      0.4625000      0.3295195    
   6.375000      0.4625000      0.3406123    
   6.625000      0.4625000      0.3517025    
   6.875000      0.4625000      0.3627915    
   7.125000      0.4625000      0.3738797    
   7.375000      0.4625000      0.3849676    
   7.625000      0.4625000      0.3960555    
   7.875000      0.4625000      0.4071438    
   8.125000      0.4625000      0.4182344    
   8.375000      0.4625000      0.4293352    
   8.625000      0.4625000      0.4404800    
   8.875000      0.4625000      0.4518130    
   9.125000      0.4625000      0.4639652    
   9.375000      0.4625000      0.4798570    
   9.625000      0.4625000      0.5141295    
   9.875000      0.4625000      0.6468739    
   10.00000      0.4625000       1.000000    
 
  0.0000000E+00  0.4875000      0.0000000E+00
  0.1250000      0.4875000      1.1990804E-03
  0.3750000      0.4875000      8.7664174E-03
  0.6250000      0.4875000      2.1183152E-02
  0.8750000      0.4875000      3.7146378E-02
   1.125000      0.4875000      5.5283535E-02
   1.375000      0.4875000      7.4459113E-02
   1.625000      0.4875000      9.3813851E-02
   1.875000      0.4875000      0.1127346    
   2.125000      0.4875000      0.1308183    
   2.375000      0.4875000      0.1478398    
   2.625000      0.4875000      0.1637194    
   2.875000      0.4875000      0.1784883    
   3.125000      0.4875000      0.1922534    
   3.375000      0.4875000      0.2051639    
   3.625000      0.4875000      0.2173839    
   3.875000      0.4875000      0.2290716    
   4.125000      0.4875000      0.2403662    
   4.375000      0.4875000      0.2513820    
   4.625000      0.4875000      0.2622078    
   4.875000      0.4875000      0.2729085    
   5.125000      0.4875000      0.2835300    
   5.375000      0.4875000      0.2941027    
   5.625000      0.4875000      0.3046465    
   5.875000      0.4875000      0.3151738    
   6.125000      0.4875000      0.3256918    
   6.375000      0.4875000      0.3362047    
   6.625000      0.4875000      0.3467151    
   6.875000      0.4875000      0.3572242    
   7.125000      0.4875000      0.3677324    
   7.375000      0.4875000      0.3782404    
   7.625000      0.4875000      0.3887485    
   7.875000      0.4875000      0.3992569    
   8.125000      0.4875000      0.4097680    
   8.375000      0.4875000      0.4202902    
   8.625000      0.4875000      0.4308608    
   8.875000      0.4875000      0.4416349    
   9.125000      0.4875000      0.4532826    
   9.375000      0.4875000      0.4688511    
   9.625000      0.4875000      0.5034094    
   9.875000      0.4875000      0.6388373    
   10.00000      0.4875000       1.000000    
 
  0.0000000E+00  0.5125000      0.0000000E+00
  0.1250000      0.5125000      1.4222976E-03
  0.3750000      0.5125000      1.0039634E-02
  0.6250000      0.5125000      2.3689680E-02
  0.8750000      0.5125000      4.0762868E-02
   1.125000      0.5125000      5.9757024E-02
   1.375000      0.5125000      7.9513170E-02
   1.625000      0.5125000      9.9194452E-02
   1.875000      0.5125000      0.1182252    
   2.125000      0.5125000      0.1362420    
   2.375000      0.5125000      0.1530571    
   2.625000      0.5125000      0.1686235    
   2.875000      0.5125000      0.1830001    
   3.125000      0.5125000      0.1963166    
   3.375000      0.5125000      0.2087394    
   3.625000      0.5125000      0.2204457    
   3.875000      0.5125000      0.2316028    
   4.125000      0.5125000      0.2423564    
   4.375000      0.5125000      0.2528248    
   4.625000      0.5125000      0.2630996    
   4.875000      0.5125000      0.2732472    
   5.125000      0.5125000      0.2833143    
   5.375000      0.5125000      0.2933322    
   5.625000      0.5125000      0.3033208    
   5.875000      0.5125000      0.3132927    
   6.125000      0.5125000      0.3232552    
   6.375000      0.5125000      0.3332126    
   6.625000      0.5125000      0.3431674    
   6.875000      0.5125000      0.3531210    
   7.125000      0.5125000      0.3630737    
   7.375000      0.5125000      0.3730262    
   7.625000      0.5125000      0.3829786    
   7.875000      0.5125000      0.3929316    
   8.125000      0.5125000      0.4028875    
   8.375000      0.5125000      0.4128559    
   8.625000      0.5125000      0.4228773    
   8.875000      0.5125000      0.4331203    
   9.125000      0.5125000      0.4442989    
   9.375000      0.5125000      0.4596017    
   9.625000      0.5125000      0.4945397    
   9.875000      0.5125000      0.6325428    
   10.00000      0.5125000       1.000000    
 
  0.0000000E+00  0.5375000      0.0000000E+00
  0.1250000      0.5375000      1.7302515E-03
  0.3750000      0.5375000      1.1696055E-02
  0.6250000      0.5375000      2.6853360E-02
  0.8750000      0.5375000      4.5234915E-02
   1.125000      0.5375000      6.5214127E-02
   1.375000      0.5375000      8.5627586E-02
   1.625000      0.5375000      0.1056781    
   1.875000      0.5375000      0.1248404    
   2.125000      0.5375000      0.1427999    
   2.375000      0.5375000      0.1594122    
   2.625000      0.5375000      0.1746677    
   2.875000      0.5375000      0.1886558    
   3.125000      0.5375000      0.2015300    
   3.375000      0.5375000      0.2134749    
   3.625000      0.5375000      0.2246808    
   3.875000      0.5375000      0.2353237    
   4.125000      0.5375000      0.2455550    
   4.375000      0.5375000      0.2554970    
   4.625000      0.5375000      0.2652430    
   4.875000      0.5375000      0.2748607    
   5.125000      0.5375000      0.2843975    
   5.375000      0.5375000      0.2938848    
   5.625000      0.5375000      0.3033428    
   5.875000      0.5375000      0.3127841    
   6.125000      0.5375000      0.3222160    
   6.375000      0.5375000      0.3316429    
   6.625000      0.5375000      0.3410672    
   6.875000      0.5375000      0.3504902    
   7.125000      0.5375000      0.3599124    
   7.375000      0.5375000      0.3693343    
   7.625000      0.5375000      0.3787563    
   7.875000      0.5375000      0.3881788    
   8.125000      0.5375000      0.3976046    
   8.375000      0.5375000      0.4070444    
   8.625000      0.5375000      0.4165426    
   8.875000      0.5375000      0.4262831    
   9.125000      0.5375000      0.4370302    
   9.375000      0.5375000      0.4521306    
   9.625000      0.5375000      0.4875564    
   9.875000      0.5375000      0.6280467    
   10.00000      0.5375000       1.000000    
 
  0.0000000E+00  0.5625000      0.0000000E+00
  0.1250000      0.5625000      2.1455737E-03
  0.3750000      0.5625000      1.3799353E-02
  0.6250000      0.5625000      3.0748762E-02
  0.8750000      0.5625000      5.0628766E-02
   1.125000      0.5625000      7.1706310E-02
   1.375000      0.5625000      9.2839211E-02
   1.625000      0.5625000      0.1132897    
   1.875000      0.5625000      0.1325959    
   2.125000      0.5625000      0.1505009    
   2.375000      0.5625000      0.1669097    
   2.625000      0.5625000      0.1818538    
   2.875000      0.5625000      0.1954552    
   3.125000      0.5625000      0.2078927    
   3.375000      0.5625000      0.2193694    
   3.625000      0.5625000      0.2300881    
   3.875000      0.5625000      0.2402335    
   4.125000      0.5625000      0.2499619    
   4.375000      0.5625000      0.2593988    
   4.625000      0.5625000      0.2686388    
   4.875000      0.5625000      0.2777505    
   5.125000      0.5625000      0.2867814    
   5.375000      0.5625000      0.2957631    
   5.625000      0.5625000      0.3047158    
   5.875000      0.5625000      0.3136518    
   6.125000      0.5625000      0.3225786    
   6.375000      0.5625000      0.3315005    
   6.625000      0.5625000      0.3404197    
   6.875000      0.5625000      0.3493377    
   7.125000      0.5625000      0.3582550    
   7.375000      0.5625000      0.3671720    
   7.625000      0.5625000      0.3760890    
   7.875000      0.5625000      0.3850067    
   8.125000      0.5625000      0.3939281    
   8.375000      0.5625000      0.4028650    
   8.625000      0.5625000      0.4118668    
   8.875000      0.5625000      0.4211344    
   9.125000      0.5625000      0.4314896    
   9.375000      0.5625000      0.4464565    
   9.625000      0.5625000      0.4824917    
   9.875000      0.5625000      0.6253979    
   10.00000      0.5625000       1.000000    
 
  0.0000000E+00  0.5875000      0.0000000E+00
  0.1250000      0.5875000      2.6988995E-03
  0.3750000      0.5875000      1.6427001E-02
  0.6250000      0.5875000      3.5460629E-02
  0.8750000      0.5875000      5.7015430E-02
   1.125000      0.5875000      7.9285756E-02
   1.375000      0.5875000      0.1011832    
   1.625000      0.5875000      0.1220508    
   1.875000      0.5875000      0.1415035    
   2.125000      0.5875000      0.1593502    
   2.375000      0.5875000      0.1755505    
   2.625000      0.5875000      0.1901800    
   2.875000      0.5875000      0.2033953    
   3.125000      0.5875000      0.2154011    
   3.375000      0.5875000      0.2264191    
   3.625000      0.5875000      0.2366644    
   3.875000      0.5875000      0.2463294    
   4.125000      0.5875000      0.2555749    
   4.375000      0.5875000      0.2645285    
   4.625000      0.5875000      0.2732859    
   4.875000      0.5875000      0.2819160    
   5.125000      0.5875000      0.2904661    
   5.375000      0.5875000      0.2989677    
   5.625000      0.5875000      0.3074407    
   5.875000      0.5875000      0.3158975    
   6.125000      0.5875000      0.3243452    
   6.375000      0.5875000      0.3327880    
   6.625000      0.5875000      0.3412283    
   6.875000      0.5875000      0.3496673    
   7.125000      0.5875000      0.3581057    
   7.375000      0.5875000      0.3665438    
   7.625000      0.5875000      0.3749820    
   7.875000      0.5875000      0.3834209    
   8.125000      0.5875000      0.3918640    
   8.375000      0.5875000      0.4003244    
   8.625000      0.5875000      0.4088573    
   8.875000      0.5875000      0.4176824    
   9.125000      0.5875000      0.4276873    
   9.375000      0.5875000      0.4425949    
   9.625000      0.5875000      0.4793736    
   9.875000      0.5875000      0.6246379    
   10.00000      0.5875000       1.000000    
 
  0.0000000E+00  0.6125000      0.0000000E+00
  0.1250000      0.6125000      3.4310375E-03
  0.3750000      0.6125000      1.9671189E-02
  0.6250000      0.6125000      4.1082703E-02
  0.8750000      0.6125000      6.4468749E-02
   1.125000      0.6125000      8.8003516E-02
   1.375000      0.6125000      0.1106914    
   1.625000      0.6125000      0.1319793    
   1.875000      0.6125000      0.1515713    
   2.125000      0.6125000      0.1693495    
   2.375000      0.6125000      0.1853323    
   2.625000      0.6125000      0.1996419    
   2.875000      0.6125000      0.2124708    
   3.125000      0.6125000      0.2240499    
   3.375000      0.6125000      0.2346191    
   3.625000      0.6125000      0.2444053    
   3.875000      0.6125000      0.2536076    
   4.125000      0.6125000      0.2623906    
   4.375000      0.6125000      0.2708835    
   4.625000      0.6125000      0.2791823    
   4.875000      0.6125000      0.2873557    
   5.125000      0.6125000      0.2954506    
   5.375000      0.6125000      0.3034981    
   5.625000      0.6125000      0.3115176    
   5.875000      0.6125000      0.3195214    
   6.125000      0.6125000      0.3275164    
   6.375000      0.6125000      0.3355067    
   6.625000      0.6125000      0.3434945    
   6.875000      0.6125000      0.3514812    
   7.125000      0.6125000      0.3594672    
   7.375000      0.6125000      0.3674529    
   7.625000      0.6125000      0.3754387    
   7.875000      0.6125000      0.3834255    
   8.125000      0.6125000      0.3914168    
   8.375000      0.6125000      0.3994278    
   8.625000      0.6125000      0.4075193    
   8.875000      0.6125000      0.4159336    
   9.125000      0.6125000      0.4256316    
   9.375000      0.6125000      0.4405588    
   9.625000      0.6125000      0.4782267    
   9.875000      0.6125000      0.6258008    
   10.00000      0.6125000       1.000000    
 
  0.0000000E+00  0.6375000      0.0000000E+00
  0.1250000      0.6375000      4.3956940E-03
  0.3750000      0.6375000      2.3639314E-02
  0.6250000      0.6375000      4.7715764E-02
  0.8750000      0.6375000      7.3062748E-02
   1.125000      0.6375000      9.7907178E-02
   1.375000      0.6375000      0.1213912    
   1.625000      0.6375000      0.1430879    
   1.875000      0.6375000      0.1628025    
   2.125000      0.6375000      0.1804960    
   2.375000      0.6375000      0.1962491    
   2.625000      0.6375000      0.2102320    
   2.875000      0.6375000      0.2226738    
   3.125000      0.6375000      0.2338315    
   3.375000      0.6375000      0.2439623    
   3.625000      0.6375000      0.2533043    
   3.875000      0.6375000      0.2620626    
   4.125000      0.6375000      0.2704044    
   4.375000      0.6375000      0.2784598    
   4.625000      0.6375000      0.2863245    
   4.875000      0.6375000      0.2940666    
   5.125000      0.6375000      0.3017324    
   5.375000      0.6375000      0.3093521    
   5.625000      0.6375000      0.3169449    
   5.875000      0.6375000      0.3245224    
   6.125000      0.6375000      0.3320916    
   6.375000      0.6375000      0.3396563    
   6.625000      0.6375000      0.3472185    
   6.875000      0.6375000      0.3547796    
   7.125000      0.6375000      0.3623402    
   7.375000      0.6375000      0.3699004    
   7.625000      0.6375000      0.3774609    
   7.875000      0.6375000      0.3850224    
   8.125000      0.6375000      0.3925890    
   8.375000      0.6375000      0.4001777    
   8.625000      0.6375000      0.4078563    
   8.875000      0.6375000      0.4158919    
   9.125000      0.6375000      0.4253283    
   9.375000      0.6375000      0.4403583    
   9.625000      0.6375000      0.4790707    
   9.875000      0.6375000      0.6289126    
   10.00000      0.6375000       1.000000    
 
  0.0000000E+00  0.6625000      0.0000000E+00
  0.1250000      0.6625000      5.6628129E-03
  0.3750000      0.6625000      2.8453903E-02
  0.6250000      0.6625000      5.5464920E-02
  0.8750000      0.6625000      8.2868643E-02
   1.125000      0.6625000      0.1090386    
   1.375000      0.6625000      0.1333031    
   1.625000      0.6625000      0.1553834    
   1.875000      0.6625000      0.1751951    
   2.125000      0.6625000      0.1927828    
   2.375000      0.6625000      0.2082914    
   2.625000      0.6625000      0.2219400    
   2.875000      0.6625000      0.2339943    
   3.125000      0.6625000      0.2447364    
   3.375000      0.6625000      0.2544406    
   3.625000      0.6625000      0.2633544    
   3.875000      0.6625000      0.2716880    
   4.125000      0.6625000      0.2796108    
   4.375000      0.6625000      0.2872525    
   4.625000      0.6625000      0.2947084    
   4.875000      0.6625000      0.3020453    
   5.125000      0.6625000      0.3093084    
   5.375000      0.6625000      0.3165272    
   5.625000      0.6625000      0.3237202    
   5.875000      0.6625000      0.3308987    
   6.125000      0.6625000      0.3380692    
   6.375000      0.6625000      0.3452353    
   6.625000      0.6625000      0.3523993    
   6.875000      0.6625000      0.3595622    
   7.125000      0.6625000      0.3667245    
   7.375000      0.6625000      0.3738866    
   7.625000      0.6625000      0.3810489    
   7.875000      0.6625000      0.3882124    
   8.125000      0.6625000      0.3953817    
   8.375000      0.6625000      0.4025757    
   8.625000      0.6625000      0.4098701    
   8.875000      0.6625000      0.4175598    
   9.125000      0.6625000      0.4267812    
   9.375000      0.6625000      0.4420006    
   9.625000      0.6625000      0.4819205    
   9.875000      0.6625000      0.6339906    
   10.00000      0.6625000       1.000000    
 
  0.0000000E+00  0.6875000      0.0000000E+00
  0.1250000      0.6875000      7.3225116E-03
  0.3750000      0.6875000      3.4251563E-02
  0.6250000      0.6875000      6.4435884E-02
  0.8750000      0.6875000      9.3951307E-02
   1.125000      0.6875000      0.1214313    
   1.375000      0.6875000      0.1464398    
   1.625000      0.6875000      0.1688654    
   1.875000      0.6875000      0.1887413    
   2.125000      0.6875000      0.2061983    
   2.375000      0.6875000      0.2214462    
   2.625000      0.6875000      0.2347532    
   2.875000      0.6875000      0.2464202    
   3.125000      0.6875000      0.2567542    
   3.375000      0.6875000      0.2660445    
   3.625000      0.6875000      0.2745474    
   3.875000      0.6875000      0.2824772    
   4.125000      0.6875000      0.2900037    
   4.375000      0.6875000      0.2972565    
   4.625000      0.6875000      0.3043292    
   4.875000      0.6875000      0.3112874    
   5.125000      0.6875000      0.3181748    
   5.375000      0.6875000      0.3250199    
   5.625000      0.6875000      0.3318405    
   5.875000      0.6875000      0.3386474    
   6.125000      0.6875000      0.3454467    
   6.375000      0.6875000      0.3522420    
   6.625000      0.6875000      0.3590352    
   6.875000      0.6875000      0.3658274    
   7.125000      0.6875000      0.3726190    
   7.375000      0.6875000      0.3794104    
   7.625000      0.6875000      0.3862022    
   7.875000      0.6875000      0.3929953    
   8.125000      0.6875000      0.3997949    
   8.375000      0.6875000      0.4066222    
   8.625000      0.6875000      0.4135616    
   8.875000      0.6875000      0.4209387    
   9.125000      0.6875000      0.4299925    
   9.375000      0.6875000      0.4454903    
   9.625000      0.6875000      0.4867851    
   9.875000      0.6875000      0.6410420    
   10.00000      0.6875000       1.000000    
 
  0.0000000E+00  0.7125000      0.0000000E+00
  0.1250000      0.7125000      9.4895400E-03
  0.3750000      0.7125000      4.1180622E-02
  0.6250000      0.7125000      7.4730322E-02
  0.8750000      0.7125000      0.1063654    
   1.125000      0.7125000      0.1351078    
   1.375000      0.7125000      0.1608042    
   1.625000      0.7125000      0.1835255    
   1.875000      0.7125000      0.2034269    
   2.125000      0.7125000      0.2207260    
   2.375000      0.7125000      0.2356969    
   2.625000      0.7125000      0.2486558    
   2.875000      0.7125000      0.2599376    
   3.125000      0.7125000      0.2698725    
   3.375000      0.7125000      0.2787635    
   3.625000      0.7125000      0.2868744    
   3.875000      0.7125000      0.2944220    
   4.125000      0.7125000      0.3015765    
   4.375000      0.7125000      0.3084658    
   4.625000      0.7125000      0.3151818    
   4.875000      0.7125000      0.3217881    
   5.125000      0.7125000      0.3283271    
   5.375000      0.7125000      0.3348261    
   5.625000      0.7125000      0.3413020    
   5.875000      0.7125000      0.3477649    
   6.125000      0.7125000      0.3542209    
   6.375000      0.7125000      0.3606731    
   6.625000      0.7125000      0.3671233    
   6.875000      0.7125000      0.3735726    
   7.125000      0.7125000      0.3800214    
   7.375000      0.7125000      0.3864700    
   7.625000      0.7125000      0.3929189    
   7.875000      0.7125000      0.3993695    
   8.125000      0.7125000      0.4058273    
   8.375000      0.7125000      0.4123161    
   8.625000      0.7125000      0.4189298    
   8.875000      0.7125000      0.4260279    
   9.125000      0.7125000      0.4349620    
   9.375000      0.7125000      0.4508279    
   9.625000      0.7125000      0.4936660    
   9.875000      0.7125000      0.6500623    
   10.00000      0.7125000       1.000000    
 
  0.0000000E+00  0.7375000      0.0000000E+00
  0.1250000      0.7375000      1.2308031E-02
  0.3750000      0.7375000      4.9397163E-02
  0.6250000      0.7375000      8.6440377E-02
  0.8750000      0.7375000      0.1201514    
   1.125000      0.7375000      0.1500773    
   1.375000      0.7375000      0.1763882    
   1.625000      0.7375000      0.1993470    
   1.875000      0.7375000      0.2192314    
   2.125000      0.7375000      0.2363446    
   2.375000      0.7375000      0.2510234    
   2.625000      0.7375000      0.2636298    
   2.875000      0.7375000      0.2745310    
   3.125000      0.7375000      0.2840781    
   3.375000      0.7375000      0.2925866    
   3.625000      0.7375000      0.3003259    
   3.875000      0.7375000      0.3075147    
   4.125000      0.7375000      0.3143221    
   4.375000      0.7375000      0.3208741    
   4.625000      0.7375000      0.3272603    
   4.875000      0.7375000      0.3335423    
   5.125000      0.7375000      0.3397607    
   5.375000      0.7375000      0.3459413    
   5.625000      0.7375000      0.3521004    
   5.875000      0.7375000      0.3582475    
   6.125000      0.7375000      0.3643880    
   6.375000      0.7375000      0.3705251    
   6.625000      0.7375000      0.3766603    
   6.875000      0.7375000      0.3827947    
   7.125000      0.7375000      0.3889287    
   7.375000      0.7375000      0.3950625    
   7.625000      0.7375000      0.4011967    
   7.875000      0.7375000      0.4073327    
   8.125000      0.7375000      0.4134769    
   8.375000      0.7375000      0.4196556    
   8.625000      0.7375000      0.4259730    
   8.875000      0.7375000      0.4328260    
   9.125000      0.7375000      0.4416879    
   9.375000      0.7375000      0.4580098    
   9.625000      0.7375000      0.5025556    
   9.875000      0.7375000      0.6610335    
   10.00000      0.7375000       1.000000    
 
  0.0000000E+00  0.7625000      0.0000000E+00
  0.1250000      0.7625000      1.5956102E-02
  0.3750000      0.7625000      5.9058867E-02
  0.6250000      0.7625000      9.9642307E-02
  0.8750000      0.7625000      0.1353317    
   1.125000      0.7625000      0.1663337    
   1.375000      0.7625000      0.1931719    
   1.625000      0.7625000      0.2163039    
   1.875000      0.7625000      0.2361276    
   2.125000      0.7625000      0.2530284    
   2.375000      0.7625000      0.2674026    
   2.625000      0.7625000      0.2796552    
   2.875000      0.7625000      0.2901833    
   3.125000      0.7625000      0.2993568    
   3.375000      0.7625000      0.3075017    
   3.625000      0.7625000      0.3148919    
   3.875000      0.7625000      0.3217465    
   4.125000      0.7625000      0.3282330    
   4.375000      0.7625000      0.3344748    
   4.625000      0.7625000      0.3405588    
   4.875000      0.7625000      0.3465444    
   5.125000      0.7625000      0.3524701    
   5.375000      0.7625000      0.3583606    
   5.625000      0.7625000      0.3642310    
   5.875000      0.7625000      0.3700903    
   6.125000      0.7625000      0.3759437    
   6.375000      0.7625000      0.3817939    
   6.625000      0.7625000      0.3876423    
   6.875000      0.7625000      0.3934900    
   7.125000      0.7625000      0.3993373    
   7.375000      0.7625000      0.4051845    
   7.625000      0.7625000      0.4110321    
   7.875000      0.7625000      0.4168819    
   8.125000      0.7625000      0.4227406    
   8.375000      0.7625000      0.4286379    
   8.625000      0.7625000      0.4346888    
   8.875000      0.7625000      0.4413298    
   9.125000      0.7625000      0.4501659    
   9.375000      0.7625000      0.4670276    
   9.625000      0.7625000      0.5134348    
   9.875000      0.7625000      0.6739218    
   10.00000      0.7625000       1.000000    
 
  0.0000000E+00  0.7875000      0.0000000E+00
  0.1250000      0.7875000      2.0649493E-02
  0.3750000      0.7875000      7.0316583E-02
  0.6250000      0.7875000      0.1143898    
  0.8750000      0.7875000      0.1519075    
   1.125000      0.7875000      0.1838542    
   1.375000      0.7875000      0.2111226    
   1.625000      0.7875000      0.2343612    
   1.875000      0.7875000      0.2540818    
   2.125000      0.7875000      0.2707469    
   2.375000      0.7875000      0.2848079    
   2.625000      0.7875000      0.2967097    
   2.875000      0.7875000      0.3068760    
   3.125000      0.7875000      0.3156935    
   3.375000      0.7875000      0.3234966    
   3.625000      0.7875000      0.3305621    
   3.875000      0.7875000      0.3371087    
   4.125000      0.7875000      0.3433015    
   4.375000      0.7875000      0.3492610    
   4.625000      0.7875000      0.3550710    
   4.875000      0.7875000      0.3607883    
   5.125000      0.7875000      0.3664497    
   5.375000      0.7875000      0.3720784    
   5.625000      0.7875000      0.3776886    
   5.875000      0.7875000      0.3832885    
   6.125000      0.7875000      0.3888829    
   6.375000      0.7875000      0.3944746    
   6.625000      0.7875000      0.4000646    
   6.875000      0.7875000      0.4056540    
   7.125000      0.7875000      0.4112431    
   7.375000      0.7875000      0.4168320    
   7.625000      0.7875000      0.4224214    
   7.875000      0.7875000      0.4280131    
   8.125000      0.7875000      0.4336149    
   8.375000      0.7875000      0.4392593    
   8.625000      0.7875000      0.4450732    
   8.875000      0.7875000      0.4515352    
   9.125000      0.7875000      0.4603890    
   9.375000      0.7875000      0.4778665    
   9.625000      0.7875000      0.5262703    
   9.875000      0.7875000      0.6886764    
   10.00000      0.7875000       1.000000    
 
  0.0000000E+00  0.8125000      0.0000000E+00
  0.1250000      0.8125000      2.6643051E-02
  0.3750000      0.8125000      8.3303317E-02
  0.6250000      0.8125000      0.1307073    
  0.8750000      0.8125000      0.1698554    
   1.125000      0.8125000      0.2025976    
   1.375000      0.8125000      0.2301948    
   1.625000      0.8125000      0.2534748    
   1.875000      0.8125000      0.2730541    
   2.125000      0.8125000      0.2894653    
   2.375000      0.8125000      0.3032103    
   2.625000      0.8125000      0.3147692    
   2.875000      0.8125000      0.3245897    
   3.125000      0.8125000      0.3330722    
   3.375000      0.8125000      0.3405581    
   3.625000      0.8125000      0.3473256    
   3.875000      0.8125000      0.3535920    
   4.125000      0.8125000      0.3595195    
   4.375000      0.8125000      0.3652252    
   4.625000      0.8125000      0.3707899    
   4.875000      0.8125000      0.3762676    
   5.125000      0.8125000      0.3816934    
   5.375000      0.8125000      0.3870888    
   5.625000      0.8125000      0.3924672    
   5.875000      0.8125000      0.3978364    
   6.125000      0.8125000      0.4032004    
   6.375000      0.8125000      0.4085619    
   6.625000      0.8125000      0.4139220    
   6.875000      0.8125000      0.4192815    
   7.125000      0.8125000      0.4246408    
   7.375000      0.8125000      0.4299999    
   7.625000      0.8125000      0.4353597    
   7.875000      0.8125000      0.4407218    
   8.125000      0.8125000      0.4460952    
   8.375000      0.8125000      0.4515154    
   8.625000      0.8125000      0.4571217    
   8.875000      0.8125000      0.4634364    
   9.125000      0.8125000      0.4723478    
   9.375000      0.8125000      0.4905048    
   9.625000      0.8125000      0.5410117    
   9.875000      0.8125000      0.7052253    
   10.00000      0.8125000       1.000000    
 
  0.0000000E+00  0.8375000      0.0000000E+00
  0.1250000      0.8375000      3.4228276E-02
  0.3750000      0.8375000      9.8120846E-02
  0.6250000      0.8375000      0.1485835    
  0.8750000      0.8375000      0.1891254    
   1.125000      0.8375000      0.2225045    
   1.375000      0.8375000      0.2503300    
   1.625000      0.8375000      0.2735914    
   1.875000      0.8375000      0.2929981    
   2.125000      0.8375000      0.3091448    
   2.375000      0.8375000      0.3225775    
   2.625000      0.8375000      0.3338077    
   2.875000      0.8375000      0.3433033    
   3.125000      0.8375000      0.3514761    
   3.375000      0.8375000      0.3586723    
   3.625000      0.8375000      0.3651707    
   3.875000      0.8375000      0.3711864    
   4.125000      0.8375000      0.3768780    
   4.375000      0.8375000      0.3823592    
   4.625000      0.8375000      0.3877078    
   4.875000      0.8375000      0.3929750    
   5.125000      0.8375000      0.3981939    
   5.375000      0.8375000      0.4033849    
   5.625000      0.8375000      0.4085602    
   5.875000      0.8375000      0.4137271    
   6.125000      0.8375000      0.4188894    
   6.375000      0.8375000      0.4240494    
   6.625000      0.8375000      0.4292082    
   6.875000      0.8375000      0.4343663    
   7.125000      0.8375000      0.4395243    
   7.375000      0.8375000      0.4446822    
   7.625000      0.8375000      0.4498408    
   7.875000      0.8375000      0.4550020    
   8.125000      0.8375000      0.4601755    
   8.375000      0.8375000      0.4654002    
   8.625000      0.8375000      0.4708279    
   8.875000      0.8375000      0.4770254    
   9.125000      0.8375000      0.4860287    
   9.375000      0.8375000      0.5049113    
   9.625000      0.8375000      0.5575873    
   9.875000      0.8375000      0.7234731    
   10.00000      0.8375000       1.000000    
 
  0.0000000E+00  0.8625000      0.0000000E+00
  0.1250000      0.8625000      4.3724559E-02
  0.3750000      0.8625000      0.1148249    
  0.6250000      0.8625000      0.1679671    
  0.8750000      0.8625000      0.2096407    
   1.125000      0.8625000      0.2434974    
   1.375000      0.8625000      0.2714575    
   1.625000      0.8625000      0.2946497    
   1.875000      0.8625000      0.3138621    
   2.125000      0.8625000      0.3297427    
   2.375000      0.8625000      0.3428752    
   2.625000      0.8625000      0.3537978    
   2.875000      0.8625000      0.3629949    
   3.125000      0.8625000      0.3708876    
   3.375000      0.8625000      0.3778250    
   3.625000      0.8625000      0.3840855    
   3.875000      0.8625000      0.3898814    
   4.125000      0.8625000      0.3953678    
   4.375000      0.8625000      0.4006547    
   4.625000      0.8625000      0.4058167    
   4.875000      0.8625000      0.4109027    
   5.125000      0.8625000      0.4159438    
   5.375000      0.8625000      0.4209592    
   5.625000      0.8625000      0.4259603    
   5.875000      0.8625000      0.4309537    
   6.125000      0.8625000      0.4359429    
   6.375000      0.8625000      0.4409300    
   6.625000      0.8625000      0.4459161    
   6.875000      0.8625000      0.4509015    
   7.125000      0.8625000      0.4558869    
   7.375000      0.8625000      0.4608722    
   7.625000      0.8625000      0.4658583    
   7.875000      0.8625000      0.4708472    
   8.125000      0.8625000      0.4758495    
   8.375000      0.8625000      0.4809073    
   8.625000      0.8625000      0.4861848    
   8.875000      0.8625000      0.4922933    
   9.125000      0.8625000      0.5014150    
   9.375000      0.8625000      0.5210461    
   9.625000      0.8625000      0.5759020    
   9.875000      0.8625000      0.7432989    
   10.00000      0.8625000       1.000000    
 
  0.0000000E+00  0.8875000      0.0000000E+00
  0.1250000      0.8875000      5.5460896E-02
  0.3750000      0.8875000      0.1334091    
  0.6250000      0.8875000      0.1887630    
  0.8750000      0.8875000      0.2312974    
   1.125000      0.8875000      0.2654811    
   1.375000      0.8875000      0.2934950    
   1.625000      0.8875000      0.3165802    
   1.875000      0.8875000      0.3355889    
   2.125000      0.8875000      0.3512125    
   2.375000      0.8875000      0.3640664    
   2.625000      0.8875000      0.3747101    
   2.875000      0.8875000      0.3836413    
   3.125000      0.8875000      0.3912879    
   3.375000      0.8875000      0.3980007    
   3.625000      0.8875000      0.4040570    
   3.875000      0.8875000      0.4096656    
   4.125000      0.8875000      0.4149784    
   4.375000      0.8875000      0.4201017    
   4.625000      0.8875000      0.4251073    
   4.875000      0.8875000      0.4300416    
   5.125000      0.8875000      0.4349343    
   5.375000      0.8875000      0.4398031    
   5.625000      0.8875000      0.4446589    
   5.875000      0.8875000      0.4495075    
   6.125000      0.8875000      0.4543524    
   6.375000      0.8875000      0.4591954    
   6.625000      0.8875000      0.4640374    
   6.875000      0.8875000      0.4688789    
   7.125000      0.8875000      0.4737203    
   7.375000      0.8875000      0.4785618    
   7.625000      0.8875000      0.4834040    
   7.875000      0.8875000      0.4882492    
   8.125000      0.8875000      0.4931091    
   8.375000      0.8875000      0.4980284    
   8.625000      0.8875000      0.5031836    
   8.875000      0.8875000      0.5092282    
   9.125000      0.8875000      0.5184853    
   9.375000      0.8875000      0.5388574    
   9.625000      0.8875000      0.5958321    
   9.875000      0.8875000      0.7645527    
   10.00000      0.8875000       1.000000    
 
  0.0000000E+00  0.9125000      0.0000000E+00
  0.1250000      0.9125000      6.9744602E-02
  0.3750000      0.9125000      0.1537911    
  0.6250000      0.9125000      0.2108320    
  0.8750000      0.9125000      0.2539660    
   1.125000      0.9125000      0.2883446    
   1.375000      0.9125000      0.3163492    
   1.625000      0.9125000      0.3393059    
   1.875000      0.9125000      0.3581158    
   2.125000      0.9125000      0.3735043    
   2.375000      0.9125000      0.3861114    
   2.625000      0.9125000      0.3965131    
   2.875000      0.9125000      0.4052175    
   3.125000      0.9125000      0.4126568    
   3.375000      0.9125000      0.4191827    
   3.625000      0.9125000      0.4250706    
   3.875000      0.9125000      0.4305262    
   4.125000      0.9125000      0.4356980    
   4.375000      0.9125000      0.4406893    
   4.625000      0.9125000      0.4455688    
   4.875000      0.9125000      0.4503814    
   5.125000      0.9125000      0.4551550    
   5.375000      0.9125000      0.4599064    
   5.625000      0.9125000      0.4646457    
   5.875000      0.9125000      0.4693785    
   6.125000      0.9125000      0.4741078    
   6.375000      0.9125000      0.4788356    
   6.625000      0.9125000      0.4835621    
   6.875000      0.9125000      0.4882886    
   7.125000      0.9125000      0.4930148    
   7.375000      0.9125000      0.4977410    
   7.625000      0.9125000      0.5024682    
   7.875000      0.9125000      0.5071986    
   8.125000      0.9125000      0.5119445    
   8.375000      0.9125000      0.5167536    
   8.625000      0.9125000      0.5218133    
   8.875000      0.9125000      0.5278161    
   9.125000      0.9125000      0.5372135    
   9.375000      0.9125000      0.5582815    
   9.625000      0.9125000      0.6172225    
   9.875000      0.9125000      0.7870537    
   10.00000      0.9125000       1.000000    
 
  0.0000000E+00  0.9375000      0.0000000E+00
  0.1250000      0.9375000      8.6813137E-02
  0.3750000      0.9375000      0.1758017    
  0.6250000      0.9375000      0.2339927    
  0.8750000      0.9375000      0.2774938    
   1.125000      0.9375000      0.3119620    
   1.375000      0.9375000      0.3399172    
   1.625000      0.9375000      0.3627431    
   1.875000      0.9375000      0.3813756    
   2.125000      0.9375000      0.3965645    
   2.375000      0.9375000      0.4089678    
   2.625000      0.9375000      0.4191735    
   2.875000      0.9375000      0.4276968    
   3.125000      0.9375000      0.4349728    
   3.375000      0.9375000      0.4413529    
   3.625000      0.9375000      0.4471107    
   3.875000      0.9375000      0.4524490    
   4.125000      0.9375000      0.4575135    
   4.375000      0.9375000      0.4624047    
   4.625000      0.9375000      0.4671892    
   4.875000      0.9375000      0.4719101    
   5.125000      0.9375000      0.4765942    
   5.375000      0.9375000      0.4812575    
   5.625000      0.9375000      0.4859093    
   5.875000      0.9375000      0.4905552    
   6.125000      0.9375000      0.4951978    
   6.375000      0.9375000      0.4998390    
   6.625000      0.9375000      0.5044791    
   6.875000      0.9375000      0.5091192    
   7.125000      0.9375000      0.5137590    
   7.375000      0.9375000      0.5183988    
   7.625000      0.9375000      0.5230396    
   7.875000      0.9375000      0.5276839    
   8.125000      0.9375000      0.5323443    
   8.375000      0.9375000      0.5370713    
   8.625000      0.9375000      0.5420614    
   8.875000      0.9375000      0.5480401    
   9.125000      0.9375000      0.5575686    
   9.375000      0.9375000      0.5792425    
   9.625000      0.9375000      0.6398847    
   9.875000      0.9375000      0.8105884    
   10.00000      0.9375000       1.000000    
 
  0.0000000E+00  0.9625000      0.0000000E+00
  0.1250000      0.9625000      0.1067659    
  0.3750000      0.9625000      0.1991803    
  0.6250000      0.9625000      0.2580259    
  0.8750000      0.9625000      0.3017079    
   1.125000      0.9625000      0.3361946    
   1.375000      0.9625000      0.3640865    
   1.625000      0.9625000      0.3868012    
   1.875000      0.9625000      0.4052957    
   2.125000      0.9625000      0.4203356    
   2.375000      0.9625000      0.4325901    
   2.625000      0.9625000      0.4426552    
   2.875000      0.9625000      0.4510503    
   3.125000      0.9625000      0.4582119    
   3.375000      0.9625000      0.4644909    
   3.625000      0.9625000      0.4701594    
   3.875000      0.9625000      0.4754178    
   4.125000      0.9625000      0.4804096    
   4.375000      0.9625000      0.4852335    
   4.625000      0.9625000      0.4899541    
   4.875000      0.9625000      0.4946137    
   5.125000      0.9625000      0.4992380    
   5.375000      0.9625000      0.5038425    
   5.625000      0.9625000      0.5084360    
   5.875000      0.9625000      0.5130239    
   6.125000      0.9625000      0.5176087    
   6.375000      0.9625000      0.5221922    
   6.625000      0.9625000      0.5267746    
   6.875000      0.9625000      0.5313572    
   7.125000      0.9625000      0.5359392    
   7.375000      0.9625000      0.5405215    
   7.625000      0.9625000      0.5451047    
   7.875000      0.9625000      0.5496915    
   8.125000      0.9625000      0.5542952    
   8.375000      0.9625000      0.5589678    
   8.625000      0.9625000      0.5639129    
   8.875000      0.9625000      0.5698807    
   9.125000      0.9625000      0.5795147    
   9.375000      0.9625000      0.6016524    
   9.625000      0.9625000      0.6635950    
   9.875000      0.9625000      0.8349084    
   10.00000      0.9625000       1.000000    
 
  0.0000000E+00  0.9875000      0.0000000E+00
  0.1250000      0.9875000      0.1294747    
  0.3750000      0.9875000      0.2235797    
  0.6250000      0.9875000      0.2826807    
  0.8750000      0.9875000      0.3264177    
   1.125000      0.9875000      0.3608919    
   1.375000      0.9875000      0.3887363    
   1.625000      0.9875000      0.4113829    
   1.875000      0.9875000      0.4297982    
   2.125000      0.9875000      0.4447553    
   2.375000      0.9875000      0.4569289    
   2.625000      0.9875000      0.4669185    
   2.875000      0.9875000      0.4752456    
   3.125000      0.9875000      0.4823472    
   3.375000      0.9875000      0.4885738    
   3.625000      0.9875000      0.4941962    
   3.875000      0.9875000      0.4994138    
   4.125000      0.9875000      0.5043687    
   4.375000      0.9875000      0.5091585    
   4.625000      0.9875000      0.5138471    
   4.875000      0.9875000      0.5184759    
   5.125000      0.9875000      0.5230702    
   5.375000      0.9875000      0.5276453    
   5.625000      0.9875000      0.5322096    
   5.875000      0.9875000      0.5367684    
   6.125000      0.9875000      0.5413244    
   6.375000      0.9875000      0.5458791    
   6.625000      0.9875000      0.5504327    
   6.875000      0.9875000      0.5549864    
   7.125000      0.9875000      0.5595396    
   7.375000      0.9875000      0.5640931    
   7.625000      0.9875000      0.5686476    
   7.875000      0.9875000      0.5732057    
   8.125000      0.9875000      0.5777811    
   8.375000      0.9875000      0.5824265    
   8.625000      0.9875000      0.5873498    
   8.875000      0.9875000      0.5933149    
   9.125000      0.9875000      0.6030112    
   9.375000      0.9875000      0.6254118    
   9.625000      0.9875000      0.6880954    
   9.875000      0.9875000      0.8597292    
   10.00000      0.9875000       1.000000    
 
  0.0000000E+00   1.000000      0.0000000E+00
  0.1250000       1.000000      0.1294747    
  0.3750000       1.000000      0.2235797    
  0.6250000       1.000000      0.2826807    
  0.8750000       1.000000      0.3264177    
   1.125000       1.000000      0.3608919    
   1.375000       1.000000      0.3887363    
   1.625000       1.000000      0.4113829    
   1.875000       1.000000      0.4297982    
   2.125000       1.000000      0.4447553    
   2.375000       1.000000      0.4569289    
   2.625000       1.000000      0.4669185    
   2.875000       1.000000      0.4752456    
   3.125000       1.000000      0.4823472    
   3.375000       1.000000      0.4885738    
   3.625000       1.000000      0.4941962    
   3.875000       1.000000      0.4994138    
   4.125000       1.000000      0.5043687    
   4.375000       1.000000      0.5091585    
   4.625000       1.000000      0.5138471    
   4.875000       1.000000      0.5184759    
   5.125000       1.000000      0.5230702    
   5.375000       1.000000      0.5276453    
   5.625000       1.000000      0.5322096    
   5.875000       1.000000      0.5367684    
   6.125000       1.000000      0.5413244    
   6.375000       1.000000      0.5458791    
   6.625000       1.000000      0.5504327    
   6.875000       1.000000      0.5549864    
   7.125000       1.000000      0.5595396    
   7.375000       1.000000      0.5640931    
   7.625000       1.000000      0.5686476    
   7.875000       1.000000      0.5732057    
   8.125000       1.000000      0.5777811    
   8.375000       1.000000      0.5824265    
   8.625000       1.000000      0.5873498    
   8.875000       1.000000      0.5933149    
   9.125000       1.000000      0.6030112    
   9.375000       1.000000      0.6254118    
   9.625000       1.000000      0.6880954    
   9.875000       1.000000      0.8597292    
   10.00000       1.000000       1.000000    
 
