  0.0000000E+00  0.0000000E+00  0.0000000E+00
  0.1250000      0.0000000E+00  1.2499999E-02
  0.3750000      0.0000000E+00  3.7499998E-02
  0.6250000      0.0000000E+00  6.2499996E-02
  0.8750000      0.0000000E+00  8.7499991E-02
   1.125000      0.0000000E+00  0.1125000    
   1.375000      0.0000000E+00  0.1375000    
   1.625000      0.0000000E+00  0.1625000    
   1.875000      0.0000000E+00  0.1875000    
   2.125000      0.0000000E+00  0.2125000    
   2.375000      0.0000000E+00  0.2375000    
   2.625000      0.0000000E+00  0.2625000    
   2.875000      0.0000000E+00  0.2875000    
   3.125000      0.0000000E+00  0.3125000    
   3.375000      0.0000000E+00  0.3375000    
   3.625000      0.0000000E+00  0.3625000    
   3.875000      0.0000000E+00  0.3875000    
   4.125000      0.0000000E+00  0.4125000    
   4.375000      0.0000000E+00  0.4375000    
   4.625000      0.0000000E+00  0.4625000    
   4.875000      0.0000000E+00  0.4875000    
   5.125000      0.0000000E+00  0.5125000    
   5.375000      0.0000000E+00  0.5375000    
   5.625000      0.0000000E+00  0.5624999    
   5.875000      0.0000000E+00  0.5875000    
   6.125000      0.0000000E+00  0.6125000    
   6.375000      0.0000000E+00  0.6375000    
   6.625000      0.0000000E+00  0.6625000    
   6.875000      0.0000000E+00  0.6874999    
   7.125000      0.0000000E+00  0.7125000    
   7.375000      0.0000000E+00  0.7375000    
   7.625000      0.0000000E+00  0.7624999    
   7.875000      0.0000000E+00  0.7875000    
   8.125000      0.0000000E+00  0.8124999    
   8.375000      0.0000000E+00  0.8375000    
   8.625000      0.0000000E+00  0.8625000    
   8.875000      0.0000000E+00  0.8874999    
   9.125000      0.0000000E+00  0.9125000    
   9.375000      0.0000000E+00  0.9374999    
   9.625000      0.0000000E+00  0.9624999    
   9.875000      0.0000000E+00  0.9875000    
   10.00000      0.0000000E+00   1.000000    
 
  0.0000000E+00  1.2500000E-02  0.0000000E+00
  0.1250000      1.2500000E-02  1.1624750E-02
  0.3750000      1.2500000E-02  3.5586059E-02
  0.6250000      1.2500000E-02  5.9814285E-02
  0.8750000      1.2500000E-02  8.4200054E-02
   1.125000      1.2500000E-02  0.1086862    
   1.375000      1.2500000E-02  0.1332311    
   1.625000      1.2500000E-02  0.1578028    
   1.875000      1.2500000E-02  0.1823794    
   2.125000      1.2500000E-02  0.2069480    
   2.375000      1.2500000E-02  0.2315028    
   2.625000      1.2500000E-02  0.2560432    
   2.875000      1.2500000E-02  0.2805710    
   3.125000      1.2500000E-02  0.3050892    
   3.375000      1.2500000E-02  0.3296008    
   3.625000      1.2500000E-02  0.3541079    
   3.875000      1.2500000E-02  0.3786125    
   4.125000      1.2500000E-02  0.4031155    
   4.375000      1.2500000E-02  0.4276176    
   4.625000      1.2500000E-02  0.4521194    
   4.875000      1.2500000E-02  0.4766209    
   5.125000      1.2500000E-02  0.5011224    
   5.375000      1.2500000E-02  0.5256238    
   5.625000      1.2500000E-02  0.5501251    
   5.875000      1.2500000E-02  0.5746266    
   6.125000      1.2500000E-02  0.5991279    
   6.375000      1.2500000E-02  0.6236292    
   6.625000      1.2500000E-02  0.6481307    
   6.875000      1.2500000E-02  0.6726320    
   7.125000      1.2500000E-02  0.6971333    
   7.375000      1.2500000E-02  0.7216347    
   7.625000      1.2500000E-02  0.7461360    
   7.875000      1.2500000E-02  0.7706375    
   8.125000      1.2500000E-02  0.7951389    
   8.375000      1.2500000E-02  0.8196406    
   8.625000      1.2500000E-02  0.8441439    
   8.875000      1.2500000E-02  0.8686552    
   9.125000      1.2500000E-02  0.8932089    
   9.375000      1.2500000E-02  0.9179779    
   9.625000      1.2500000E-02  0.9438213    
   9.875000      1.2500000E-02  0.9747203    
   10.00000      1.2500000E-02   1.000000    
 
  0.0000000E+00  3.7500001E-02  0.0000000E+00
  0.1250000      3.7500001E-02  9.9245608E-03
  0.3750000      3.7500001E-02  3.1814881E-02
  0.6250000      3.7500001E-02  5.4501709E-02
  0.8750000      3.7500001E-02  7.7660777E-02
   1.125000      3.7500001E-02  0.1011212    
   1.375000      3.7500001E-02  0.1247578    
   1.625000      3.7500001E-02  0.1484753    
   1.875000      3.7500001E-02  0.1722076    
   2.125000      3.7500001E-02  0.1959157    
   2.375000      3.7500001E-02  0.2195824    
   2.625000      3.7500001E-02  0.2432056    
   2.875000      3.7500001E-02  0.2667909    
   3.125000      3.7500001E-02  0.2903472    
   3.375000      3.7500001E-02  0.3138834    
   3.625000      3.7500001E-02  0.3374063    
   3.875000      3.7500001E-02  0.3609213    
   4.125000      3.7500001E-02  0.3844316    
   4.375000      3.7500001E-02  0.4079394    
   4.625000      3.7500001E-02  0.4314460    
   4.875000      3.7500001E-02  0.4549520    
   5.125000      3.7500001E-02  0.4784575    
   5.375000      3.7500001E-02  0.5019630    
   5.625000      3.7500001E-02  0.5254683    
   5.875000      3.7500001E-02  0.5489738    
   6.125000      3.7500001E-02  0.5724791    
   6.375000      3.7500001E-02  0.5959845    
   6.625000      3.7500001E-02  0.6194898    
   6.875000      3.7500001E-02  0.6429951    
   7.125000      3.7500001E-02  0.6665005    
   7.375000      3.7500001E-02  0.6900060    
   7.625000      3.7500001E-02  0.7135112    
   7.875000      3.7500001E-02  0.7370167    
   8.125000      3.7500001E-02  0.7605223    
   8.375000      3.7500001E-02  0.7840286    
   8.625000      3.7500001E-02  0.8075395    
   8.875000      3.7500001E-02  0.8310747    
   9.125000      3.7500001E-02  0.8547352    
   9.375000      3.7500001E-02  0.8790348    
   9.625000      3.7500001E-02  0.9065258    
   9.875000      3.7500001E-02  0.9490730    
   10.00000      3.7500001E-02   1.000000    
 
  0.0000000E+00  6.2500000E-02  0.0000000E+00
  0.1250000      6.2500000E-02  8.3473315E-03
  0.3750000      6.2500000E-02  2.8194388E-02
  0.6250000      6.2500000E-02  4.9350083E-02
  0.8750000      6.2500000E-02  7.1289942E-02
   1.125000      6.2500000E-02  9.3731746E-02
   1.375000      6.2500000E-02  0.1164674    
   1.625000      6.2500000E-02  0.1393380    
   1.875000      6.2500000E-02  0.1622332    
   2.125000      6.2500000E-02  0.1850878    
   2.375000      6.2500000E-02  0.2078729    
   2.625000      6.2500000E-02  0.2305848    
   2.875000      6.2500000E-02  0.2532331    
   3.125000      6.2500000E-02  0.2758325    
   3.375000      6.2500000E-02  0.2983977    
   3.625000      6.2500000E-02  0.3209406    
   3.875000      6.2500000E-02  0.3434702    
   4.125000      6.2500000E-02  0.3659918    
   4.375000      6.2500000E-02  0.3885092    
   4.625000      6.2500000E-02  0.4110244    
   4.875000      6.2500000E-02  0.4335386    
   5.125000      6.2500000E-02  0.4560520    
   5.375000      6.2500000E-02  0.4785652    
   5.625000      6.2500000E-02  0.5010784    
   5.875000      6.2500000E-02  0.5235917    
   6.125000      6.2500000E-02  0.5461048    
   6.375000      6.2500000E-02  0.5686179    
   6.625000      6.2500000E-02  0.5911310    
   6.875000      6.2500000E-02  0.6136442    
   7.125000      6.2500000E-02  0.6361573    
   7.375000      6.2500000E-02  0.6586705    
   7.625000      6.2500000E-02  0.6811835    
   7.875000      6.2500000E-02  0.7036968    
   8.125000      6.2500000E-02  0.7262104    
   8.375000      6.2500000E-02  0.7487251    
   8.625000      6.2500000E-02  0.7712473    
   8.875000      6.2500000E-02  0.7938092    
   9.125000      6.2500000E-02  0.8165758    
   9.375000      6.2500000E-02  0.8403872    
   9.625000      6.2500000E-02  0.8694229    
   9.875000      6.2500000E-02  0.9232371    
   10.00000      6.2500000E-02   1.000000    
 
  0.0000000E+00  8.7500006E-02  0.0000000E+00
  0.1250000      8.7500006E-02  6.9343662E-03
  0.3750000      8.7500006E-02  2.4794430E-02
  0.6250000      8.7500006E-02  4.4441659E-02
  0.8750000      8.7500006E-02  6.5178201E-02
   1.125000      8.7500006E-02  8.6615428E-02
   1.375000      8.7500006E-02  0.1084634    
   1.625000      8.7500006E-02  0.1304999    
   1.875000      8.7500006E-02  0.1525703    
   2.125000      8.7500006E-02  0.1745827    
   2.375000      8.7500006E-02  0.1964969    
   2.625000      8.7500006E-02  0.2183071    
   2.875000      8.7500006E-02  0.2400270    
   3.125000      8.7500006E-02  0.2616775    
   3.375000      8.7500006E-02  0.2832792    
   3.625000      8.7500006E-02  0.3048492    
   3.875000      8.7500006E-02  0.3263999    
   4.125000      8.7500006E-02  0.3479393    
   4.375000      8.7500006E-02  0.3694726    
   4.625000      8.7500006E-02  0.3910027    
   4.875000      8.7500006E-02  0.4125314    
   5.125000      8.7500006E-02  0.4340592    
   5.375000      8.7500006E-02  0.4555866    
   5.625000      8.7500006E-02  0.4771138    
   5.875000      8.7500006E-02  0.4986410    
   6.125000      8.7500006E-02  0.5201684    
   6.375000      8.7500006E-02  0.5416955    
   6.625000      8.7500006E-02  0.5632225    
   6.875000      8.7500006E-02  0.5847498    
   7.125000      8.7500006E-02  0.6062770    
   7.375000      8.7500006E-02  0.6278043    
   7.625000      8.7500006E-02  0.6493314    
   7.875000      8.7500006E-02  0.6708586    
   8.125000      8.7500006E-02  0.6923864    
   8.375000      8.7500006E-02  0.7139158    
   8.625000      8.7500006E-02  0.7354555    
   8.875000      8.7500006E-02  0.7570490    
   9.125000      8.7500006E-02  0.7789216    
   9.375000      8.7500006E-02  0.8022182    
   9.625000      8.7500006E-02  0.8326533    
   9.875000      8.7500006E-02  0.8971980    
   10.00000      8.7500006E-02   1.000000    
 
  0.0000000E+00  0.1125000      0.0000000E+00
  0.1250000      0.1125000      5.7031480E-03
  0.3750000      0.1125000      2.1663224E-02
  0.6250000      0.1125000      3.9840404E-02
  0.8750000      0.1125000      5.9400298E-02
   1.125000      0.1125000      7.9855509E-02
   1.375000      0.1125000      0.1008362    
   1.625000      0.1125000      0.1220573    
   1.875000      0.1125000      0.1433199    
   2.125000      0.1125000      0.1645060    
   2.375000      0.1125000      0.1855634    
   2.625000      0.1125000      0.2064849    
   2.875000      0.1125000      0.2272882    
   3.125000      0.1125000      0.2480006    
   3.375000      0.1125000      0.2686490    
   3.625000      0.1125000      0.2892555    
   3.875000      0.1125000      0.3098366    
   4.125000      0.1125000      0.3304029    
   4.375000      0.1125000      0.3509609    
   4.625000      0.1125000      0.3715149    
   4.875000      0.1125000      0.3920668    
   5.125000      0.1125000      0.4126175    
   5.375000      0.1125000      0.4331678    
   5.625000      0.1125000      0.4537179    
   5.875000      0.1125000      0.4742679    
   6.125000      0.1125000      0.4948180    
   6.375000      0.1125000      0.5153679    
   6.625000      0.1125000      0.5359177    
   6.875000      0.1125000      0.5564678    
   7.125000      0.1125000      0.5770177    
   7.375000      0.1125000      0.5975678    
   7.625000      0.1125000      0.6181177    
   7.875000      0.1125000      0.6386677    
   8.125000      0.1125000      0.6592183    
   8.375000      0.1125000      0.6797711    
   8.625000      0.1125000      0.7003366    
   8.875000      0.1125000      0.7209693    
   9.125000      0.1125000      0.7419489    
   9.375000      0.1125000      0.7647007    
   9.625000      0.1125000      0.7963641    
   9.875000      0.1125000      0.8710080    
   10.00000      0.1125000       1.000000    
 
  0.0000000E+00  0.1375000      0.0000000E+00
  0.1250000      0.1375000      4.6543996E-03
  0.3750000      0.1375000      1.8830340E-02
  0.6250000      0.1375000      3.5593748E-02
  0.8750000      0.1375000      5.4016348E-02
   1.125000      0.1375000      7.3521897E-02
   1.375000      0.1375000      9.3663350E-02
   1.625000      0.1375000      0.1140940    
   1.875000      0.1375000      0.1345710    
   2.125000      0.1375000      0.1549504    
   2.375000      0.1375000      0.1751688    
   2.625000      0.1375000      0.1952176    
   2.875000      0.1375000      0.2151189    
   3.125000      0.1375000      0.2349067    
   3.375000      0.1375000      0.2546143    
   3.625000      0.1375000      0.2742695    
   3.875000      0.1375000      0.2938927    
   4.125000      0.1375000      0.3134973    
   4.375000      0.1375000      0.3330914    
   4.625000      0.1375000      0.3526803    
   4.875000      0.1375000      0.3722666    
   5.125000      0.1375000      0.3918515    
   5.375000      0.1375000      0.4114358    
   5.625000      0.1375000      0.4310198    
   5.875000      0.1375000      0.4506036    
   6.125000      0.1375000      0.4701876    
   6.375000      0.1375000      0.4897714    
   6.625000      0.1375000      0.5093552    
   6.875000      0.1375000      0.5289391    
   7.125000      0.1375000      0.5485229    
   7.375000      0.1375000      0.5681069    
   7.625000      0.1375000      0.5876907    
   7.875000      0.1375000      0.6072745    
   8.125000      0.1375000      0.6268592    
   8.375000      0.1375000      0.6464464    
   8.625000      0.1375000      0.6660486    
   8.875000      0.1375000      0.6857298    
   9.125000      0.1375000      0.7058195    
   9.375000      0.1375000      0.7279963    
   9.625000      0.1375000      0.7607068    
   9.875000      0.1375000      0.8447709    
   10.00000      0.1375000       1.000000    
 
  0.0000000E+00  0.1625000      0.0000000E+00
  0.1250000      0.1625000      3.7780544E-03
  0.3750000      0.1625000      1.6309960E-02
  0.6250000      0.1625000      3.1734675E-02
  0.8750000      0.1625000      4.9073394E-02
   1.125000      0.1625000      6.7672499E-02
   1.375000      0.1625000      8.7011226E-02
   1.625000      0.1625000      0.1066825    
   1.875000      0.1625000      0.1264009    
   2.125000      0.1625000      0.1459974    
   2.375000      0.1625000      0.1653977    
   2.625000      0.1625000      0.1845927    
   2.875000      0.1625000      0.2036092    
   3.125000      0.1625000      0.2224882    
   3.375000      0.1625000      0.2412702    
   3.625000      0.1625000      0.2599885    
   3.875000      0.1625000      0.2786678    
   4.125000      0.1625000      0.2973243    
   4.375000      0.1625000      0.3159682    
   4.625000      0.1625000      0.3346055    
   4.875000      0.1625000      0.3532397    
   5.125000      0.1625000      0.3718722    
   5.375000      0.1625000      0.3905039    
   5.625000      0.1625000      0.4091352    
   5.875000      0.1625000      0.4277664    
   6.125000      0.1625000      0.4463977    
   6.375000      0.1625000      0.4650288    
   6.625000      0.1625000      0.4836599    
   6.875000      0.1625000      0.5022911    
   7.125000      0.1625000      0.5209222    
   7.375000      0.1625000      0.5395534    
   7.625000      0.1625000      0.5581846    
   7.875000      0.1625000      0.5768158    
   8.125000      0.1625000      0.5954478    
   8.375000      0.1625000      0.6140828    
   8.625000      0.1625000      0.6327348    
   8.875000      0.1625000      0.6514766    
   9.125000      0.1625000      0.6706819    
   9.375000      0.1625000      0.6922560    
   9.625000      0.1625000      0.7258335    
   9.875000      0.1625000      0.8186264    
   10.00000      0.1625000       1.000000    
 
  0.0000000E+00  0.1875000      0.0000000E+00
  0.1250000      0.1875000      3.0579348E-03
  0.3750000      0.1875000      1.4104228E-02
  0.6250000      0.1875000      2.8283933E-02
  0.8750000      0.1875000      4.4607107E-02
   1.125000      0.1875000      6.2354580E-02
   1.375000      0.1875000      8.0935776E-02
   1.625000      0.1875000      9.9885434E-02
   1.875000      0.1875000      0.1188770    
   2.125000      0.1875000      0.1377177    
   2.375000      0.1875000      0.1563238    
   2.625000      0.1875000      0.1746862    
   2.875000      0.1875000      0.1928374    
   3.125000      0.1875000      0.2108258    
   3.375000      0.1875000      0.2286994    
   3.625000      0.1875000      0.2464974    
   3.875000      0.1875000      0.2642490    
   4.125000      0.1875000      0.2819735    
   4.375000      0.1875000      0.2996829    
   4.625000      0.1875000      0.3173844    
   4.875000      0.1875000      0.3350820    
   5.125000      0.1875000      0.3527777    
   5.375000      0.1875000      0.3704725    
   5.625000      0.1875000      0.3881668    
   5.875000      0.1875000      0.4058610    
   6.125000      0.1875000      0.4235552    
   6.375000      0.1875000      0.4412493    
   6.625000      0.1875000      0.4589433    
   6.875000      0.1875000      0.4766375    
   7.125000      0.1875000      0.4943315    
   7.375000      0.1875000      0.5120255    
   7.625000      0.1875000      0.5297197    
   7.875000      0.1875000      0.5474139    
   8.125000      0.1875000      0.5651088    
   8.375000      0.1875000      0.5828072    
   8.625000      0.1875000      0.6005243    
   8.875000      0.1875000      0.6183411    
   9.125000      0.1875000      0.6366704    
   9.375000      0.1875000      0.6576185    
   9.625000      0.1875000      0.6918933    
   9.875000      0.1875000      0.7927372    
   10.00000      0.1875000       1.000000    
 
  0.0000000E+00  0.2125000      0.0000000E+00
  0.1250000      0.2125000      2.4752012E-03
  0.3750000      0.2125000      1.2206524E-02
  0.6250000      0.2125000      2.5252467E-02
  0.8750000      0.2125000      4.0643685E-02
   1.125000      0.2125000      5.7606343E-02
   1.375000      0.2125000      7.5484164E-02
   1.625000      0.2125000      9.3756199E-02
   1.875000      0.2125000      0.1120571    
   2.125000      0.2125000      0.1301726    
   2.375000      0.2125000      0.1480107    
   2.625000      0.2125000      0.1655640    
   2.875000      0.2125000      0.1828714    
   3.125000      0.2125000      0.1999894    
   3.375000      0.2125000      0.2169737    
   3.625000      0.2125000      0.2338701    
   3.875000      0.2125000      0.2507122    
   4.125000      0.2125000      0.2675227    
   4.375000      0.2125000      0.2843155    
   4.625000      0.2125000      0.3010991    
   4.875000      0.2125000      0.3178780    
   5.125000      0.2125000      0.3346547    
   5.375000      0.2125000      0.3514302    
   5.625000      0.2125000      0.3682052    
   5.875000      0.2125000      0.3849801    
   6.125000      0.2125000      0.4017550    
   6.375000      0.2125000      0.4185298    
   6.625000      0.2125000      0.4353044    
   6.875000      0.2125000      0.4520792    
   7.125000      0.2125000      0.4688539    
   7.375000      0.2125000      0.4856287    
   7.625000      0.2125000      0.5024033    
   7.875000      0.2125000      0.5191783    
   8.125000      0.2125000      0.5359539    
   8.375000      0.2125000      0.5527333    
   8.625000      0.2125000      0.5695333    
   8.875000      0.2125000      0.5864417    
   9.125000      0.2125000      0.6039059    
   9.375000      0.2125000      0.6242111    
   9.625000      0.2125000      0.6590306    
   9.875000      0.2125000      0.7672789    
   10.00000      0.2125000       1.000000    
 
  0.0000000E+00  0.2375000      0.0000000E+00
  0.1250000      0.2375000      2.0107219E-03
  0.3750000      0.2375000      1.0604486E-02
  0.6250000      0.2375000      2.2643911E-02
  0.8750000      0.2375000      3.7201874E-02
   1.125000      0.2375000      5.3458605E-02
   1.375000      0.2375000      7.0696011E-02
   1.625000      0.2375000      8.8340588E-02
   1.875000      0.2375000      0.1059913    
   2.125000      0.2375000      0.1234147    
   2.375000      0.2375000      0.1405134    
   2.625000      0.2375000      0.1572829    
   2.875000      0.2375000      0.1737696    
   3.125000      0.2375000      0.1900391    
   3.375000      0.2375000      0.2061551    
   3.625000      0.2375000      0.2221703    
   3.875000      0.2375000      0.2381232    
   4.125000      0.2375000      0.2540396    
   4.375000      0.2375000      0.2699357    
   4.625000      0.2375000      0.2858210    
   4.875000      0.2375000      0.3017010    
   5.125000      0.2375000      0.3175784    
   5.375000      0.2375000      0.3334544    
   5.625000      0.2375000      0.3493299    
   5.875000      0.2375000      0.3652051    
   6.125000      0.2375000      0.3810805    
   6.375000      0.2375000      0.3969556    
   6.625000      0.2375000      0.4128307    
   6.875000      0.2375000      0.4287058    
   7.125000      0.2375000      0.4445809    
   7.375000      0.2375000      0.4604561    
   7.625000      0.2375000      0.4763310    
   7.875000      0.2375000      0.4922064    
   8.125000      0.2375000      0.5080825    
   8.375000      0.2375000      0.5239626    
   8.625000      0.2375000      0.5398651    
   8.875000      0.2375000      0.5558838    
   9.125000      0.2375000      0.5724975    
   9.375000      0.2375000      0.5921495    
   9.625000      0.2375000      0.6273828    
   9.875000      0.2375000      0.7424319    
   10.00000      0.2375000       1.000000    
 
  0.0000000E+00  0.2625000      0.0000000E+00
  0.1250000      0.2625000      1.6465803E-03
  0.3750000      0.2625000      9.2826840E-03
  0.6250000      0.2625000      2.0457009E-02
  0.8750000      0.2625000      3.4295026E-02
   1.125000      0.2625000      4.9936470E-02
   1.375000      0.2625000      6.6604890E-02
   1.625000      0.2625000      8.3677813E-02
   1.875000      0.2625000      0.1007223    
   2.125000      0.2625000      0.1174894    
   2.375000      0.2625000      0.1338788    
   2.625000      0.2625000      0.1498911    
   2.875000      0.2625000      0.1655817    
   3.125000      0.2625000      0.1810258    
   3.375000      0.2625000      0.1962962    
   3.625000      0.2625000      0.2114524    
   3.875000      0.2625000      0.2265379    
   4.125000      0.2625000      0.2415820    
   4.375000      0.2625000      0.2566030    
   4.625000      0.2625000      0.2716118    
   4.875000      0.2625000      0.2866144    
   5.125000      0.2625000      0.3016141    
   5.375000      0.2625000      0.3166122    
   5.625000      0.2625000      0.3316097    
   5.875000      0.2625000      0.3466070    
   6.125000      0.2625000      0.3616042    
   6.375000      0.2625000      0.3766013    
   6.625000      0.2625000      0.3915983    
   6.875000      0.2625000      0.4065954    
   7.125000      0.2625000      0.4215925    
   7.375000      0.2625000      0.4365895    
   7.625000      0.2625000      0.4515866    
   7.875000      0.2625000      0.4665838    
   8.125000      0.2625000      0.4815820    
   8.375000      0.2625000      0.4965844    
   8.625000      0.2625000      0.5116107    
   8.875000      0.2625000      0.5267608    
   9.125000      0.2625000      0.5425416    
   9.375000      0.2625000      0.5615382    
   9.625000      0.2625000      0.5970780    
   9.875000      0.2625000      0.7183746    
   10.00000      0.2625000       1.000000    
 
  0.0000000E+00  0.2875000      0.0000000E+00
  0.1250000      0.2875000      1.3669567E-03
  0.3750000      0.2875000      8.2249297E-03
  0.6250000      0.2875000      1.8687999E-02
  0.8750000      0.2875000      3.1933125E-02
   1.125000      0.2875000      4.7061075E-02
   1.375000      0.2875000      6.3239738E-02
   1.625000      0.2875000      7.9801776E-02
   1.875000      0.2875000      9.6286967E-02
   2.125000      0.2875000      0.1124352    
   2.375000      0.2875000      0.1281466    
   2.625000      0.2875000      0.1434294    
   2.875000      0.2875000      0.1583495    
   3.125000      0.2875000      0.1729928    
   3.375000      0.2875000      0.1874415    
   3.625000      0.2875000      0.2017622    
   3.875000      0.2875000      0.2160037    
   4.125000      0.2875000      0.2301989    
   4.375000      0.2875000      0.2443682    
   4.625000      0.2875000      0.2585238    
   4.875000      0.2875000      0.2726723    
   5.125000      0.2875000      0.2868176    
   5.375000      0.2875000      0.3009611    
   5.625000      0.2875000      0.3151039    
   5.875000      0.2875000      0.3292464    
   6.125000      0.2875000      0.3433889    
   6.375000      0.2875000      0.3575312    
   6.625000      0.2875000      0.3716735    
   6.875000      0.2875000      0.3858159    
   7.125000      0.2875000      0.3999581    
   7.375000      0.2875000      0.4141004    
   7.625000      0.2875000      0.4282427    
   7.875000      0.2875000      0.4423852    
   8.125000      0.2875000      0.4565286    
   8.375000      0.2875000      0.4706767    
   8.625000      0.2875000      0.4848502    
   8.875000      0.2875000      0.4991546    
   9.125000      0.2875000      0.5141234    
   9.375000      0.2875000      0.5324700    
   9.625000      0.2875000      0.5682347    
   9.875000      0.2875000      0.6952797    
   10.00000      0.2875000       1.000000    
 
  0.0000000E+00  0.3125000      0.0000000E+00
  0.1250000      0.3125000      1.1585692E-03
  0.3750000      0.3125000      7.4162120E-03
  0.6250000      0.3125000      1.7332861E-02
  0.8750000      0.3125000      3.0124873E-02
   1.125000      0.3125000      4.4851296E-02
   1.375000      0.3125000      6.0626272E-02
   1.625000      0.3125000      7.6742254E-02
   1.875000      0.3125000      9.2717305E-02
   2.125000      0.3125000      0.1082852    
   2.375000      0.3125000      0.1233506    
   2.625000      0.3125000      0.1379321    
   2.875000      0.3125000      0.1521080    
   3.125000      0.3125000      0.1659760    
   3.375000      0.3125000      0.1796279    
   3.625000      0.3125000      0.1931380    
   3.875000      0.3125000      0.2065605    
   4.125000      0.3125000      0.2199316    
   4.375000      0.3125000      0.2332740    
   4.625000      0.3125000      0.2466011    
   4.875000      0.3125000      0.2599205    
   5.125000      0.3125000      0.2732362    
   5.375000      0.3125000      0.2865500    
   5.625000      0.3125000      0.2998629    
   5.875000      0.3125000      0.3131756    
   6.125000      0.3125000      0.3264881    
   6.375000      0.3125000      0.3398006    
   6.625000      0.3125000      0.3531129    
   6.875000      0.3125000      0.3664254    
   7.125000      0.3125000      0.3797377    
   7.375000      0.3125000      0.3930501    
   7.625000      0.3125000      0.4063625    
   7.875000      0.3125000      0.4196751    
   8.125000      0.3125000      0.4329886    
   8.375000      0.3125000      0.4463073    
   8.625000      0.3125000      0.4596528    
   8.875000      0.3125000      0.4731365    
   9.125000      0.3125000      0.4873171    
   9.375000      0.3125000      0.5050274    
   9.625000      0.3125000      0.5409610    
   9.875000      0.3125000      0.6733097    
   10.00000      0.3125000       1.000000    
 
  0.0000000E+00  0.3375000      0.0000000E+00
  0.1250000      0.3375000      1.0108496E-03
  0.3750000      0.3375000      6.8443017E-03
  0.6250000      0.3375000      1.6389357E-02
  0.8750000      0.3375000      2.8879611E-02
   1.125000      0.3375000      4.3325391E-02
   1.375000      0.3375000      5.8788359E-02
   1.625000      0.3375000      7.4526072E-02
   1.875000      0.3375000      9.0041369E-02
   2.125000      0.3375000      0.1050678    
   2.375000      0.3375000      0.1195194    
   2.625000      0.3375000      0.1334281    
   2.875000      0.3375000      0.1468865    
   3.125000      0.3375000      0.1600052    
   3.375000      0.3375000      0.1728863    
   3.625000      0.3375000      0.1856118    
   3.875000      0.3375000      0.1982412    
   4.125000      0.3375000      0.2108143    
   4.375000      0.3375000      0.2233561    
   4.625000      0.3375000      0.2358810    
   4.875000      0.3375000      0.2483975    
   5.125000      0.3375000      0.2609098    
   5.375000      0.3375000      0.2734201    
   5.625000      0.3375000      0.2859295    
   5.875000      0.3375000      0.2984385    
   6.125000      0.3375000      0.3109474    
   6.375000      0.3375000      0.3234563    
   6.625000      0.3375000      0.3359650    
   6.875000      0.3375000      0.3484738    
   7.125000      0.3375000      0.3609825    
   7.375000      0.3375000      0.3734913    
   7.625000      0.3375000      0.3860001    
   7.875000      0.3375000      0.3985090    
   8.125000      0.3375000      0.4110190    
   8.375000      0.3375000      0.4235345    
   8.625000      0.3375000      0.4360784    
   8.875000      0.3375000      0.4487681    
   9.125000      0.3375000      0.4621873    
   9.375000      0.3375000      0.4792829    
   9.625000      0.3375000      0.5153549    
   9.875000      0.3375000      0.6526169    
   10.00000      0.3375000       1.000000    
 
  0.0000000E+00  0.3625000      0.0000000E+00
  0.1250000      0.3625000      9.1597001E-04
  0.3750000      0.3625000      6.5010833E-03
  0.6250000      0.3625000      1.5858885E-02
  0.8750000      0.3625000      2.8209044E-02
   1.125000      0.3625000      4.2502429E-02
   1.375000      0.3625000      5.7749119E-02
   1.625000      0.3625000      7.3177963E-02
   1.875000      0.3625000      8.8284105E-02
   2.125000      0.3625000      0.1028077    
   2.375000      0.3625000      0.1166770    
   2.625000      0.3625000      0.1299411    
   2.875000      0.3625000      0.1427088    
   3.125000      0.3625000      0.1551046    
   3.375000      0.3625000      0.1672415    
   3.625000      0.3625000      0.1792092    
   3.875000      0.3625000      0.1910727    
   4.125000      0.3625000      0.2028752    
   4.375000      0.3625000      0.2146436    
   4.625000      0.3625000      0.2263939    
   4.875000      0.3625000      0.2381349    
   5.125000      0.3625000      0.2498714    
   5.375000      0.3625000      0.2616058    
   5.625000      0.3625000      0.2733391    
   5.875000      0.3625000      0.2850720    
   6.125000      0.3625000      0.2968048    
   6.375000      0.3625000      0.3085376    
   6.625000      0.3625000      0.3202702    
   6.875000      0.3625000      0.3320029    
   7.125000      0.3625000      0.3437355    
   7.375000      0.3625000      0.3554682    
   7.625000      0.3625000      0.3672009    
   7.875000      0.3625000      0.3789337    
   8.125000      0.3625000      0.3906677    
   8.375000      0.3625000      0.4024076    
   8.625000      0.3625000      0.4141778    
   8.875000      0.3625000      0.4261017    
   9.125000      0.3625000      0.4387891    
   9.375000      0.3625000      0.4552994    
   9.625000      0.3625000      0.4915040    
   9.875000      0.3625000      0.6333410    
   10.00000      0.3625000       1.000000    
 
  0.0000000E+00  0.3875000      0.0000000E+00
  0.1250000      0.3875000      8.6882617E-04
  0.3750000      0.3875000      6.3836989E-03
  0.6250000      0.3875000      1.5748136E-02
  0.8750000      0.3875000      2.8128857E-02
   1.125000      0.3875000      4.2403635E-02
   1.375000      0.3875000      5.7532009E-02
   1.625000      0.3875000      7.2721496E-02
   1.875000      0.3875000      8.7468117E-02
   2.125000      0.3875000      0.1015261    
   2.375000      0.3875000      0.1148438    
   2.625000      0.3875000      0.1274907    
   2.875000      0.3875000      0.1395944    
   3.125000      0.3875000      0.1512939    
   3.375000      0.3875000      0.1627136    
   3.625000      0.3875000      0.1739512    
   3.875000      0.3875000      0.1850767    
   4.125000      0.3875000      0.1961368    
   4.375000      0.3875000      0.2071603    
   4.625000      0.3875000      0.2181644    
   4.875000      0.3875000      0.2291586    
   5.125000      0.3875000      0.2401479    
   5.375000      0.3875000      0.2511349    
   5.625000      0.3875000      0.2621208    
   5.875000      0.3875000      0.2731063    
   6.125000      0.3875000      0.2840917    
   6.375000      0.3875000      0.2950769    
   6.625000      0.3875000      0.3060621    
   6.875000      0.3875000      0.3170473    
   7.125000      0.3875000      0.3280325    
   7.375000      0.3875000      0.3390177    
   7.625000      0.3875000      0.3500029    
   7.875000      0.3875000      0.3609883    
   8.125000      0.3875000      0.3719749    
   8.375000      0.3875000      0.3829678    
   8.625000      0.3875000      0.3939933    
   8.875000      0.3875000      0.4051811    
   9.125000      0.3875000      0.4171691    
   9.375000      0.3875000      0.4331310    
   9.625000      0.3875000      0.4694860    
   9.875000      0.3875000      0.6156098    
   10.00000      0.3875000       1.000000    
 
  0.0000000E+00  0.4125000      0.0000000E+00
  0.1250000      0.4125000      8.6704845E-04
  0.3750000      0.4125000      6.4955722E-03
  0.6250000      0.4125000      1.6070552E-02
  0.8750000      0.4125000      2.8660048E-02
   1.125000      0.4125000      4.3053400E-02
   1.375000      0.4125000      5.8161635E-02
   1.625000      0.4125000      7.3179677E-02
   1.875000      0.4125000      8.7614223E-02
   2.125000      0.4125000      0.1012419    
   2.375000      0.4125000      0.1140368    
   2.625000      0.4125000      0.1260931    
   2.875000      0.4125000      0.1375587    
   3.125000      0.4125000      0.1485886    
   3.375000      0.4125000      0.1593186    
   3.625000      0.4125000      0.1698541    
   3.875000      0.4125000      0.1802704    
   4.125000      0.4125000      0.1906170    
   4.375000      0.4125000      0.2009249    
   4.625000      0.4125000      0.2112123    
   4.875000      0.4125000      0.2214891    
   5.125000      0.4125000      0.2317607    
   5.375000      0.4125000      0.2420300    
   5.625000      0.4125000      0.2522981    
   5.875000      0.4125000      0.2625657    
   6.125000      0.4125000      0.2728331    
   6.375000      0.4125000      0.2831005    
   6.625000      0.4125000      0.2933677    
   6.875000      0.4125000      0.3036351    
   7.125000      0.4125000      0.3139024    
   7.375000      0.4125000      0.3241697    
   7.625000      0.4125000      0.3344370    
   7.875000      0.4125000      0.3447045    
   8.125000      0.4125000      0.3549733    
   8.375000      0.4125000      0.3652490    
   8.625000      0.4125000      0.3755595    
   8.875000      0.4125000      0.3860425    
   9.125000      0.4125000      0.3973660    
   9.375000      0.4125000      0.4128235    
   9.625000      0.4125000      0.4493694    
   9.875000      0.4125000      0.5995382    
   10.00000      0.4125000       1.000000    
 
  0.0000000E+00  0.4375000      0.0000000E+00
  0.1250000      0.4375000      9.1109762E-04
  0.3750000      0.4375000      6.8473890E-03
  0.6250000      0.4375000      1.6847610E-02
  0.8750000      0.4375000      2.9830040E-02
   1.125000      0.4375000      4.4480160E-02
   1.375000      0.4375000      5.9664354E-02
   1.625000      0.4375000      7.4575551E-02
   1.875000      0.4375000      8.8742040E-02
   2.125000      0.4375000      0.1019717    
   2.375000      0.4375000      0.1142708    
   2.625000      0.4375000      0.1257615    
   2.875000      0.4375000      0.1366144    
   3.125000      0.4375000      0.1470011    
   3.375000      0.4375000      0.1570689    
   3.625000      0.4375000      0.1669309    
   3.875000      0.4375000      0.1766671    
   4.125000      0.4375000      0.1863301    
   4.375000      0.4375000      0.1959525    
   4.625000      0.4375000      0.2055532    
   4.875000      0.4375000      0.2151429    
   5.125000      0.4375000      0.2247273    
   5.375000      0.4375000      0.2343091    
   5.625000      0.4375000      0.2438896    
   5.875000      0.4375000      0.2534698    
   6.125000      0.4375000      0.2630496    
   6.375000      0.4375000      0.2726294    
   6.625000      0.4375000      0.2822092    
   6.875000      0.4375000      0.2917889    
   7.125000      0.4375000      0.3013687    
   7.375000      0.4375000      0.3109485    
   7.625000      0.4375000      0.3205283    
   7.875000      0.4375000      0.3301083    
   8.125000      0.4375000      0.3396898    
   8.375000      0.4375000      0.3492786    
   8.625000      0.4375000      0.3589050    
   8.875000      0.4375000      0.3687153    
   9.125000      0.4375000      0.3794116    
   9.375000      0.4375000      0.3944159    
   9.625000      0.4375000      0.4312150    
   9.875000      0.4375000      0.5852303    
   10.00000      0.4375000       1.000000    
 
  0.0000000E+00  0.4625000      0.0000000E+00
  0.1250000      0.4625000      1.0044936E-03
  0.3750000      0.4625000      7.4580680E-03
  0.6250000      0.4625000      1.8109869E-02
  0.8750000      0.4625000      3.1673424E-02
   1.125000      0.4625000      4.6716806E-02
   1.375000      0.4625000      6.2068582E-02
   1.625000      0.4625000      7.6932371E-02
   1.875000      0.4625000      9.0870209E-02
   2.125000      0.4625000      0.1037306    
   2.375000      0.4625000      0.1155580    
   2.625000      0.4625000      0.1265067    
   2.875000      0.4625000      0.1367714    
   3.125000      0.4625000      0.1465410    
   3.375000      0.4625000      0.1559741    
   3.625000      0.4625000      0.1651914    
   3.875000      0.4625000      0.1742773    
   4.125000      0.4625000      0.1832869    
   4.375000      0.4625000      0.1922543    
   4.625000      0.4625000      0.2011992    
   4.875000      0.4625000      0.2101327    
   5.125000      0.4625000      0.2190607    
   5.375000      0.4625000      0.2279860    
   5.625000      0.4625000      0.2369100    
   5.875000      0.4625000      0.2458336    
   6.125000      0.4625000      0.2547569    
   6.375000      0.4625000      0.2636802    
   6.625000      0.4625000      0.2726034    
   6.875000      0.4625000      0.2815266    
   7.125000      0.4625000      0.2904499    
   7.375000      0.4625000      0.2993731    
   7.625000      0.4625000      0.3082963    
   7.875000      0.4625000      0.3172199    
   8.125000      0.4625000      0.3261449    
   8.375000      0.4625000      0.3350780    
   8.625000      0.4625000      0.3440518    
   8.875000      0.4625000      0.3532227    
   9.125000      0.4625000      0.3633315    
   9.375000      0.4625000      0.3779407    
   9.625000      0.4625000      0.4150757    
   9.875000      0.4625000      0.5727785    
   10.00000      0.4625000       1.000000    
 
  0.0000000E+00  0.4875000      0.0000000E+00
  0.1250000      0.4875000      1.1542251E-03
  0.3750000      0.4875000      8.3557880E-03
  0.6250000      0.4875000      1.9897845E-02
  0.8750000      0.4875000      3.4232426E-02
   1.125000      0.4875000      4.9800873E-02
   1.375000      0.4875000      6.5404810E-02
   1.625000      0.4875000      8.0273703E-02
   1.875000      0.4875000      9.4016530E-02
   2.125000      0.4875000      0.1065320    
   2.375000      0.4875000      0.1179092    
   2.625000      0.4875000      0.1283375    
   2.875000      0.4875000      0.1380374    
   3.125000      0.4875000      0.1472155    
   3.375000      0.4875000      0.1560416    
   3.625000      0.4875000      0.1646432    
   3.875000      0.4875000      0.1731087    
   4.125000      0.4875000      0.1814956    
   4.375000      0.4875000      0.1898390    
   4.625000      0.4875000      0.1981593    
   4.875000      0.4875000      0.2064680    
   5.125000      0.4875000      0.2147710    
   5.375000      0.4875000      0.2230713    
   5.625000      0.4875000      0.2313703    
   5.875000      0.4875000      0.2396688    
   6.125000      0.4875000      0.2479671    
   6.375000      0.4875000      0.2562653    
   6.625000      0.4875000      0.2645635    
   6.875000      0.4875000      0.2728616    
   7.125000      0.4875000      0.2811598    
   7.375000      0.4875000      0.2894579    
   7.625000      0.4875000      0.2977561    
   7.875000      0.4875000      0.3060546    
   8.125000      0.4875000      0.3143548    
   8.375000      0.4875000      0.3226638    
   8.625000      0.4875000      0.3310171    
   8.875000      0.4875000      0.3395828    
   9.125000      0.4875000      0.3491458    
   9.375000      0.4875000      0.3634245    
   9.625000      0.4875000      0.4009981    
   9.875000      0.4875000      0.5622652    
   10.00000      0.4875000       1.000000    
 
  0.0000000E+00  0.5125000      0.0000000E+00
  0.1250000      0.5125000      1.3713880E-03
  0.3750000      0.5125000      9.5790774E-03
  0.6250000      0.5125000      2.2262596E-02
  0.8750000      0.5125000      3.7556935E-02
   1.125000      0.5125000      5.3774279E-02
   1.375000      0.5125000      6.9705367E-02
   1.625000      0.5125000      8.4623232E-02
   1.875000      0.5125000      9.8197952E-02
   2.125000      0.5125000      0.1103881    
   2.375000      0.5125000      0.1213332    
   2.625000      0.5125000      0.1312609    
   2.875000      0.5125000      0.1404185    
   3.125000      0.5125000      0.1490303    
   3.375000      0.5125000      0.1572768    
   3.625000      0.5125000      0.1652918    
   3.875000      0.5125000      0.1731672    
   4.125000      0.5125000      0.1809622    
   4.375000      0.5125000      0.1887130    
   4.625000      0.5125000      0.1964404    
   4.875000      0.5125000      0.2041559    
   5.125000      0.5125000      0.2118656    
   5.375000      0.5125000      0.2195728    
   5.625000      0.5125000      0.2272786    
   5.875000      0.5125000      0.2349838    
   6.125000      0.5125000      0.2426888    
   6.375000      0.5125000      0.2503937    
   6.625000      0.5125000      0.2580987    
   6.875000      0.5125000      0.2658036    
   7.125000      0.5125000      0.2735085    
   7.375000      0.5125000      0.2812134    
   7.625000      0.5125000      0.2889183    
   7.875000      0.5125000      0.2966236    
   8.125000      0.5125000      0.3043308    
   8.375000      0.5125000      0.3120478    
   8.625000      0.5125000      0.3198131    
   8.875000      0.5125000      0.3278086    
   9.125000      0.5125000      0.3368696    
   9.375000      0.5125000      0.3508891    
   9.625000      0.5125000      0.3890225    
   9.875000      0.5125000      0.5537637    
   10.00000      0.5125000       1.000000    
 
  0.0000000E+00  0.5375000      0.0000000E+00
  0.1250000      0.5375000      1.6721040E-03
  0.3750000      0.5375000      1.1177974E-02
  0.6250000      0.5375000      2.5266062E-02
  0.8750000      0.5375000      4.1704144E-02
   1.125000      0.5375000      5.8682732E-02
   1.375000      0.5375000      7.5003855E-02
   1.625000      0.5375000      9.0004452E-02
   1.875000      0.5375000      0.1034304    
   2.125000      0.5375000      0.1153098    
   2.375000      0.5375000      0.1258377    
   2.625000      0.5375000      0.1352827    
   2.875000      0.5375000      0.1439195    
   3.125000      0.5375000      0.1519896    
   3.375000      0.5375000      0.1596838    
   3.625000      0.5375000      0.1671413    
   3.875000      0.5375000      0.1744570    
   4.125000      0.5375000      0.1816913    
   4.375000      0.5375000      0.1888809    
   4.625000      0.5375000      0.1960471    
   4.875000      0.5375000      0.2032014    
   5.125000      0.5375000      0.2103499    
   5.375000      0.5375000      0.2174958    
   5.625000      0.5375000      0.2246404    
   5.875000      0.5375000      0.2317844    
   6.125000      0.5375000      0.2389282    
   6.375000      0.5375000      0.2460720    
   6.625000      0.5375000      0.2532157    
   6.875000      0.5375000      0.2603593    
   7.125000      0.5375000      0.2675031    
   7.375000      0.5375000      0.2746468    
   7.625000      0.5375000      0.2817905    
   7.875000      0.5375000      0.2889347    
   8.125000      0.5375000      0.2960809    
   8.375000      0.5375000      0.3032380    
   8.625000      0.5375000      0.3104483    
   8.875000      0.5375000      0.3179092    
   9.125000      0.5375000      0.3265139    
   9.375000      0.5375000      0.3403517    
   9.625000      0.5375000      0.3791844    
   9.875000      0.5375000      0.5473383    
   10.00000      0.5375000       1.000000    
 
  0.0000000E+00  0.5625000      0.0000000E+00
  0.1250000      0.5625000      2.0787870E-03
  0.3750000      0.5625000      1.3215187E-02
  0.6250000      0.5625000      2.8981009E-02
  0.8750000      0.5625000      4.6737760E-02
   1.125000      0.5625000      6.4574786E-02
   1.375000      0.5625000      8.1334405E-02
   1.625000      0.5625000      9.6440129E-02
   1.875000      0.5625000      0.1097288    
   2.125000      0.5625000      0.1213066    
   2.375000      0.5625000      0.1314293    
   2.625000      0.5625000      0.1404075    
   2.875000      0.5625000      0.1485441    
   3.125000      0.5625000      0.1560968    
   3.375000      0.5625000      0.1632658    
   3.625000      0.5625000      0.1701950    
   3.875000      0.5625000      0.1769813    
   4.125000      0.5625000      0.1836860    
   4.375000      0.5625000      0.1903462    
   4.625000      0.5625000      0.1969830    
   4.875000      0.5625000      0.2036081    
   5.125000      0.5625000      0.2102275    
   5.375000      0.5625000      0.2168443    
   5.625000      0.5625000      0.2234598    
   5.875000      0.5625000      0.2300748    
   6.125000      0.5625000      0.2366895    
   6.375000      0.5625000      0.2433042    
   6.625000      0.5625000      0.2499188    
   6.875000      0.5625000      0.2565334    
   7.125000      0.5625000      0.2631480    
   7.375000      0.5625000      0.2697627    
   7.625000      0.5625000      0.2763774    
   7.875000      0.5625000      0.2829925    
   8.125000      0.5625000      0.2896099    
   8.375000      0.5625000      0.2962394    
   8.625000      0.5625000      0.3029279    
   8.875000      0.5625000      0.3098903    
   9.125000      0.5625000      0.3180865    
   9.375000      0.5625000      0.3318262    
   9.625000      0.5625000      0.3715147    
   9.875000      0.5625000      0.5430452    
   10.00000      0.5625000       1.000000    
 
  0.0000000E+00  0.5875000      0.0000000E+00
  0.1250000      0.5875000      2.6218221E-03
  0.3750000      0.5875000      1.5767217E-02
  0.6250000      0.5875000      3.3490457E-02
  0.8750000      0.5875000      5.2726578E-02
   1.125000      0.5875000      7.1500391E-02
   1.375000      0.5875000      8.8730507E-02
   1.625000      0.5875000      0.1039516    
   1.875000      0.5875000      0.1171061    
   2.125000      0.5875000      0.1283867    
   2.375000      0.5875000      0.1381128    
   2.625000      0.5875000      0.1466391    
   2.875000      0.5875000      0.1542951    
   3.125000      0.5875000      0.1613545    
   3.375000      0.5875000      0.1680253    
   3.625000      0.5875000      0.1744552    
   3.875000      0.5875000      0.1807425    
   4.125000      0.5875000      0.1869488    
   4.375000      0.5875000      0.1931112    
   4.625000      0.5875000      0.1992506    
   4.875000      0.5875000      0.2053785    
   5.125000      0.5875000      0.2115008    
   5.375000      0.5875000      0.2176205    
   5.625000      0.5875000      0.2237390    
   5.875000      0.5875000      0.2298570    
   6.125000      0.5875000      0.2359748    
   6.375000      0.5875000      0.2420925    
   6.625000      0.5875000      0.2482102    
   6.875000      0.5875000      0.2543278    
   7.125000      0.5875000      0.2604455    
   7.375000      0.5875000      0.2665632    
   7.625000      0.5875000      0.2726809    
   7.875000      0.5875000      0.2787991    
   8.125000      0.5875000      0.2849199    
   8.375000      0.5875000      0.2910543    
   8.625000      0.5875000      0.2972539    
   8.875000      0.5875000      0.3037546    
   9.125000      0.5875000      0.3115914    
   9.375000      0.5875000      0.3253226    
   9.625000      0.5875000      0.3660395    
   9.875000      0.5875000      0.5409319    
   10.00000      0.5875000       1.000000    
 
  0.0000000E+00  0.6125000      0.0000000E+00
  0.1250000      0.6125000      3.3417365E-03
  0.3750000      0.6125000      1.8925287E-02
  0.6250000      0.6125000      3.8886644E-02
  0.8750000      0.6125000      5.9742745E-02
   1.125000      0.6125000      7.9509310E-02
   1.375000      0.6125000      9.7223952E-02
   1.625000      0.6125000      0.1125581    
   1.875000      0.6125000      0.1255737    
   2.125000      0.6125000      0.1365566    
   2.375000      0.6125000      0.1458927    
   2.625000      0.6125000      0.1539802    
   2.875000      0.6125000      0.1611750    
   3.125000      0.6125000      0.1677648    
   3.375000      0.6125000      0.1739644    
   3.625000      0.6125000      0.1799241    
   3.875000      0.6125000      0.1857428    
   4.125000      0.6125000      0.1914818    
   4.375000      0.6125000      0.1971779    
   4.625000      0.6125000      0.2028516    
   4.875000      0.6125000      0.2085141    
   5.125000      0.6125000      0.2141713    
   5.375000      0.6125000      0.2198260    
   5.625000      0.6125000      0.2254795    
   5.875000      0.6125000      0.2311325    
   6.125000      0.6125000      0.2367853    
   6.375000      0.6125000      0.2424381    
   6.625000      0.6125000      0.2480908    
   6.875000      0.6125000      0.2537435    
   7.125000      0.6125000      0.2593962    
   7.375000      0.6125000      0.2650489    
   7.625000      0.6125000      0.2707017    
   7.875000      0.6125000      0.2763550    
   8.125000      0.6125000      0.2820113    
   8.375000      0.6125000      0.2876827    
   8.625000      0.6125000      0.2934266    
   8.875000      0.6125000      0.2995024    
   9.125000      0.6125000      0.3070309    
   9.375000      0.6125000      0.3208486    
   9.625000      0.6125000      0.3627808    
   9.875000      0.6125000      0.5410377    
   10.00000      0.6125000       1.000000    
 
  0.0000000E+00  0.6375000      0.0000000E+00
  0.1250000      0.6375000      4.2919242E-03
  0.3750000      0.6375000      2.2795899E-02
  0.6250000      0.6375000      4.5269135E-02
  0.8750000      0.6375000      6.7859262E-02
   1.125000      0.6375000      8.8648982E-02
   1.375000      0.6375000      0.1068433    
   1.625000      0.6375000      0.1222758    
   1.875000      0.6375000      0.1351404    
   2.125000      0.6375000      0.1458211    
   2.375000      0.6375000      0.1547716    
   2.625000      0.6375000      0.1624329    
   2.875000      0.6375000      0.1691856    
   3.125000      0.6375000      0.1753295    
   3.375000      0.6375000      0.1810849    
   3.625000      0.6375000      0.1866034    
   3.875000      0.6375000      0.1919836    
   4.125000      0.6375000      0.1972864    
   4.375000      0.6375000      0.2025476    
   4.625000      0.6375000      0.2077871    
   4.875000      0.6375000      0.2130161    
   5.125000      0.6375000      0.2182398    
   5.375000      0.6375000      0.2234613    
   5.625000      0.6375000      0.2286816    
   5.875000      0.6375000      0.2339014    
   6.125000      0.6375000      0.2391211    
   6.375000      0.6375000      0.2443407    
   6.625000      0.6375000      0.2495602    
   6.875000      0.6375000      0.2547797    
   7.125000      0.6375000      0.2599992    
   7.375000      0.6375000      0.2652188    
   7.625000      0.6375000      0.2704385    
   7.875000      0.6375000      0.2756587    
   8.125000      0.6375000      0.2808823    
   8.375000      0.6375000      0.2861227    
   8.625000      0.6375000      0.2914441    
   8.875000      0.6375000      0.2971321    
   9.125000      0.6375000      0.3044044    
   9.375000      0.6375000      0.3184081    
   9.625000      0.6375000      0.3617556    
   9.875000      0.6375000      0.5433925    
   10.00000      0.6375000       1.000000    
 
  0.0000000E+00  0.6625000      0.0000000E+00
  0.1250000      0.6625000      5.5419933E-03
  0.3750000      0.6625000      2.7500808E-02
  0.6250000      0.6625000      5.2742291E-02
  0.8750000      0.6625000      7.7147268E-02
   1.125000      0.6625000      9.8962583E-02
   1.375000      0.6625000      0.1176126    
   1.625000      0.6625000      0.1331173    
   1.875000      0.6625000      0.1458124    
   2.125000      0.6625000      0.1561834    
   2.375000      0.6625000      0.1647516    
   2.625000      0.6625000      0.1719990    
   2.875000      0.6625000      0.1783285    
   3.125000      0.6625000      0.1840505    
   3.375000      0.6625000      0.1893887    
   3.625000      0.6625000      0.1944950    
   3.875000      0.6625000      0.1994670    
   4.125000      0.6625000      0.2043642    
   4.375000      0.6625000      0.2092216    
   4.625000      0.6625000      0.2140585    
   4.875000      0.6625000      0.2188852    
   5.125000      0.6625000      0.2237071    
   5.375000      0.6625000      0.2285267    
   5.625000      0.6625000      0.2333453    
   5.875000      0.6625000      0.2381635    
   6.125000      0.6625000      0.2429815    
   6.375000      0.6625000      0.2477995    
   6.625000      0.6625000      0.2526173    
   6.875000      0.6625000      0.2574352    
   7.125000      0.6625000      0.2622531    
   7.375000      0.6625000      0.2670709    
   7.625000      0.6625000      0.2718890    
   7.875000      0.6625000      0.2767076    
   8.125000      0.6625000      0.2815301    
   8.375000      0.6625000      0.2863714    
   8.625000      0.6625000      0.2913032    
   8.875000      0.6625000      0.2966405    
   9.125000      0.6625000      0.3037097    
   9.375000      0.6625000      0.3180030    
   9.625000      0.6625000      0.3629756    
   9.875000      0.6625000      0.5480159    
   10.00000      0.6625000       1.000000    
 
  0.0000000E+00  0.6875000      0.0000000E+00
  0.1250000      0.6875000      7.1817092E-03
  0.3750000      0.6875000      3.3176061E-02
  0.6250000      0.6875000      6.1411697E-02
  0.8750000      0.6875000      8.7672651E-02
   1.125000      0.6875000      0.1104866    
   1.375000      0.6875000      0.1295502    
   1.625000      0.6875000      0.1450906    
   1.875000      0.6875000      0.1575927    
   2.125000      0.6875000      0.1676446    
   2.375000      0.6875000      0.1758333    
   2.625000      0.6875000      0.1826793    
   2.875000      0.6875000      0.1886052    
   3.125000      0.6875000      0.1939294    
   3.375000      0.6875000      0.1988776    
   3.625000      0.6875000      0.2036007    
   3.875000      0.6875000      0.2081945    
   4.125000      0.6875000      0.2127169    
   4.375000      0.6875000      0.2172014    
   4.625000      0.6875000      0.2216665    
   4.875000      0.6875000      0.2261222    
   5.125000      0.6875000      0.2305733    
   5.375000      0.6875000      0.2350224    
   5.625000      0.6875000      0.2394704    
   5.875000      0.6875000      0.2439181    
   6.125000      0.6875000      0.2483656    
   6.375000      0.6875000      0.2528131    
   6.625000      0.6875000      0.2572605    
   6.875000      0.6875000      0.2617079    
   7.125000      0.6875000      0.2661553    
   7.375000      0.6875000      0.2706027    
   7.625000      0.6875000      0.2750503    
   7.875000      0.6875000      0.2794986    
   8.125000      0.6875000      0.2839512    
   8.375000      0.6875000      0.2884249    
   8.625000      0.6875000      0.2929995    
   8.875000      0.6875000      0.2980232    
   9.125000      0.6875000      0.3049430    
   9.375000      0.6875000      0.3196317    
   9.625000      0.6875000      0.3664456    
   9.875000      0.6875000      0.5549155    
   10.00000      0.6875000       1.000000    
 
  0.0000000E+00  0.7125000      0.0000000E+00
  0.1250000      0.7125000      9.3254792E-03
  0.3750000      0.7125000      3.9969765E-02
  0.6250000      0.7125000      7.1379691E-02
  0.8750000      0.7125000      9.9492505E-02
   1.125000      0.7125000      0.1232487    
   1.375000      0.7125000      0.1426671    
   1.625000      0.7125000      0.1581986    
   1.875000      0.7125000      0.1704812    
   2.125000      0.7125000      0.1802039    
   2.375000      0.7125000      0.1880165    
   2.625000      0.7125000      0.1944745    
   2.875000      0.7125000      0.2000170    
   3.125000      0.7125000      0.2049681    
   3.375000      0.7125000      0.2095537    
   3.625000      0.7125000      0.2139226    
   3.875000      0.7125000      0.2181681    
   4.125000      0.7125000      0.2223459    
   4.375000      0.7125000      0.2264882    
   4.625000      0.7125000      0.2306123    
   4.875000      0.7125000      0.2347276    
   5.125000      0.7125000      0.2388387    
   5.375000      0.7125000      0.2429480    
   5.625000      0.7125000      0.2470563    
   5.875000      0.7125000      0.2511643    
   6.125000      0.7125000      0.2552721    
   6.375000      0.7125000      0.2593800    
   6.625000      0.7125000      0.2634876    
   6.875000      0.7125000      0.2675954    
   7.125000      0.7125000      0.2717032    
   7.375000      0.7125000      0.2758109    
   7.625000      0.7125000      0.2799188    
   7.875000      0.7125000      0.2840275    
   8.125000      0.7125000      0.2881410    
   8.375000      0.7125000      0.2922783    
   8.625000      0.7125000      0.2965280    
   8.875000      0.7125000      0.3012748    
   9.125000      0.7125000      0.3080987    
   9.375000      0.7125000      0.3232891    
   9.625000      0.7125000      0.3721621    
   9.875000      0.7125000      0.5640846    
   10.00000      0.7125000       1.000000    
 
  0.0000000E+00  0.7375000      0.0000000E+00
  0.1250000      0.7375000      1.2117130E-02
  0.3750000      0.7375000      4.8038203E-02
  0.6250000      0.7375000      8.2740083E-02
  0.8750000      0.7375000      0.1126515    
   1.125000      0.7375000      0.1372655    
   1.375000      0.7375000      0.1569663    
   1.625000      0.7375000      0.1724391    
   1.875000      0.7375000      0.1844742    
   2.125000      0.7375000      0.1938585    
   2.375000      0.7375000      0.2012999    
   2.625000      0.7375000      0.2073847    
   2.875000      0.7375000      0.2125650    
   3.125000      0.7375000      0.2171685    
   3.375000      0.7375000      0.2214192    
   3.625000      0.7375000      0.2254628    
   3.875000      0.7375000      0.2293897    
   4.125000      0.7375000      0.2332531    
   4.375000      0.7375000      0.2370833    
   4.625000      0.7375000      0.2408967    
   4.875000      0.7375000      0.2447021    
   5.125000      0.7375000      0.2485036    
   5.375000      0.7375000      0.2523035    
   5.625000      0.7375000      0.2561024    
   5.875000      0.7375000      0.2599011    
   6.125000      0.7375000      0.2636997    
   6.375000      0.7375000      0.2674981    
   6.625000      0.7375000      0.2712965    
   6.875000      0.7375000      0.2750950    
   7.125000      0.7375000      0.2788935    
   7.375000      0.7375000      0.2826919    
   7.625000      0.7375000      0.2864906    
   7.875000      0.7375000      0.2902901    
   8.125000      0.7375000      0.2940950    
   8.375000      0.7375000      0.2979265    
   8.625000      0.7375000      0.3018831    
   8.875000      0.7375000      0.3063893    
   9.125000      0.7375000      0.3131698    
   9.375000      0.7375000      0.3289662    
   9.625000      0.7375000      0.3801110    
   9.875000      0.7375000      0.5754985    
   10.00000      0.7375000       1.000000    
 
  0.0000000E+00  0.7625000      0.0000000E+00
  0.1250000      0.7625000      1.5734550E-02
  0.3750000      0.7625000      5.7539858E-02
  0.6250000      0.7625000      9.5572144E-02
  0.8750000      0.7625000      0.1271784    
   1.125000      0.7625000      0.1525411    
   1.375000      0.7625000      0.1724421    
   1.625000      0.7625000      0.1878037    
   1.875000      0.7625000      0.1995648    
   2.125000      0.7625000      0.2086039    
   2.375000      0.7625000      0.2156814    
   2.625000      0.7625000      0.2214096    
   2.875000      0.7625000      0.2262505    
   3.125000      0.7625000      0.2305324    
   3.375000      0.7625000      0.2344762    
   3.625000      0.7625000      0.2382238    
   3.875000      0.7625000      0.2418616    
   4.125000      0.7625000      0.2454403    
   4.375000      0.7625000      0.2489884    
   4.625000      0.7625000      0.2525211    
   4.875000      0.7625000      0.2560464    
   5.125000      0.7625000      0.2595683    
   5.375000      0.7625000      0.2630886    
   5.625000      0.7625000      0.2666081    
   5.875000      0.7625000      0.2701275    
   6.125000      0.7625000      0.2736467    
   6.375000      0.7625000      0.2771658    
   6.625000      0.7625000      0.2806849    
   6.875000      0.7625000      0.2842039    
   7.125000      0.7625000      0.2877231    
   7.375000      0.7625000      0.2912422    
   7.625000      0.7625000      0.2947616    
   7.875000      0.7625000      0.2982819    
   8.125000      0.7625000      0.3018082    
   8.375000      0.7625000      0.3053641    
   8.625000      0.7625000      0.3090587    
   8.875000      0.7625000      0.3133598    
   9.125000      0.7625000      0.3201476    
   9.375000      0.7625000      0.3366487    
   9.625000      0.7625000      0.3902649    
   9.875000      0.7625000      0.5891125    
   10.00000      0.7625000       1.000000    
 
  0.0000000E+00  0.7875000      0.0000000E+00
  0.1250000      0.7875000      2.0393392E-02
  0.3750000      0.7875000      6.8627156E-02
  0.6250000      0.7875000      0.1099340    
  0.8750000      0.7875000      0.1430825    
   1.125000      0.7875000      0.1690655    
   1.375000      0.7875000      0.1890793    
   1.625000      0.7875000      0.2042787    
   1.875000      0.7875000      0.2157426    
   2.125000      0.7875000      0.2244335    
   2.375000      0.7875000      0.2311577    
   2.625000      0.7875000      0.2365486    
   2.875000      0.7875000      0.2410743    
   3.125000      0.7875000      0.2450617    
   3.375000      0.7875000      0.2487272    
   3.625000      0.7875000      0.2522078    
   3.875000      0.7875000      0.2555859    
   4.125000      0.7875000      0.2589095    
   4.375000      0.7875000      0.2622050    
   4.625000      0.7875000      0.2654864    
   4.875000      0.7875000      0.2687612    
   5.125000      0.7875000      0.2720329    
   5.375000      0.7875000      0.2753033    
   5.625000      0.7875000      0.2785729    
   5.875000      0.7875000      0.2818424    
   6.125000      0.7875000      0.2851118    
   6.375000      0.7875000      0.2883810    
   6.625000      0.7875000      0.2916502    
   6.875000      0.7875000      0.2949195    
   7.125000      0.7875000      0.2981888    
   7.375000      0.7875000      0.3014581    
   7.625000      0.7875000      0.3047277    
   7.875000      0.7875000      0.3079983    
   8.125000      0.7875000      0.3112755    
   8.375000      0.7875000      0.3145856    
   8.625000      0.7875000      0.3180490    
   8.875000      0.7875000      0.3221790    
   9.125000      0.7875000      0.3290215    
   9.375000      0.7875000      0.3463163    
   9.625000      0.7875000      0.4025796    
   9.875000      0.7875000      0.6048569    
   10.00000      0.7875000       1.000000    
 
  0.0000000E+00  0.8125000      0.0000000E+00
  0.1250000      0.8125000      2.6348652E-02
  0.3750000      0.8125000      8.1435613E-02
  0.6250000      0.8125000      0.1258564    
  0.8750000      0.8125000      0.1603516    
   1.125000      0.8125000      0.1868142    
   1.375000      0.8125000      0.2068535    
   1.625000      0.8125000      0.2218444    
   1.875000      0.8125000      0.2329941    
   2.125000      0.8125000      0.2413392    
   2.375000      0.8125000      0.2477249    
   2.625000      0.8125000      0.2528006    
   2.875000      0.8125000      0.2570373    
   3.125000      0.8125000      0.2607583    
   3.375000      0.8125000      0.2641743    
   3.625000      0.8125000      0.2674171    
   3.875000      0.8125000      0.2705649    
   4.125000      0.8125000      0.2736624    
   4.375000      0.8125000      0.2767345    
   4.625000      0.8125000      0.2797939    
   4.875000      0.8125000      0.2828473    
   5.125000      0.8125000      0.2858979    
   5.375000      0.8125000      0.2889473    
   5.625000      0.8125000      0.2919962    
   5.875000      0.8125000      0.2950448    
   6.125000      0.8125000      0.2980934    
   6.375000      0.8125000      0.3011419    
   6.625000      0.8125000      0.3041903    
   6.875000      0.8125000      0.3072388    
   7.125000      0.8125000      0.3102874    
   7.375000      0.8125000      0.3133359    
   7.625000      0.8125000      0.3163846    
   7.875000      0.8125000      0.3194346    
   8.125000      0.8125000      0.3224920    
   8.375000      0.8125000      0.3255855    
   8.625000      0.8125000      0.3288475    
   8.875000      0.8125000      0.3328392    
   9.125000      0.8125000      0.3397790    
   9.375000      0.8125000      0.3579414    
   9.625000      0.8125000      0.4169904    
   9.875000      0.8125000      0.6226321    
   10.00000      0.8125000       1.000000    
 
  0.0000000E+00  0.8375000      0.0000000E+00
  0.1250000      0.8375000      3.3892281E-02
  0.3750000      0.8375000      9.6070640E-02
  0.6250000      0.8375000      0.1433362    
  0.8750000      0.8375000      0.1789497    
   1.125000      0.8375000      0.2057471    
   1.375000      0.8375000      0.2257310    
   1.625000      0.8375000      0.2404759    
   1.875000      0.8375000      0.2513025    
   2.125000      0.8375000      0.2593110    
   2.375000      0.8375000      0.2653780    
   2.625000      0.8375000      0.2701640    
   2.875000      0.8375000      0.2741398    
   3.125000      0.8375000      0.2776233    
   3.375000      0.8375000      0.2808193    
   3.625000      0.8375000      0.2838535    
   3.875000      0.8375000      0.2868000    
   4.125000      0.8375000      0.2897005    
   4.375000      0.8375000      0.2925780    
   4.625000      0.8375000      0.2954440    
   4.875000      0.8375000      0.2983047    
   5.125000      0.8375000      0.3011628    
   5.375000      0.8375000      0.3040200    
   5.625000      0.8375000      0.3068767    
   5.875000      0.8375000      0.3097332    
   6.125000      0.8375000      0.3125896    
   6.375000      0.8375000      0.3154460    
   6.625000      0.8375000      0.3183023    
   6.875000      0.8375000      0.3211587    
   7.125000      0.8375000      0.3240151    
   7.375000      0.8375000      0.3268715    
   7.625000      0.8375000      0.3297282    
   7.875000      0.8375000      0.3325862    
   8.125000      0.8375000      0.3354523    
   8.375000      0.8375000      0.3383579    
   8.625000      0.8375000      0.3414477    
   8.875000      0.8375000      0.3453317    
   9.125000      0.8375000      0.3524046    
   9.375000      0.8375000      0.3714871    
   9.625000      0.8375000      0.4334069    
   9.875000      0.8375000      0.6423029    
   10.00000      0.8375000       1.000000    
 
  0.0000000E+00  0.8625000      0.0000000E+00
  0.1250000      0.8625000      4.3344580E-02
  0.3750000      0.8625000      0.1125928    
  0.6250000      0.8625000      0.1623324    
  0.8750000      0.8625000      0.1988167    
   1.125000      0.8625000      0.2258102    
   1.375000      0.8625000      0.2456696    
   1.625000      0.8625000      0.2601434    
   1.875000      0.8625000      0.2706485    
   2.125000      0.8625000      0.2783376    
   2.375000      0.8625000      0.2841112    
   2.625000      0.8625000      0.2886365    
   2.875000      0.8625000      0.2923815    
   3.125000      0.8625000      0.2956580    
   3.375000      0.8625000      0.2986637    
   3.625000      0.8625000      0.3015188    
   3.875000      0.8625000      0.3042929    
   4.125000      0.8625000      0.3070250    
   4.375000      0.8625000      0.3097363    
   4.625000      0.8625000      0.3124372    
   4.875000      0.8625000      0.3151336    
   5.125000      0.8625000      0.3178276    
   5.375000      0.8625000      0.3205208    
   5.625000      0.8625000      0.3232136    
   5.875000      0.8625000      0.3259062    
   6.125000      0.8625000      0.3285987    
   6.375000      0.8625000      0.3312913    
   6.625000      0.8625000      0.3339837    
   6.875000      0.8625000      0.3366762    
   7.125000      0.8625000      0.3393687    
   7.375000      0.8625000      0.3420612    
   7.625000      0.8625000      0.3447541    
   7.875000      0.8625000      0.3474485    
   8.125000      0.8625000      0.3501514    
   8.375000      0.8625000      0.3528975    
   8.625000      0.8625000      0.3558433    
   8.875000      0.8625000      0.3596474    
   9.125000      0.8625000      0.3668804    
   9.375000      0.8625000      0.3869067    
   9.625000      0.8625000      0.4517101    
   9.875000      0.8625000      0.6636944    
   10.00000      0.8625000       1.000000    
 
  0.0000000E+00  0.8875000      0.0000000E+00
  0.1250000      0.8875000      5.5036023E-02
  0.3750000      0.8875000      0.1310021    
  0.6250000      0.8875000      0.1827625    
  0.8750000      0.8875000      0.2198684    
   1.125000      0.8875000      0.2469350    
   1.375000      0.8875000      0.2666190    
   1.625000      0.8875000      0.2808122    
   1.875000      0.8875000      0.2910100    
   2.125000      0.8875000      0.2984058    
   2.375000      0.8875000      0.3039175    
   2.625000      0.8875000      0.3082149    
   2.875000      0.8875000      0.3117616    
   3.125000      0.8875000      0.3148623    
   3.375000      0.8875000      0.3177081    
   3.625000      0.8875000      0.3204134    
   3.875000      0.8875000      0.3230439    
   4.125000      0.8875000      0.3256361    
   4.375000      0.8875000      0.3282094    
   4.625000      0.8875000      0.3307734    
   4.875000      0.8875000      0.3333332    
   5.125000      0.8875000      0.3358912    
   5.375000      0.8875000      0.3384482    
   5.625000      0.8875000      0.3410051    
   5.875000      0.8875000      0.3435616    
   6.125000      0.8875000      0.3461182    
   6.375000      0.8875000      0.3486747    
   6.625000      0.8875000      0.3512312    
   6.875000      0.8875000      0.3537877    
   7.125000      0.8875000      0.3563442    
   7.375000      0.8875000      0.3589008    
   7.625000      0.8875000      0.3614577    
   7.875000      0.8875000      0.3640163    
   8.125000      0.8875000      0.3665840    
   8.375000      0.8875000      0.3691984    
   8.625000      0.8875000      0.3720273    
   8.875000      0.8875000      0.3757762    
   9.125000      0.8875000      0.3831849    
   9.375000      0.8875000      0.4041417    
   9.625000      0.8875000      0.4717461    
   9.875000      0.8875000      0.6865841    
   10.00000      0.8875000       1.000000    
 
  0.0000000E+00  0.9125000      0.0000000E+00
  0.1250000      0.9125000      6.9276132E-02
  0.3750000      0.9125000      0.1512238    
  0.6250000      0.9125000      0.2045020    
  0.8750000      0.9125000      0.2419981    
   1.125000      0.9125000      0.2690406    
   1.375000      0.9125000      0.2885214    
   1.625000      0.9125000      0.3024434    
   1.875000      0.9125000      0.3123620    
   2.125000      0.9125000      0.3195006    
   2.375000      0.9125000      0.3247883    
   2.625000      0.9125000      0.3288946    
   2.875000      0.9125000      0.3322777    
   3.125000      0.9125000      0.3352353    
   3.375000      0.9125000      0.3379519    
   3.625000      0.9125000      0.3405370    
   3.875000      0.9125000      0.3430525    
   4.125000      0.9125000      0.3455330    
   4.375000      0.9125000      0.3479962    
   4.625000      0.9125000      0.3504510    
   4.875000      0.9125000      0.3529021    
   5.125000      0.9125000      0.3553514    
   5.375000      0.9125000      0.3578000    
   5.625000      0.9125000      0.3602484    
   5.875000      0.9125000      0.3626966    
   6.125000      0.9125000      0.3651448    
   6.375000      0.9125000      0.3675930    
   6.625000      0.9125000      0.3700410    
   6.875000      0.9125000      0.3724891    
   7.125000      0.9125000      0.3749373    
   7.375000      0.9125000      0.3773855    
   7.625000      0.9125000      0.3798340    
   7.875000      0.9125000      0.3822843    
   8.125000      0.9125000      0.3847445    
   8.375000      0.9125000      0.3872542    
   8.625000      0.9125000      0.3899923    
   8.875000      0.9125000      0.3937070    
   9.125000      0.9125000      0.4012932    
   9.375000      0.9125000      0.4231210    
   9.625000      0.9125000      0.4933230    
   9.875000      0.9125000      0.7106965    
   10.00000      0.9125000       1.000000    
 
  0.0000000E+00  0.9375000      0.0000000E+00
  0.1250000      0.9375000      8.6305350E-02
  0.3750000      0.9375000      0.1730978    
  0.6250000      0.9375000      0.2273864    
  0.8750000      0.9375000      0.2650786    
   1.125000      0.9375000      0.2920343    
   1.375000      0.9375000      0.3113123    
   1.625000      0.9375000      0.3249939    
   1.875000      0.9375000      0.3346769    
   2.125000      0.9375000      0.3416051    
   2.375000      0.9375000      0.3467135    
   2.625000      0.9375000      0.3506698    
   2.875000      0.9375000      0.3539263    
   3.125000      0.9375000      0.3567745    
   3.375000      0.9375000      0.3593932    
   3.625000      0.9375000      0.3618877    
   3.875000      0.9375000      0.3643170    
   4.125000      0.9375000      0.3667138    
   4.375000      0.9375000      0.3690946    
   4.625000      0.9375000      0.3714676    
   4.875000      0.9375000      0.3738374    
   5.125000      0.9375000      0.3762055    
   5.375000      0.9375000      0.3785731    
   5.625000      0.9375000      0.3809404    
   5.875000      0.9375000      0.3833075    
   6.125000      0.9375000      0.3856746    
   6.375000      0.9375000      0.3880418    
   6.625000      0.9375000      0.3904087    
   6.875000      0.9375000      0.3927758    
   7.125000      0.9375000      0.3951429    
   7.375000      0.9375000      0.3975101    
   7.625000      0.9375000      0.3998775    
   7.875000      0.9375000      0.4022470    
   8.125000      0.9375000      0.4046267    
   8.375000      0.9375000      0.4070586    
   8.625000      0.9375000      0.4097306    
   8.875000      0.9375000      0.4134275    
   9.125000      0.9375000      0.4211764    
   9.375000      0.9375000      0.4437607    
   9.625000      0.9375000      0.5162081    
   9.875000      0.9375000      0.7356977    
   10.00000      0.9375000       1.000000    
 
  0.0000000E+00  0.9625000      0.0000000E+00
  0.1250000      0.9625000      0.1062270    
  0.3750000      0.9625000      0.1963739    
  0.6250000      0.9625000      0.2512153    
  0.8750000      0.9625000      0.2889647    
   1.125000      0.9625000      0.3158132    
   1.375000      0.9625000      0.3349203    
   1.625000      0.9625000      0.3484160    
   1.875000      0.9625000      0.3579239    
   2.125000      0.9625000      0.3646996    
   2.375000      0.9625000      0.3696807    
   2.625000      0.9625000      0.3735323    
   2.875000      0.9625000      0.3767017    
   3.125000      0.9625000      0.3794754    
   3.375000      0.9625000      0.3820282    
   3.625000      0.9625000      0.3844620    
   3.875000      0.9625000      0.3868337    
   4.125000      0.9625000      0.3891748    
   4.375000      0.9625000      0.3915007    
   4.625000      0.9625000      0.3938193    
   4.875000      0.9625000      0.3961350    
   5.125000      0.9625000      0.3984491    
   5.375000      0.9625000      0.4007627    
   5.625000      0.9625000      0.4030761    
   5.875000      0.9625000      0.4053893    
   6.125000      0.9625000      0.4077024    
   6.375000      0.9625000      0.4100157    
   6.625000      0.9625000      0.4123286    
   6.875000      0.9625000      0.4146419    
   7.125000      0.9625000      0.4169550    
   7.375000      0.9625000      0.4192683    
   7.625000      0.9625000      0.4215818    
   7.875000      0.9625000      0.4238974    
   8.125000      0.9625000      0.4262238    
   8.375000      0.9625000      0.4286042    
   8.625000      0.9625000      0.4312335    
   8.875000      0.9625000      0.4349240    
   9.125000      0.9625000      0.4428024    
   9.375000      0.9625000      0.4659641    
   9.625000      0.9625000      0.5401260    
   9.875000      0.9625000      0.7611896    
   10.00000      0.9625000       1.000000    
 
  0.0000000E+00  0.9875000      0.0000000E+00
  0.1250000      0.9875000      0.1289176    
  0.3750000      0.9875000      0.2207163    
  0.6250000      0.9875000      0.2757577    
  0.8750000      0.9875000      0.3134956    
   1.125000      0.9875000      0.3402643    
   1.375000      0.9875000      0.3592676    
   1.625000      0.9875000      0.3726569    
   1.875000      0.9875000      0.3820679    
   2.125000      0.9875000      0.3887612    
   2.375000      0.9875000      0.3936746    
   2.625000      0.9875000      0.3974713    
   2.875000      0.9875000      0.4005957    
   3.125000      0.9875000      0.4033315    
   3.375000      0.9875000      0.4058508    
   3.625000      0.9875000      0.4082541    
   3.875000      0.9875000      0.4105969    
   4.125000      0.9875000      0.4129100    
   4.375000      0.9875000      0.4152086    
   4.625000      0.9875000      0.4175000    
   4.875000      0.9875000      0.4197887    
   5.125000      0.9875000      0.4220759    
   5.375000      0.9875000      0.4243625    
   5.625000      0.9875000      0.4266489    
   5.875000      0.9875000      0.4289353    
   6.125000      0.9875000      0.4312215    
   6.375000      0.9875000      0.4335079    
   6.625000      0.9875000      0.4357939    
   6.875000      0.9875000      0.4380802    
   7.125000      0.9875000      0.4403665    
   7.375000      0.9875000      0.4426528    
   7.625000      0.9875000      0.4449394    
   7.875000      0.9875000      0.4472283    
   8.125000      0.9875000      0.4495279    
   8.375000      0.9875000      0.4518828    
   8.625000      0.9875000      0.4544914    
   8.875000      0.9875000      0.4581815    
   9.125000      0.9875000      0.4661354    
   9.375000      0.9875000      0.4896241    
   9.625000      0.9875000      0.5647610    
   9.875000      0.9875000      0.7867048    
   10.00000      0.9875000       1.000000    
 
  0.0000000E+00   1.000000      0.0000000E+00
  0.1250000       1.000000      0.1289176    
  0.3750000       1.000000      0.2207163    
  0.6250000       1.000000      0.2757577    
  0.8750000       1.000000      0.3134956    
   1.125000       1.000000      0.3402643    
   1.375000       1.000000      0.3592676    
   1.625000       1.000000      0.3726569    
   1.875000       1.000000      0.3820679    
   2.125000       1.000000      0.3887612    
   2.375000       1.000000      0.3936746    
   2.625000       1.000000      0.3974713    
   2.875000       1.000000      0.4005957    
   3.125000       1.000000      0.4033315    
   3.375000       1.000000      0.4058508    
   3.625000       1.000000      0.4082541    
   3.875000       1.000000      0.4105969    
   4.125000       1.000000      0.4129100    
   4.375000       1.000000      0.4152086    
   4.625000       1.000000      0.4175000    
   4.875000       1.000000      0.4197887    
   5.125000       1.000000      0.4220759    
   5.375000       1.000000      0.4243625    
   5.625000       1.000000      0.4266489    
   5.875000       1.000000      0.4289353    
   6.125000       1.000000      0.4312215    
   6.375000       1.000000      0.4335079    
   6.625000       1.000000      0.4357939    
   6.875000       1.000000      0.4380802    
   7.125000       1.000000      0.4403665    
   7.375000       1.000000      0.4426528    
   7.625000       1.000000      0.4449394    
   7.875000       1.000000      0.4472283    
   8.125000       1.000000      0.4495279    
   8.375000       1.000000      0.4518828    
   8.625000       1.000000      0.4544914    
   8.875000       1.000000      0.4581815    
   9.125000       1.000000      0.4661354    
   9.375000       1.000000      0.4896241    
   9.625000       1.000000      0.5647610    
   9.875000       1.000000      0.7867048    
   10.00000       1.000000       1.000000    
 
