   3.33333351E-02   5.49610192E-03
  0.100000009       1.10513223E-02
  0.166666687       1.67309623E-02
  0.233333349       2.26066839E-02
  0.300000012       2.87624914E-02
  0.366666675       3.53011712E-02
  0.433333367       4.23554927E-02
  0.500000000       5.01065217E-02
  0.566666722       5.88102899E-02
  0.633333325       6.88713789E-02
  0.700000048       8.09122622E-02
  0.766666710       9.62791517E-02
  0.833333373      0.117390737    
  0.900000095      0.153353393    
  0.966666698      0.309969604    
   1.03333330      0.183821425    
   1.10000014      0.141527623    
