  0.0000000E+00  0.0000000E+00  0.0000000E+00
  0.1250000      0.0000000E+00  1.2499999E-02
  0.3750000      0.0000000E+00  3.7499998E-02
  0.6250000      0.0000000E+00  6.2499996E-02
  0.8750000      0.0000000E+00  8.7499991E-02
   1.125000      0.0000000E+00  0.1125000    
   1.375000      0.0000000E+00  0.1375000    
   1.625000      0.0000000E+00  0.1625000    
   1.875000      0.0000000E+00  0.1875000    
   2.125000      0.0000000E+00  0.2125000    
   2.375000      0.0000000E+00  0.2375000    
   2.625000      0.0000000E+00  0.2625000    
   2.875000      0.0000000E+00  0.2875000    
   3.125000      0.0000000E+00  0.3125000    
   3.375000      0.0000000E+00  0.3375000    
   3.625000      0.0000000E+00  0.3625000    
   3.875000      0.0000000E+00  0.3875000    
   4.125000      0.0000000E+00  0.4125000    
   4.375000      0.0000000E+00  0.4375000    
   4.625000      0.0000000E+00  0.4625000    
   4.875000      0.0000000E+00  0.4875000    
   5.125000      0.0000000E+00  0.5125000    
   5.375000      0.0000000E+00  0.5375000    
   5.625000      0.0000000E+00  0.5624999    
   5.875000      0.0000000E+00  0.5875000    
   6.125000      0.0000000E+00  0.6125000    
   6.375000      0.0000000E+00  0.6375000    
   6.625000      0.0000000E+00  0.6625000    
   6.875000      0.0000000E+00  0.6874999    
   7.125000      0.0000000E+00  0.7125000    
   7.375000      0.0000000E+00  0.7375000    
   7.625000      0.0000000E+00  0.7624999    
   7.875000      0.0000000E+00  0.7875000    
   8.125000      0.0000000E+00  0.8124999    
   8.375000      0.0000000E+00  0.8375000    
   8.625000      0.0000000E+00  0.8625000    
   8.875000      0.0000000E+00  0.8874999    
   9.125000      0.0000000E+00  0.9125000    
   9.375000      0.0000000E+00  0.9374999    
   9.625000      0.0000000E+00  0.9624999    
   9.875000      0.0000000E+00  0.9875000    
   10.00000      0.0000000E+00   1.000000    
 
  0.0000000E+00  1.2500000E-02  0.0000000E+00
  0.1250000      1.2500000E-02  1.0887817E-02
  0.3750000      1.2500000E-02  3.3978947E-02
  0.6250000      1.2500000E-02  5.7462383E-02
  0.8750000      1.2500000E-02  8.1148989E-02
   1.125000      1.2500000E-02  0.1049657    
   1.375000      1.2500000E-02  0.1288756    
   1.625000      1.2500000E-02  0.1528573    
   1.875000      1.2500000E-02  0.1768968    
   2.125000      1.2500000E-02  0.2009851    
   2.375000      1.2500000E-02  0.2251149    
   2.625000      1.2500000E-02  0.2492821    
   2.875000      1.2500000E-02  0.2734819    
   3.125000      1.2500000E-02  0.2977118    
   3.375000      1.2500000E-02  0.3219691    
   3.625000      1.2500000E-02  0.3462520    
   3.875000      1.2500000E-02  0.3705579    
   4.125000      1.2500000E-02  0.3948863    
   4.375000      1.2500000E-02  0.4192344    
   4.625000      1.2500000E-02  0.4436022    
   4.875000      1.2500000E-02  0.4679873    
   5.125000      1.2500000E-02  0.4923893    
   5.375000      1.2500000E-02  0.5168066    
   5.625000      1.2500000E-02  0.5412386    
   5.875000      1.2500000E-02  0.5656840    
   6.125000      1.2500000E-02  0.5901415    
   6.375000      1.2500000E-02  0.6146105    
   6.625000      1.2500000E-02  0.6390905    
   6.875000      1.2500000E-02  0.6635798    
   7.125000      1.2500000E-02  0.6880785    
   7.375000      1.2500000E-02  0.7125844    
   7.625000      1.2500000E-02  0.7370980    
   7.875000      1.2500000E-02  0.7616187    
   8.125000      1.2500000E-02  0.7861439    
   8.375000      1.2500000E-02  0.8106756    
   8.625000      1.2500000E-02  0.8352114    
   8.875000      1.2500000E-02  0.8597512    
   9.125000      1.2500000E-02  0.8842953    
   9.375000      1.2500000E-02  0.9088592    
   9.625000      1.2500000E-02  0.9337016    
   9.875000      1.2500000E-02  0.9625406    
   10.00000      1.2500000E-02   1.000000    
 
  0.0000000E+00  3.7500001E-02  0.0000000E+00
  0.1250000      3.7500001E-02  7.9191187E-03
  0.3750000      3.7500001E-02  2.7218018E-02
  0.6250000      3.7500001E-02  4.7675077E-02
  0.8750000      3.7500001E-02  6.8738177E-02
   1.125000      3.7500001E-02  9.0190321E-02
   1.375000      3.7500001E-02  0.1119216    
   1.625000      3.7500001E-02  0.1338675    
   1.875000      3.7500001E-02  0.1559872    
   2.125000      3.7500001E-02  0.1782526    
   2.375000      3.7500001E-02  0.2006427    
   2.625000      3.7500001E-02  0.2231445    
   2.875000      3.7500001E-02  0.2457447    
   3.125000      3.7500001E-02  0.2684346    
   3.375000      3.7500001E-02  0.2912072    
   3.625000      3.7500001E-02  0.3140558    
   3.875000      3.7500001E-02  0.3369744    
   4.125000      3.7500001E-02  0.3599595    
   4.375000      3.7500001E-02  0.3830047    
   4.625000      3.7500001E-02  0.4061079    
   4.875000      3.7500001E-02  0.4292639    
   5.125000      3.7500001E-02  0.4524699    
   5.375000      3.7500001E-02  0.4757229    
   5.625000      3.7500001E-02  0.4990187    
   5.875000      3.7500001E-02  0.5223546    
   6.125000      3.7500001E-02  0.5457275    
   6.375000      3.7500001E-02  0.5691349    
   6.625000      3.7500001E-02  0.5925746    
   6.875000      3.7500001E-02  0.6160432    
   7.125000      3.7500001E-02  0.6395386    
   7.375000      3.7500001E-02  0.6630577    
   7.625000      3.7500001E-02  0.6865991    
   7.875000      3.7500001E-02  0.7101602    
   8.125000      3.7500001E-02  0.7337385    
   8.375000      3.7500001E-02  0.7573329    
   8.625000      3.7500001E-02  0.7809406    
   8.875000      3.7500001E-02  0.8045604    
   9.125000      3.7500001E-02  0.8281932    
   9.375000      3.7500001E-02  0.8518842    
   9.625000      3.7500001E-02  0.8763785    
   9.875000      3.7500001E-02  0.9125236    
   10.00000      3.7500001E-02   1.000000    
 
  0.0000000E+00  6.2500000E-02  0.0000000E+00
  0.1250000      6.2500000E-02  5.4874835E-03
  0.3750000      6.2500000E-02  2.1142159E-02
  0.6250000      6.2500000E-02  3.8620152E-02
  0.8750000      6.2500000E-02  5.7083901E-02
   1.125000      6.2500000E-02  7.6186553E-02
   1.375000      6.2500000E-02  9.5749989E-02
   1.625000      6.2500000E-02  0.1156685    
   1.875000      6.2500000E-02  0.1358749    
   2.125000      6.2500000E-02  0.1563227    
   2.375000      6.2500000E-02  0.1769784    
   2.625000      6.2500000E-02  0.1978185    
   2.875000      6.2500000E-02  0.2188227    
   3.125000      6.2500000E-02  0.2399763    
   3.375000      6.2500000E-02  0.2612672    
   3.625000      6.2500000E-02  0.2826843    
   3.875000      6.2500000E-02  0.3042181    
   4.125000      6.2500000E-02  0.3258623    
   4.375000      6.2500000E-02  0.3476070    
   4.625000      6.2500000E-02  0.3694475    
   4.875000      6.2500000E-02  0.3913769    
   5.125000      6.2500000E-02  0.4133889    
   5.375000      6.2500000E-02  0.4354787    
   5.625000      6.2500000E-02  0.4576401    
   5.875000      6.2500000E-02  0.4798687    
   6.125000      6.2500000E-02  0.5021588    
   6.375000      6.2500000E-02  0.5245063    
   6.625000      6.2500000E-02  0.5469072    
   6.875000      6.2500000E-02  0.5693567    
   7.125000      6.2500000E-02  0.5918508    
   7.375000      6.2500000E-02  0.6143847    
   7.625000      6.2500000E-02  0.6369553    
   7.875000      6.2500000E-02  0.6595591    
   8.125000      6.2500000E-02  0.6821917    
   8.375000      6.2500000E-02  0.7048507    
   8.625000      6.2500000E-02  0.7275327    
   8.875000      6.2500000E-02  0.7502344    
   9.125000      6.2500000E-02  0.7729578    
   9.375000      6.2500000E-02  0.7957724    
   9.625000      6.2500000E-02  0.8198409    
   9.875000      6.2500000E-02  0.8624399    
   10.00000      6.2500000E-02   1.000000    
 
  0.0000000E+00  8.7500006E-02  0.0000000E+00
  0.1250000      8.7500006E-02  3.6521291E-03
  0.3750000      8.7500006E-02  1.5965382E-02
  0.6250000      8.7500006E-02  3.0579574E-02
  0.8750000      8.7500006E-02  4.6505112E-02
   1.125000      8.7500006E-02  6.3297682E-02
   1.375000      8.7500006E-02  8.0721214E-02
   1.625000      8.7500006E-02  9.8633982E-02
   1.875000      8.7500006E-02  0.1169444    
   2.125000      8.7500006E-02  0.1355892    
   2.375000      8.7500006E-02  0.1545229    
   2.625000      8.7500006E-02  0.1737124    
   2.875000      8.7500006E-02  0.1931304    
   3.125000      8.7500006E-02  0.2127564    
   3.375000      8.7500006E-02  0.2325738    
   3.625000      8.7500006E-02  0.2525668    
   3.875000      8.7500006E-02  0.2727233    
   4.125000      8.7500006E-02  0.2930327    
   4.375000      8.7500006E-02  0.3134831    
   4.625000      8.7500006E-02  0.3340669    
   4.875000      8.7500006E-02  0.3547748    
   5.125000      8.7500006E-02  0.3755979    
   5.375000      8.7500006E-02  0.3965293    
   5.625000      8.7500006E-02  0.4175610    
   5.875000      8.7500006E-02  0.4386861    
   6.125000      8.7500006E-02  0.4598976    
   6.375000      8.7500006E-02  0.4811893    
   6.625000      8.7500006E-02  0.5025557    
   6.875000      8.7500006E-02  0.5239897    
   7.125000      8.7500006E-02  0.5454860    
   7.375000      8.7500006E-02  0.5670388    
   7.625000      8.7500006E-02  0.5886425    
   7.875000      8.7500006E-02  0.6102926    
   8.125000      8.7500006E-02  0.6319832    
   8.375000      8.7500006E-02  0.6537107    
   8.625000      8.7500006E-02  0.6754705    
   8.875000      8.7500006E-02  0.6972581    
   9.125000      8.7500006E-02  0.7190754    
   9.375000      8.7500006E-02  0.7410105    
   9.625000      8.7500006E-02  0.7645562    
   9.875000      8.7500006E-02  0.8125558    
   10.00000      8.7500006E-02   1.000000    
 
  0.0000000E+00  0.1125000      0.0000000E+00
  0.1250000      0.1125000      2.3498912E-03
  0.3750000      0.1125000      1.1748769E-02
  0.6250000      0.1125000      2.3692787E-02
  0.8750000      0.1125000      3.7189264E-02
   1.125000      0.1125000      5.1743384E-02
   1.375000      0.1125000      6.7078903E-02
   1.625000      0.1125000      8.3025888E-02
   1.875000      0.1125000      9.9472590E-02
   2.125000      0.1125000      0.1163417    
   2.375000      0.1125000      0.1335769    
   2.625000      0.1125000      0.1511364    
   2.875000      0.1125000      0.1689867    
   3.125000      0.1125000      0.1871021    
   3.375000      0.1125000      0.2054612    
   3.625000      0.1125000      0.2240446    
   3.875000      0.1125000      0.2428367    
   4.125000      0.1125000      0.2618239    
   4.375000      0.1125000      0.2809916    
   4.625000      0.1125000      0.3003295    
   4.875000      0.1125000      0.3198257    
   5.125000      0.1125000      0.3394693    
   5.375000      0.1125000      0.3592514    
   5.625000      0.1125000      0.3791618    
   5.875000      0.1125000      0.3991916    
   6.125000      0.1125000      0.4193325    
   6.375000      0.1125000      0.4395757    
   6.625000      0.1125000      0.4599145    
   6.875000      0.1125000      0.4803398    
   7.125000      0.1125000      0.5008450    
   7.375000      0.1125000      0.5214226    
   7.625000      0.1125000      0.5420657    
   7.875000      0.1125000      0.5627682    
   8.125000      0.1125000      0.5835229    
   8.375000      0.1125000      0.6043249    
   8.625000      0.1125000      0.6251683    
   8.875000      0.1125000      0.6460479    
   9.125000      0.1125000      0.6669647    
   9.375000      0.1125000      0.6880186    
   9.625000      0.1125000      0.7109462    
   9.875000      0.1125000      0.7632730    
   10.00000      0.1125000       1.000000    
 
  0.0000000E+00  0.1375000      0.0000000E+00
  0.1250000      0.1375000      1.4699134E-03
  0.3750000      0.1375000      8.4451521E-03
  0.6250000      0.1375000      1.7983068E-02
  0.8750000      0.1375000      2.9210506E-02
   1.125000      0.1375000      4.1634597E-02
   1.375000      0.1375000      5.4961815E-02
   1.625000      0.1375000      6.9005266E-02
   1.875000      0.1375000      8.3639093E-02
   2.125000      0.1375000      9.8775215E-02
   2.375000      0.1375000      0.1143489    
   2.625000      0.1375000      0.1303110    
   2.875000      0.1375000      0.1466232    
   3.125000      0.1375000      0.1632546    
   3.375000      0.1375000      0.1801799    
   3.625000      0.1375000      0.1973764    
   3.875000      0.1375000      0.2148254    
   4.125000      0.1375000      0.2325098    
   4.375000      0.1375000      0.2504130    
   4.625000      0.1375000      0.2685221    
   4.875000      0.1375000      0.2868226    
   5.125000      0.1375000      0.3053023    
   5.375000      0.1375000      0.3239491    
   5.625000      0.1375000      0.3427517    
   5.875000      0.1375000      0.3616991    
   6.125000      0.1375000      0.3807811    
   6.375000      0.1375000      0.3999875    
   6.625000      0.1375000      0.4193093    
   6.875000      0.1375000      0.4387365    
   7.125000      0.1375000      0.4582605    
   7.375000      0.1375000      0.4778727    
   7.625000      0.1375000      0.4975643    
   7.875000      0.1375000      0.5173281    
   8.125000      0.1375000      0.5371558    
   8.375000      0.1375000      0.5570408    
   8.625000      0.1375000      0.5769764    
   8.875000      0.1375000      0.5969560    
   9.125000      0.1375000      0.6169804    
   9.375000      0.1375000      0.6371551    
   9.625000      0.1375000      0.6593817    
   9.875000      0.1375000      0.7150529    
   10.00000      0.1375000       1.000000    
 
  0.0000000E+00  0.1625000      0.0000000E+00
  0.1250000      0.1625000      8.9822861E-04
  0.3750000      0.1625000      5.9431461E-03
  0.6250000      0.1625000      1.3387620E-02
  0.8750000      0.1625000      2.2551313E-02
   1.125000      0.1625000      3.2990254E-02
   1.375000      0.1625000      4.4418223E-02
   1.625000      0.1625000      5.6644257E-02
   1.875000      0.1625000      6.9536209E-02
   2.125000      0.1625000      8.2999527E-02
   2.375000      0.1625000      9.6963950E-02
   2.625000      0.1625000      0.1113754    
   2.875000      0.1625000      0.1261912    
   3.125000      0.1625000      0.1413767    
   3.375000      0.1625000      0.1569033    
   3.625000      0.1625000      0.1727454    
   3.875000      0.1625000      0.1888812    
   4.125000      0.1625000      0.2052911    
   4.375000      0.1625000      0.2219563    
   4.625000      0.1625000      0.2388610    
   4.875000      0.1625000      0.2559890    
   5.125000      0.1625000      0.2733261    
   5.375000      0.1625000      0.2908583    
   5.625000      0.1625000      0.3085721    
   5.875000      0.1625000      0.3264551    
   6.125000      0.1625000      0.3444955    
   6.375000      0.1625000      0.3626812    
   6.625000      0.1625000      0.3810015    
   6.875000      0.1625000      0.3994451    
   7.125000      0.1625000      0.4180018    
   7.375000      0.1625000      0.4366615    
   7.625000      0.1625000      0.4554145    
   7.875000      0.1625000      0.4742518    
   8.125000      0.1625000      0.4931642    
   8.375000      0.1625000      0.5121438    
   8.625000      0.1625000      0.5311825    
   8.875000      0.1625000      0.5502731    
   9.125000      0.1625000      0.5694153    
   9.375000      0.1625000      0.5887159    
   9.625000      0.1625000      0.6101773    
   9.875000      0.1625000      0.6683508    
   10.00000      0.1625000       1.000000    
 
  0.0000000E+00  0.1875000      0.0000000E+00
  0.1250000      0.1875000      5.3854805E-04
  0.3750000      0.1875000      4.1037374E-03
  0.6250000      0.1875000      9.7881490E-03
  0.8750000      0.1875000      1.7126517E-02
   1.125000      0.1875000      2.5756784E-02
   1.375000      0.1875000      3.5422001E-02
   1.625000      0.1875000      4.5940608E-02
   1.875000      0.1875000      5.7182267E-02
   2.125000      0.1875000      6.9051266E-02
   2.375000      0.1875000      8.1475146E-02
   2.625000      0.1875000      9.4397135E-02
   2.875000      0.1875000      0.1077720    
   3.125000      0.1875000      0.1215624    
   3.375000      0.1875000      0.1357368    
   3.625000      0.1875000      0.1502678    
   3.875000      0.1875000      0.1651306    
   4.125000      0.1875000      0.1803034    
   4.375000      0.1875000      0.1957655    
   4.625000      0.1875000      0.2114987    
   4.875000      0.1875000      0.2274853    
   5.125000      0.1875000      0.2437087    
   5.375000      0.1875000      0.2601535    
   5.625000      0.1875000      0.2768043    
   5.875000      0.1875000      0.2936472    
   6.125000      0.1875000      0.3106685    
   6.375000      0.1875000      0.3278549    
   6.625000      0.1875000      0.3451939    
   6.875000      0.1875000      0.3626732    
   7.125000      0.1875000      0.3802807    
   7.375000      0.1875000      0.3980052    
   7.625000      0.1875000      0.4158360    
   7.875000      0.1875000      0.4337624    
   8.125000      0.1875000      0.4517747    
   8.375000      0.1875000      0.4698632    
   8.625000      0.1875000      0.4880193    
   8.875000      0.1875000      0.5062345    
   9.125000      0.1875000      0.5245072    
   9.375000      0.1875000      0.5429430    
   9.625000      0.1875000      0.5635952    
   9.875000      0.1875000      0.6235828    
   10.00000      0.1875000       1.000000    
 
  0.0000000E+00  0.2125000      0.0000000E+00
  0.1250000      0.2125000      3.1807614E-04
  0.3750000      0.2125000      2.7862811E-03
  0.6250000      0.2125000      7.0381472E-03
  0.8750000      0.2125000      1.2806777E-02
   1.125000      0.2125000      1.9827778E-02
   1.375000      0.2125000      2.7889706E-02
   1.625000      0.2125000      3.6832273E-02
   1.875000      0.2125000      4.6534780E-02
   2.125000      0.2125000      5.6905743E-02
   2.375000      0.2125000      6.7874141E-02
   2.625000      0.2125000      7.9383172E-02
   2.875000      0.2125000      9.1386475E-02
   3.125000      0.2125000      0.1038453    
   3.375000      0.2125000      0.1167265    
   3.625000      0.2125000      0.1300007    
   3.875000      0.2125000      0.1436415    
   4.125000      0.2125000      0.1576248    
   4.375000      0.2125000      0.1719282    
   4.625000      0.2125000      0.1865316    
   4.875000      0.2125000      0.2014158    
   5.125000      0.2125000      0.2165623    
   5.375000      0.2125000      0.2319540    
   5.625000      0.2125000      0.2475743    
   5.875000      0.2125000      0.2634075    
   6.125000      0.2125000      0.2794384    
   6.375000      0.2125000      0.2956525    
   6.625000      0.2125000      0.3120357    
   6.875000      0.2125000      0.3285746    
   7.125000      0.2125000      0.3452557    
   7.375000      0.2125000      0.3620668    
   7.625000      0.2125000      0.3789957    
   7.875000      0.2125000      0.3960308    
   8.125000      0.2125000      0.4131613    
   8.375000      0.2125000      0.4303765    
   8.625000      0.2125000      0.4476667    
   8.875000      0.2125000      0.4650229    
   9.125000      0.2125000      0.4824421    
   9.375000      0.2125000      0.5000260    
   9.625000      0.2125000      0.5198441    
   9.875000      0.2125000      0.5811035    
   10.00000      0.2125000       1.000000    
 
  0.0000000E+00  0.2375000      0.0000000E+00
  0.1250000      0.2375000      1.8574078E-04
  0.3750000      0.2375000      1.8640364E-03
  0.6250000      0.2375000      4.9845139E-03
  0.8750000      0.2375000      9.4398875E-03
   1.125000      0.2375000      1.5063349E-02
   1.375000      0.2375000      2.1697812E-02
   1.625000      0.2375000      2.9212870E-02
   1.875000      0.2375000      3.7504382E-02
   2.125000      0.2375000      4.6489928E-02
   2.375000      0.2375000      5.6103397E-02
   2.625000      0.2375000      6.6290379E-02
   2.875000      0.2375000      7.7005342E-02
   3.125000      0.2375000      8.8209286E-02
   3.375000      0.2375000      9.9868253E-02
   3.625000      0.2375000      0.1119517    
   3.875000      0.2375000      0.1244320    
   4.125000      0.2375000      0.1372834    
   4.375000      0.2375000      0.1504821    
   4.625000      0.2375000      0.1640066    
   4.875000      0.2375000      0.1778357    
   5.125000      0.2375000      0.1919500    
   5.375000      0.2375000      0.2063307    
   5.625000      0.2375000      0.2209598    
   5.875000      0.2375000      0.2358202    
   6.125000      0.2375000      0.2508957    
   6.375000      0.2375000      0.2661701    
   6.625000      0.2375000      0.2816284    
   6.875000      0.2375000      0.2972558    
   7.125000      0.2375000      0.3130380    
   7.375000      0.2375000      0.3289615    
   7.625000      0.2375000      0.3450130    
   7.875000      0.2375000      0.3611800    
   8.125000      0.2375000      0.3774509    
   8.375000      0.2375000      0.3938138    
   8.625000      0.2375000      0.4102584    
   8.875000      0.2375000      0.4267748    
   9.125000      0.2375000      0.4433588    
   9.375000      0.2375000      0.4601076    
   9.625000      0.2375000      0.4790829    
   9.875000      0.2375000      0.5411980    
   10.00000      0.2375000       1.000000    
 
  0.0000000E+00  0.2625000      0.0000000E+00
  0.1250000      0.2625000      1.0761065E-04
  0.3750000      0.2625000      1.2313027E-03
  0.6250000      0.2625000      3.4826407E-03
  0.8750000      0.2625000      6.8681757E-03
   1.125000      0.2625000      1.1307226E-02
   1.375000      0.2625000      1.6698603E-02
   1.625000      0.2625000      2.2946673E-02
   1.875000      0.2625000      2.9968677E-02
   2.125000      0.2625000      3.7695188E-02
   2.375000      0.2625000      4.6067987E-02
   2.625000      0.2625000      5.5037256E-02
   2.875000      0.2625000      6.4559877E-02
   3.125000      0.2625000      7.4597910E-02
   3.375000      0.2625000      8.5117370E-02
   3.625000      0.2625000      9.6087374E-02
   3.875000      0.2625000      0.1074792    
   4.125000      0.2625000      0.1192662    
   4.375000      0.2625000      0.1314238    
   4.625000      0.2625000      0.1439286    
   4.875000      0.2625000      0.1567586    
   5.125000      0.2625000      0.1698930    
   5.375000      0.2625000      0.1833119    
   5.625000      0.2625000      0.1969960    
   5.875000      0.2625000      0.2109272    
   6.125000      0.2625000      0.2250879    
   6.375000      0.2625000      0.2394611    
   6.625000      0.2625000      0.2540306    
   6.875000      0.2625000      0.2687805    
   7.125000      0.2625000      0.2836957    
   7.375000      0.2625000      0.2987618    
   7.625000      0.2625000      0.3139644    
   7.875000      0.2625000      0.3292903    
   8.125000      0.2625000      0.3447269    
   8.375000      0.2625000      0.3602619    
   8.625000      0.2625000      0.3758840    
   8.875000      0.2625000      0.3915826    
   9.125000      0.2625000      0.4073528    
   9.375000      0.2625000      0.4232862    
   9.625000      0.2625000      0.4414235    
   9.875000      0.2625000      0.5040836    
   10.00000      0.2625000       1.000000    
 
  0.0000000E+00  0.2875000      0.0000000E+00
  0.1250000      0.2875000      6.2061568E-05
  0.3750000      0.2875000      8.0483337E-04
  0.6250000      0.2875000      2.4052807E-03
  0.8750000      0.2875000      4.9413578E-03
   1.125000      0.2875000      8.4009850E-03
   1.375000      0.2875000      1.2734616E-02
   1.625000      0.2875000      1.7882366E-02
   1.875000      0.2875000      2.3785390E-02
   2.125000      0.2875000      3.0389888E-02
   2.375000      0.2875000      3.7647642E-02
   2.625000      0.2875000      4.5515098E-02
   2.875000      0.2875000      5.3952947E-02
   3.125000      0.2875000      6.2925190E-02
   3.375000      0.2875000      7.2398685E-02
   3.625000      0.2875000      8.2342699E-02
   3.875000      0.2875000      9.2728108E-02
   4.125000      0.2875000      0.1035278    
   4.375000      0.2875000      0.1147162    
   4.625000      0.2875000      0.1262693    
   4.875000      0.2875000      0.1381639    
   5.125000      0.2875000      0.1503782    
   5.375000      0.2875000      0.1628914    
   5.625000      0.2875000      0.1756833    
   5.875000      0.2875000      0.1887347    
   6.125000      0.2875000      0.2020272    
   6.375000      0.2875000      0.2155430    
   6.625000      0.2875000      0.2292646    
   6.875000      0.2875000      0.2431758    
   7.125000      0.2875000      0.2572604    
   7.375000      0.2875000      0.2715032    
   7.625000      0.2875000      0.2858893    
   7.875000      0.2875000      0.3004045    
   8.125000      0.2875000      0.3150358    
   8.375000      0.2875000      0.3297702    
   8.625000      0.2875000      0.3445957    
   8.875000      0.2875000      0.3595014    
   9.125000      0.2875000      0.3744814    
   9.375000      0.2875000      0.3896222    
   9.625000      0.2875000      0.4069366    
   9.875000      0.2875000      0.4699159    
   10.00000      0.2875000       1.000000    
 
  0.0000000E+00  0.3125000      0.0000000E+00
  0.1250000      0.3125000      3.5752048E-05
  0.3750000      0.3125000      5.2194076E-04
  0.6250000      0.3125000      1.6464093E-03
  0.8750000      0.3125000      3.5248098E-03
   1.125000      0.3125000      6.1946893E-03
   1.375000      0.3125000      9.6502248E-03
   1.625000      0.3125000      1.3865028E-02
   1.875000      0.3125000      1.8804351E-02
   2.125000      0.3125000      2.4431009E-02
   2.375000      0.3125000      3.0707953E-02
   2.625000      0.3125000      3.7598915E-02
   2.875000      0.3125000      4.5069188E-02
   3.125000      0.3125000      5.3085446E-02
   3.375000      0.3125000      6.1616015E-02
   3.625000      0.3125000      7.0630707E-02
   3.875000      0.3125000      8.0100529E-02
   4.125000      0.3125000      8.9998245E-02
   4.375000      0.3125000      0.1002977    
   4.625000      0.3125000      0.1109742    
   4.875000      0.3125000      0.1220042    
   5.125000      0.3125000      0.1333648    
   5.375000      0.3125000      0.1450347    
   5.625000      0.3125000      0.1569930    
   5.875000      0.3125000      0.1692198    
   6.125000      0.3125000      0.1816959    
   6.375000      0.3125000      0.1944027    
   6.625000      0.3125000      0.2073223    
   6.875000      0.3125000      0.2204375    
   7.125000      0.3125000      0.2337319    
   7.375000      0.3125000      0.2471893    
   7.625000      0.3125000      0.2607946    
   7.875000      0.3125000      0.2745329    
   8.125000      0.3125000      0.2883906    
   8.375000      0.3125000      0.3023545    
   8.625000      0.3125000      0.3164121    
   8.875000      0.3125000      0.3305522    
   9.125000      0.3125000      0.3447681    
   9.375000      0.3125000      0.3591412    
   9.625000      0.3125000      0.3756556    
   9.875000      0.3125000      0.4387956    
   10.00000      0.3125000       1.000000    
 
  0.0000000E+00  0.3375000      0.0000000E+00
  0.1250000      0.3375000      2.0657984E-05
  0.3750000      0.3375000      3.3712180E-04
  0.6250000      0.3375000      1.1215881E-03
  0.8750000      0.3375000      2.5039171E-03
   1.125000      0.3375000      4.5541697E-03
   1.375000      0.3375000      7.3006758E-03
   1.625000      0.3375000      1.0746010E-02
   1.875000      0.3375000      1.4877674E-02
   2.125000      0.3375000      1.9674564E-02
   2.375000      0.3375000      2.5110750E-02
   2.625000      0.3375000      3.1157531E-02
   2.875000      0.3375000      3.7785053E-02
   3.125000      0.3375000      4.4962980E-02
   3.375000      0.3375000      5.2661452E-02
   3.625000      0.3375000      6.0851179E-02
   3.875000      0.3375000      6.9503710E-02
   4.125000      0.3375000      7.8591824E-02
   4.375000      0.3375000      8.8089183E-02
   4.625000      0.3375000      9.7970918E-02
   4.875000      0.3375000      0.1082129    
   5.125000      0.3375000      0.1187922    
   5.375000      0.3375000      0.1296866    
   5.625000      0.3375000      0.1408750    
   5.875000      0.3375000      0.1523369    
   6.125000      0.3375000      0.1640528    
   6.375000      0.3375000      0.1760034    
   6.625000      0.3375000      0.1881705    
   6.875000      0.3375000      0.2005364    
   7.125000      0.3375000      0.2130842    
   7.375000      0.3375000      0.2257975    
   7.625000      0.3375000      0.2386605    
   7.875000      0.3375000      0.2516585    
   8.125000      0.3375000      0.2647772    
   8.375000      0.3375000      0.2780032    
   8.625000      0.3375000      0.2913238    
   8.875000      0.3375000      0.3047274    
   9.125000      0.3375000      0.3182073    
   9.375000      0.3375000      0.3318404    
   9.625000      0.3375000      0.3475838    
   9.875000      0.3375000      0.4107773    
   10.00000      0.3375000       1.000000    
 
  0.0000000E+00  0.3625000      0.0000000E+00
  0.1250000      0.3625000      1.2050486E-05
  0.3750000      0.3625000      2.1838302E-04
  0.6250000      0.3625000      7.6619314E-04
  0.8750000      0.3625000      1.7854315E-03
   1.125000      0.3625000      3.3651271E-03
   1.375000      0.3625000      5.5582607E-03
   1.625000      0.3625000      8.3905132E-03
   1.875000      0.3625000      1.1868208E-02
   2.125000      0.3625000      1.5984345E-02
   2.375000      0.3625000      2.0723017E-02
   2.625000      0.3625000      2.6062446E-02
   2.875000      0.3625000      3.1977359E-02
   3.125000      0.3625000      3.8440395E-02
   3.375000      0.3625000      4.5423526E-02
   3.625000      0.3625000      5.2898515E-02
   3.875000      0.3625000      6.0837708E-02
   4.125000      0.3625000      6.9214098E-02
   4.375000      0.3625000      7.8001589E-02
   4.625000      0.3625000      8.7175205E-02
   4.875000      0.3625000      9.6710801E-02
   5.125000      0.3625000      0.1065852    
   5.375000      0.3625000      0.1167762    
   5.625000      0.3625000      0.1272624    
   5.875000      0.3625000      0.1380231    
   6.125000      0.3625000      0.1490383    
   6.375000      0.3625000      0.1602888    
   6.625000      0.3625000      0.1717560    
   6.875000      0.3625000      0.1834221    
   7.125000      0.3625000      0.1952698    
   7.375000      0.3625000      0.2072826    
   7.625000      0.3625000      0.2194446    
   7.875000      0.3625000      0.2317409    
   8.125000      0.3625000      0.2441572    
   8.375000      0.3625000      0.2566798    
   8.625000      0.3625000      0.2692961    
   8.875000      0.3625000      0.2819946    
   9.125000      0.3625000      0.2947680    
   9.375000      0.3625000      0.3076903    
   9.625000      0.3625000      0.3226959    
   9.875000      0.3625000      0.3858771    
   10.00000      0.3625000       1.000000    
 
  0.0000000E+00  0.3875000      0.0000000E+00
  0.1250000      0.3875000      7.1902900E-06
  0.3750000      0.3875000      1.4391205E-04
  0.6250000      0.3875000      5.3268170E-04
  0.8750000      0.3875000      1.2968837E-03
   1.125000      0.3875000      2.5350158E-03
   1.375000      0.3875000      4.3162876E-03
   1.625000      0.3875000      6.6830958E-03
   1.875000      0.3875000      9.6560502E-03
   2.125000      0.3875000      1.3239144E-02
   2.375000      0.3875000      1.7424399E-02
   2.625000      0.3875000      2.2195598E-02
   2.875000      0.3875000      2.7531160E-02
   3.125000      0.3875000      3.3406302E-02
   3.375000      0.3875000      3.9794609E-02
   3.625000      0.3875000      4.6668991E-02
   3.875000      0.3875000      5.4002520E-02
   4.125000      0.3875000      6.1768811E-02
   4.375000      0.3875000      6.9942117E-02
   4.625000      0.3875000      7.8497685E-02
   4.875000      0.3875000      8.7411620E-02
   5.125000      0.3875000      9.6660912E-02
   5.375000      0.3875000      0.1062234    
   5.625000      0.3875000      0.1160777    
   5.875000      0.3875000      0.1262032    
   6.125000      0.3875000      0.1365800    
   6.375000      0.3875000      0.1471887    
   6.625000      0.3875000      0.1580108    
   6.875000      0.3875000      0.1690285    
   7.125000      0.3875000      0.1802244    
   7.375000      0.3875000      0.1915822    
   7.625000      0.3875000      0.2030860    
   7.875000      0.3875000      0.2147210    
   8.125000      0.3875000      0.2264729    
   8.375000      0.3875000      0.2383282    
   8.625000      0.3875000      0.2502744    
   8.875000      0.3875000      0.2623002    
   9.125000      0.3875000      0.2743982    
   9.375000      0.3875000      0.2866401    
   9.625000      0.3875000      0.3009442    
   9.875000      0.3875000      0.3640798    
   10.00000      0.3875000       1.000000    
 
  0.0000000E+00  0.4125000      0.0000000E+00
  0.1250000      0.4125000      4.5198362E-06
  0.3750000      0.4125000      9.9370656E-05
  0.6250000      0.4125000      3.8768939E-04
  0.8750000      0.4125000      9.8497560E-04
   1.125000      0.4125000      1.9933435E-03
   1.375000      0.4125000      3.4912371E-03
   1.625000      0.4125000      5.5313804E-03
   1.875000      0.4125000      8.1434194E-03
   2.125000      0.4125000      1.1338369E-02
   2.375000      0.4125000      1.5113306E-02
   2.625000      0.4125000      1.9455573E-02
   2.875000      0.4125000      2.4346018E-02
   3.125000      0.4125000      2.9761642E-02
   3.375000      0.4125000      3.5677269E-02
   3.625000      0.4125000      4.2066857E-02
   3.875000      0.4125000      4.8904233E-02
   4.125000      0.4125000      5.6163728E-02
   4.375000      0.4125000      6.3820176E-02
   4.625000      0.4125000      7.1849413E-02
   4.875000      0.4125000      8.0227964E-02
   5.125000      0.4125000      8.8933282E-02
   5.375000      0.4125000      9.7943529E-02
   5.625000      0.4125000      0.1072377    
   5.875000      0.4125000      0.1167954    
   6.125000      0.4125000      0.1265969    
   6.375000      0.4125000      0.1366234    
   6.625000      0.4125000      0.1468562    
   6.875000      0.4125000      0.1572781    
   7.125000      0.4125000      0.1678717    
   7.375000      0.4125000      0.1786210    
   7.625000      0.4125000      0.1895103    
   7.875000      0.4125000      0.2005252    
   8.125000      0.4125000      0.2116517    
   8.375000      0.4125000      0.2228765    
   8.625000      0.4125000      0.2341876    
   8.875000      0.4125000      0.2455741    
   9.125000      0.4125000      0.2570285    
   9.375000      0.4125000      0.2686214    
   9.625000      0.4125000      0.2822625    
   9.875000      0.4125000      0.3453461    
   10.00000      0.4125000       1.000000    
 
  0.0000000E+00  0.4375000      0.0000000E+00
  0.1250000      0.4375000      3.1819920E-06
  0.3750000      0.4375000      7.5881209E-05
  0.6250000      0.4375000      3.0948047E-04
  0.8750000      0.4375000      8.1370765E-04
   1.125000      0.4375000      1.6911522E-03
   1.375000      0.4375000      3.0237739E-03
   1.625000      0.4375000      4.8683700E-03
   1.875000      0.4375000      7.2579938E-03
   2.125000      0.4375000      1.0206087E-02
   2.375000      0.4375000      1.3711407E-02
   2.625000      0.4375000      1.7762423E-02
   2.875000      0.4375000      2.2340894E-02
   3.125000      0.4375000      2.7424587E-02
   3.375000      0.4375000      3.2989103E-02
   3.625000      0.4375000      3.9009191E-02
   3.875000      0.4375000      4.5459487E-02
   4.125000      0.4375000      5.2315157E-02
   4.375000      0.4375000      5.9551843E-02
   4.625000      0.4375000      6.7146145E-02
   4.875000      0.4375000      7.5075395E-02
   5.125000      0.4375000      8.3317682E-02
   5.375000      0.4375000      9.1851853E-02
   5.625000      0.4375000      0.1006574    
   5.875000      0.4375000      0.1097146    
   6.125000      0.4375000      0.1190043    
   6.375000      0.4375000      0.1285079    
   6.625000      0.4375000      0.1382075    
   6.875000      0.4375000      0.1480859    
   7.125000      0.4375000      0.1581266    
   7.375000      0.4375000      0.1683140    
   7.625000      0.4375000      0.1786328    
   7.875000      0.4375000      0.1890690    
   8.125000      0.4375000      0.1996093    
   8.375000      0.4375000      0.2102409    
   8.625000      0.4375000      0.2209523    
   8.875000      0.4375000      0.2317330    
   9.125000      0.4375000      0.2425762    
   9.375000      0.4375000      0.2535519    
   9.625000      0.4375000      0.2665701    
   9.875000      0.4375000      0.3296188    
   10.00000      0.4375000       1.000000    
 
  0.0000000E+00  0.4625000      0.0000000E+00
  0.1250000      0.4625000      2.7469357E-06
  0.3750000      0.4625000      6.8673704E-05
  0.6250000      0.4625000      2.8605320E-04
  0.8750000      0.4625000      7.6279626E-04
   1.125000      0.4625000      1.6003442E-03
   1.375000      0.4625000      2.8791463E-03
   1.625000      0.4625000      4.6538622E-03
   1.875000      0.4625000      6.9550592E-03
   2.125000      0.4625000      9.7937565E-03
   2.375000      0.4625000      1.3166716E-02
   2.625000      0.4625000      1.7060986E-02
   2.875000      0.4625000      2.1457568E-02
   3.125000      0.4625000      2.6333997E-02
   3.375000      0.4625000      3.1666134E-02
   3.625000      0.4625000      3.7429295E-02
   3.875000      0.4625000      4.3598995E-02
   4.125000      0.4625000      5.0151333E-02
   4.375000      0.4625000      5.7063021E-02
   4.625000      0.4625000      6.4311661E-02
   4.875000      0.4625000      7.1875624E-02
   5.125000      0.4625000      7.9733960E-02
   5.375000      0.4625000      8.7866470E-02
   5.625000      0.4625000      9.6253477E-02
   5.875000      0.4625000      0.1048760    
   6.125000      0.4625000      0.1137156    
   6.375000      0.4625000      0.1227546    
   6.625000      0.4625000      0.1319756    
   6.875000      0.4625000      0.1413623    
   7.125000      0.4625000      0.1508987    
   7.375000      0.4625000      0.1605699    
   7.625000      0.4625000      0.1703614    
   7.875000      0.4625000      0.1802600    
   8.125000      0.4625000      0.1902528    
   8.375000      0.4625000      0.2003280    
   8.625000      0.4625000      0.2104748    
   8.875000      0.4625000      0.2206833    
   9.125000      0.4625000      0.2309475    
   9.375000      0.4625000      0.2413381    
   9.625000      0.4625000      0.2537751    
   9.875000      0.4625000      0.3168267    
   10.00000      0.4625000       1.000000    
 
  0.0000000E+00  0.4875000      0.0000000E+00
  0.1250000      0.4875000      3.0732988E-06
  0.3750000      0.4875000      7.6340759E-05
  0.6250000      0.4875000      3.1407207E-04
  0.8750000      0.4875000      8.2679355E-04
   1.125000      0.4875000      1.7133348E-03
   1.375000      0.4875000      3.0474665E-03
   1.625000      0.4875000      4.8752846E-03
   1.875000      0.4875000      7.2188172E-03
   2.125000      0.4875000      1.0081790E-02
   2.375000      0.4875000      1.3455342E-02
   2.625000      0.4875000      1.7322702E-02
   2.875000      0.4875000      2.1662552E-02
   3.125000      0.4875000      2.6451357E-02
   3.375000      0.4875000      3.1664826E-02
   3.625000      0.4875000      3.7278771E-02
   3.875000      0.4875000      4.3269601E-02
   4.125000      0.4875000      4.9614571E-02
   4.375000      0.4875000      5.6291699E-02
   4.625000      0.4875000      6.3279897E-02
   4.875000      0.4875000      7.0558831E-02
   5.125000      0.4875000      7.8108773E-02
   5.375000      0.4875000      8.5910723E-02
   5.625000      0.4875000      9.3946062E-02
   5.875000      0.4875000      0.1021970    
   6.125000      0.4875000      0.1106458    
   6.375000      0.4875000      0.1192760    
   6.625000      0.4875000      0.1280710    
   6.875000      0.4875000      0.1370155    
   7.125000      0.4875000      0.1460944    
   7.375000      0.4875000      0.1552936    
   7.625000      0.4875000      0.1645997    
   7.875000      0.4875000      0.1740002    
   8.125000      0.4875000      0.1834833    
   8.375000      0.4875000      0.1930382    
   8.625000      0.4875000      0.2026547    
   8.875000      0.4875000      0.2123240    
   9.125000      0.4875000      0.2220411    
   9.375000      0.4875000      0.2318784    
   9.625000      0.4875000      0.2437769    
   9.875000      0.4875000      0.3068895    
   10.00000      0.4875000       1.000000    
 
  0.0000000E+00  0.5125000      0.0000000E+00
  0.1250000      0.5125000      4.2641536E-06
  0.3750000      0.5125000      1.0066875E-04
  0.6250000      0.5125000      3.9873758E-04
  0.8750000      0.5125000      1.0151551E-03
   1.125000      0.5125000      2.0433497E-03
   1.375000      0.5125000      3.5441825E-03
   1.625000      0.5125000      5.5482318E-03
   1.875000      0.5125000      8.0629177E-03
   2.125000      0.5125000      1.1080042E-02
   2.375000      0.5125000      1.4581954E-02
   2.625000      0.5125000      1.8546045E-02
   2.875000      0.5125000      2.2947529E-02
   3.125000      0.5125000      2.7761267E-02
   3.375000      0.5125000      3.2962639E-02
   3.625000      0.5125000      3.8528021E-02
   3.875000      0.5125000      4.4434916E-02
   4.125000      0.5125000      5.0662003E-02
   4.375000      0.5125000      5.7188857E-02
   4.625000      0.5125000      6.3996024E-02
   4.875000      0.5125000      7.1064696E-02
   5.125000      0.5125000      7.8376703E-02
   5.375000      0.5125000      8.5914478E-02
   5.625000      0.5125000      9.3660720E-02
   5.875000      0.5125000      0.1015988    
   6.125000      0.5125000      0.1097126    
   6.375000      0.5125000      0.1179863    
   6.625000      0.5125000      0.1264048    
   6.875000      0.5125000      0.1349537    
   7.125000      0.5125000      0.1436193    
   7.375000      0.5125000      0.1523883    
   7.625000      0.5125000      0.1612487    
   7.875000      0.5125000      0.1701891    
   8.125000      0.5125000      0.1791986    
   8.375000      0.5125000      0.1882676    
   8.625000      0.5125000      0.1973872    
   8.875000      0.5125000      0.2065492    
   9.125000      0.5125000      0.2157502    
   9.375000      0.5125000      0.2250658    
   9.625000      0.5125000      0.2364700    
   9.875000      0.5125000      0.2997220    
   10.00000      0.5125000       1.000000    
 
  0.0000000E+00  0.5375000      0.0000000E+00
  0.1250000      0.5375000      6.7070014E-06
  0.3750000      0.5375000      1.4706646E-04
  0.6250000      0.5375000      5.5469183E-04
  0.8750000      0.5375000      1.3534103E-03
   1.125000      0.5375000      2.6255324E-03
   1.375000      0.5375000      4.4108485E-03
   1.625000      0.5375000      6.7167873E-03
   1.875000      0.5375000      9.5303021E-03
   2.125000      0.5375000      1.2827298E-02
   2.375000      0.5375000      1.6578957E-02
   2.625000      0.5375000      2.0755555E-02
   2.875000      0.5375000      2.5328333E-02
   3.125000      0.5375000      3.0270431E-02
   3.375000      0.5375000      3.5557076E-02
   3.625000      0.5375000      4.1165505E-02
   3.875000      0.5375000      4.7074676E-02
   4.125000      0.5375000      5.3265009E-02
   4.375000      0.5375000      5.9718013E-02
   4.625000      0.5375000      6.6416137E-02
   4.875000      0.5375000      7.3342413E-02
   5.125000      0.5375000      8.0480509E-02
   5.375000      0.5375000      8.7814435E-02
   5.625000      0.5375000      9.5328502E-02
   5.875000      0.5375000      0.1030076    
   6.125000      0.5375000      0.1108369    
   6.375000      0.5375000      0.1188021    
   6.625000      0.5375000      0.1268896    
   6.875000      0.5375000      0.1350860    
   7.125000      0.5375000      0.1433790    
   7.375000      0.5375000      0.1517568    
   7.625000      0.5375000      0.1602086    
   7.875000      0.5375000      0.1687242    
   8.125000      0.5375000      0.1772941    
   8.375000      0.5375000      0.1859101    
   8.625000      0.5375000      0.1945642    
   8.875000      0.5375000      0.2032498    
   9.125000      0.5375000      0.2119647    
   9.375000      0.5375000      0.2207894    
   9.625000      0.5375000      0.2317454    
   9.875000      0.5375000      0.2952373    
   10.00000      0.5375000       1.000000    
 
  0.0000000E+00  0.5625000      0.0000000E+00
  0.1250000      0.5625000      1.1215046E-05
  0.3750000      0.5625000      2.2568443E-04
  0.6250000      0.5625000      8.0806989E-04
  0.8750000      0.5625000      1.8854910E-03
   1.125000      0.5625000      3.5188308E-03
   1.375000      0.5625000      5.7161362E-03
   1.625000      0.5625000      8.4535256E-03
   1.875000      0.5625000      1.1692300E-02
   2.125000      0.5625000      1.5389661E-02
   2.375000      0.5625000      1.9504445E-02
   2.625000      0.5625000      2.3999557E-02
   2.875000      0.5625000      2.8842520E-02
   3.125000      0.5625000      3.4005262E-02
   3.375000      0.5625000      3.9463434E-02
   3.625000      0.5625000      4.5195661E-02
   3.875000      0.5625000      5.1182888E-02
   4.125000      0.5625000      5.7407692E-02
   4.375000      0.5625000      6.3853897E-02
   4.625000      0.5625000      7.0506200E-02
   4.875000      0.5625000      7.7349782E-02
   5.125000      0.5625000      8.4370293E-02
   5.375000      0.5625000      9.1553621E-02
   5.625000      0.5625000      9.8885909E-02
   5.875000      0.5625000      0.1063536    
   6.125000      0.5625000      0.1139437    
   6.375000      0.5625000      0.1216433    
   6.625000      0.5625000      0.1294402    
   6.875000      0.5625000      0.1373229    
   7.125000      0.5625000      0.1452803    
   7.375000      0.5625000      0.1533022    
   7.625000      0.5625000      0.1613793    
   7.875000      0.5625000      0.1695028    
   8.125000      0.5625000      0.1776648    
   8.375000      0.5625000      0.1858583    
   8.625000      0.5625000      0.1940769    
   8.875000      0.5625000      0.2023151    
   9.125000      0.5625000      0.2105726    
   9.375000      0.5625000      0.2189365    
   9.625000      0.5625000      0.2294931    
   9.875000      0.5625000      0.2933501    
   10.00000      0.5625000       1.000000    
 
  0.0000000E+00  0.5875000      0.0000000E+00
  0.1250000      0.5875000      1.9322624E-05
  0.3750000      0.5875000      3.5340345E-04
  0.6250000      0.5875000      1.1998203E-03
  0.8750000      0.5875000      2.6771647E-03
   1.125000      0.5875000      4.8084501E-03
   1.375000      0.5875000      7.5567756E-03
   1.625000      0.5875000      1.0858922E-02
   1.875000      0.5875000      1.4646782E-02
   2.125000      0.5875000      1.8857814E-02
   2.375000      0.5875000      2.3438871E-02
   2.625000      0.5875000      2.8346520E-02
   2.875000      0.5875000      3.3545744E-02
   3.125000      0.5875000      3.9008375E-02
   3.375000      0.5875000      4.4711430E-02
   3.625000      0.5875000      5.0635781E-02
   3.875000      0.5875000      5.6764957E-02
   4.125000      0.5875000      6.3084289E-02
   4.375000      0.5875000      6.9580257E-02
   4.625000      0.5875000      7.6240137E-02
   4.875000      0.5875000      8.3051547E-02
   5.125000      0.5875000      9.0002313E-02
   5.375000      0.5875000      9.7080432E-02
   5.625000      0.5875000      0.1042740    
   5.875000      0.5875000      0.1115713    
   6.125000      0.5875000      0.1189610    
   6.375000      0.5875000      0.1264321    
   6.625000      0.5875000      0.1339741    
   6.875000      0.5875000      0.1415769    
   7.125000      0.5875000      0.1492314    
   7.375000      0.5875000      0.1569289    
   7.625000      0.5875000      0.1646618    
   7.875000      0.5875000      0.1724229    
   8.125000      0.5875000      0.1802059    
   8.375000      0.5875000      0.1880052    
   8.625000      0.5875000      0.1958160    
   8.875000      0.5875000      0.2036344    
   9.125000      0.5875000      0.2114619    
   9.375000      0.5875000      0.2193946    
   9.625000      0.5875000      0.2296043    
   9.875000      0.5875000      0.2939804    
   10.00000      0.5875000       1.000000    
 
  0.0000000E+00  0.6125000      0.0000000E+00
  0.1250000      0.6125000      3.3841301E-05
  0.3750000      0.6125000      5.5696169E-04
  0.6250000      0.6125000      1.7903880E-03
  0.8750000      0.6125000      3.8203266E-03
   1.125000      0.6125000      6.6084112E-03
   1.375000      0.6125000      1.0057923E-02
   1.625000      0.6125000      1.4059739E-02
   1.875000      0.6125000      1.8515032E-02
   2.125000      0.6125000      2.3342844E-02
   2.375000      0.6125000      2.8480375E-02
   2.625000      0.6125000      3.3880182E-02
   2.875000      0.6125000      3.9506830E-02
   3.125000      0.6125000      4.5333777E-02
   3.375000      0.6125000      5.1340759E-02
   3.625000      0.6125000      5.7511851E-02
   3.875000      0.6125000      6.3833982E-02
   4.125000      0.6125000      7.0295729E-02
   4.375000      0.6125000      7.6886721E-02
   4.625000      0.6125000      8.3597079E-02
   4.875000      0.6125000      9.0417057E-02
   5.125000      0.6125000      9.7336888E-02
   5.375000      0.6125000      0.1043468    
   5.625000      0.6125000      0.1114369    
   5.875000      0.6125000      0.1185976    
   6.125000      0.6125000      0.1258194    
   6.375000      0.6125000      0.1330931    
   6.625000      0.6125000      0.1404102    
   6.875000      0.6125000      0.1477623    
   7.125000      0.6125000      0.1551421    
   7.375000      0.6125000      0.1625428    
   7.625000      0.6125000      0.1699584    
   7.875000      0.6125000      0.1773836    
   8.125000      0.6125000      0.1848137    
   8.375000      0.6125000      0.1922448    
   8.625000      0.6125000      0.1996736    
   8.875000      0.6125000      0.2070978    
   9.125000      0.6125000      0.2145213    
   9.375000      0.6125000      0.2220521    
   9.625000      0.6125000      0.2319726    
   9.875000      0.6125000      0.2970568    
   10.00000      0.6125000       1.000000    
 
  0.0000000E+00  0.6375000      0.0000000E+00
  0.1250000      0.6375000      5.9869748E-05
  0.3750000      0.6375000      8.7757804E-04
  0.6250000      0.6375000      2.6657418E-03
  0.8750000      0.6375000      5.4377127E-03
   1.125000      0.6375000      9.0635093E-03
   1.375000      0.6375000      1.3372296E-02
   1.625000      0.6375000      1.8205876E-02
   1.875000      0.6375000      2.3437053E-02
   2.125000      0.6375000      2.8970748E-02
   2.375000      0.6375000      3.4738820E-02
   2.625000      0.6375000      4.0693562E-02
   2.875000      0.6375000      4.6802048E-02
   3.125000      0.6375000      5.3041510E-02
   3.375000      0.6375000      5.9396021E-02
   3.625000      0.6375000      6.5853991E-02
   3.875000      0.6375000      7.2406501E-02
   4.125000      0.6375000      7.9046033E-02
   4.375000      0.6375000      8.5765615E-02
   4.625000      0.6375000      9.2558518E-02
   4.875000      0.6375000      9.9417776E-02
   5.125000      0.6375000      0.1063362    
   5.375000      0.6375000      0.1133063    
   5.625000      0.6375000      0.1203205    
   5.875000      0.6375000      0.1273712    
   6.125000      0.6375000      0.1344509    
   6.375000      0.6375000      0.1415524    
   6.625000      0.6375000      0.1486691    
   6.875000      0.6375000      0.1557946    
   7.125000      0.6375000      0.1629236    
   7.375000      0.6375000      0.1700511    
   7.625000      0.6375000      0.1771730    
   7.875000      0.6375000      0.1842857    
   8.125000      0.6375000      0.1913864    
   8.375000      0.6375000      0.1984729    
   8.625000      0.6375000      0.2055435    
   8.875000      0.6375000      0.2125975    
   9.125000      0.6375000      0.2196420    
   9.375000      0.6375000      0.2268001    
   9.625000      0.6375000      0.2364964    
   9.875000      0.6375000      0.3025199    
   10.00000      0.6375000       1.000000    
 
  0.0000000E+00  0.6625000      0.0000000E+00
  0.1250000      0.6625000      1.0658965E-04
  0.3750000      0.6625000      1.3774580E-03
  0.6250000      0.6625000      3.9444976E-03
  0.8750000      0.6625000      7.6871547E-03
   1.125000      0.6625000      1.2349703E-02
   1.375000      0.6625000      1.7677175E-02
   1.625000      0.6625000      2.3465071E-02
   1.875000      0.6625000      2.9564988E-02
   2.125000      0.6625000      3.5875238E-02
   2.375000      0.6625000      4.2328622E-02
   2.625000      0.6625000      4.8882000E-02
   2.875000      0.6625000      5.5508435E-02
   3.125000      0.6625000      6.2191408E-02
   3.375000      0.6625000      6.8921037E-02
   3.625000      0.6625000      7.5691171E-02
   3.875000      0.6625000      8.2497820E-02
   4.125000      0.6625000      8.9337789E-02
   4.375000      0.6625000      9.6207879E-02
   4.625000      0.6625000      0.1031046    
   4.875000      0.6625000      0.1100240    
   5.125000      0.6625000      0.1169614    
   5.375000      0.6625000      0.1239118    
   5.625000      0.6625000      0.1308699    
   5.875000      0.6625000      0.1378301    
   6.125000      0.6625000      0.1447872    
   6.375000      0.6625000      0.1517358    
   6.625000      0.6625000      0.1586715    
   6.875000      0.6625000      0.1655900    
   7.125000      0.6625000      0.1724878    
   7.375000      0.6625000      0.1793619    
   7.625000      0.6625000      0.1862103    
   7.875000      0.6625000      0.1930312    
   8.125000      0.6625000      0.1998236    
   8.375000      0.6625000      0.2065871    
   8.625000      0.6625000      0.2133216    
   8.875000      0.6625000      0.2200282    
   9.125000      0.6625000      0.2267172    
   9.375000      0.6625000      0.2335323    
   9.625000      0.6625000      0.2430795    
   9.875000      0.6625000      0.3103251    
   10.00000      0.6625000       1.000000    
 
  0.0000000E+00  0.6875000      0.0000000E+00
  0.1250000      0.6875000      1.9039857E-04
  0.3750000      0.6875000      2.1485388E-03
  0.6250000      0.6875000      5.7854801E-03
  0.8750000      0.6875000      1.0764256E-02
   1.125000      0.6875000      1.6671801E-02
   1.375000      0.6875000      2.3168685E-02
   1.625000      0.6875000      3.0015338E-02
   1.875000      0.6875000      3.7054852E-02
   2.125000      0.6875000      4.4189449E-02
   2.375000      0.6875000      5.1360749E-02
   2.625000      0.6875000      5.8535699E-02
   2.875000      0.6875000      6.5697044E-02
   3.125000      0.6875000      7.2836980E-02
   3.375000      0.6875000      7.9953283E-02
   3.625000      0.6875000      8.7046281E-02
   3.875000      0.6875000      9.4117492E-02
   4.125000      0.6875000      0.1011684    
   4.375000      0.6875000      0.1081997    
   4.625000      0.6875000      0.1152114    
   4.875000      0.6875000      0.1222023    
   5.125000      0.6875000      0.1291706    
   5.375000      0.6875000      0.1361135    
   5.625000      0.6875000      0.1430281    
   5.875000      0.6875000      0.1499110    
   6.125000      0.6875000      0.1567589    
   6.375000      0.6875000      0.1635688    
   6.625000      0.6875000      0.1703381    
   6.875000      0.6875000      0.1770647    
   7.125000      0.6875000      0.1837472    
   7.375000      0.6875000      0.1903847    
   7.625000      0.6875000      0.1969770    
   7.875000      0.6875000      0.2035243    
   8.125000      0.6875000      0.2100274    
   8.375000      0.6875000      0.2164876    
   8.625000      0.6875000      0.2229066    
   8.875000      0.6875000      0.2292872    
   9.125000      0.6875000      0.2356438    
   9.375000      0.6875000      0.2421468    
   9.625000      0.6875000      0.2516332    
   9.875000      0.6875000      0.3204464    
   10.00000      0.6875000       1.000000    
 
  0.0000000E+00  0.7125000      0.0000000E+00
  0.1250000      0.7125000      3.4024665E-04
  0.3750000      0.7125000      3.3235287E-03
  0.6250000      0.7125000      8.3944285E-03
  0.8750000      0.7125000      1.4901767E-02
   1.125000      0.7125000      2.2257239E-02
   1.375000      0.7125000      3.0052567E-02
   1.625000      0.7125000      3.8034707E-02
   1.875000      0.7125000      4.6056271E-02
   2.125000      0.7125000      5.4036364E-02
   2.375000      0.7125000      6.1933979E-02
   2.625000      0.7125000      6.9731817E-02
   2.875000      0.7125000      7.7425770E-02
   3.125000      0.7125000      8.5019045E-02
   3.375000      0.7125000      9.2518240E-02
   3.625000      0.7125000      9.9931031E-02
   3.875000      0.7125000      0.1072648    
   4.125000      0.7125000      0.1145257    
   4.375000      0.7125000      0.1217188    
   4.625000      0.7125000      0.1288471    
   4.875000      0.7125000      0.1359126    
   5.125000      0.7125000      0.1429158    
   5.375000      0.7125000      0.1498564    
   5.625000      0.7125000      0.1567338    
   5.875000      0.7125000      0.1635466    
   6.125000      0.7125000      0.1702938    
   6.375000      0.7125000      0.1769744    
   6.625000      0.7125000      0.1835879    
   6.875000      0.7125000      0.1901343    
   7.125000      0.7125000      0.1966143    
   7.375000      0.7125000      0.2030291    
   7.625000      0.7125000      0.2093803    
   7.875000      0.7125000      0.2156703    
   8.125000      0.7125000      0.2219015    
   8.375000      0.7125000      0.2280769    
   8.625000      0.7125000      0.2341999    
   8.875000      0.7125000      0.2402751    
   9.125000      0.7125000      0.2463220    
   9.375000      0.7125000      0.2525457    
   9.625000      0.7125000      0.2620760    
   9.875000      0.7125000      0.3328776    
   10.00000      0.7125000       1.000000    
 
  0.0000000E+00  0.7375000      0.0000000E+00
  0.1250000      0.7375000      6.0646218E-04
  0.3750000      0.7375000      5.0887545E-03
  0.6250000      0.7375000      1.2027772E-02
  0.8750000      0.7375000      2.0363811E-02
   1.125000      0.7375000      2.9345049E-02
   1.375000      0.7375000      3.8531460E-02
   1.625000      0.7375000      4.7688819E-02
   1.875000      0.7375000      5.6701422E-02
   2.125000      0.7375000      6.5519057E-02
   2.375000      0.7375000      7.4126586E-02
   2.625000      0.7375000      8.2527302E-02
   2.875000      0.7375000      9.0733275E-02
   3.125000      0.7375000      9.8760284E-02
   3.375000      0.7375000      0.1066247    
   3.625000      0.7375000      0.1143418    
   3.875000      0.7375000      0.1219250    
   4.125000      0.7375000      0.1293853    
   4.375000      0.7375000      0.1367316    
   4.625000      0.7375000      0.1439703    
   4.875000      0.7375000      0.1511059    
   5.125000      0.7375000      0.1581416    
   5.375000      0.7375000      0.1650792    
   5.625000      0.7375000      0.1719203    
   5.875000      0.7375000      0.1786656    
   6.125000      0.7375000      0.1853161    
   6.375000      0.7375000      0.1918730    
   6.625000      0.7375000      0.1983381    
   6.875000      0.7375000      0.2047131    
   7.125000      0.7375000      0.2110012    
   7.375000      0.7375000      0.2172052    
   7.625000      0.7375000      0.2233288    
   7.875000      0.7375000      0.2293763    
   8.125000      0.7375000      0.2353518    
   8.375000      0.7375000      0.2412601    
   8.625000      0.7375000      0.2471059    
   8.875000      0.7375000      0.2528959    
   9.125000      0.7375000      0.2586556    
   9.375000      0.7375000      0.2646355    
   9.625000      0.7375000      0.2743353    
   9.875000      0.7375000      0.3476337    
   10.00000      0.7375000       1.000000    
 
  0.0000000E+00  0.7625000      0.0000000E+00
  0.1250000      0.7625000      1.0748005E-03
  0.3750000      0.7625000      7.6971743E-03
  0.6250000      0.7625000      1.6990529E-02
  0.8750000      0.7625000      2.7433254E-02
   1.125000      0.7625000      3.8169593E-02
   1.375000      0.7625000      4.8789203E-02
   1.625000      0.7625000      5.9117332E-02
   1.875000      0.7625000      6.9093496E-02
   2.125000      0.7625000      7.8711264E-02
   2.375000      0.7625000      8.7988354E-02
   2.625000      0.7625000      9.6952371E-02
   2.875000      0.7625000      0.1056334    
   3.125000      0.7625000      0.1140607    
   3.375000      0.7625000      0.1222605    
   3.625000      0.7625000      0.1302560    
   3.875000      0.7625000      0.1380664    
   4.125000      0.7625000      0.1457074    
   4.375000      0.7625000      0.1531912    
   4.625000      0.7625000      0.1605274    
   4.875000      0.7625000      0.1677229    
   5.125000      0.7625000      0.1747833    
   5.375000      0.7625000      0.1817125    
   5.625000      0.7625000      0.1885141    
   5.875000      0.7625000      0.1951908    
   6.125000      0.7625000      0.2017457    
   6.375000      0.7625000      0.2081822    
   6.625000      0.7625000      0.2145037    
   6.875000      0.7625000      0.2207145    
   7.125000      0.7625000      0.2268193    
   7.375000      0.7625000      0.2328233    
   7.625000      0.7625000      0.2387319    
   7.875000      0.7625000      0.2445511    
   8.125000      0.7625000      0.2502868    
   8.375000      0.7625000      0.2559451    
   8.625000      0.7625000      0.2615323    
   8.875000      0.7625000      0.2670573    
   9.125000      0.7625000      0.2725529    
   9.375000      0.7625000      0.2783281    
   9.625000      0.7625000      0.2883462    
   9.875000      0.7625000      0.3647484    
   10.00000      0.7625000       1.000000    
 
  0.0000000E+00  0.7875000      0.0000000E+00
  0.1250000      0.7875000      1.8876933E-03
  0.3750000      0.7875000      1.1478183E-02
  0.6250000      0.7875000      2.3624800E-02
  0.8750000      0.7875000      3.6390938E-02
   1.125000      0.7875000      4.8939642E-02
   1.375000      0.7875000      6.0973123E-02
   1.625000      0.7875000      7.2419897E-02
   1.875000      0.7875000      8.3296068E-02
   2.125000      0.7875000      9.3649127E-02
   2.375000      0.7875000      0.1035342    
   2.625000      0.7875000      0.1130052    
   2.875000      0.7875000      0.1221108    
   3.125000      0.7875000      0.1308937    
   3.375000      0.7875000      0.1393900    
   3.625000      0.7875000      0.1476301    
   3.875000      0.7875000      0.1556385    
   4.125000      0.7875000      0.1634350    
   4.375000      0.7875000      0.1710352    
   4.625000      0.7875000      0.1784512    
   4.875000      0.7875000      0.1856923    
   5.125000      0.7875000      0.1927659    
   5.375000      0.7875000      0.1996782    
   5.625000      0.7875000      0.2064344    
   5.875000      0.7875000      0.2130392    
   6.125000      0.7875000      0.2194977    
   6.375000      0.7875000      0.2258152    
   6.625000      0.7875000      0.2319971    
   6.875000      0.7875000      0.2380497    
   7.125000      0.7875000      0.2439798    
   7.375000      0.7875000      0.2497939    
   7.625000      0.7875000      0.2554998    
   7.875000      0.7875000      0.2611048    
   8.125000      0.7875000      0.2666165    
   8.375000      0.7875000      0.2720423    
   8.625000      0.7875000      0.2773900    
   8.875000      0.7875000      0.2826705    
   9.125000      0.7875000      0.2879259    
   9.375000      0.7875000      0.2935392    
   9.625000      0.7875000      0.3040498    
   9.875000      0.7875000      0.3842660    
   10.00000      0.7875000       1.000000    
 
  0.0000000E+00  0.8125000      0.0000000E+00
  0.1250000      0.8125000      3.2742270E-03
  0.3750000      0.8125000      1.6838565E-02
  0.6250000      0.8125000      3.2285605E-02
  0.8750000      0.8125000      4.7487263E-02
   1.125000      0.8125000      6.1814960E-02
   1.375000      0.8125000      7.5176843E-02
   1.625000      0.8125000      8.7643944E-02
   1.875000      0.8125000      9.9324338E-02
   2.125000      0.8125000      0.1103249    
   2.375000      0.8125000      0.1207396    
   2.625000      0.8125000      0.1306486    
   2.875000      0.8125000      0.1401185    
   3.125000      0.8125000      0.1492046    
   3.375000      0.8125000      0.1579519    
   3.625000      0.8125000      0.1663972    
   3.875000      0.8125000      0.1745699    
   4.125000      0.8125000      0.1824931    
   4.375000      0.8125000      0.1901852    
   4.625000      0.8125000      0.1976606    
   4.875000      0.8125000      0.2049305    
   5.125000      0.8125000      0.2120039    
   5.375000      0.8125000      0.2188891    
   5.625000      0.8125000      0.2255926    
   5.875000      0.8125000      0.2321214    
   6.125000      0.8125000      0.2384820    
   6.375000      0.8125000      0.2446817    
   6.625000      0.8125000      0.2507280    
   6.875000      0.8125000      0.2566285    
   7.125000      0.8125000      0.2623923    
   7.375000      0.8125000      0.2680276    
   7.625000      0.8125000      0.2735435    
   7.875000      0.8125000      0.2789491    
   8.125000      0.8125000      0.2842533    
   8.375000      0.8125000      0.2894650    
   8.625000      0.8125000      0.2945928    
   8.875000      0.8125000      0.2996501    
   9.125000      0.8125000      0.3046904    
   9.375000      0.8125000      0.3101889    
   9.625000      0.8125000      0.3213901    
   9.875000      0.8125000      0.4062259    
   10.00000      0.8125000       1.000000    
 
  0.0000000E+00  0.8375000      0.0000000E+00
  0.1250000      0.8375000      5.5882270E-03
  0.3750000      0.8375000      2.4246598E-02
  0.6250000      0.8375000      4.3302204E-02
  0.8750000      0.8375000      6.0908273E-02
   1.125000      0.8375000      7.6882787E-02
   1.375000      0.8375000      9.1425277E-02
   1.625000      0.8375000      0.1047753    
   1.875000      0.8375000      0.1171393    
   2.125000      0.8375000      0.1286830    
   2.375000      0.8375000      0.1395379    
   2.625000      0.8375000      0.1498082    
   2.875000      0.8375000      0.1595765    
   3.125000      0.8375000      0.1689092    
   3.375000      0.8375000      0.1778588    
   3.625000      0.8375000      0.1864674    
   3.875000      0.8375000      0.1947685    
   4.125000      0.8375000      0.2027880    
   4.375000      0.8375000      0.2105463    
   4.625000      0.8375000      0.2180596    
   4.875000      0.8375000      0.2253410    
   5.125000      0.8375000      0.2324006    
   5.375000      0.8375000      0.2392484    
   5.625000      0.8375000      0.2458925    
   5.875000      0.8375000      0.2523414    
   6.125000      0.8375000      0.2586033    
   6.375000      0.8375000      0.2646874    
   6.625000      0.8375000      0.2706026    
   6.875000      0.8375000      0.2763586    
   7.125000      0.8375000      0.2819658    
   7.375000      0.8375000      0.2874343    
   7.625000      0.8375000      0.2927744    
   7.875000      0.8375000      0.2979966    
   8.125000      0.8375000      0.3031112    
   8.375000      0.8375000      0.3081280    
   8.625000      0.8375000      0.3130569    
   8.875000      0.8375000      0.3179135    
   9.125000      0.8375000      0.3227648    
   9.375000      0.8375000      0.3281987    
   9.625000      0.8375000      0.3403052    
   9.875000      0.8375000      0.4306346    
   10.00000      0.8375000       1.000000    
 
  0.0000000E+00  0.8625000      0.0000000E+00
  0.1250000      0.8625000      9.3484605E-03
  0.3750000      0.8625000      3.4189988E-02
  0.6250000      0.8625000      5.6926705E-02
  0.8750000      0.8625000      7.6741733E-02
   1.125000      0.8625000      9.4139047E-02
   1.375000      0.8625000      0.1096648    
   1.625000      0.8625000      0.1237336    
   1.875000      0.8625000      0.1366453    
   2.125000      0.8625000      0.1486199    
   2.375000      0.8625000      0.1598211    
   2.625000      0.8625000      0.1703733    
   2.875000      0.8625000      0.1803728    
   3.125000      0.8625000      0.1898949    
   3.375000      0.8625000      0.1989979    
   3.625000      0.8625000      0.2077285    
   3.875000      0.8625000      0.2161227    
   4.125000      0.8625000      0.2242085    
   4.375000      0.8625000      0.2320081    
   4.625000      0.8625000      0.2395390    
   4.875000      0.8625000      0.2468154    
   5.125000      0.8625000      0.2538490    
   5.375000      0.8625000      0.2606506    
   5.625000      0.8625000      0.2672300    
   5.875000      0.8625000      0.2735971    
   6.125000      0.8625000      0.2797615    
   6.375000      0.8625000      0.2857338    
   6.625000      0.8625000      0.2915248    
   6.875000      0.8625000      0.2971458    
   7.125000      0.8625000      0.3026082    
   7.375000      0.8625000      0.3079239    
   7.625000      0.8625000      0.3131042    
   7.875000      0.8625000      0.3181610    
   8.125000      0.8625000      0.3231055    
   8.375000      0.8625000      0.3279483    
   8.625000      0.8625000      0.3327008    
   8.875000      0.8625000      0.3373804    
   9.125000      0.8625000      0.3420705    
   9.375000      0.8625000      0.3474910    
   9.625000      0.8625000      0.3607196    
   9.875000      0.8625000      0.4574208    
   10.00000      0.8625000       1.000000    
 
  0.0000000E+00  0.8875000      0.0000000E+00
  0.1250000      0.8875000      1.5264600E-02
  0.3750000      0.8875000      4.7100522E-02
  0.6250000      0.8875000      7.3277012E-02
  0.8750000      0.8875000      9.4949439E-02
   1.125000      0.8875000      0.1134775    
   1.375000      0.8875000      0.1297604    
   1.625000      0.8875000      0.1443722    
   1.875000      0.8875000      0.1576927    
   2.125000      0.8875000      0.1699858    
   2.375000      0.8875000      0.1814409    
   2.625000      0.8875000      0.1921985    
   2.875000      0.8875000      0.2023651    
   3.125000      0.8875000      0.2120223    
   3.375000      0.8875000      0.2212330    
   3.625000      0.8875000      0.2300467    
   3.875000      0.8875000      0.2385014    
   4.125000      0.8875000      0.2466265    
   4.375000      0.8875000      0.2544453    
   4.625000      0.8875000      0.2619763    
   4.875000      0.8875000      0.2692344    
   5.125000      0.8875000      0.2762324    
   5.375000      0.8875000      0.2829822    
   5.625000      0.8875000      0.2894945    
   5.875000      0.8875000      0.2957807    
   6.125000      0.8875000      0.3018517    
   6.375000      0.8875000      0.3077196    
   6.625000      0.8875000      0.3133962    
   6.875000      0.8875000      0.3188941    
   7.125000      0.8875000      0.3242264    
   7.375000      0.8875000      0.3294058    
   7.625000      0.8875000      0.3344449    
   7.875000      0.8875000      0.3393565    
   8.125000      0.8875000      0.3441526    
   8.375000      0.8875000      0.3488445    
   8.625000      0.8875000      0.3534445    
   8.875000      0.8875000      0.3579726    
   9.125000      0.8875000      0.3625300    
   9.375000      0.8875000      0.3679862    
   9.625000      0.8875000      0.3825282    
   9.875000      0.8875000      0.4863715    
   10.00000      0.8875000       1.000000    
 
  0.0000000E+00  0.9125000      0.0000000E+00
  0.1250000      0.9125000      2.4215866E-02
  0.3750000      0.9125000      6.3246444E-02
  0.6250000      0.9125000      9.2286177E-02
  0.8750000      0.9125000      0.1153528    
   1.125000      0.9125000      0.1346886    
   1.375000      0.9125000      0.1514987    
   1.625000      0.9125000      0.1664830    
   1.875000      0.9125000      0.1800811    
   2.125000      0.9125000      0.1925889    
   2.375000      0.9125000      0.2042140    
   2.625000      0.9125000      0.2151078    
   2.875000      0.9125000      0.2253840    
   3.125000      0.9125000      0.2351282    
   3.375000      0.9125000      0.2444063    
   3.625000      0.9125000      0.2532696    
   3.875000      0.9125000      0.2617571    
   4.125000      0.9125000      0.2698991    
   4.375000      0.9125000      0.2777196    
   4.625000      0.9125000      0.2852373    
   4.875000      0.9125000      0.2924680    
   5.125000      0.9125000      0.2994252    
   5.375000      0.9125000      0.3061216    
   5.625000      0.9125000      0.3125688    
   5.875000      0.9125000      0.3187793    
   6.125000      0.9125000      0.3247652    
   6.375000      0.9125000      0.3305394    
   6.625000      0.9125000      0.3361149    
   6.875000      0.9125000      0.3415058    
   7.125000      0.9125000      0.3467258    
   7.375000      0.9125000      0.3517888    
   7.625000      0.9125000      0.3567081    
   7.875000      0.9125000      0.3614972    
   8.125000      0.9125000      0.3661690    
   8.375000      0.9125000      0.3707353    
   8.625000      0.9125000      0.3752091    
   8.875000      0.9125000      0.3796126    
   9.125000      0.9125000      0.3840663    
   9.375000      0.9125000      0.3895990    
   9.625000      0.9125000      0.4055793    
   9.875000      0.9125000      0.5170450    
   10.00000      0.9125000       1.000000    
 
  0.0000000E+00  0.9375000      0.0000000E+00
  0.1250000      0.9375000      3.7128154E-02
  0.3750000      0.9375000      8.2608797E-02
  0.6250000      0.9375000      0.1136740    
  0.8750000      0.9375000      0.1376354    
   1.125000      0.9375000      0.1574689    
   1.375000      0.9375000      0.1745978    
   1.625000      0.9375000      0.1898044    
   1.875000      0.9375000      0.2035669    
   2.125000      0.9375000      0.2162008    
   2.375000      0.9375000      0.2279249    
   2.625000      0.9375000      0.2388973    
   2.875000      0.9375000      0.2492353    
   3.125000      0.9375000      0.2590273    
   3.375000      0.9375000      0.2683406    
   3.625000      0.9375000      0.2772270    
   3.875000      0.9375000      0.2857262    
   4.125000      0.9375000      0.2938690    
   4.375000      0.9375000      0.3016792    
   4.625000      0.9375000      0.3091762    
   4.875000      0.9375000      0.3163761    
   5.125000      0.9375000      0.3232926    
   5.375000      0.9375000      0.3299393    
   5.625000      0.9375000      0.3363286    
   5.875000      0.9375000      0.3424734    
   6.125000      0.9375000      0.3483869    
   6.375000      0.9375000      0.3540829    
   6.625000      0.9375000      0.3595753    
   6.875000      0.9375000      0.3648790    
   7.125000      0.9375000      0.3700086    
   7.375000      0.9375000      0.3749782    
   7.625000      0.9375000      0.3798024    
   7.875000      0.9375000      0.3844949    
   8.125000      0.9375000      0.3890692    
   8.375000      0.9375000      0.3935374    
   8.625000      0.9375000      0.3979131    
   8.875000      0.9375000      0.4022210    
   9.125000      0.9375000      0.4065995    
   9.375000      0.9375000      0.4122342    
   9.625000      0.9375000      0.4296539    
   9.875000      0.9375000      0.5486661    
   10.00000      0.9375000       1.000000    
 
  0.0000000E+00  0.9625000      0.0000000E+00
  0.1250000      0.9625000      5.4679271E-02
  0.3750000      0.9625000      0.1047803    
  0.6250000      0.9625000      0.1369532    
  0.8750000      0.9625000      0.1613634    
   1.125000      0.9625000      0.1814388    
   1.375000      0.9625000      0.1987201    
   1.625000      0.9625000      0.2140318    
   1.875000      0.9625000      0.2278714    
   2.125000      0.9625000      0.2405638    
   2.375000      0.9625000      0.2523332    
   2.625000      0.9625000      0.2633408    
   2.875000      0.9625000      0.2737055    
   3.125000      0.9625000      0.2835168    
   3.375000      0.9625000      0.2928423    
   3.625000      0.9625000      0.3017341    
   3.875000      0.9625000      0.3102320    
   4.125000      0.9625000      0.3183667    
   4.375000      0.9625000      0.3261621    
   4.625000      0.9625000      0.3336375    
   4.875000      0.9625000      0.3408095    
   5.125000      0.9625000      0.3476920    
   5.375000      0.9625000      0.3542988    
   5.625000      0.9625000      0.3606430    
   5.875000      0.9625000      0.3667378    
   6.125000      0.9625000      0.3725973    
   6.375000      0.9625000      0.3782357    
   6.625000      0.9625000      0.3836677    
   6.875000      0.9625000      0.3889083    
   7.125000      0.9625000      0.3939734    
   7.375000      0.9625000      0.3988767    
   7.625000      0.9625000      0.4036340    
   7.875000      0.9625000      0.4082588    
   8.125000      0.9625000      0.4127651    
   8.375000      0.9625000      0.4171655    
   8.625000      0.9625000      0.4214737    
   8.875000      0.9625000      0.4257160    
   9.125000      0.9625000      0.4300470    
   9.375000      0.9625000      0.4357843    
   9.625000      0.9625000      0.4544510    
   9.875000      0.9625000      0.5800163    
   10.00000      0.9625000       1.000000    
 
  0.0000000E+00  0.9875000      0.0000000E+00
  0.1250000      0.9875000      7.6770194E-02
  0.3750000      0.9875000      0.1289397    
  0.6250000      0.9875000      0.1614715    
  0.8750000      0.9875000      0.1860162    
   1.125000      0.9875000      0.2061615    
   1.375000      0.9875000      0.2234864    
   1.625000      0.9875000      0.2388272    
   1.875000      0.9875000      0.2526880    
   2.125000      0.9875000      0.2653961    
   2.375000      0.9875000      0.2771770    
   2.625000      0.9875000      0.2881933    
   2.875000      0.9875000      0.2985638    
   3.125000      0.9875000      0.3083779    
   3.375000      0.9875000      0.3177038    
   3.625000      0.9875000      0.3265931    
   3.875000      0.9875000      0.3350855    
   4.125000      0.9875000      0.3432116    
   4.375000      0.9875000      0.3509955    
   4.625000      0.9875000      0.3584561    
   4.875000      0.9875000      0.3656104    
   5.125000      0.9875000      0.3724722    
   5.375000      0.9875000      0.3790556    
   5.625000      0.9875000      0.3853739    
   5.875000      0.9875000      0.3914407    
   6.125000      0.9875000      0.3972702    
   6.375000      0.9875000      0.4028770    
   6.625000      0.9875000      0.4082762    
   6.875000      0.9875000      0.4134829    
   7.125000      0.9875000      0.4185133    
   7.375000      0.9875000      0.4233816    
   7.625000      0.9875000      0.4281037    
   7.875000      0.9875000      0.4326930    
   8.125000      0.9875000      0.4371639    
   8.375000      0.9875000      0.4415289    
   8.625000      0.9875000      0.4458023    
   8.875000      0.9875000      0.4500112    
   9.125000      0.9875000      0.4543197    
   9.375000      0.9875000      0.4601277    
   9.625000      0.9875000      0.4795810    
   9.875000      0.9875000      0.6093441    
   10.00000      0.9875000       1.000000    
 
  0.0000000E+00   1.000000      0.0000000E+00
  0.1250000       1.000000      7.6770194E-02
  0.3750000       1.000000      0.1289397    
  0.6250000       1.000000      0.1614715    
  0.8750000       1.000000      0.1860162    
   1.125000       1.000000      0.2061615    
   1.375000       1.000000      0.2234864    
   1.625000       1.000000      0.2388272    
   1.875000       1.000000      0.2526880    
   2.125000       1.000000      0.2653961    
   2.375000       1.000000      0.2771770    
   2.625000       1.000000      0.2881933    
   2.875000       1.000000      0.2985638    
   3.125000       1.000000      0.3083779    
   3.375000       1.000000      0.3177038    
   3.625000       1.000000      0.3265931    
   3.875000       1.000000      0.3350855    
   4.125000       1.000000      0.3432116    
   4.375000       1.000000      0.3509955    
   4.625000       1.000000      0.3584561    
   4.875000       1.000000      0.3656104    
   5.125000       1.000000      0.3724722    
   5.375000       1.000000      0.3790556    
   5.625000       1.000000      0.3853739    
   5.875000       1.000000      0.3914407    
   6.125000       1.000000      0.3972702    
   6.375000       1.000000      0.4028770    
   6.625000       1.000000      0.4082762    
   6.875000       1.000000      0.4134829    
   7.125000       1.000000      0.4185133    
   7.375000       1.000000      0.4233816    
   7.625000       1.000000      0.4281037    
   7.875000       1.000000      0.4326930    
   8.125000       1.000000      0.4371639    
   8.375000       1.000000      0.4415289    
   8.625000       1.000000      0.4458023    
   8.875000       1.000000      0.4500112    
   9.125000       1.000000      0.4543197    
   9.375000       1.000000      0.4601277    
   9.625000       1.000000      0.4795810    
   9.875000       1.000000      0.6093441    
   10.00000       1.000000       1.000000    
 
