  0.0000000E+00  0.0000000E+00  0.0000000E+00
  0.1250000      0.0000000E+00  1.2499999E-02
  0.3750000      0.0000000E+00  3.7499998E-02
  0.6250000      0.0000000E+00  6.2499996E-02
  0.8750000      0.0000000E+00  8.7499991E-02
   1.125000      0.0000000E+00  0.1125000    
   1.375000      0.0000000E+00  0.1375000    
   1.625000      0.0000000E+00  0.1625000    
   1.875000      0.0000000E+00  0.1875000    
   2.125000      0.0000000E+00  0.2125000    
   2.375000      0.0000000E+00  0.2375000    
   2.625000      0.0000000E+00  0.2625000    
   2.875000      0.0000000E+00  0.2875000    
   3.125000      0.0000000E+00  0.3125000    
   3.375000      0.0000000E+00  0.3375000    
   3.625000      0.0000000E+00  0.3625000    
   3.875000      0.0000000E+00  0.3875000    
   4.125000      0.0000000E+00  0.4125000    
   4.375000      0.0000000E+00  0.4375000    
   4.625000      0.0000000E+00  0.4625000    
   4.875000      0.0000000E+00  0.4875000    
   5.125000      0.0000000E+00  0.5125000    
   5.375000      0.0000000E+00  0.5375000    
   5.625000      0.0000000E+00  0.5624999    
   5.875000      0.0000000E+00  0.5875000    
   6.125000      0.0000000E+00  0.6125000    
   6.375000      0.0000000E+00  0.6375000    
   6.625000      0.0000000E+00  0.6625000    
   6.875000      0.0000000E+00  0.6874999    
   7.125000      0.0000000E+00  0.7125000    
   7.375000      0.0000000E+00  0.7375000    
   7.625000      0.0000000E+00  0.7624999    
   7.875000      0.0000000E+00  0.7875000    
   8.125000      0.0000000E+00  0.8124999    
   8.375000      0.0000000E+00  0.8375000    
   8.625000      0.0000000E+00  0.8625000    
   8.875000      0.0000000E+00  0.8874999    
   9.125000      0.0000000E+00  0.9125000    
   9.375000      0.0000000E+00  0.9374999    
   9.625000      0.0000000E+00  0.9624999    
   9.875000      0.0000000E+00  0.9875000    
   10.00000      0.0000000E+00   1.000000    
 
  0.0000000E+00  1.2500000E-02  0.0000000E+00
  0.1250000      1.2500000E-02  1.0887817E-02
  0.3750000      1.2500000E-02  3.3978947E-02
  0.6250000      1.2500000E-02  5.7462383E-02
  0.8750000      1.2500000E-02  8.1148989E-02
   1.125000      1.2500000E-02  0.1049657    
   1.375000      1.2500000E-02  0.1288756    
   1.625000      1.2500000E-02  0.1528573    
   1.875000      1.2500000E-02  0.1768968    
   2.125000      1.2500000E-02  0.2009851    
   2.375000      1.2500000E-02  0.2251149    
   2.625000      1.2500000E-02  0.2492821    
   2.875000      1.2500000E-02  0.2734819    
   3.125000      1.2500000E-02  0.2977118    
   3.375000      1.2500000E-02  0.3219691    
   3.625000      1.2500000E-02  0.3462520    
   3.875000      1.2500000E-02  0.3705579    
   4.125000      1.2500000E-02  0.3948863    
   4.375000      1.2500000E-02  0.4192347    
   4.625000      1.2500000E-02  0.4436029    
   4.875000      1.2500000E-02  0.4679882    
   5.125000      1.2500000E-02  0.4923912    
   5.375000      1.2500000E-02  0.5168098    
   5.625000      1.2500000E-02  0.5412429    
   5.875000      1.2500000E-02  0.5656906    
   6.125000      1.2500000E-02  0.5901518    
   6.375000      1.2500000E-02  0.6146246    
   6.625000      1.2500000E-02  0.6391094    
   6.875000      1.2500000E-02  0.6636053    
   7.125000      1.2500000E-02  0.6881111    
   7.375000      1.2500000E-02  0.7126272    
   7.625000      1.2500000E-02  0.7371517    
   7.875000      1.2500000E-02  0.7616857    
   8.125000      1.2500000E-02  0.7862267    
   8.375000      1.2500000E-02  0.8107754    
   8.625000      1.2500000E-02  0.8353314    
   8.875000      1.2500000E-02  0.8598938    
   9.125000      1.2500000E-02  0.8844633    
   9.375000      1.2500000E-02  0.9090549    
   9.625000      1.2500000E-02  0.9339247    
   9.875000      1.2500000E-02  0.9627514    
   10.00000      1.2500000E-02   1.000000    
 
  0.0000000E+00  3.7500001E-02  0.0000000E+00
  0.1250000      3.7500001E-02  7.9191187E-03
  0.3750000      3.7500001E-02  2.7218018E-02
  0.6250000      3.7500001E-02  4.7675077E-02
  0.8750000      3.7500001E-02  6.8738177E-02
   1.125000      3.7500001E-02  9.0190321E-02
   1.375000      3.7500001E-02  0.1119216    
   1.625000      3.7500001E-02  0.1338675    
   1.875000      3.7500001E-02  0.1559872    
   2.125000      3.7500001E-02  0.1782526    
   2.375000      3.7500001E-02  0.2006427    
   2.625000      3.7500001E-02  0.2231445    
   2.875000      3.7500001E-02  0.2457447    
   3.125000      3.7500001E-02  0.2684346    
   3.375000      3.7500001E-02  0.2912074    
   3.625000      3.7500001E-02  0.3140558    
   3.875000      3.7500001E-02  0.3369744    
   4.125000      3.7500001E-02  0.3599599    
   4.375000      3.7500001E-02  0.3830055    
   4.625000      3.7500001E-02  0.4061099    
   4.875000      3.7500001E-02  0.4292669    
   5.125000      3.7500001E-02  0.4524754    
   5.375000      3.7500001E-02  0.4757313    
   5.625000      3.7500001E-02  0.4990317    
   5.875000      3.7500001E-02  0.5223745    
   6.125000      3.7500001E-02  0.5457583    
   6.375000      3.7500001E-02  0.5691772    
   6.625000      3.7500001E-02  0.5926319    
   6.875000      3.7500001E-02  0.6161195    
   7.125000      3.7500001E-02  0.6396376    
   7.375000      3.7500001E-02  0.6631859    
   7.625000      3.7500001E-02  0.6867600    
   7.875000      3.7500001E-02  0.7103606    
   8.125000      3.7500001E-02  0.7339847    
   8.375000      3.7500001E-02  0.7576314    
   8.625000      3.7500001E-02  0.7812985    
   8.875000      3.7500001E-02  0.8049865    
   9.125000      3.7500001E-02  0.8286945    
   9.375000      3.7500001E-02  0.8524671    
   9.625000      3.7500001E-02  0.8770431    
   9.875000      3.7500001E-02  0.9131559    
   10.00000      3.7500001E-02   1.000000    
 
  0.0000000E+00  6.2500000E-02  0.0000000E+00
  0.1250000      6.2500000E-02  5.4874835E-03
  0.3750000      6.2500000E-02  2.1142159E-02
  0.6250000      6.2500000E-02  3.8620152E-02
  0.8750000      6.2500000E-02  5.7083901E-02
   1.125000      6.2500000E-02  7.6186553E-02
   1.375000      6.2500000E-02  9.5749989E-02
   1.625000      6.2500000E-02  0.1156685    
   1.875000      6.2500000E-02  0.1358749    
   2.125000      6.2500000E-02  0.1563227    
   2.375000      6.2500000E-02  0.1769784    
   2.625000      6.2500000E-02  0.1978185    
   2.875000      6.2500000E-02  0.2188227    
   3.125000      6.2500000E-02  0.2399763    
   3.375000      6.2500000E-02  0.2612673    
   3.625000      6.2500000E-02  0.2826843    
   3.875000      6.2500000E-02  0.3042184    
   4.125000      6.2500000E-02  0.3258632    
   4.375000      6.2500000E-02  0.3476086    
   4.625000      6.2500000E-02  0.3694512    
   4.875000      6.2500000E-02  0.3913822    
   5.125000      6.2500000E-02  0.4133979    
   5.375000      6.2500000E-02  0.4354930    
   5.625000      6.2500000E-02  0.4576624    
   5.875000      6.2500000E-02  0.4799022    
   6.125000      6.2500000E-02  0.5022088    
   6.375000      6.2500000E-02  0.5245758    
   6.625000      6.2500000E-02  0.5470015    
   6.875000      6.2500000E-02  0.5694823    
   7.125000      6.2500000E-02  0.5920141    
   7.375000      6.2500000E-02  0.6145954    
   7.625000      6.2500000E-02  0.6372204    
   7.875000      6.2500000E-02  0.6598890    
   8.125000      6.2500000E-02  0.6825973    
   8.375000      6.2500000E-02  0.7053424    
   8.625000      6.2500000E-02  0.7281226    
   8.875000      6.2500000E-02  0.7509359    
   9.125000      6.2500000E-02  0.7737834    
   9.375000      6.2500000E-02  0.7967337    
   9.625000      6.2500000E-02  0.8209370    
   9.875000      6.2500000E-02  0.8634920    
   10.00000      6.2500000E-02   1.000000    
 
  0.0000000E+00  8.7500006E-02  0.0000000E+00
  0.1250000      8.7500006E-02  3.6521291E-03
  0.3750000      8.7500006E-02  1.5965382E-02
  0.6250000      8.7500006E-02  3.0579574E-02
  0.8750000      8.7500006E-02  4.6505112E-02
   1.125000      8.7500006E-02  6.3297682E-02
   1.375000      8.7500006E-02  8.0721214E-02
   1.625000      8.7500006E-02  9.8633982E-02
   1.875000      8.7500006E-02  0.1169444    
   2.125000      8.7500006E-02  0.1355892    
   2.375000      8.7500006E-02  0.1545229    
   2.625000      8.7500006E-02  0.1737124    
   2.875000      8.7500006E-02  0.1931305    
   3.125000      8.7500006E-02  0.2127565    
   3.375000      8.7500006E-02  0.2325740    
   3.625000      8.7500006E-02  0.2525671    
   3.875000      8.7500006E-02  0.2727237    
   4.125000      8.7500006E-02  0.2930341    
   4.375000      8.7500006E-02  0.3134857    
   4.625000      8.7500006E-02  0.3340721    
   4.875000      8.7500006E-02  0.3547822    
   5.125000      8.7500006E-02  0.3756104    
   5.375000      8.7500006E-02  0.3965495    
   5.625000      8.7500006E-02  0.4175926    
   5.875000      8.7500006E-02  0.4387333    
   6.125000      8.7500006E-02  0.4599667    
   6.375000      8.7500006E-02  0.4812857    
   6.625000      8.7500006E-02  0.5026861    
   6.875000      8.7500006E-02  0.5241632    
   7.125000      8.7500006E-02  0.5457118    
   7.375000      8.7500006E-02  0.5673285    
   7.625000      8.7500006E-02  0.5890080    
   7.875000      8.7500006E-02  0.6107469    
   8.125000      8.7500006E-02  0.6325418    
   8.375000      8.7500006E-02  0.6543884    
   8.625000      8.7500006E-02  0.6762837    
   8.875000      8.7500006E-02  0.6982253    
   9.125000      8.7500006E-02  0.7202142    
   9.375000      8.7500006E-02  0.7423378    
   9.625000      8.7500006E-02  0.7660718    
   9.875000      8.7500006E-02  0.8140242    
   10.00000      8.7500006E-02   1.000000    
 
  0.0000000E+00  0.1125000      0.0000000E+00
  0.1250000      0.1125000      2.3498912E-03
  0.3750000      0.1125000      1.1748769E-02
  0.6250000      0.1125000      2.3692787E-02
  0.8750000      0.1125000      3.7189264E-02
   1.125000      0.1125000      5.1743384E-02
   1.375000      0.1125000      6.7078903E-02
   1.625000      0.1125000      8.3025888E-02
   1.875000      0.1125000      9.9472590E-02
   2.125000      0.1125000      0.1163417    
   2.375000      0.1125000      0.1335769    
   2.625000      0.1125000      0.1511364    
   2.875000      0.1125000      0.1689869    
   3.125000      0.1125000      0.1871022    
   3.375000      0.1125000      0.2054613    
   3.625000      0.1125000      0.2240449    
   3.875000      0.1125000      0.2428374    
   4.125000      0.1125000      0.2618256    
   4.375000      0.1125000      0.2809949    
   4.625000      0.1125000      0.3003358    
   4.875000      0.1125000      0.3198355    
   5.125000      0.1125000      0.3394857    
   5.375000      0.1125000      0.3592778    
   5.625000      0.1125000      0.3792027    
   5.875000      0.1125000      0.3992521    
   6.125000      0.1125000      0.4194196    
   6.375000      0.1125000      0.4396977    
   6.625000      0.1125000      0.4600795    
   6.875000      0.1125000      0.4805593    
   7.125000      0.1125000      0.5011305    
   7.375000      0.1125000      0.5217883    
   7.625000      0.1125000      0.5425273    
   7.875000      0.1125000      0.5633422    
   8.125000      0.1125000      0.5842283    
   8.375000      0.1125000      0.6051814    
   8.625000      0.1125000      0.6261964    
   8.875000      0.1125000      0.6472710    
   9.125000      0.1125000      0.6684053    
   9.375000      0.1125000      0.6896988    
   9.625000      0.1125000      0.7128673    
   9.875000      0.1125000      0.7651532    
   10.00000      0.1125000       1.000000    
 
  0.0000000E+00  0.1375000      0.0000000E+00
  0.1250000      0.1375000      1.4699134E-03
  0.3750000      0.1375000      8.4451521E-03
  0.6250000      0.1375000      1.7983068E-02
  0.8750000      0.1375000      2.9210506E-02
   1.125000      0.1375000      4.1634597E-02
   1.375000      0.1375000      5.4961815E-02
   1.625000      0.1375000      6.9005266E-02
   1.875000      0.1375000      8.3639093E-02
   2.125000      0.1375000      9.8775215E-02
   2.375000      0.1375000      0.1143489    
   2.625000      0.1375000      0.1303111    
   2.875000      0.1375000      0.1466234    
   3.125000      0.1375000      0.1632549    
   3.375000      0.1375000      0.1801801    
   3.625000      0.1375000      0.1973770    
   3.875000      0.1375000      0.2148262    
   4.125000      0.1375000      0.2325119    
   4.375000      0.1375000      0.2504171    
   4.625000      0.1375000      0.2685297    
   4.875000      0.1375000      0.2868353    
   5.125000      0.1375000      0.3053228    
   5.375000      0.1375000      0.3239817    
   5.625000      0.1375000      0.3428019    
   5.875000      0.1375000      0.3617729    
   6.125000      0.1375000      0.3808866    
   6.375000      0.1375000      0.4001342    
   6.625000      0.1375000      0.4195081    
   6.875000      0.1375000      0.4390004    
   7.125000      0.1375000      0.4586039    
   7.375000      0.1375000      0.4783119    
   7.625000      0.1375000      0.4981190    
   7.875000      0.1375000      0.5180176    
   8.125000      0.1375000      0.5380032    
   8.375000      0.1375000      0.5580701    
   8.625000      0.1375000      0.5782124    
   8.875000      0.1375000      0.5984263    
   9.125000      0.1375000      0.6187124    
   9.375000      0.1375000      0.6391754    
   9.625000      0.1375000      0.6616951    
   9.875000      0.1375000      0.7173401    
   10.00000      0.1375000       1.000000    
 
  0.0000000E+00  0.1625000      0.0000000E+00
  0.1250000      0.1625000      8.9822861E-04
  0.3750000      0.1625000      5.9431461E-03
  0.6250000      0.1625000      1.3387620E-02
  0.8750000      0.1625000      2.2551313E-02
   1.125000      0.1625000      3.2990254E-02
   1.375000      0.1625000      4.4418223E-02
   1.625000      0.1625000      5.6644257E-02
   1.875000      0.1625000      6.9536209E-02
   2.125000      0.1625000      8.2999527E-02
   2.375000      0.1625000      9.6963950E-02
   2.625000      0.1625000      0.1113755    
   2.875000      0.1625000      0.1261914    
   3.125000      0.1625000      0.1413770    
   3.375000      0.1625000      0.1569037    
   3.625000      0.1625000      0.1727461    
   3.875000      0.1625000      0.1888822    
   4.125000      0.1625000      0.2052937    
   4.375000      0.1625000      0.2219612    
   4.625000      0.1625000      0.2388700    
   4.875000      0.1625000      0.2560045    
   5.125000      0.1625000      0.2733512    
   5.375000      0.1625000      0.2908972    
   5.625000      0.1625000      0.3086316    
   5.875000      0.1625000      0.3265426    
   6.125000      0.1625000      0.3446195    
   6.375000      0.1625000      0.3628531    
   6.625000      0.1625000      0.3812339    
   6.875000      0.1625000      0.3997529    
   7.125000      0.1625000      0.4184021    
   7.375000      0.1625000      0.4371734    
   7.625000      0.1625000      0.4560605    
   7.875000      0.1625000      0.4750547    
   8.125000      0.1625000      0.4941508    
   8.375000      0.1625000      0.5133417    
   8.625000      0.1625000      0.5326213    
   8.875000      0.1625000      0.5519845    
   9.125000      0.1625000      0.5714309    
   9.375000      0.1625000      0.5910677    
   9.625000      0.1625000      0.6128732    
   9.875000      0.1625000      0.6710415    
   10.00000      0.1625000       1.000000    
 
  0.0000000E+00  0.1875000      0.0000000E+00
  0.1250000      0.1875000      5.3854805E-04
  0.3750000      0.1875000      4.1037374E-03
  0.6250000      0.1875000      9.7881490E-03
  0.8750000      0.1875000      1.7126517E-02
   1.125000      0.1875000      2.5756784E-02
   1.375000      0.1875000      3.5422001E-02
   1.625000      0.1875000      4.5940608E-02
   1.875000      0.1875000      5.7182267E-02
   2.125000      0.1875000      6.9051266E-02
   2.375000      0.1875000      8.1475146E-02
   2.625000      0.1875000      9.4397277E-02
   2.875000      0.1875000      0.1077723    
   3.125000      0.1875000      0.1215627    
   3.375000      0.1875000      0.1357373    
   3.625000      0.1875000      0.1502687    
   3.875000      0.1875000      0.1651321    
   4.125000      0.1875000      0.1803066    
   4.375000      0.1875000      0.1957716    
   4.625000      0.1875000      0.2115099    
   4.875000      0.1875000      0.2275040    
   5.125000      0.1875000      0.2437387    
   5.375000      0.1875000      0.2601994    
   5.625000      0.1875000      0.2768738    
   5.875000      0.1875000      0.2937486    
   6.125000      0.1875000      0.3108118    
   6.375000      0.1875000      0.3280528    
   6.625000      0.1875000      0.3454607    
   6.875000      0.1875000      0.3630256    
   7.125000      0.1875000      0.3807385    
   7.375000      0.1875000      0.3985906    
   7.625000      0.1875000      0.4165738    
   7.875000      0.1875000      0.4346791    
   8.125000      0.1875000      0.4529002    
   8.375000      0.1875000      0.4712292    
   8.625000      0.1875000      0.4896593    
   8.875000      0.1875000      0.5081843    
   9.125000      0.1875000      0.5268034    
   9.375000      0.1875000      0.5456218    
   9.625000      0.1875000      0.5666683    
   9.875000      0.1875000      0.6266758    
   10.00000      0.1875000       1.000000    
 
  0.0000000E+00  0.2125000      0.0000000E+00
  0.1250000      0.2125000      3.1807614E-04
  0.3750000      0.2125000      2.7862811E-03
  0.6250000      0.2125000      7.0381472E-03
  0.8750000      0.2125000      1.2806777E-02
   1.125000      0.2125000      1.9827778E-02
   1.375000      0.2125000      2.7889706E-02
   1.625000      0.2125000      3.6832273E-02
   1.875000      0.2125000      4.6534780E-02
   2.125000      0.2125000      5.6905743E-02
   2.375000      0.2125000      6.7874141E-02
   2.625000      0.2125000      7.9383314E-02
   2.875000      0.2125000      9.1386750E-02
   3.125000      0.2125000      0.1038456    
   3.375000      0.2125000      0.1167271    
   3.625000      0.2125000      0.1300019    
   3.875000      0.2125000      0.1436434    
   4.125000      0.2125000      0.1576287    
   4.375000      0.2125000      0.1719357    
   4.625000      0.2125000      0.1865451    
   4.875000      0.2125000      0.2014380    
   5.125000      0.2125000      0.2165978    
   5.375000      0.2125000      0.2320080    
   5.625000      0.2125000      0.2476547    
   5.875000      0.2125000      0.2635241    
   6.125000      0.2125000      0.2796024    
   6.375000      0.2125000      0.2958779    
   6.625000      0.2125000      0.3123388    
   6.875000      0.2125000      0.3289740    
   7.125000      0.2125000      0.3457737    
   7.375000      0.2125000      0.3627282    
   7.625000      0.2125000      0.3798280    
   7.875000      0.2125000      0.3970642    
   8.125000      0.2125000      0.4144288    
   8.375000      0.2125000      0.4319136    
   8.625000      0.2125000      0.4495111    
   8.875000      0.2125000      0.4672139    
   9.125000      0.2125000      0.4850206    
   9.375000      0.2125000      0.5030330    
   9.625000      0.2125000      0.5232949    
   9.875000      0.2125000      0.5846018    
   10.00000      0.2125000       1.000000    
 
  0.0000000E+00  0.2375000      0.0000000E+00
  0.1250000      0.2375000      1.8574078E-04
  0.3750000      0.2375000      1.8640364E-03
  0.6250000      0.2375000      4.9845139E-03
  0.8750000      0.2375000      9.4398875E-03
   1.125000      0.2375000      1.5063349E-02
   1.375000      0.2375000      2.1697812E-02
   1.625000      0.2375000      2.9212870E-02
   1.875000      0.2375000      3.7504382E-02
   2.125000      0.2375000      4.6489928E-02
   2.375000      0.2375000      5.6103397E-02
   2.625000      0.2375000      6.6290535E-02
   2.875000      0.2375000      7.7005602E-02
   3.125000      0.2375000      8.8209584E-02
   3.375000      0.2375000      9.9869020E-02
   3.625000      0.2375000      0.1119533    
   3.875000      0.2375000      0.1244346    
   4.125000      0.2375000      0.1372884    
   4.375000      0.2375000      0.1504915    
   4.625000      0.2375000      0.1640228    
   4.875000      0.2375000      0.1778622    
   5.125000      0.2375000      0.1919917    
   5.375000      0.2375000      0.2063936    
   5.625000      0.2375000      0.2210525    
   5.875000      0.2375000      0.2359540    
   6.125000      0.2375000      0.2510827    
   6.375000      0.2375000      0.2664258    
   6.625000      0.2375000      0.2819709    
   6.875000      0.2375000      0.2977062    
   7.125000      0.2375000      0.3136208    
   7.375000      0.2375000      0.3297041    
   7.625000      0.2375000      0.3459459    
   7.875000      0.2375000      0.3623367    
   8.125000      0.2375000      0.3788675    
   8.375000      0.2375000      0.3955295    
   8.625000      0.2375000      0.4123146    
   8.875000      0.2375000      0.4292149    
   9.125000      0.2375000      0.4462279    
   9.375000      0.2375000      0.4634504    
   9.625000      0.2375000      0.4829186    
   9.875000      0.2375000      0.5451102    
   10.00000      0.2375000       1.000000    
 
  0.0000000E+00  0.2625000      0.0000000E+00
  0.1250000      0.2625000      1.0761065E-04
  0.3750000      0.2625000      1.2313027E-03
  0.6250000      0.2625000      3.4826407E-03
  0.8750000      0.2625000      6.8681757E-03
   1.125000      0.2625000      1.1307226E-02
   1.375000      0.2625000      1.6698603E-02
   1.625000      0.2625000      2.2946673E-02
   1.875000      0.2625000      2.9968677E-02
   2.125000      0.2625000      3.7695188E-02
   2.375000      0.2625000      4.6067987E-02
   2.625000      0.2625000      5.5037394E-02
   2.875000      0.2625000      6.4560153E-02
   3.125000      0.2625000      7.4598268E-02
   3.375000      0.2625000      8.5118301E-02
   3.625000      0.2625000      9.6089214E-02
   3.875000      0.2625000      0.1074825    
   4.125000      0.2625000      0.1192726    
   4.375000      0.2625000      0.1314353    
   4.625000      0.2625000      0.1439481    
   4.875000      0.2625000      0.1567902    
   5.125000      0.2625000      0.1699422    
   5.375000      0.2625000      0.1833853    
   5.625000      0.2625000      0.1971034    
   5.875000      0.2625000      0.2110806    
   6.125000      0.2625000      0.2253010    
   6.375000      0.2625000      0.2397512    
   6.625000      0.2625000      0.2544177    
   6.875000      0.2625000      0.2692879    
   7.125000      0.2625000      0.2843503    
   7.375000      0.2625000      0.2995936    
   7.625000      0.2625000      0.3150069    
   7.875000      0.2625000      0.3305803    
   8.125000      0.2625000      0.3463039    
   8.375000      0.2625000      0.3621686    
   8.625000      0.2625000      0.3781655    
   8.875000      0.2625000      0.3942861    
   9.125000      0.2625000      0.4105269    
   9.375000      0.2625000      0.4269797    
   9.625000      0.2625000      0.4456596    
   9.875000      0.2625000      0.5084248    
   10.00000      0.2625000       1.000000    
 
  0.0000000E+00  0.2875000      0.0000000E+00
  0.1250000      0.2875000      6.2061568E-05
  0.3750000      0.2875000      8.0483337E-04
  0.6250000      0.2875000      2.4052807E-03
  0.8750000      0.2875000      4.9413578E-03
   1.125000      0.2875000      8.4009850E-03
   1.375000      0.2875000      1.2734616E-02
   1.625000      0.2875000      1.7882366E-02
   1.875000      0.2875000      2.3785390E-02
   2.125000      0.2875000      3.0389888E-02
   2.375000      0.2875000      3.7647642E-02
   2.625000      0.2875000      4.5515228E-02
   2.875000      0.2875000      5.3953256E-02
   3.125000      0.2875000      6.2925674E-02
   3.375000      0.2875000      7.2399810E-02
   3.625000      0.2875000      8.2345024E-02
   3.875000      0.2875000      9.2732497E-02
   4.125000      0.2875000      0.1035359    
   4.375000      0.2875000      0.1147305    
   4.625000      0.2875000      0.1262929    
   4.875000      0.2875000      0.1382015    
   5.125000      0.2875000      0.1504360    
   5.375000      0.2875000      0.1629772    
   5.625000      0.2875000      0.1758078    
   5.875000      0.2875000      0.1889109    
   6.125000      0.2875000      0.2022707    
   6.375000      0.2875000      0.2158728    
   6.625000      0.2875000      0.2297029    
   6.875000      0.2875000      0.2437482    
   7.125000      0.2875000      0.2579961    
   7.375000      0.2875000      0.2724353    
   7.625000      0.2875000      0.2870542    
   7.875000      0.2875000      0.3018424    
   8.125000      0.2875000      0.3167893    
   8.375000      0.2875000      0.3318855    
   8.625000      0.2875000      0.3471217    
   8.875000      0.2875000      0.3624887    
   9.125000      0.2875000      0.3779825    
   9.375000      0.2875000      0.3936891    
   9.625000      0.2875000      0.4115963    
   9.875000      0.2875000      0.4747087    
   10.00000      0.2875000       1.000000    
 
  0.0000000E+00  0.3125000      0.0000000E+00
  0.1250000      0.3125000      3.5752048E-05
  0.3750000      0.3125000      5.2194076E-04
  0.6250000      0.3125000      1.6464093E-03
  0.8750000      0.3125000      3.5248098E-03
   1.125000      0.3125000      6.1946893E-03
   1.375000      0.3125000      9.6502248E-03
   1.625000      0.3125000      1.3865028E-02
   1.875000      0.3125000      1.8804351E-02
   2.125000      0.3125000      2.4431024E-02
   2.375000      0.3125000      3.0707953E-02
   2.625000      0.3125000      3.7599061E-02
   2.875000      0.3125000      4.5069549E-02
   3.125000      0.3125000      5.3086117E-02
   3.375000      0.3125000      6.1617482E-02
   3.625000      0.3125000      7.0633747E-02
   3.875000      0.3125000      8.0106325E-02
   4.125000      0.3125000      9.0008512E-02
   4.375000      0.3125000      0.1003153    
   4.625000      0.3125000      0.1110029    
   4.875000      0.3125000      0.1220492    
   5.125000      0.3125000      0.1334333    
   5.375000      0.3125000      0.1451356    
   5.625000      0.3125000      0.1571381    
   5.875000      0.3125000      0.1694234    
   6.125000      0.3125000      0.1819754    
   6.375000      0.3125000      0.1947792    
   6.625000      0.3125000      0.2078201    
   6.875000      0.3125000      0.2210851    
   7.125000      0.3125000      0.2345611    
   7.375000      0.3125000      0.2482361    
   7.625000      0.3125000      0.2620985    
   7.875000      0.3125000      0.2761372    
   8.125000      0.3125000      0.2903417    
   8.375000      0.3125000      0.3047019    
   8.625000      0.3125000      0.3192081    
   8.875000      0.3125000      0.3338509    
   9.125000      0.3125000      0.3486254    
   9.375000      0.3125000      0.3636129    
   9.625000      0.3125000      0.3807718    
   9.875000      0.3125000      0.4440708    
   10.00000      0.3125000       1.000000    
 
  0.0000000E+00  0.3375000      0.0000000E+00
  0.1250000      0.3375000      2.0657984E-05
  0.3750000      0.3375000      3.3712180E-04
  0.6250000      0.3375000      1.1215881E-03
  0.8750000      0.3375000      2.5039171E-03
   1.125000      0.3375000      4.5541697E-03
   1.375000      0.3375000      7.3006758E-03
   1.625000      0.3375000      1.0746010E-02
   1.875000      0.3375000      1.4877681E-02
   2.125000      0.3375000      1.9674601E-02
   2.375000      0.3375000      2.5110785E-02
   2.625000      0.3375000      3.1157739E-02
   2.875000      0.3375000      3.7785504E-02
   3.125000      0.3375000      4.4963922E-02
   3.375000      0.3375000      5.2663453E-02
   3.625000      0.3375000      6.0855236E-02
   3.875000      0.3375000      6.9511183E-02
   4.125000      0.3375000      7.8604795E-02
   4.375000      0.3375000      8.8111021E-02
   4.625000      0.3375000      9.8005906E-02
   4.875000      0.3375000      0.1082671    
   5.125000      0.3375000      0.1188737    
   5.375000      0.3375000      0.1298057    
   5.625000      0.3375000      0.1410447    
   5.875000      0.3375000      0.1525734    
   6.125000      0.3375000      0.1643753    
   6.375000      0.3375000      0.1764353    
   6.625000      0.3375000      0.1887388    
   6.875000      0.3375000      0.2012720    
   7.125000      0.3375000      0.2140223    
   7.375000      0.3375000      0.2269768    
   7.625000      0.3375000      0.2401241    
   7.875000      0.3375000      0.2534529    
   8.125000      0.3375000      0.2669523    
   8.375000      0.3375000      0.2806119    
   8.625000      0.3375000      0.2944218    
   8.875000      0.3375000      0.3083724    
   9.125000      0.3375000      0.3224583    
   9.375000      0.3375000      0.3367564    
   9.625000      0.3375000      0.3531976    
   9.875000      0.3375000      0.4165741    
   10.00000      0.3375000       1.000000    
 
  0.0000000E+00  0.3625000      0.0000000E+00
  0.1250000      0.3625000      1.2050486E-05
  0.3750000      0.3625000      2.1838302E-04
  0.6250000      0.3625000      7.6619314E-04
  0.8750000      0.3625000      1.7854315E-03
   1.125000      0.3625000      3.3651271E-03
   1.375000      0.3625000      5.5582607E-03
   1.625000      0.3625000      8.3905132E-03
   1.875000      0.3625000      1.1868215E-02
   2.125000      0.3625000      1.5984384E-02
   2.375000      0.3625000      2.0723091E-02
   2.625000      0.3625000      2.6062725E-02
   2.875000      0.3625000      3.1977959E-02
   3.125000      0.3625000      3.8441695E-02
   3.375000      0.3625000      4.5426190E-02
   3.625000      0.3625000      5.2903820E-02
   3.875000      0.3625000      6.0847279E-02
   4.125000      0.3625000      6.9230452E-02
   4.375000      0.3625000      7.8028619E-02
   4.625000      0.3625000      8.7217979E-02
   4.875000      0.3625000      9.6776344E-02
   5.125000      0.3625000      0.1066827    
   5.375000      0.3625000      0.1169175    
   5.625000      0.3625000      0.1274620    
   5.875000      0.3625000      0.1382992    
   6.125000      0.3625000      0.1494125    
   6.375000      0.3625000      0.1607870    
   6.625000      0.3625000      0.1724080    
   6.875000      0.3625000      0.1842618    
   7.125000      0.3625000      0.1963355    
   7.375000      0.3625000      0.2086166    
   7.625000      0.3625000      0.2210932    
   7.875000      0.3625000      0.2337541    
   8.125000      0.3625000      0.2465884    
   8.375000      0.3625000      0.2595856    
   8.625000      0.3625000      0.2727354    
   8.875000      0.3625000      0.2860283    
   9.125000      0.3625000      0.2994584    
   9.375000      0.3625000      0.3130994    
   9.625000      0.3625000      0.3288582    
   9.875000      0.3625000      0.3922433    
   10.00000      0.3625000       1.000000    
 
  0.0000000E+00  0.3875000      0.0000000E+00
  0.1250000      0.3875000      7.1902900E-06
  0.3750000      0.3875000      1.4391205E-04
  0.6250000      0.3875000      5.3268170E-04
  0.8750000      0.3875000      1.2968837E-03
   1.125000      0.3875000      2.5350158E-03
   1.375000      0.3875000      4.3162876E-03
   1.625000      0.3875000      6.6830958E-03
   1.875000      0.3875000      9.6560577E-03
   2.125000      0.3875000      1.3239189E-02
   2.375000      0.3875000      1.7424498E-02
   2.625000      0.3875000      2.2195948E-02
   2.875000      0.3875000      2.7531995E-02
   3.125000      0.3875000      3.3408076E-02
   3.375000      0.3875000      3.9798204E-02
   3.625000      0.3875000      4.6675839E-02
   3.875000      0.3875000      5.4014739E-02
   4.125000      0.3875000      6.1789408E-02
   4.375000      0.3875000      6.9975615E-02
   4.625000      0.3875000      7.8550115E-02
   4.875000      0.3875000      8.7491125E-02
   5.125000      0.3875000      9.6778058E-02
   5.375000      0.3875000      0.1063916    
   5.625000      0.3875000      0.1163137    
   5.875000      0.3875000      0.1265273    
   6.125000      0.3875000      0.1370165    
   6.375000      0.3875000      0.1477663    
   6.625000      0.3875000      0.1587624    
   6.875000      0.3875000      0.1699914    
   7.125000      0.3875000      0.1814404    
   7.375000      0.3875000      0.1930971    
   7.625000      0.3875000      0.2049498    
   7.875000      0.3875000      0.2169872    
   8.125000      0.3875000      0.2291985    
   8.375000      0.3875000      0.2415733    
   8.625000      0.3875000      0.2541011    
   8.875000      0.3875000      0.2667728    
   9.125000      0.3875000      0.2795819    
   9.375000      0.3875000      0.2925995    
   9.625000      0.3875000      0.3077150    
   9.875000      0.3875000      0.3710721    
   10.00000      0.3875000       1.000000    
 
  0.0000000E+00  0.4125000      0.0000000E+00
  0.1250000      0.4125000      4.5198362E-06
  0.3750000      0.4125000      9.9370656E-05
  0.6250000      0.4125000      3.8768939E-04
  0.8750000      0.4125000      9.8497560E-04
   1.125000      0.4125000      1.9933435E-03
   1.375000      0.4125000      3.4912371E-03
   1.625000      0.4125000      5.5313804E-03
   1.875000      0.4125000      8.1434334E-03
   2.125000      0.4125000      1.1338422E-02
   2.375000      0.4125000      1.5113450E-02
   2.625000      0.4125000      1.9456031E-02
   2.875000      0.4125000      2.4347158E-02
   3.125000      0.4125000      2.9764045E-02
   3.375000      0.4125000      3.5682060E-02
   3.625000      0.4125000      4.2075727E-02
   3.875000      0.4125000      4.8919771E-02
   4.125000      0.4125000      5.6189623E-02
   4.375000      0.4125000      6.3861795E-02
   4.625000      0.4125000      7.1913853E-02
   4.875000      0.4125000      8.0324724E-02
   5.125000      0.4125000      8.9074589E-02
   5.375000      0.4125000      9.8144785E-02
   5.625000      0.4125000      0.1075179    
   5.875000      0.4125000      0.1171777    
   6.125000      0.4125000      0.1271086    
   6.375000      0.4125000      0.1372961    
   6.625000      0.4125000      0.1477266    
   6.875000      0.4125000      0.1583869    
   7.125000      0.4125000      0.1692646    
   7.375000      0.4125000      0.1803476    
   7.625000      0.4125000      0.1916244    
   7.875000      0.4125000      0.2030842    
   8.125000      0.4125000      0.2147161    
   8.375000      0.4125000      0.2265101    
   8.625000      0.4125000      0.2384557    
   8.875000      0.4125000      0.2505436    
   9.125000      0.4125000      0.2627677    
   9.375000      0.4125000      0.2751973    
   9.625000      0.4125000      0.2897112    
   9.875000      0.4125000      0.3530296    
   10.00000      0.4125000       1.000000    
 
  0.0000000E+00  0.4375000      0.0000000E+00
  0.1250000      0.4375000      3.1819920E-06
  0.3750000      0.4375000      7.5881209E-05
  0.6250000      0.4375000      3.0948047E-04
  0.8750000      0.4375000      8.1370765E-04
   1.125000      0.4375000      1.6911522E-03
   1.375000      0.4375000      3.0237739E-03
   1.625000      0.4375000      4.8683700E-03
   1.875000      0.4375000      7.2580064E-03
   2.125000      0.4375000      1.0206157E-02
   2.375000      0.4375000      1.3711623E-02
   2.625000      0.4375000      1.7763065E-02
   2.875000      0.4375000      2.2342436E-02
   3.125000      0.4375000      2.7427819E-02
   3.375000      0.4375000      3.2995410E-02
   3.625000      0.4375000      3.9020665E-02
   3.875000      0.4375000      4.5479275E-02
   4.125000      0.4375000      5.2347783E-02
   4.375000      0.4375000      5.9603613E-02
   4.625000      0.4375000      6.7225486E-02
   4.875000      0.4375000      7.5193502E-02
   5.125000      0.4375000      8.3488703E-02
   5.375000      0.4375000      9.2093527E-02
   5.625000      0.4375000      0.1009916    
   5.875000      0.4375000      0.1101674    
   6.125000      0.4375000      0.1196062    
   6.375000      0.4375000      0.1292944    
   6.625000      0.4375000      0.1392189    
   6.875000      0.4375000      0.1493673    
   7.125000      0.4375000      0.1597275    
   7.375000      0.4375000      0.1702882    
   7.625000      0.4375000      0.1810381    
   7.875000      0.4375000      0.1919668    
   8.125000      0.4375000      0.2030637    
   8.375000      0.4375000      0.2143189    
   8.625000      0.4375000      0.2257226    
   8.875000      0.4375000      0.2372654    
   9.125000      0.4375000      0.2489415    
   9.375000      0.4375000      0.2608191    
   9.625000      0.4375000      0.2747747    
   9.875000      0.4375000      0.3380664    
   10.00000      0.4375000       1.000000    
 
  0.0000000E+00  0.4625000      0.0000000E+00
  0.1250000      0.4625000      2.7469357E-06
  0.3750000      0.4625000      6.8673704E-05
  0.6250000      0.4625000      2.8605320E-04
  0.8750000      0.4625000      7.6279626E-04
   1.125000      0.4625000      1.6003442E-03
   1.375000      0.4625000      2.8791463E-03
   1.625000      0.4625000      4.6538622E-03
   1.875000      0.4625000      6.9550732E-03
   2.125000      0.4625000      9.7938543E-03
   2.375000      0.4625000      1.3167038E-02
   2.625000      0.4625000      1.7061893E-02
   2.875000      0.4625000      2.1459658E-02
   3.125000      0.4625000      2.6338307E-02
   3.375000      0.4625000      3.1674374E-02
   3.625000      0.4625000      3.7444092E-02
   3.875000      0.4625000      4.3624200E-02
   4.125000      0.4625000      5.0192401E-02
   4.375000      0.4625000      5.7127535E-02
   4.625000      0.4625000      6.4409576E-02
   4.875000      0.4625000      7.2020084E-02
   5.125000      0.4625000      7.9941459E-02
   5.375000      0.4625000      8.8157497E-02
   5.625000      0.4625000      9.6652962E-02
   5.875000      0.4625000      0.1054136    
   6.125000      0.4625000      0.1144258    
   6.375000      0.4625000      0.1236769    
   6.625000      0.4625000      0.1331545    
   6.875000      0.4625000      0.1428472    
   7.125000      0.4625000      0.1527436    
   7.375000      0.4625000      0.1628329    
   7.625000      0.4625000      0.1731046    
   7.875000      0.4625000      0.1835486    
   8.125000      0.4625000      0.1941549    
   8.375000      0.4625000      0.2049138    
   8.625000      0.4625000      0.2158159    
   8.875000      0.4625000      0.2268523    
   9.125000      0.4625000      0.2380173    
   9.375000      0.4625000      0.2493795    
   9.625000      0.4625000      0.2628219    
   9.875000      0.4625000      0.3261182    
   10.00000      0.4625000       1.000000    
 
  0.0000000E+00  0.4875000      0.0000000E+00
  0.1250000      0.4875000      3.0732988E-06
  0.3750000      0.4875000      7.6340759E-05
  0.6250000      0.4875000      3.1407207E-04
  0.8750000      0.4875000      8.2679355E-04
   1.125000      0.4875000      1.7133348E-03
   1.375000      0.4875000      3.0474665E-03
   1.625000      0.4875000      4.8752846E-03
   1.875000      0.4875000      7.2188438E-03
   2.125000      0.4875000      1.0081926E-02
   2.375000      0.4875000      1.3455810E-02
   2.625000      0.4875000      1.7323958E-02
   2.875000      0.4875000      2.1665368E-02
   3.125000      0.4875000      2.6457069E-02
   3.375000      0.4875000      3.1675577E-02
   3.625000      0.4875000      3.7297815E-02
   3.875000      0.4875000      4.3301653E-02
   4.125000      0.4875000      4.9666278E-02
   4.375000      0.4875000      5.6372125E-02
   4.625000      0.4875000      6.3400894E-02
   4.875000      0.4875000      7.0735775E-02
   5.125000      0.4875000      7.8360982E-02
   5.375000      0.4875000      8.6261839E-02
   5.625000      0.4875000      9.4424695E-02
   5.875000      0.4875000      0.1028367    
   6.125000      0.4875000      0.1114855    
   6.375000      0.4875000      0.1203596    
   6.625000      0.4875000      0.1294478    
   6.875000      0.4875000      0.1387395    
   7.125000      0.4875000      0.1482244    
   7.375000      0.4875000      0.1578923    
   7.625000      0.4875000      0.1677335    
   7.875000      0.4875000      0.1777383    
   8.125000      0.4875000      0.1878976    
   8.375000      0.4875000      0.1982020    
   8.625000      0.4875000      0.2086426    
   8.875000      0.4875000      0.2192109    
   9.125000      0.4875000      0.2299016    
   9.375000      0.4875000      0.2407847    
   9.625000      0.4875000      0.2537601    
   9.875000      0.4875000      0.3171112    
   10.00000      0.4875000       1.000000    
 
  0.0000000E+00  0.5125000      0.0000000E+00
  0.1250000      0.5125000      4.2641536E-06
  0.3750000      0.5125000      1.0066875E-04
  0.6250000      0.5125000      3.9873758E-04
  0.8750000      0.5125000      1.0151551E-03
   1.125000      0.5125000      2.0433497E-03
   1.375000      0.5125000      3.5441825E-03
   1.625000      0.5125000      5.5482318E-03
   1.875000      0.5125000      8.0629652E-03
   2.125000      0.5125000      1.1080246E-02
   2.375000      0.5125000      1.4582618E-02
   2.625000      0.5125000      1.8547747E-02
   2.875000      0.5125000      2.2951307E-02
   3.125000      0.5125000      2.7768789E-02
   3.375000      0.5125000      3.2976646E-02
   3.625000      0.5125000      3.8552500E-02
   3.875000      0.5125000      4.4475660E-02
   4.125000      0.5125000      5.0727058E-02
   4.375000      0.5125000      5.7289079E-02
   4.625000      0.5125000      6.4145535E-02
   4.875000      0.5125000      7.1281604E-02
   5.125000      0.5125000      7.8683510E-02
   5.375000      0.5125000      8.6338528E-02
   5.625000      0.5125000      9.4234720E-02
   5.875000      0.5125000      0.1023609    
   6.125000      0.5125000      0.1107062    
   6.375000      0.5125000      0.1192607    
   6.625000      0.5125000      0.1280143    
   6.875000      0.5125000      0.1369574    
   7.125000      0.5125000      0.1460808    
   7.375000      0.5125000      0.1553753    
   7.625000      0.5125000      0.1648319    
   7.875000      0.5125000      0.1744418    
   8.125000      0.5125000      0.1841962    
   8.375000      0.5125000      0.1940866    
   8.625000      0.5125000      0.2041046    
   8.875000      0.5125000      0.2142421    
   9.125000      0.5125000      0.2244948    
   9.375000      0.5125000      0.2349346    
   9.625000      0.5125000      0.2474900    
   9.875000      0.5125000      0.3109646    
   10.00000      0.5125000       1.000000    
 
  0.0000000E+00  0.5375000      0.0000000E+00
  0.1250000      0.5375000      6.7070014E-06
  0.3750000      0.5375000      1.4706646E-04
  0.6250000      0.5375000      5.5469183E-04
  0.8750000      0.5375000      1.3534103E-03
   1.125000      0.5375000      2.6255324E-03
   1.375000      0.5375000      4.4108485E-03
   1.625000      0.5375000      6.7167873E-03
   1.875000      0.5375000      9.5303748E-03
   2.125000      0.5375000      1.2827598E-02
   2.375000      0.5375000      1.6579891E-02
   2.625000      0.5375000      2.0757871E-02
   2.875000      0.5375000      2.5333373E-02
   3.125000      0.5375000      3.0280329E-02
   3.375000      0.5375000      3.5575248E-02
   3.625000      0.5375000      4.1196927E-02
   3.875000      0.5375000      4.7126390E-02
   4.125000      0.5375000      5.3346787E-02
   4.375000      0.5375000      5.9842817E-02
   4.625000      0.5375000      6.6600800E-02
   4.875000      0.5375000      7.3608212E-02
   5.125000      0.5375000      8.0853626E-02
   5.375000      0.5375000      8.8326499E-02
   5.625000      0.5375000      9.6016847E-02
   5.875000      0.5375000      0.1039154    
   6.125000      0.5375000      0.1120130    
   6.375000      0.5375000      0.1203011    
   6.625000      0.5375000      0.1287712    
   6.875000      0.5375000      0.1374149    
   7.125000      0.5375000      0.1462240    
   7.375000      0.5375000      0.1551904    
   7.625000      0.5375000      0.1643060    
   7.875000      0.5375000      0.1735627    
   8.125000      0.5375000      0.1829526    
   8.375000      0.5375000      0.1924678    
   8.625000      0.5375000      0.2021005    
   8.875000      0.5375000      0.2118432    
   9.125000      0.5375000      0.2216925    
   9.375000      0.5375000      0.2317241    
   9.625000      0.5375000      0.2439083    
   9.875000      0.5375000      0.3075943    
   10.00000      0.5375000       1.000000    
 
  0.0000000E+00  0.5625000      0.0000000E+00
  0.1250000      0.5625000      1.1215046E-05
  0.3750000      0.5625000      2.2568443E-04
  0.6250000      0.5625000      8.0806989E-04
  0.8750000      0.5625000      1.8854910E-03
   1.125000      0.5625000      3.5188308E-03
   1.375000      0.5625000      5.7161362E-03
   1.625000      0.5625000      8.4535256E-03
   1.875000      0.5625000      1.1692399E-02
   2.125000      0.5625000      1.5390097E-02
   2.375000      0.5625000      1.9505749E-02
   2.625000      0.5625000      2.4002684E-02
   2.875000      0.5625000      2.8849242E-02
   3.125000      0.5625000      3.4018237E-02
   3.375000      0.5625000      3.9486956E-02
   3.625000      0.5625000      4.5235898E-02
   3.875000      0.5625000      5.1248368E-02
   4.125000      0.5625000      5.7510275E-02
   4.375000      0.5625000      6.4009100E-02
   4.625000      0.5625000      7.0733927E-02
   4.875000      0.5625000      7.7675052E-02
   5.125000      0.5625000      8.4823556E-02
   5.375000      0.5625000      9.2171311E-02
   5.625000      0.5625000      9.9710576E-02
   5.875000      0.5625000      0.1074341    
   6.125000      0.5625000      0.1153345    
   6.375000      0.5625000      0.1234049    
   6.625000      0.5625000      0.1316384    
   6.875000      0.5625000      0.1400278    
   7.125000      0.5625000      0.1485662    
   7.375000      0.5625000      0.1572464    
   7.625000      0.5625000      0.1660615    
   7.875000      0.5625000      0.1750041    
   8.125000      0.5625000      0.1840673    
   8.375000      0.5625000      0.1932437    
   8.625000      0.5625000      0.2025263    
   8.875000      0.5625000      0.2119085    
   9.125000      0.5625000      0.2213875    
   9.375000      0.5625000      0.2310449    
   9.625000      0.5625000      0.2429083    
   9.875000      0.5625000      0.3069157    
   10.00000      0.5625000       1.000000    
 
  0.0000000E+00  0.5875000      0.0000000E+00
  0.1250000      0.5875000      1.9322624E-05
  0.3750000      0.5875000      3.5340345E-04
  0.6250000      0.5875000      1.1998203E-03
  0.8750000      0.5875000      2.6771647E-03
   1.125000      0.5875000      4.8084501E-03
   1.375000      0.5875000      7.5567756E-03
   1.625000      0.5875000      1.0858922E-02
   1.875000      0.5875000      1.4646936E-02
   2.125000      0.5875000      1.8858435E-02
   2.375000      0.5875000      2.3440676E-02
   2.625000      0.5875000      2.8350718E-02
   2.875000      0.5875000      3.3554614E-02
   3.125000      0.5875000      3.9025296E-02
   3.375000      0.5875000      4.4741765E-02
   3.625000      0.5875000      5.0687101E-02
   3.875000      0.5875000      5.6847662E-02
   4.125000      0.5875000      6.3212596E-02
   4.375000      0.5875000      6.9772735E-02
   4.625000      0.5875000      7.6520339E-02
   4.875000      0.5875000      8.3448738E-02
   5.125000      0.5875000      9.0551838E-02
   5.375000      0.5875000      9.7824074E-02
   5.625000      0.5875000      0.1052601    
   5.875000      0.5875000      0.1128548    
   6.125000      0.5875000      0.1206028    
   6.375000      0.5875000      0.1284989    
   6.625000      0.5875000      0.1365378    
   6.875000      0.5875000      0.1447136    
   7.125000      0.5875000      0.1530206    
   7.375000      0.5875000      0.1614531    
   7.625000      0.5875000      0.1700046    
   7.875000      0.5875000      0.1786692    
   8.125000      0.5875000      0.1874405    
   8.375000      0.5875000      0.1963120    
   8.625000      0.5875000      0.2052774    
   8.875000      0.5875000      0.2143309    
   9.125000      0.5875000      0.2234711    
   9.375000      0.5875000      0.2327870    
   9.625000      0.5875000      0.2443826    
   9.875000      0.5875000      0.3088466    
   10.00000      0.5875000       1.000000    
 
  0.0000000E+00  0.6125000      0.0000000E+00
  0.1250000      0.6125000      3.3841301E-05
  0.3750000      0.6125000      5.5696169E-04
  0.6250000      0.6125000      1.7903880E-03
  0.8750000      0.6125000      3.8203266E-03
   1.125000      0.6125000      6.6084112E-03
   1.375000      0.6125000      1.0057923E-02
   1.625000      0.6125000      1.4059739E-02
   1.875000      0.6125000      1.8515248E-02
   2.125000      0.6125000      2.3343716E-02
   2.375000      0.6125000      2.8482823E-02
   2.625000      0.6125000      3.3885796E-02
   2.875000      0.6125000      3.9518490E-02
   3.125000      0.6125000      4.5355756E-02
   3.375000      0.6125000      5.1379692E-02
   3.625000      0.6125000      5.7577033E-02
   3.875000      0.6125000      6.3938014E-02
   4.125000      0.6125000      7.0455678E-02
   4.375000      0.6125000      7.7124655E-02
   4.625000      0.6125000      8.3940789E-02
   4.875000      0.6125000      9.0900593E-02
   5.125000      0.6125000      9.8001078E-02
   5.375000      0.6125000      0.1052395    
   5.625000      0.6125000      0.1126128    
   5.875000      0.6125000      0.1201183    
   6.125000      0.6125000      0.1277524    
   6.375000      0.6125000      0.1355119    
   6.625000      0.6125000      0.1433927    
   6.875000      0.6125000      0.1513909    
   7.125000      0.6125000      0.1595016    
   7.375000      0.6125000      0.1677203    
   7.625000      0.6125000      0.1760417    
   7.875000      0.6125000      0.1844607    
   8.125000      0.6125000      0.1929718    
   8.375000      0.6125000      0.2015694    
   8.625000      0.6125000      0.2102479    
   8.875000      0.6125000      0.2190023    
   9.125000      0.6125000      0.2278328    
   9.375000      0.6125000      0.2368388    
   9.625000      0.6125000      0.2482235    
   9.875000      0.6125000      0.3133097    
   10.00000      0.6125000       1.000000    
 
  0.0000000E+00  0.6375000      0.0000000E+00
  0.1250000      0.6375000      5.9869748E-05
  0.3750000      0.6375000      8.7757804E-04
  0.6250000      0.6375000      2.6657418E-03
  0.8750000      0.6375000      5.4377127E-03
   1.125000      0.6375000      9.0635093E-03
   1.375000      0.6375000      1.3372296E-02
   1.625000      0.6375000      1.8205876E-02
   1.875000      0.6375000      2.3437353E-02
   2.125000      0.6375000      2.8971948E-02
   2.375000      0.6375000      3.4742121E-02
   2.625000      0.6375000      4.0701035E-02
   2.875000      0.6375000      4.6817280E-02
   3.125000      0.6375000      5.3069945E-02
   3.375000      0.6375000      5.9445705E-02
   3.625000      0.6375000      6.5936342E-02
   3.875000      0.6375000      7.2536789E-02
   4.125000      0.6375000      7.9244561E-02
   4.375000      0.6375000      8.6058535E-02
   4.625000      0.6375000      9.2978366E-02
   4.875000      0.6375000      0.1000041    
   5.125000      0.6375000      0.1071360    
   5.375000      0.6375000      0.1143740    
   5.625000      0.6375000      0.1217177    
   5.875000      0.6375000      0.1291664    
   6.125000      0.6375000      0.1367189    
   6.375000      0.6375000      0.1443735    
   6.625000      0.6375000      0.1521277    
   6.875000      0.6375000      0.1599790    
   7.125000      0.6375000      0.1679238    
   7.375000      0.6375000      0.1759587    
   7.625000      0.6375000      0.1840795    
   7.875000      0.6375000      0.1922818    
   8.125000      0.6375000      0.2005612    
   8.375000      0.6375000      0.2089127    
   8.625000      0.6375000      0.2173319    
   8.875000      0.6375000      0.2258142    
   9.125000      0.6375000      0.2343622    
   9.375000      0.6375000      0.2430889    
   9.625000      0.6375000      0.2543254    
   9.875000      0.6375000      0.3202361    
   10.00000      0.6375000       1.000000    
 
  0.0000000E+00  0.6625000      0.0000000E+00
  0.1250000      0.6625000      1.0658965E-04
  0.3750000      0.6625000      1.3774580E-03
  0.6250000      0.6625000      3.9444976E-03
  0.8750000      0.6625000      7.6871547E-03
   1.125000      0.6625000      1.2349703E-02
   1.375000      0.6625000      1.7677175E-02
   1.625000      0.6625000      2.3465071E-02
   1.875000      0.6625000      2.9565427E-02
   2.125000      0.6625000      3.5876896E-02
   2.375000      0.6625000      4.2333037E-02
   2.625000      0.6625000      4.8891880E-02
   2.875000      0.6625000      5.5528220E-02
   3.125000      0.6625000      6.2227920E-02
   3.375000      0.6625000      6.8984106E-02
   3.625000      0.6625000      7.5794585E-02
   3.875000      0.6625000      8.2660012E-02
   4.125000      0.6625000      8.9582860E-02
   4.375000      0.6625000      9.6566617E-02
   4.625000      0.6625000      0.1036150    
   4.875000      0.6625000      0.1107316    
   5.125000      0.6625000      0.1179200    
   5.375000      0.6625000      0.1251829    
   5.625000      0.6625000      0.1325226    
   5.875000      0.6625000      0.1399404    
   6.125000      0.6625000      0.1474371    
   6.375000      0.6625000      0.1550126    
   6.625000      0.6625000      0.1626663    
   6.875000      0.6625000      0.1703965    
   7.125000      0.6625000      0.1782013    
   7.375000      0.6625000      0.1860780    
   7.625000      0.6625000      0.1940236    
   7.875000      0.6625000      0.2020347    
   8.125000      0.6625000      0.2101075    
   8.375000      0.6625000      0.2182380    
   8.625000      0.6625000      0.2264226    
   8.875000      0.6625000      0.2346575    
   9.125000      0.6625000      0.2429481    
   9.375000      0.6625000      0.2514253    
   9.625000      0.6625000      0.2625839    
   9.875000      0.6625000      0.3295668    
   10.00000      0.6625000       1.000000    
 
  0.0000000E+00  0.6875000      0.0000000E+00
  0.1250000      0.6875000      1.9039857E-04
  0.3750000      0.6875000      2.1485388E-03
  0.6250000      0.6875000      5.7854801E-03
  0.8750000      0.6875000      1.0764256E-02
   1.125000      0.6875000      1.6671801E-02
   1.375000      0.6875000      2.3168685E-02
   1.625000      0.6875000      3.0015353E-02
   1.875000      0.6875000      3.7055463E-02
   2.125000      0.6875000      4.4191677E-02
   2.375000      0.6875000      5.1366594E-02
   2.625000      0.6875000      5.8548607E-02
   2.875000      0.6875000      6.5722525E-02
   3.125000      0.6875000      7.2883554E-02
   3.375000      0.6875000      8.0032781E-02
   3.625000      0.6875000      8.7175354E-02
   3.875000      0.6875000      9.4318129E-02
   4.125000      0.6875000      0.1014690    
   4.375000      0.6875000      0.1086364    
   4.625000      0.6875000      0.1158281    
   4.875000      0.6875000      0.1230515    
   5.125000      0.6875000      0.1303131    
   5.375000      0.6875000      0.1376187    
   5.625000      0.6875000      0.1449728    
   5.875000      0.6875000      0.1523789    
   6.125000      0.6875000      0.1598396    
   6.375000      0.6875000      0.1673565    
   6.625000      0.6875000      0.1749303    
   6.875000      0.6875000      0.1825607    
   7.125000      0.6875000      0.1902467    
   7.375000      0.6875000      0.1979870    
   7.625000      0.6875000      0.2057792    
   7.875000      0.6875000      0.2136209    
   8.125000      0.6875000      0.2215091    
   8.375000      0.6875000      0.2294408    
   8.625000      0.6875000      0.2374128    
   8.875000      0.6875000      0.2454228    
   9.125000      0.6875000      0.2534789    
   9.375000      0.6875000      0.2617364    
   9.625000      0.6875000      0.2728985    
   9.875000      0.6875000      0.3412563    
   10.00000      0.6875000       1.000000    
 
  0.0000000E+00  0.7125000      0.0000000E+00
  0.1250000      0.7125000      3.4024665E-04
  0.3750000      0.7125000      3.3235287E-03
  0.6250000      0.7125000      8.3944285E-03
  0.8750000      0.7125000      1.4901767E-02
   1.125000      0.7125000      2.2257239E-02
   1.375000      0.7125000      3.0052567E-02
   1.625000      0.7125000      3.8034741E-02
   1.875000      0.7125000      4.6057109E-02
   2.125000      0.7125000      5.4039326E-02
   2.375000      0.7125000      6.1941698E-02
   2.625000      0.7125000      6.9748536E-02
   2.875000      0.7125000      7.7458389E-02
   3.125000      0.7125000      8.5077859E-02
   3.375000      0.7125000      9.2617720E-02
   3.625000      0.7125000      0.1000909    
   3.875000      0.7125000      0.1075111    
   4.125000      0.7125000      0.1148921    
   4.375000      0.7125000      0.1222468    
   4.625000      0.7125000      0.1295875    
   4.875000      0.7125000      0.1369250    
   5.125000      0.7125000      0.1442690    
   5.375000      0.7125000      0.1516278    
   5.625000      0.7125000      0.1590083    
   5.875000      0.7125000      0.1664158    
   6.125000      0.7125000      0.1738549    
   6.375000      0.7125000      0.1813284    
   6.625000      0.7125000      0.1888382    
   6.875000      0.7125000      0.1963855    
   7.125000      0.7125000      0.2039703    
   7.375000      0.7125000      0.2115919    
   7.625000      0.7125000      0.2192491    
   7.875000      0.7125000      0.2269400    
   8.125000      0.7125000      0.2346627    
   8.375000      0.7125000      0.2424150    
   8.625000      0.7125000      0.2501943    
   8.875000      0.7125000      0.2579995    
   9.125000      0.7125000      0.2658428    
   9.375000      0.7125000      0.2739106    
   9.625000      0.7125000      0.2851712    
   9.875000      0.7125000      0.3552732    
   10.00000      0.7125000       1.000000    
 
  0.0000000E+00  0.7375000      0.0000000E+00
  0.1250000      0.7375000      6.0646218E-04
  0.3750000      0.7375000      5.0887545E-03
  0.6250000      0.7375000      1.2027772E-02
  0.8750000      0.7375000      2.0363811E-02
   1.125000      0.7375000      2.9345049E-02
   1.375000      0.7375000      3.8531460E-02
   1.625000      0.7375000      4.7688905E-02
   1.875000      0.7375000      5.6702551E-02
   2.125000      0.7375000      6.5522924E-02
   2.375000      0.7375000      7.4136622E-02
   2.625000      0.7375000      8.2548797E-02
   2.875000      0.7375000      9.0774603E-02
   3.125000      0.7375000      9.8833919E-02
   3.375000      0.7375000      0.1067480    
   3.625000      0.7375000      0.1145381    
   3.875000      0.7375000      0.1222251    
   4.125000      0.7375000      0.1298280    
   4.375000      0.7375000      0.1373651    
   4.625000      0.7375000      0.1448524    
   4.875000      0.7375000      0.1523040    
   5.125000      0.7375000      0.1597328    
   5.375000      0.7375000      0.1671492    
   5.625000      0.7375000      0.1745622    
   5.875000      0.7375000      0.1819792    
   6.125000      0.7375000      0.1894059    
   6.375000      0.7375000      0.1968466    
   6.625000      0.7375000      0.2043043    
   6.875000      0.7375000      0.2117814    
   7.125000      0.7375000      0.2192785    
   7.375000      0.7375000      0.2267961    
   7.625000      0.7375000      0.2343334    
   7.875000      0.7375000      0.2418896    
   8.125000      0.7375000      0.2494634    
   8.375000      0.7375000      0.2570533    
   8.625000      0.7375000      0.2646576    
   8.875000      0.7375000      0.2722765    
   9.125000      0.7375000      0.2799269    
   9.375000      0.7375000      0.2878364    
   9.625000      0.7375000      0.2993081    
   9.875000      0.7375000      0.3716011    
   10.00000      0.7375000       1.000000    
 
  0.0000000E+00  0.7625000      0.0000000E+00
  0.1250000      0.7625000      1.0748005E-03
  0.3750000      0.7625000      7.6971743E-03
  0.6250000      0.7625000      1.6990529E-02
  0.8750000      0.7625000      2.7433254E-02
   1.125000      0.7625000      3.8169593E-02
   1.375000      0.7625000      4.8789203E-02
   1.625000      0.7625000      5.9117485E-02
   1.875000      0.7625000      6.9095030E-02
   2.125000      0.7625000      7.8716390E-02
   2.375000      0.7625000      8.8001266E-02
   2.625000      0.7625000      9.6979633E-02
   2.875000      0.7625000      0.1056852    
   3.125000      0.7625000      0.1141521    
   3.375000      0.7625000      0.1224120    
   3.625000      0.7625000      0.1304950    
   3.875000      0.7625000      0.1384285    
   4.125000      0.7625000      0.1462375    
   4.375000      0.7625000      0.1539445    
   4.625000      0.7625000      0.1615693    
   4.875000      0.7625000      0.1691291    
   5.125000      0.7625000      0.1766392    
   5.375000      0.7625000      0.1841124    
   5.625000      0.7625000      0.1915595    
   5.875000      0.7625000      0.1989894    
   6.125000      0.7625000      0.2064090    
   6.375000      0.7625000      0.2138236    
   6.625000      0.7625000      0.2212377    
   6.875000      0.7625000      0.2286539    
   7.125000      0.7625000      0.2360741    
   7.375000      0.7625000      0.2434992    
   7.625000      0.7625000      0.2509294    
   7.875000      0.7625000      0.2583646    
   8.125000      0.7625000      0.2658040    
   8.375000      0.7625000      0.2732467    
   8.625000      0.7625000      0.2806921    
   8.875000      0.7625000      0.2881413    
   9.125000      0.7625000      0.2956181    
   9.375000      0.7625000      0.3034026    
   9.625000      0.7625000      0.3152179    
   9.875000      0.7625000      0.3902371    
   10.00000      0.7625000       1.000000    
 
  0.0000000E+00  0.7875000      0.0000000E+00
  0.1250000      0.7875000      1.8876933E-03
  0.3750000      0.7875000      1.1478183E-02
  0.6250000      0.7875000      2.3624800E-02
  0.8750000      0.7875000      3.6390938E-02
   1.125000      0.7875000      4.8939642E-02
   1.375000      0.7875000      6.0973123E-02
   1.625000      0.7875000      7.2420120E-02
   1.875000      0.7875000      8.3298162E-02
   2.125000      0.7875000      9.3655780E-02
   2.375000      0.7875000      0.1035507    
   2.625000      0.7875000      0.1130393    
   2.875000      0.7875000      0.1221749    
   3.125000      0.7875000      0.1310057    
   3.375000      0.7875000      0.1395738    
   3.625000      0.7875000      0.1479175    
   3.875000      0.7875000      0.1560707    
   4.125000      0.7875000      0.1640634    
   4.375000      0.7875000      0.1719221    
   4.625000      0.7875000      0.1796702    
   4.875000      0.7875000      0.1873274    
   5.125000      0.7875000      0.1949113    
   5.375000      0.7875000      0.2024365    
   5.625000      0.7875000      0.2099154    
   5.875000      0.7875000      0.2173580    
   6.125000      0.7875000      0.2247724    
   6.375000      0.7875000      0.2321649    
   6.625000      0.7875000      0.2395406    
   6.875000      0.7875000      0.2469029    
   7.125000      0.7875000      0.2542545    
   7.375000      0.7875000      0.2615967    
   7.625000      0.7875000      0.2689306    
   7.875000      0.7875000      0.2762564    
   8.125000      0.7875000      0.2835743    
   8.375000      0.7875000      0.2908837    
   8.625000      0.7875000      0.2981848    
   8.875000      0.7875000      0.3054802    
   9.125000      0.7875000      0.3128021    
   9.375000      0.7875000      0.3204973    
   9.625000      0.7875000      0.3328106    
   9.875000      0.7875000      0.4111832    
   10.00000      0.7875000       1.000000    
 
  0.0000000E+00  0.8125000      0.0000000E+00
  0.1250000      0.8125000      3.2742270E-03
  0.3750000      0.8125000      1.6838565E-02
  0.6250000      0.8125000      3.2285605E-02
  0.8750000      0.8125000      4.7487263E-02
   1.125000      0.8125000      6.1814960E-02
   1.375000      0.8125000      7.5176843E-02
   1.625000      0.8125000      8.7644234E-02
   1.875000      0.8125000      9.9327162E-02
   2.125000      0.8125000      0.1103335    
   2.375000      0.8125000      0.1207604    
   2.625000      0.8125000      0.1306908    
   2.875000      0.8125000      0.1401969    
   3.125000      0.8125000      0.1493399    
   3.375000      0.8125000      0.1581722    
   3.625000      0.8125000      0.1667389    
   3.875000      0.8125000      0.1750799    
   4.125000      0.8125000      0.1832296    
   4.375000      0.8125000      0.1912182    
   4.625000      0.8125000      0.1990718    
   4.875000      0.8125000      0.2068124    
   5.125000      0.8125000      0.2144594    
   5.375000      0.8125000      0.2220290    
   5.625000      0.8125000      0.2295345    
   5.875000      0.8125000      0.2369873    
   6.125000      0.8125000      0.2443961    
   6.375000      0.8125000      0.2517681    
   6.625000      0.8125000      0.2591088    
   6.875000      0.8125000      0.2664224    
   7.125000      0.8125000      0.2737118    
   7.375000      0.8125000      0.2809792    
   7.625000      0.8125000      0.2882260    
   7.875000      0.8125000      0.2954531    
   8.125000      0.8125000      0.3026610    
   8.375000      0.8125000      0.3098501    
   8.625000      0.8125000      0.3170209    
   8.875000      0.8125000      0.3241778    
   9.125000      0.8125000      0.3313631    
   9.375000      0.8125000      0.3390073    
   9.625000      0.8125000      0.3519937    
   9.875000      0.8125000      0.4344344    
   10.00000      0.8125000       1.000000    
 
  0.0000000E+00  0.8375000      0.0000000E+00
  0.1250000      0.8375000      5.5882270E-03
  0.3750000      0.8375000      2.4246598E-02
  0.6250000      0.8375000      4.3302204E-02
  0.8750000      0.8375000      6.0908273E-02
   1.125000      0.8375000      7.6882787E-02
   1.375000      0.8375000      9.1425277E-02
   1.625000      0.8375000      0.1047757    
   1.875000      0.8375000      0.1171429    
   2.125000      0.8375000      0.1286940    
   2.375000      0.8375000      0.1395636    
   2.625000      0.8375000      0.1498597    
   2.875000      0.8375000      0.1596708    
   3.125000      0.8375000      0.1690704    
   3.375000      0.8375000      0.1781192    
   3.625000      0.8375000      0.1868683    
   3.875000      0.8375000      0.1953627    
   4.125000      0.8375000      0.2036407    
   4.375000      0.8375000      0.2117351    
   4.625000      0.8375000      0.2196744    
   4.875000      0.8375000      0.2274825    
   5.125000      0.8375000      0.2351801    
   5.375000      0.8375000      0.2427847    
   5.625000      0.8375000      0.2503104    
   5.875000      0.8375000      0.2577693    
   6.125000      0.8375000      0.2651707    
   6.375000      0.8375000      0.2725223    
   6.625000      0.8375000      0.2798302    
   6.875000      0.8375000      0.2870989    
   7.125000      0.8375000      0.2943318    
   7.375000      0.8375000      0.3015315    
   7.625000      0.8375000      0.3086998    
   7.875000      0.8375000      0.3158379    
   8.125000      0.8375000      0.3229471    
   8.375000      0.8375000      0.3300282    
   8.625000      0.8375000      0.3370824    
   8.875000      0.8375000      0.3441158    
   9.125000      0.8375000      0.3511830    
   9.375000      0.8375000      0.3588166    
   9.625000      0.8375000      0.3726658    
   9.875000      0.8375000      0.4599514    
   10.00000      0.8375000       1.000000    
 
  0.0000000E+00  0.8625000      0.0000000E+00
  0.1250000      0.8625000      9.3484605E-03
  0.3750000      0.8625000      3.4189988E-02
  0.6250000      0.8625000      5.6926705E-02
  0.8750000      0.8625000      7.6741733E-02
   1.125000      0.8625000      9.4139047E-02
   1.375000      0.8625000      0.1096648    
   1.625000      0.8625000      0.1237341    
   1.875000      0.8625000      0.1366500    
   2.125000      0.8625000      0.1486334    
   2.375000      0.8625000      0.1598520    
   2.625000      0.8625000      0.1704348    
   2.875000      0.8625000      0.1804844    
   3.125000      0.8625000      0.1900839    
   3.375000      0.8625000      0.1993010    
   3.625000      0.8625000      0.2081917    
   3.875000      0.8625000      0.2168049    
   4.125000      0.8625000      0.2251819    
   4.375000      0.8625000      0.2333579    
   4.625000      0.8625000      0.2413628    
   4.875000      0.8625000      0.2492221    
   5.125000      0.8625000      0.2569575    
   5.375000      0.8625000      0.2645870    
   5.625000      0.8625000      0.2721257    
   5.875000      0.8625000      0.2795860    
   6.125000      0.8625000      0.2869776    
   6.375000      0.8625000      0.2943086    
   6.625000      0.8625000      0.3015853    
   6.875000      0.8625000      0.3088126    
   7.125000      0.8625000      0.3159941    
   7.375000      0.8625000      0.3231328    
   7.625000      0.8625000      0.3302308    
   7.875000      0.8625000      0.3372898    
   8.125000      0.8625000      0.3443114    
   8.375000      0.8625000      0.3512969    
   8.625000      0.8625000      0.3582483    
   8.875000      0.8625000      0.3651734    
   9.125000      0.8625000      0.3721414    
   9.375000      0.8625000      0.3798051    
   9.625000      0.8625000      0.3947082    
   9.875000      0.8625000      0.4876228    
   10.00000      0.8625000       1.000000    
 
  0.0000000E+00  0.8875000      0.0000000E+00
  0.1250000      0.8875000      1.5264600E-02
  0.3750000      0.8875000      4.7100522E-02
  0.6250000      0.8875000      7.3277012E-02
  0.8750000      0.8875000      9.4949439E-02
   1.125000      0.8875000      0.1134775    
   1.375000      0.8875000      0.1297604    
   1.625000      0.8875000      0.1443729    
   1.875000      0.8875000      0.1576983    
   2.125000      0.8875000      0.1700019    
   2.375000      0.8875000      0.1814775    
   2.625000      0.8875000      0.1922706    
   2.875000      0.8875000      0.2024947    
   3.125000      0.8875000      0.2122400    
   3.375000      0.8875000      0.2215796    
   3.625000      0.8875000      0.2305731    
   3.875000      0.8875000      0.2392723    
   4.125000      0.8875000      0.2477207    
   4.375000      0.8875000      0.2559552    
   4.625000      0.8875000      0.2640067    
   4.875000      0.8875000      0.2719017    
   5.125000      0.8875000      0.2796624    
   5.375000      0.8875000      0.2873076    
   5.625000      0.8875000      0.2948524    
   5.875000      0.8875000      0.3023096    
   6.125000      0.8875000      0.3096892    
   6.375000      0.8875000      0.3169994    
   6.625000      0.8875000      0.3242468    
   6.875000      0.8875000      0.3314363    
   7.125000      0.8875000      0.3385718    
   7.375000      0.8875000      0.3456566    
   7.625000      0.8875000      0.3526930    
   7.875000      0.8875000      0.3596831    
   8.125000      0.8875000      0.3666288    
   8.375000      0.8875000      0.3735316    
   8.625000      0.8875000      0.3803944    
   8.875000      0.8875000      0.3872270    
   9.125000      0.8875000      0.3941148    
   9.375000      0.8875000      0.4018463    
   9.625000      0.8875000      0.4179713    
   9.875000      0.8875000      0.5172070    
   10.00000      0.8875000       1.000000    
 
  0.0000000E+00  0.9125000      0.0000000E+00
  0.1250000      0.9125000      2.4215866E-02
  0.3750000      0.9125000      6.3246444E-02
  0.6250000      0.9125000      9.2286177E-02
  0.8750000      0.9125000      0.1153528    
   1.125000      0.9125000      0.1346886    
   1.375000      0.9125000      0.1514988    
   1.625000      0.9125000      0.1664839    
   1.875000      0.9125000      0.1800878    
   2.125000      0.9125000      0.1926076    
   2.375000      0.9125000      0.2042561    
   2.625000      0.9125000      0.2151904    
   2.875000      0.9125000      0.2255312    
   3.125000      0.9125000      0.2353739    
   3.375000      0.9125000      0.2447950    
   3.625000      0.9125000      0.2538567    
   3.875000      0.9125000      0.2626128    
   4.125000      0.9125000      0.2711081    
   4.375000      0.9125000      0.2793804    
   4.625000      0.9125000      0.2874616    
   4.875000      0.9125000      0.2953787    
   5.125000      0.9125000      0.3031540    
   5.375000      0.9125000      0.3108065    
   5.625000      0.9125000      0.3183517    
   5.875000      0.9125000      0.3258026    
   6.125000      0.9125000      0.3331690    
   6.375000      0.9125000      0.3404591    
   6.625000      0.9125000      0.3476799    
   6.875000      0.9125000      0.3548360    
   7.125000      0.9125000      0.3619317    
   7.375000      0.9125000      0.3689705    
   7.625000      0.9125000      0.3759550    
   7.875000      0.9125000      0.3828869    
   8.125000      0.9125000      0.3897691    
   8.375000      0.9125000      0.3966031    
   8.625000      0.9125000      0.4033925    
   8.875000      0.9125000      0.4101491    
   9.125000      0.9125000      0.4169757    
   9.375000      0.9125000      0.4248055    
   9.625000      0.9125000      0.4422601    
   9.875000      0.9125000      0.5482543    
   10.00000      0.9125000       1.000000    
 
  0.0000000E+00  0.9375000      0.0000000E+00
  0.1250000      0.9375000      3.7128154E-02
  0.3750000      0.9375000      8.2608797E-02
  0.6250000      0.9375000      0.1136740    
  0.8750000      0.9375000      0.1376354    
   1.125000      0.9375000      0.1574689    
   1.375000      0.9375000      0.1745979    
   1.625000      0.9375000      0.1898055    
   1.875000      0.9375000      0.2035747    
   2.125000      0.9375000      0.2162218    
   2.375000      0.9375000      0.2279721    
   2.625000      0.9375000      0.2389893    
   2.875000      0.9375000      0.2493988    
   3.125000      0.9375000      0.2592981    
   3.375000      0.9375000      0.2687668    
   3.625000      0.9375000      0.2778680    
   3.875000      0.9375000      0.2866567    
   4.125000      0.9375000      0.2951788    
   4.375000      0.9375000      0.3034721    
   4.625000      0.9375000      0.3115693    
   4.875000      0.9375000      0.3194973    
   5.125000      0.9375000      0.3272787    
   5.375000      0.9375000      0.3349327    
   5.625000      0.9375000      0.3424745    
   5.875000      0.9375000      0.3499171    
   6.125000      0.9375000      0.3572704    
   6.375000      0.9375000      0.3645425    
   6.625000      0.9375000      0.3717406    
   6.875000      0.9375000      0.3788692    
   7.125000      0.9375000      0.3859325    
   7.375000      0.9375000      0.3929346    
   7.625000      0.9375000      0.3998774    
   7.875000      0.9375000      0.4067635    
   8.125000      0.9375000      0.4135959    
   8.375000      0.9375000      0.4203762    
   8.625000      0.9375000      0.4271083    
   8.875000      0.9375000      0.4338064    
   9.125000      0.9375000      0.4405900    
   9.375000      0.9375000      0.4485341    
   9.625000      0.9375000      0.4673141    
   9.875000      0.9375000      0.5800124    
   10.00000      0.9375000       1.000000    
 
  0.0000000E+00  0.9625000      0.0000000E+00
  0.1250000      0.9625000      5.4679271E-02
  0.3750000      0.9625000      0.1047803    
  0.6250000      0.9625000      0.1369532    
  0.8750000      0.9625000      0.1613634    
   1.125000      0.9625000      0.1814388    
   1.375000      0.9625000      0.1987201    
   1.625000      0.9625000      0.2140327    
   1.875000      0.9625000      0.2278801    
   2.125000      0.9625000      0.2405868    
   2.375000      0.9625000      0.2523842    
   2.625000      0.9625000      0.2634404    
   2.875000      0.9625000      0.2738817    
   3.125000      0.9625000      0.2838073    
   3.375000      0.9625000      0.2932978    
   3.625000      0.9625000      0.3024171    
   3.875000      0.9625000      0.3112203    
   4.125000      0.9625000      0.3197541    
   4.375000      0.9625000      0.3280563    
   4.625000      0.9625000      0.3361596    
   4.875000      0.9625000      0.3440909    
   5.125000      0.9625000      0.3518731    
   5.375000      0.9625000      0.3595248    
   5.625000      0.9625000      0.3670617    
   5.875000      0.9625000      0.3744965    
   6.125000      0.9625000      0.3818387    
   6.375000      0.9625000      0.3890968    
   6.625000      0.9625000      0.3962777    
   6.875000      0.9625000      0.4033860    
   7.125000      0.9625000      0.4104261    
   7.375000      0.9625000      0.4174019    
   7.625000      0.9625000      0.4243154    
   7.875000      0.9625000      0.4311693    
   8.125000      0.9625000      0.4379669    
   8.375000      0.9625000      0.4447098    
   8.625000      0.9625000      0.4514024    
   8.875000      0.9625000      0.4580606    
   9.125000      0.9625000      0.4648178    
   9.375000      0.9625000      0.4728699    
   9.625000      0.9625000      0.4927950    
   9.875000      0.9625000      0.6113266    
   10.00000      0.9625000       1.000000    
 
  0.0000000E+00  0.9875000      0.0000000E+00
  0.1250000      0.9875000      7.6770194E-02
  0.3750000      0.9875000      0.1289397    
  0.6250000      0.9875000      0.1614715    
  0.8750000      0.9875000      0.1860162    
   1.125000      0.9875000      0.2061615    
   1.375000      0.9875000      0.2234864    
   1.625000      0.9875000      0.2388281    
   1.875000      0.9875000      0.2526971    
   2.125000      0.9875000      0.2654200    
   2.375000      0.9875000      0.2772306    
   2.625000      0.9875000      0.2882972    
   2.875000      0.9875000      0.2987475    
   3.125000      0.9875000      0.3086798    
   3.375000      0.9875000      0.3181761    
   3.625000      0.9875000      0.3273000    
   3.875000      0.9875000      0.3361068    
   4.125000      0.9875000      0.3446432    
   4.375000      0.9875000      0.3529471    
   4.625000      0.9875000      0.3610511    
   4.875000      0.9875000      0.3689820    
   5.125000      0.9875000      0.3767627    
   5.375000      0.9875000      0.3844117    
   5.625000      0.9875000      0.3919447    
   5.875000      0.9875000      0.3993742    
   6.125000      0.9875000      0.4067098    
   6.375000      0.9875000      0.4139598    
   6.625000      0.9875000      0.4211310    
   6.875000      0.9875000      0.4282284    
   7.125000      0.9875000      0.4352560    
   7.375000      0.9875000      0.4422176    
   7.625000      0.9875000      0.4491156    
   7.875000      0.9875000      0.4559527    
   8.125000      0.9875000      0.4627322    
   8.375000      0.9875000      0.4694557    
   8.625000      0.9875000      0.4761277    
   8.875000      0.9875000      0.4827655    
   9.125000      0.9875000      0.4895110    
   9.375000      0.9875000      0.4976346    
   9.625000      0.9875000      0.5182815    
   9.875000      0.9875000      0.6405577    
   10.00000      0.9875000       1.000000    
 
  0.0000000E+00   1.000000      0.0000000E+00
  0.1250000       1.000000      7.6770194E-02
  0.3750000       1.000000      0.1289397    
  0.6250000       1.000000      0.1614715    
  0.8750000       1.000000      0.1860162    
   1.125000       1.000000      0.2061615    
   1.375000       1.000000      0.2234864    
   1.625000       1.000000      0.2388281    
   1.875000       1.000000      0.2526971    
   2.125000       1.000000      0.2654200    
   2.375000       1.000000      0.2772306    
   2.625000       1.000000      0.2882972    
   2.875000       1.000000      0.2987475    
   3.125000       1.000000      0.3086798    
   3.375000       1.000000      0.3181761    
   3.625000       1.000000      0.3273000    
   3.875000       1.000000      0.3361068    
   4.125000       1.000000      0.3446432    
   4.375000       1.000000      0.3529471    
   4.625000       1.000000      0.3610511    
   4.875000       1.000000      0.3689820    
   5.125000       1.000000      0.3767627    
   5.375000       1.000000      0.3844117    
   5.625000       1.000000      0.3919447    
   5.875000       1.000000      0.3993742    
   6.125000       1.000000      0.4067098    
   6.375000       1.000000      0.4139598    
   6.625000       1.000000      0.4211310    
   6.875000       1.000000      0.4282284    
   7.125000       1.000000      0.4352560    
   7.375000       1.000000      0.4422176    
   7.625000       1.000000      0.4491156    
   7.875000       1.000000      0.4559527    
   8.125000       1.000000      0.4627322    
   8.375000       1.000000      0.4694557    
   8.625000       1.000000      0.4761277    
   8.875000       1.000000      0.4827655    
   9.125000       1.000000      0.4895110    
   9.375000       1.000000      0.4976346    
   9.625000       1.000000      0.5182815    
   9.875000       1.000000      0.6405577    
   10.00000       1.000000       1.000000    
 
