  0.0000000E+00  0.0000000E+00  0.0000000E+00
  0.1250000      0.0000000E+00  1.2499999E-02
  0.3750000      0.0000000E+00  3.7499998E-02
  0.6250000      0.0000000E+00  6.2499996E-02
  0.8750000      0.0000000E+00  8.7499991E-02
   1.125000      0.0000000E+00  0.1125000    
   1.375000      0.0000000E+00  0.1375000    
   1.625000      0.0000000E+00  0.1625000    
   1.875000      0.0000000E+00  0.1875000    
   2.125000      0.0000000E+00  0.2125000    
   2.375000      0.0000000E+00  0.2375000    
   2.625000      0.0000000E+00  0.2625000    
   2.875000      0.0000000E+00  0.2875000    
   3.125000      0.0000000E+00  0.3125000    
   3.375000      0.0000000E+00  0.3375000    
   3.625000      0.0000000E+00  0.3625000    
   3.875000      0.0000000E+00  0.3875000    
   4.125000      0.0000000E+00  0.4125000    
   4.375000      0.0000000E+00  0.4375000    
   4.625000      0.0000000E+00  0.4625000    
   4.875000      0.0000000E+00  0.4875000    
   5.125000      0.0000000E+00  0.5125000    
   5.375000      0.0000000E+00  0.5375000    
   5.625000      0.0000000E+00  0.5624999    
   5.875000      0.0000000E+00  0.5875000    
   6.125000      0.0000000E+00  0.6125000    
   6.375000      0.0000000E+00  0.6375000    
   6.625000      0.0000000E+00  0.6625000    
   6.875000      0.0000000E+00  0.6874999    
   7.125000      0.0000000E+00  0.7125000    
   7.375000      0.0000000E+00  0.7375000    
   7.625000      0.0000000E+00  0.7624999    
   7.875000      0.0000000E+00  0.7875000    
   8.125000      0.0000000E+00  0.8124999    
   8.375000      0.0000000E+00  0.8375000    
   8.625000      0.0000000E+00  0.8625000    
   8.875000      0.0000000E+00  0.8874999    
   9.125000      0.0000000E+00  0.9125000    
   9.375000      0.0000000E+00  0.9374999    
   9.625000      0.0000000E+00  0.9624999    
   9.875000      0.0000000E+00  0.9875000    
   10.00000      0.0000000E+00   1.000000    
 
  0.0000000E+00  1.2500000E-02  0.0000000E+00
  0.1250000      1.2500000E-02  1.0887817E-02
  0.3750000      1.2500000E-02  3.3978947E-02
  0.6250000      1.2500000E-02  5.7462383E-02
  0.8750000      1.2500000E-02  8.1148989E-02
   1.125000      1.2500000E-02  0.1049657    
   1.375000      1.2500000E-02  0.1288756    
   1.625000      1.2500000E-02  0.1528573    
   1.875000      1.2500000E-02  0.1768968    
   2.125000      1.2500000E-02  0.2009851    
   2.375000      1.2500000E-02  0.2251149    
   2.625000      1.2500000E-02  0.2492821    
   2.875000      1.2500000E-02  0.2734819    
   3.125000      1.2500000E-02  0.2977118    
   3.375000      1.2500000E-02  0.3219691    
   3.625000      1.2500000E-02  0.3462520    
   3.875000      1.2500000E-02  0.3705579    
   4.125000      1.2500000E-02  0.3948863    
   4.375000      1.2500000E-02  0.4192347    
   4.625000      1.2500000E-02  0.4436029    
   4.875000      1.2500000E-02  0.4679882    
   5.125000      1.2500000E-02  0.4923912    
   5.375000      1.2500000E-02  0.5168093    
   5.625000      1.2500000E-02  0.5412429    
   5.875000      1.2500000E-02  0.5656903    
   6.125000      1.2500000E-02  0.5901513    
   6.375000      1.2500000E-02  0.6146246    
   6.625000      1.2500000E-02  0.6391088    
   6.875000      1.2500000E-02  0.6636041    
   7.125000      1.2500000E-02  0.6881092    
   7.375000      1.2500000E-02  0.7126243    
   7.625000      1.2500000E-02  0.7371481    
   7.875000      1.2500000E-02  0.7616810    
   8.125000      1.2500000E-02  0.7862206    
   8.375000      1.2500000E-02  0.8107678    
   8.625000      1.2500000E-02  0.8353217    
   8.875000      1.2500000E-02  0.8598822    
   9.125000      1.2500000E-02  0.8844491    
   9.375000      1.2500000E-02  0.9090378    
   9.625000      1.2500000E-02  0.9339045    
   9.875000      1.2500000E-02  0.9627316    
   10.00000      1.2500000E-02   1.000000    
 
  0.0000000E+00  3.7500001E-02  0.0000000E+00
  0.1250000      3.7500001E-02  7.9191187E-03
  0.3750000      3.7500001E-02  2.7218018E-02
  0.6250000      3.7500001E-02  4.7675077E-02
  0.8750000      3.7500001E-02  6.8738177E-02
   1.125000      3.7500001E-02  9.0190321E-02
   1.375000      3.7500001E-02  0.1119216    
   1.625000      3.7500001E-02  0.1338675    
   1.875000      3.7500001E-02  0.1559872    
   2.125000      3.7500001E-02  0.1782526    
   2.375000      3.7500001E-02  0.2006427    
   2.625000      3.7500001E-02  0.2231445    
   2.875000      3.7500001E-02  0.2457447    
   3.125000      3.7500001E-02  0.2684346    
   3.375000      3.7500001E-02  0.2912074    
   3.625000      3.7500001E-02  0.3140558    
   3.875000      3.7500001E-02  0.3369744    
   4.125000      3.7500001E-02  0.3599599    
   4.375000      3.7500001E-02  0.3830055    
   4.625000      3.7500001E-02  0.4061099    
   4.875000      3.7500001E-02  0.4292669    
   5.125000      3.7500001E-02  0.4524754    
   5.375000      3.7500001E-02  0.4757305    
   5.625000      3.7500001E-02  0.4990315    
   5.875000      3.7500001E-02  0.5223742    
   6.125000      3.7500001E-02  0.5457565    
   6.375000      3.7500001E-02  0.5691767    
   6.625000      3.7500001E-02  0.5926299    
   6.875000      3.7500001E-02  0.6161154    
   7.125000      3.7500001E-02  0.6396323    
   7.375000      3.7500001E-02  0.6631772    
   7.625000      3.7500001E-02  0.6867496    
   7.875000      3.7500001E-02  0.7103469    
   8.125000      3.7500001E-02  0.7339670    
   8.375000      3.7500001E-02  0.7576083    
   8.625000      3.7500001E-02  0.7812705    
   8.875000      3.7500001E-02  0.8049512    
   9.125000      3.7500001E-02  0.8286517    
   9.375000      3.7500001E-02  0.8524169    
   9.625000      3.7500001E-02  0.8769837    
   9.875000      3.7500001E-02  0.9130973    
   10.00000      3.7500001E-02   1.000000    
 
  0.0000000E+00  6.2500000E-02  0.0000000E+00
  0.1250000      6.2500000E-02  5.4874835E-03
  0.3750000      6.2500000E-02  2.1142159E-02
  0.6250000      6.2500000E-02  3.8620152E-02
  0.8750000      6.2500000E-02  5.7083901E-02
   1.125000      6.2500000E-02  7.6186553E-02
   1.375000      6.2500000E-02  9.5749989E-02
   1.625000      6.2500000E-02  0.1156685    
   1.875000      6.2500000E-02  0.1358749    
   2.125000      6.2500000E-02  0.1563227    
   2.375000      6.2500000E-02  0.1769784    
   2.625000      6.2500000E-02  0.1978185    
   2.875000      6.2500000E-02  0.2188227    
   3.125000      6.2500000E-02  0.2399763    
   3.375000      6.2500000E-02  0.2612673    
   3.625000      6.2500000E-02  0.2826843    
   3.875000      6.2500000E-02  0.3042184    
   4.125000      6.2500000E-02  0.3258632    
   4.375000      6.2500000E-02  0.3476086    
   4.625000      6.2500000E-02  0.3694512    
   4.875000      6.2500000E-02  0.3913819    
   5.125000      6.2500000E-02  0.4133979    
   5.375000      6.2500000E-02  0.4354921    
   5.625000      6.2500000E-02  0.4576621    
   5.875000      6.2500000E-02  0.4799015    
   6.125000      6.2500000E-02  0.5022068    
   6.375000      6.2500000E-02  0.5245743    
   6.625000      6.2500000E-02  0.5469980    
   6.875000      6.2500000E-02  0.5694755    
   7.125000      6.2500000E-02  0.5920053    
   7.375000      6.2500000E-02  0.6145815    
   7.625000      6.2500000E-02  0.6372033    
   7.875000      6.2500000E-02  0.6598663    
   8.125000      6.2500000E-02  0.6825675    
   8.375000      6.2500000E-02  0.7053048    
   8.625000      6.2500000E-02  0.7280759    
   8.875000      6.2500000E-02  0.7508783    
   9.125000      6.2500000E-02  0.7737135    
   9.375000      6.2500000E-02  0.7966501    
   9.625000      6.2500000E-02  0.8208392    
   9.875000      6.2500000E-02  0.8633947    
   10.00000      6.2500000E-02   1.000000    
 
  0.0000000E+00  8.7500006E-02  0.0000000E+00
  0.1250000      8.7500006E-02  3.6521291E-03
  0.3750000      8.7500006E-02  1.5965382E-02
  0.6250000      8.7500006E-02  3.0579574E-02
  0.8750000      8.7500006E-02  4.6505112E-02
   1.125000      8.7500006E-02  6.3297682E-02
   1.375000      8.7500006E-02  8.0721214E-02
   1.625000      8.7500006E-02  9.8633982E-02
   1.875000      8.7500006E-02  0.1169444    
   2.125000      8.7500006E-02  0.1355892    
   2.375000      8.7500006E-02  0.1545229    
   2.625000      8.7500006E-02  0.1737124    
   2.875000      8.7500006E-02  0.1931305    
   3.125000      8.7500006E-02  0.2127565    
   3.375000      8.7500006E-02  0.2325740    
   3.625000      8.7500006E-02  0.2525671    
   3.875000      8.7500006E-02  0.2727237    
   4.125000      8.7500006E-02  0.2930341    
   4.375000      8.7500006E-02  0.3134857    
   4.625000      8.7500006E-02  0.3340721    
   4.875000      8.7500006E-02  0.3547819    
   5.125000      8.7500006E-02  0.3756104    
   5.375000      8.7500006E-02  0.3965487    
   5.625000      8.7500006E-02  0.4175921    
   5.875000      8.7500006E-02  0.4387321    
   6.125000      8.7500006E-02  0.4599643    
   6.375000      8.7500006E-02  0.4812832    
   6.625000      8.7500006E-02  0.5026808    
   6.875000      8.7500006E-02  0.5241536    
   7.125000      8.7500006E-02  0.5456992    
   7.375000      8.7500006E-02  0.5673099    
   7.625000      8.7500006E-02  0.5889836    
   7.875000      8.7500006E-02  0.6107155    
   8.125000      8.7500006E-02  0.6325009    
   8.375000      8.7500006E-02  0.6543367    
   8.625000      8.7500006E-02  0.6762198    
   8.875000      8.7500006E-02  0.6981462    
   9.125000      8.7500006E-02  0.7201179    
   9.375000      8.7500006E-02  0.7422220    
   9.625000      8.7500006E-02  0.7659361    
   9.875000      8.7500006E-02  0.8138890    
   10.00000      8.7500006E-02   1.000000    
 
  0.0000000E+00  0.1125000      0.0000000E+00
  0.1250000      0.1125000      2.3498912E-03
  0.3750000      0.1125000      1.1748769E-02
  0.6250000      0.1125000      2.3692787E-02
  0.8750000      0.1125000      3.7189264E-02
   1.125000      0.1125000      5.1743384E-02
   1.375000      0.1125000      6.7078903E-02
   1.625000      0.1125000      8.3025888E-02
   1.875000      0.1125000      9.9472590E-02
   2.125000      0.1125000      0.1163417    
   2.375000      0.1125000      0.1335769    
   2.625000      0.1125000      0.1511364    
   2.875000      0.1125000      0.1689869    
   3.125000      0.1125000      0.1871022    
   3.375000      0.1125000      0.2054613    
   3.625000      0.1125000      0.2240449    
   3.875000      0.1125000      0.2428374    
   4.125000      0.1125000      0.2618256    
   4.375000      0.1125000      0.2809949    
   4.625000      0.1125000      0.3003358    
   4.875000      0.1125000      0.3198352    
   5.125000      0.1125000      0.3394857    
   5.375000      0.1125000      0.3592768    
   5.625000      0.1125000      0.3792019    
   5.875000      0.1125000      0.3992503    
   6.125000      0.1125000      0.4194172    
   6.375000      0.1125000      0.4396937    
   6.625000      0.1125000      0.4600723    
   6.875000      0.1125000      0.4805470    
   7.125000      0.1125000      0.5011142    
   7.375000      0.1125000      0.5217652    
   7.625000      0.1125000      0.5424964    
   7.875000      0.1125000      0.5633021    
   8.125000      0.1125000      0.5841768    
   8.375000      0.1125000      0.6051161    
   8.625000      0.1125000      0.6261156    
   8.875000      0.1125000      0.6471710    
   9.125000      0.1125000      0.6682837    
   9.375000      0.1125000      0.6895522    
   9.625000      0.1125000      0.7126949    
   9.875000      0.1125000      0.7649805    
   10.00000      0.1125000       1.000000    
 
  0.0000000E+00  0.1375000      0.0000000E+00
  0.1250000      0.1375000      1.4699134E-03
  0.3750000      0.1375000      8.4451521E-03
  0.6250000      0.1375000      1.7983068E-02
  0.8750000      0.1375000      2.9210506E-02
   1.125000      0.1375000      4.1634597E-02
   1.375000      0.1375000      5.4961815E-02
   1.625000      0.1375000      6.9005266E-02
   1.875000      0.1375000      8.3639093E-02
   2.125000      0.1375000      9.8775215E-02
   2.375000      0.1375000      0.1143489    
   2.625000      0.1375000      0.1303111    
   2.875000      0.1375000      0.1466234    
   3.125000      0.1375000      0.1632549    
   3.375000      0.1375000      0.1801801    
   3.625000      0.1375000      0.1973770    
   3.875000      0.1375000      0.2148262    
   4.125000      0.1375000      0.2325119    
   4.375000      0.1375000      0.2504171    
   4.625000      0.1375000      0.2685297    
   4.875000      0.1375000      0.2868350    
   5.125000      0.1375000      0.3053228    
   5.375000      0.1375000      0.3239806    
   5.625000      0.1375000      0.3428004    
   5.875000      0.1375000      0.3617706    
   6.125000      0.1375000      0.3808833    
   6.375000      0.1375000      0.4001289    
   6.625000      0.1375000      0.4194991    
   6.875000      0.1375000      0.4389861    
   7.125000      0.1375000      0.4585839    
   7.375000      0.1375000      0.4782842    
   7.625000      0.1375000      0.4980816    
   7.875000      0.1375000      0.5179695    
   8.125000      0.1375000      0.5379416    
   8.375000      0.1375000      0.5579919    
   8.625000      0.1375000      0.5781152    
   8.875000      0.1375000      0.5983064    
   9.125000      0.1375000      0.6185663    
   9.375000      0.1375000      0.6389995    
   9.625000      0.1375000      0.6614873    
   9.875000      0.1375000      0.7171298    
   10.00000      0.1375000       1.000000    
 
  0.0000000E+00  0.1625000      0.0000000E+00
  0.1250000      0.1625000      8.9822861E-04
  0.3750000      0.1625000      5.9431461E-03
  0.6250000      0.1625000      1.3387620E-02
  0.8750000      0.1625000      2.2551313E-02
   1.125000      0.1625000      3.2990254E-02
   1.375000      0.1625000      4.4418223E-02
   1.625000      0.1625000      5.6644257E-02
   1.875000      0.1625000      6.9536209E-02
   2.125000      0.1625000      8.2999527E-02
   2.375000      0.1625000      9.6963950E-02
   2.625000      0.1625000      0.1113755    
   2.875000      0.1625000      0.1261914    
   3.125000      0.1625000      0.1413770    
   3.375000      0.1625000      0.1569037    
   3.625000      0.1625000      0.1727461    
   3.875000      0.1625000      0.1888822    
   4.125000      0.1625000      0.2052937    
   4.375000      0.1625000      0.2219612    
   4.625000      0.1625000      0.2388700    
   4.875000      0.1625000      0.2560042    
   5.125000      0.1625000      0.2733510    
   5.375000      0.1625000      0.2908964    
   5.625000      0.1625000      0.3086300    
   5.875000      0.1625000      0.3265396    
   6.125000      0.1625000      0.3446153    
   6.375000      0.1625000      0.3628463    
   6.625000      0.1625000      0.3812228    
   6.875000      0.1625000      0.3997360    
   7.125000      0.1625000      0.4183786    
   7.375000      0.1625000      0.4371411    
   7.625000      0.1625000      0.4560170    
   7.875000      0.1625000      0.4749987    
   8.125000      0.1625000      0.4940788    
   8.375000      0.1625000      0.5132509    
   8.625000      0.1625000      0.5325078    
   8.875000      0.1625000      0.5518445    
   9.125000      0.1625000      0.5712608    
   9.375000      0.1625000      0.5908628    
   9.625000      0.1625000      0.6126309    
   9.875000      0.1625000      0.6707938    
   10.00000      0.1625000       1.000000    
 
  0.0000000E+00  0.1875000      0.0000000E+00
  0.1250000      0.1875000      5.3854805E-04
  0.3750000      0.1875000      4.1037374E-03
  0.6250000      0.1875000      9.7881490E-03
  0.8750000      0.1875000      1.7126517E-02
   1.125000      0.1875000      2.5756784E-02
   1.375000      0.1875000      3.5422001E-02
   1.625000      0.1875000      4.5940608E-02
   1.875000      0.1875000      5.7182267E-02
   2.125000      0.1875000      6.9051266E-02
   2.375000      0.1875000      8.1475146E-02
   2.625000      0.1875000      9.4397277E-02
   2.875000      0.1875000      0.1077723    
   3.125000      0.1875000      0.1215627    
   3.375000      0.1875000      0.1357373    
   3.625000      0.1875000      0.1502687    
   3.875000      0.1875000      0.1651321    
   4.125000      0.1875000      0.1803066    
   4.375000      0.1875000      0.1957716    
   4.625000      0.1875000      0.2115098    
   4.875000      0.1875000      0.2275036    
   5.125000      0.1875000      0.2437382    
   5.375000      0.1875000      0.2601987    
   5.625000      0.1875000      0.2768717    
   5.875000      0.1875000      0.2937453    
   6.125000      0.1875000      0.3108064    
   6.375000      0.1875000      0.3280442    
   6.625000      0.1875000      0.3454474    
   6.875000      0.1875000      0.3630061    
   7.125000      0.1875000      0.3807113    
   7.375000      0.1875000      0.3985533    
   7.625000      0.1875000      0.4165241    
   7.875000      0.1875000      0.4346149    
   8.125000      0.1875000      0.4528178    
   8.375000      0.1875000      0.4711256    
   8.625000      0.1875000      0.4895297    
   8.875000      0.1875000      0.5080248    
   9.125000      0.1875000      0.5266093    
   9.375000      0.1875000      0.5453880    
   9.625000      0.1875000      0.5663916    
   9.875000      0.1875000      0.6263905    
   10.00000      0.1875000       1.000000    
 
  0.0000000E+00  0.2125000      0.0000000E+00
  0.1250000      0.2125000      3.1807614E-04
  0.3750000      0.2125000      2.7862811E-03
  0.6250000      0.2125000      7.0381472E-03
  0.8750000      0.2125000      1.2806777E-02
   1.125000      0.2125000      1.9827778E-02
   1.375000      0.2125000      2.7889706E-02
   1.625000      0.2125000      3.6832273E-02
   1.875000      0.2125000      4.6534780E-02
   2.125000      0.2125000      5.6905743E-02
   2.375000      0.2125000      6.7874141E-02
   2.625000      0.2125000      7.9383314E-02
   2.875000      0.2125000      9.1386750E-02
   3.125000      0.2125000      0.1038456    
   3.375000      0.2125000      0.1167271    
   3.625000      0.2125000      0.1300019    
   3.875000      0.2125000      0.1436434    
   4.125000      0.2125000      0.1576287    
   4.375000      0.2125000      0.1719357    
   4.625000      0.2125000      0.1865447    
   4.875000      0.2125000      0.2014377    
   5.125000      0.2125000      0.2165970    
   5.375000      0.2125000      0.2320070    
   5.625000      0.2125000      0.2476523    
   5.875000      0.2125000      0.2635202    
   6.125000      0.2125000      0.2795959    
   6.375000      0.2125000      0.2958677    
   6.625000      0.2125000      0.3123233    
   6.875000      0.2125000      0.3289516    
   7.125000      0.2125000      0.3457426    
   7.375000      0.2125000      0.3626858    
   7.625000      0.2125000      0.3797718    
   7.875000      0.2125000      0.3969915    
   8.125000      0.2125000      0.4143357    
   8.375000      0.2125000      0.4317967    
   8.625000      0.2125000      0.4493650    
   8.875000      0.2125000      0.4670342    
   9.125000      0.2125000      0.4848021    
   9.375000      0.2125000      0.5027698    
   9.625000      0.2125000      0.5229834    
   9.875000      0.2125000      0.5842780    
   10.00000      0.2125000       1.000000    
 
  0.0000000E+00  0.2375000      0.0000000E+00
  0.1250000      0.2375000      1.8574078E-04
  0.3750000      0.2375000      1.8640364E-03
  0.6250000      0.2375000      4.9845139E-03
  0.8750000      0.2375000      9.4398875E-03
   1.125000      0.2375000      1.5063349E-02
   1.375000      0.2375000      2.1697812E-02
   1.625000      0.2375000      2.9212870E-02
   1.875000      0.2375000      3.7504382E-02
   2.125000      0.2375000      4.6489928E-02
   2.375000      0.2375000      5.6103397E-02
   2.625000      0.2375000      6.6290535E-02
   2.875000      0.2375000      7.7005602E-02
   3.125000      0.2375000      8.8209584E-02
   3.375000      0.2375000      9.9869020E-02
   3.625000      0.2375000      0.1119533    
   3.875000      0.2375000      0.1244346    
   4.125000      0.2375000      0.1372884    
   4.375000      0.2375000      0.1504914    
   4.625000      0.2375000      0.1640223    
   4.875000      0.2375000      0.1778618    
   5.125000      0.2375000      0.1919907    
   5.375000      0.2375000      0.2063921    
   5.625000      0.2375000      0.2210497    
   5.875000      0.2375000      0.2359489    
   6.125000      0.2375000      0.2510745    
   6.375000      0.2375000      0.2664137    
   6.625000      0.2375000      0.2819530    
   6.875000      0.2375000      0.2976806    
   7.125000      0.2375000      0.3135854    
   7.375000      0.2375000      0.3296562    
   7.625000      0.2375000      0.3458825    
   7.875000      0.2375000      0.3622547    
   8.125000      0.2375000      0.3787629    
   8.375000      0.2375000      0.3953982    
   8.625000      0.2375000      0.4121513    
   8.875000      0.2375000      0.4290139    
   9.125000      0.2375000      0.4459836    
   9.375000      0.2375000      0.4631564    
   9.625000      0.2375000      0.4825711    
   9.875000      0.2375000      0.5447465    
   10.00000      0.2375000       1.000000    
 
  0.0000000E+00  0.2625000      0.0000000E+00
  0.1250000      0.2625000      1.0761065E-04
  0.3750000      0.2625000      1.2313027E-03
  0.6250000      0.2625000      3.4826407E-03
  0.8750000      0.2625000      6.8681757E-03
   1.125000      0.2625000      1.1307226E-02
   1.375000      0.2625000      1.6698603E-02
   1.625000      0.2625000      2.2946673E-02
   1.875000      0.2625000      2.9968677E-02
   2.125000      0.2625000      3.7695188E-02
   2.375000      0.2625000      4.6067987E-02
   2.625000      0.2625000      5.5037394E-02
   2.875000      0.2625000      6.4560153E-02
   3.125000      0.2625000      7.4598268E-02
   3.375000      0.2625000      8.5118301E-02
   3.625000      0.2625000      9.6089214E-02
   3.875000      0.2625000      0.1074825    
   4.125000      0.2625000      0.1192726    
   4.375000      0.2625000      0.1314350    
   4.625000      0.2625000      0.1439475    
   4.875000      0.2625000      0.1567896    
   5.125000      0.2625000      0.1699408    
   5.375000      0.2625000      0.1833832    
   5.625000      0.2625000      0.1970997    
   5.875000      0.2625000      0.2110742    
   6.125000      0.2625000      0.2252912    
   6.375000      0.2625000      0.2397368    
   6.625000      0.2625000      0.2543967    
   6.875000      0.2625000      0.2692585    
   7.125000      0.2625000      0.2843099    
   7.375000      0.2625000      0.2995393    
   7.625000      0.2625000      0.3149356    
   7.875000      0.2625000      0.3304883    
   8.125000      0.2625000      0.3461869    
   8.375000      0.2625000      0.3620217    
   8.625000      0.2625000      0.3779831    
   8.875000      0.2625000      0.3940621    
   9.125000      0.2625000      0.4102551    
   9.375000      0.2625000      0.4266529    
   9.625000      0.2625000      0.4452735    
   9.875000      0.2625000      0.5080191    
   10.00000      0.2625000       1.000000    
 
  0.0000000E+00  0.2875000      0.0000000E+00
  0.1250000      0.2875000      6.2061568E-05
  0.3750000      0.2875000      8.0483337E-04
  0.6250000      0.2875000      2.4052807E-03
  0.8750000      0.2875000      4.9413578E-03
   1.125000      0.2875000      8.4009850E-03
   1.375000      0.2875000      1.2734616E-02
   1.625000      0.2875000      1.7882366E-02
   1.875000      0.2875000      2.3785390E-02
   2.125000      0.2875000      3.0389888E-02
   2.375000      0.2875000      3.7647642E-02
   2.625000      0.2875000      4.5515228E-02
   2.875000      0.2875000      5.3953256E-02
   3.125000      0.2875000      6.2925674E-02
   3.375000      0.2875000      7.2399810E-02
   3.625000      0.2875000      8.2345024E-02
   3.875000      0.2875000      9.2732497E-02
   4.125000      0.2875000      0.1035358    
   4.375000      0.2875000      0.1147302    
   4.625000      0.2875000      0.1262922    
   4.875000      0.2875000      0.1382005    
   5.125000      0.2875000      0.1504343    
   5.375000      0.2875000      0.1629745    
   5.625000      0.2875000      0.1758030    
   5.875000      0.2875000      0.1889032    
   6.125000      0.2875000      0.2022591    
   6.375000      0.2875000      0.2158558    
   6.625000      0.2875000      0.2296786    
   6.875000      0.2875000      0.2437143    
   7.125000      0.2875000      0.2579501    
   7.375000      0.2875000      0.2723739    
   7.625000      0.2875000      0.2869738    
   7.875000      0.2875000      0.3017388    
   8.125000      0.2875000      0.3166581    
   8.375000      0.2875000      0.3317212    
   8.625000      0.2875000      0.3469181    
   8.875000      0.2875000      0.3622394    
   9.125000      0.2875000      0.3776804    
   9.375000      0.2875000      0.3933268    
   9.625000      0.2875000      0.4111687    
   9.875000      0.2875000      0.4742576    
   10.00000      0.2875000       1.000000    
 
  0.0000000E+00  0.3125000      0.0000000E+00
  0.1250000      0.3125000      3.5752048E-05
  0.3750000      0.3125000      5.2194076E-04
  0.6250000      0.3125000      1.6464093E-03
  0.8750000      0.3125000      3.5248098E-03
   1.125000      0.3125000      6.1946893E-03
   1.375000      0.3125000      9.6502248E-03
   1.625000      0.3125000      1.3865028E-02
   1.875000      0.3125000      1.8804351E-02
   2.125000      0.3125000      2.4431024E-02
   2.375000      0.3125000      3.0707953E-02
   2.625000      0.3125000      3.7599061E-02
   2.875000      0.3125000      4.5069549E-02
   3.125000      0.3125000      5.3086117E-02
   3.375000      0.3125000      6.1617482E-02
   3.625000      0.3125000      7.0633747E-02
   3.875000      0.3125000      8.0106296E-02
   4.125000      0.3125000      9.0008430E-02
   4.375000      0.3125000      0.1003149    
   4.625000      0.3125000      0.1110021    
   4.875000      0.3125000      0.1220479    
   5.125000      0.3125000      0.1334312    
   5.375000      0.3125000      0.1451320    
   5.625000      0.3125000      0.1571321    
   5.875000      0.3125000      0.1694140    
   6.125000      0.3125000      0.1819616    
   6.375000      0.3125000      0.1947592    
   6.625000      0.3125000      0.2077920    
   6.875000      0.3125000      0.2210462    
   7.125000      0.3125000      0.2345084    
   7.375000      0.3125000      0.2481662    
   7.625000      0.3125000      0.2620075    
   7.875000      0.3125000      0.2760206    
   8.125000      0.3125000      0.2901942    
   8.375000      0.3125000      0.3045176    
   8.625000      0.3125000      0.3189805    
   8.875000      0.3125000      0.3335730    
   9.125000      0.3125000      0.3482895    
   9.375000      0.3125000      0.3632112    
   9.625000      0.3125000      0.3802983    
   9.875000      0.3125000      0.4435703    
   10.00000      0.3125000       1.000000    
 
  0.0000000E+00  0.3375000      0.0000000E+00
  0.1250000      0.3375000      2.0657984E-05
  0.3750000      0.3375000      3.3712180E-04
  0.6250000      0.3375000      1.1215881E-03
  0.8750000      0.3375000      2.5039171E-03
   1.125000      0.3375000      4.5541697E-03
   1.375000      0.3375000      7.3006758E-03
   1.625000      0.3375000      1.0746010E-02
   1.875000      0.3375000      1.4877681E-02
   2.125000      0.3375000      1.9674601E-02
   2.375000      0.3375000      2.5110785E-02
   2.625000      0.3375000      3.1157739E-02
   2.875000      0.3375000      3.7785504E-02
   3.125000      0.3375000      4.4963922E-02
   3.375000      0.3375000      5.2663453E-02
   3.625000      0.3375000      6.0855206E-02
   3.875000      0.3375000      6.9511123E-02
   4.125000      0.3375000      7.8604653E-02
   4.375000      0.3375000      8.8110544E-02
   4.625000      0.3375000      9.8004892E-02
   4.875000      0.3375000      0.1082654    
   5.125000      0.3375000      0.1188708    
   5.375000      0.3375000      0.1298010    
   5.625000      0.3375000      0.1410373    
   5.875000      0.3375000      0.1525621    
   6.125000      0.3375000      0.1643589    
   6.375000      0.3375000      0.1764118    
   6.625000      0.3375000      0.1887059    
   6.875000      0.3375000      0.2012270    
   7.125000      0.3375000      0.2139617    
   7.375000      0.3375000      0.2268972    
   7.625000      0.3375000      0.2400208    
   7.875000      0.3375000      0.2533209    
   8.125000      0.3375000      0.2667859    
   8.375000      0.3375000      0.2804047    
   8.625000      0.3375000      0.2941668    
   8.875000      0.3375000      0.3080621    
   9.125000      0.3375000      0.3220844    
   9.375000      0.3375000      0.3363104    
   9.625000      0.3375000      0.3526730    
   9.875000      0.3375000      0.4160187    
   10.00000      0.3375000       1.000000    
 
  0.0000000E+00  0.3625000      0.0000000E+00
  0.1250000      0.3625000      1.2050486E-05
  0.3750000      0.3625000      2.1838302E-04
  0.6250000      0.3625000      7.6619314E-04
  0.8750000      0.3625000      1.7854315E-03
   1.125000      0.3625000      3.3651271E-03
   1.375000      0.3625000      5.5582607E-03
   1.625000      0.3625000      8.3905132E-03
   1.875000      0.3625000      1.1868215E-02
   2.125000      0.3625000      1.5984384E-02
   2.375000      0.3625000      2.0723091E-02
   2.625000      0.3625000      2.6062725E-02
   2.875000      0.3625000      3.1977959E-02
   3.125000      0.3625000      3.8441695E-02
   3.375000      0.3625000      4.5426190E-02
   3.625000      0.3625000      5.2903749E-02
   3.875000      0.3625000      6.0847178E-02
   4.125000      0.3625000      6.9230214E-02
   4.375000      0.3625000      7.8027979E-02
   4.625000      0.3625000      8.7216690E-02
   4.875000      0.3625000      9.6774101E-02
   5.125000      0.3625000      0.1066790    
   5.375000      0.3625000      0.1169115    
   5.625000      0.3625000      0.1274528    
   5.875000      0.3625000      0.1382855    
   6.125000      0.3625000      0.1493929    
   6.375000      0.3625000      0.1607592    
   6.625000      0.3625000      0.1723695    
   6.875000      0.3625000      0.1842095    
   7.125000      0.3625000      0.1962657    
   7.375000      0.3625000      0.2085251    
   7.625000      0.3625000      0.2209751    
   7.875000      0.3625000      0.2336041    
   8.125000      0.3625000      0.2464000    
   8.375000      0.3625000      0.2593518    
   8.625000      0.3625000      0.2724489    
   8.875000      0.3625000      0.2856808    
   9.125000      0.3625000      0.2990411    
   9.375000      0.3625000      0.3126030    
   9.625000      0.3625000      0.3282759    
   9.875000      0.3625000      0.3916269    
   10.00000      0.3625000       1.000000    
 
  0.0000000E+00  0.3875000      0.0000000E+00
  0.1250000      0.3875000      7.1902900E-06
  0.3750000      0.3875000      1.4391205E-04
  0.6250000      0.3875000      5.3268170E-04
  0.8750000      0.3875000      1.2968837E-03
   1.125000      0.3875000      2.5350158E-03
   1.375000      0.3875000      4.3162876E-03
   1.625000      0.3875000      6.6830958E-03
   1.875000      0.3875000      9.6560577E-03
   2.125000      0.3875000      1.3239189E-02
   2.375000      0.3875000      1.7424498E-02
   2.625000      0.3875000      2.2195948E-02
   2.875000      0.3875000      2.7531995E-02
   3.125000      0.3875000      3.3408076E-02
   3.375000      0.3875000      3.9798185E-02
   3.625000      0.3875000      4.6675753E-02
   3.875000      0.3875000      5.4014590E-02
   4.125000      0.3875000      6.1789032E-02
   4.375000      0.3875000      6.9974788E-02
   4.625000      0.3875000      7.8548469E-02
   4.875000      0.3875000      8.7488234E-02
   5.125000      0.3875000      9.6773311E-02
   5.375000      0.3875000      0.1063842    
   5.625000      0.3875000      0.1163024    
   5.875000      0.3875000      0.1265108    
   6.125000      0.3875000      0.1369929    
   6.375000      0.3875000      0.1477333    
   6.625000      0.3875000      0.1587171    
   6.875000      0.3875000      0.1699303    
   7.125000      0.3875000      0.1813594    
   7.375000      0.3875000      0.1929916    
   7.625000      0.3875000      0.2048144    
   7.875000      0.3875000      0.2168158    
   8.125000      0.3875000      0.2289844    
   8.375000      0.3875000      0.2413087    
   8.625000      0.3875000      0.2537782    
   8.875000      0.3875000      0.2663824    
   9.125000      0.3875000      0.2791148    
   9.375000      0.3875000      0.2920457    
   9.625000      0.3875000      0.3070676    
   9.875000      0.3875000      0.3703869    
   10.00000      0.3875000       1.000000    
 
  0.0000000E+00  0.4125000      0.0000000E+00
  0.1250000      0.4125000      4.5198362E-06
  0.3750000      0.4125000      9.9370656E-05
  0.6250000      0.4125000      3.8768939E-04
  0.8750000      0.4125000      9.8497560E-04
   1.125000      0.4125000      1.9933435E-03
   1.375000      0.4125000      3.4912371E-03
   1.625000      0.4125000      5.5313804E-03
   1.875000      0.4125000      8.1434334E-03
   2.125000      0.4125000      1.1338422E-02
   2.375000      0.4125000      1.5113450E-02
   2.625000      0.4125000      1.9456031E-02
   2.875000      0.4125000      2.4347158E-02
   3.125000      0.4125000      2.9764045E-02
   3.375000      0.4125000      3.5682030E-02
   3.625000      0.4125000      4.2075600E-02
   3.875000      0.4125000      4.8919547E-02
   4.125000      0.4125000      5.6189101E-02
   4.375000      0.4125000      6.3860670E-02
   4.625000      0.4125000      7.1911693E-02
   4.875000      0.4125000      8.0321036E-02
   5.125000      0.4125000      8.9068562E-02
   5.375000      0.4125000      9.8135546E-02
   5.625000      0.4125000      0.1075042    
   5.875000      0.4125000      0.1171577    
   6.125000      0.4125000      0.1270803    
   6.375000      0.4125000      0.1372568    
   6.625000      0.4125000      0.1476731    
   6.875000      0.4125000      0.1583153    
   7.125000      0.4125000      0.1691702    
   7.375000      0.4125000      0.1802254    
   7.625000      0.4125000      0.1914684    
   7.875000      0.4125000      0.2028877    
   8.125000      0.4125000      0.2144717    
   8.375000      0.4125000      0.2262094    
   8.625000      0.4125000      0.2380902    
   8.875000      0.4125000      0.2501037    
   9.125000      0.4125000      0.2622434    
   9.375000      0.4125000      0.2745780    
   9.625000      0.4125000      0.2889896    
   9.875000      0.4125000      0.3522671    
   10.00000      0.4125000       1.000000    
 
  0.0000000E+00  0.4375000      0.0000000E+00
  0.1250000      0.4375000      3.1819920E-06
  0.3750000      0.4375000      7.5881209E-05
  0.6250000      0.4375000      3.0948047E-04
  0.8750000      0.4375000      8.1370765E-04
   1.125000      0.4375000      1.6911522E-03
   1.375000      0.4375000      3.0237739E-03
   1.625000      0.4375000      4.8683700E-03
   1.875000      0.4375000      7.2580064E-03
   2.125000      0.4375000      1.0206157E-02
   2.375000      0.4375000      1.3711623E-02
   2.625000      0.4375000      1.7763065E-02
   2.875000      0.4375000      2.2342436E-02
   3.125000      0.4375000      2.7427819E-02
   3.375000      0.4375000      3.2995343E-02
   3.625000      0.4375000      3.9020471E-02
   3.875000      0.4375000      4.5478951E-02
   4.125000      0.4375000      5.2347001E-02
   4.375000      0.4375000      5.9602067E-02
   4.625000      0.4375000      6.7222714E-02
   4.875000      0.4375000      7.5188763E-02
   5.125000      0.4375000      8.3481155E-02
   5.375000      0.4375000      9.2082143E-02
   5.625000      0.4375000      0.1009748    
   5.875000      0.4375000      0.1101431    
   6.125000      0.4375000      0.1195722    
   6.375000      0.4375000      0.1292475    
   6.625000      0.4375000      0.1391555    
   6.875000      0.4375000      0.1492830    
   7.125000      0.4375000      0.1596173    
   7.375000      0.4375000      0.1701461    
   7.625000      0.4375000      0.1808577    
   7.875000      0.4375000      0.1917406    
   8.125000      0.4375000      0.2027838    
   8.375000      0.4375000      0.2139763    
   8.625000      0.4375000      0.2253079    
   8.875000      0.4375000      0.2367684    
   9.125000      0.4375000      0.2483514    
   9.375000      0.4375000      0.2601250    
   9.625000      0.4375000      0.2739688    
   9.875000      0.4375000      0.3372166    
   10.00000      0.4375000       1.000000    
 
  0.0000000E+00  0.4625000      0.0000000E+00
  0.1250000      0.4625000      2.7469357E-06
  0.3750000      0.4625000      6.8673704E-05
  0.6250000      0.4625000      2.8605320E-04
  0.8750000      0.4625000      7.6279626E-04
   1.125000      0.4625000      1.6003442E-03
   1.375000      0.4625000      2.8791463E-03
   1.625000      0.4625000      4.6538622E-03
   1.875000      0.4625000      6.9550732E-03
   2.125000      0.4625000      9.7938543E-03
   2.375000      0.4625000      1.3167038E-02
   2.625000      0.4625000      1.7061889E-02
   2.875000      0.4625000      2.1459647E-02
   3.125000      0.4625000      2.6338307E-02
   3.375000      0.4625000      3.1674296E-02
   3.625000      0.4625000      3.7443854E-02
   3.875000      0.4625000      4.3623712E-02
   4.125000      0.4625000      5.0191317E-02
   4.375000      0.4625000      5.7125412E-02
   4.625000      0.4625000      6.4405970E-02
   4.875000      0.4625000      7.2014071E-02
   5.125000      0.4625000      7.9932064E-02
   5.375000      0.4625000      8.8143460E-02
   5.625000      0.4625000      9.6632428E-02
   5.875000      0.4625000      0.1053842    
   6.125000      0.4625000      0.1143849    
   6.375000      0.4625000      0.1236208    
   6.625000      0.4625000      0.1330792    
   6.875000      0.4625000      0.1427477    
   7.125000      0.4625000      0.1526143    
   7.375000      0.4625000      0.1626672    
   7.625000      0.4625000      0.1728954    
   7.875000      0.4625000      0.1832877    
   8.125000      0.4625000      0.1938335    
   8.375000      0.4625000      0.2045224    
   8.625000      0.4625000      0.2153443    
   8.875000      0.4625000      0.2262895    
   9.125000      0.4625000      0.2373520    
   9.375000      0.4625000      0.2486000    
   9.625000      0.4625000      0.2619202    
   9.875000      0.4625000      0.3251703    
   10.00000      0.4625000       1.000000    
 
  0.0000000E+00  0.4875000      0.0000000E+00
  0.1250000      0.4875000      3.0732988E-06
  0.3750000      0.4875000      7.6340759E-05
  0.6250000      0.4875000      3.1407207E-04
  0.8750000      0.4875000      8.2679355E-04
   1.125000      0.4875000      1.7133348E-03
   1.375000      0.4875000      3.0474665E-03
   1.625000      0.4875000      4.8752846E-03
   1.875000      0.4875000      7.2188438E-03
   2.125000      0.4875000      1.0081926E-02
   2.375000      0.4875000      1.3455810E-02
   2.625000      0.4875000      1.7323935E-02
   2.875000      0.4875000      2.1665348E-02
   3.125000      0.4875000      2.6457069E-02
   3.375000      0.4875000      3.1675465E-02
   3.625000      0.4875000      3.7297506E-02
   3.875000      0.4875000      4.3300964E-02
   4.125000      0.4875000      4.9664803E-02
   4.375000      0.4875000      5.6369357E-02
   4.625000      0.4875000      6.3396215E-02
   4.875000      0.4875000      7.0728220E-02
   5.125000      0.4875000      7.8349307E-02
   5.375000      0.4875000      8.6244516E-02
   5.625000      0.4875000      9.4399571E-02
   5.875000      0.4875000      0.1028010    
   6.125000      0.4875000      0.1114361    
   6.375000      0.4875000      0.1202925    
   6.625000      0.4875000      0.1293582    
   6.875000      0.4875000      0.1386219    
   7.125000      0.4875000      0.1480724    
   7.375000      0.4875000      0.1576988    
   7.625000      0.4875000      0.1674903    
   7.875000      0.4875000      0.1774368    
   8.125000      0.4875000      0.1875279    
   8.375000      0.4875000      0.1977540    
   8.625000      0.4875000      0.2081053    
   8.875000      0.4875000      0.2185725    
   9.125000      0.4875000      0.2291502    
   9.375000      0.4875000      0.2399081    
   9.625000      0.4875000      0.2527501    
   9.875000      0.4875000      0.3160531    
   10.00000      0.4875000       1.000000    
 
  0.0000000E+00  0.5125000      0.0000000E+00
  0.1250000      0.5125000      4.2641536E-06
  0.3750000      0.5125000      1.0066875E-04
  0.6250000      0.5125000      3.9873758E-04
  0.8750000      0.5125000      1.0151551E-03
   1.125000      0.5125000      2.0433497E-03
   1.375000      0.5125000      3.5441825E-03
   1.625000      0.5125000      5.5482318E-03
   1.875000      0.5125000      8.0629652E-03
   2.125000      0.5125000      1.1080246E-02
   2.375000      0.5125000      1.4582618E-02
   2.625000      0.5125000      1.8547744E-02
   2.875000      0.5125000      2.2951292E-02
   3.125000      0.5125000      2.7768789E-02
   3.375000      0.5125000      3.2976512E-02
   3.625000      0.5125000      3.8552083E-02
   3.875000      0.5125000      4.4474684E-02
   4.125000      0.5125000      5.0725065E-02
   4.375000      0.5125000      5.7285506E-02
   4.625000      0.5125000      6.4139538E-02
   4.875000      0.5125000      7.1272083E-02
   5.125000      0.5125000      7.8668989E-02
   5.375000      0.5125000      8.6317137E-02
   5.625000      0.5125000      9.4203971E-02
   5.875000      0.5125000      0.1023176    
   6.125000      0.5125000      0.1106468    
   6.375000      0.5125000      0.1191803    
   6.625000      0.5125000      0.1279076    
   6.875000      0.5125000      0.1368182    
   7.125000      0.5125000      0.1459020    
   7.375000      0.5125000      0.1551489    
   7.625000      0.5125000      0.1645490    
   7.875000      0.5125000      0.1740927    
   8.125000      0.5125000      0.1837705    
   8.375000      0.5125000      0.1935732    
   8.625000      0.5125000      0.2034917    
   8.875000      0.5125000      0.2135174    
   9.125000      0.5125000      0.2236454    
   9.375000      0.5125000      0.2339479    
   9.625000      0.5125000      0.2463582    
   9.875000      0.5125000      0.3097834    
   10.00000      0.5125000       1.000000    
 
  0.0000000E+00  0.5375000      0.0000000E+00
  0.1250000      0.5375000      6.7070014E-06
  0.3750000      0.5375000      1.4706646E-04
  0.6250000      0.5375000      5.5469183E-04
  0.8750000      0.5375000      1.3534103E-03
   1.125000      0.5375000      2.6255324E-03
   1.375000      0.5375000      4.4108485E-03
   1.625000      0.5375000      6.7167873E-03
   1.875000      0.5375000      9.5303748E-03
   2.125000      0.5375000      1.2827598E-02
   2.375000      0.5375000      1.6579891E-02
   2.625000      0.5375000      2.0757871E-02
   2.875000      0.5375000      2.5333352E-02
   3.125000      0.5375000      3.0280316E-02
   3.375000      0.5375000      3.5575066E-02
   3.625000      0.5375000      4.1196335E-02
   3.875000      0.5375000      4.7125038E-02
   4.125000      0.5375000      5.3344127E-02
   4.375000      0.5375000      5.9838183E-02
   4.625000      0.5375000      6.6593155E-02
   4.875000      0.5375000      7.3596261E-02
   5.125000      0.5375000      8.0835581E-02
   5.375000      0.5375000      8.8300094E-02
   5.625000      0.5375000      9.5979221E-02
   5.875000      0.5375000      0.1038628    
   6.125000      0.5375000      0.1119412    
   6.375000      0.5375000      0.1202048    
   6.625000      0.5375000      0.1286442    
   6.875000      0.5375000      0.1372502    
   7.125000      0.5375000      0.1460137    
   7.375000      0.5375000      0.1549255    
   7.625000      0.5375000      0.1639768    
   7.875000      0.5375000      0.1731586    
   8.125000      0.5375000      0.1824623    
   8.375000      0.5375000      0.1918793    
   8.625000      0.5375000      0.2014013    
   8.875000      0.5375000      0.2110203    
   9.125000      0.5375000      0.2207324    
   9.375000      0.5375000      0.2306135    
   9.625000      0.5375000      0.2426396    
   9.875000      0.5375000      0.3062766    
   10.00000      0.5375000       1.000000    
 
  0.0000000E+00  0.5625000      0.0000000E+00
  0.1250000      0.5625000      1.1215046E-05
  0.3750000      0.5625000      2.2568443E-04
  0.6250000      0.5625000      8.0806989E-04
  0.8750000      0.5625000      1.8854910E-03
   1.125000      0.5625000      3.5188308E-03
   1.375000      0.5625000      5.7161362E-03
   1.625000      0.5625000      8.4535256E-03
   1.875000      0.5625000      1.1692399E-02
   2.125000      0.5625000      1.5390097E-02
   2.375000      0.5625000      1.9505749E-02
   2.625000      0.5625000      2.4002684E-02
   2.875000      0.5625000      2.8849222E-02
   3.125000      0.5625000      3.4018207E-02
   3.375000      0.5625000      3.9486684E-02
   3.625000      0.5625000      4.5235038E-02
   3.875000      0.5625000      5.1246524E-02
   4.125000      0.5625000      5.7506770E-02
   4.375000      0.5625000      6.4003102E-02
   4.625000      0.5625000      7.0724249E-02
   4.875000      0.5625000      7.7660091E-02
   5.125000      0.5625000      8.4801190E-02
   5.375000      0.5625000      9.2138827E-02
   5.625000      0.5625000      9.9664569E-02
   5.875000      0.5625000      0.1073703    
   6.125000      0.5625000      0.1152480    
   6.375000      0.5625000      0.1232896    
   6.625000      0.5625000      0.1314873    
   6.875000      0.5625000      0.1398330    
   7.125000      0.5625000      0.1483188    
   7.375000      0.5625000      0.1569366    
   7.625000      0.5625000      0.1656786    
   7.875000      0.5625000      0.1745367    
   8.125000      0.5625000      0.1835030    
   8.375000      0.5625000      0.1925696    
   8.625000      0.5625000      0.2017293    
   8.875000      0.5625000      0.2109746    
   9.125000      0.5625000      0.2203027    
   9.375000      0.5625000      0.2297955    
   9.625000      0.5625000      0.2414872    
   9.875000      0.5625000      0.3054471    
   10.00000      0.5625000       1.000000    
 
  0.0000000E+00  0.5875000      0.0000000E+00
  0.1250000      0.5875000      1.9322624E-05
  0.3750000      0.5875000      3.5340345E-04
  0.6250000      0.5875000      1.1998203E-03
  0.8750000      0.5875000      2.6771647E-03
   1.125000      0.5875000      4.8084501E-03
   1.375000      0.5875000      7.5567756E-03
   1.625000      0.5875000      1.0858922E-02
   1.875000      0.5875000      1.4646936E-02
   2.125000      0.5875000      1.8858435E-02
   2.375000      0.5875000      2.3440676E-02
   2.625000      0.5875000      2.8350718E-02
   2.875000      0.5875000      3.3554588E-02
   3.125000      0.5875000      3.9025225E-02
   3.375000      0.5875000      4.4741359E-02
   3.625000      0.5875000      5.0685905E-02
   3.875000      0.5875000      5.6845203E-02
   4.125000      0.5875000      6.3208081E-02
   4.375000      0.5875000      6.9765106E-02
   4.625000      0.5875000      7.6508164E-02
   4.875000      0.5875000      8.3430067E-02
   5.125000      0.5875000      9.0524144E-02
   5.375000      0.5875000      9.7784199E-02
   5.625000      0.5875000      0.1052040    
   5.875000      0.5875000      0.1127776    
   6.125000      0.5875000      0.1204987    
   6.375000      0.5875000      0.1283612    
   6.625000      0.5875000      0.1363583    
   6.875000      0.5875000      0.1444836    
   7.125000      0.5875000      0.1527302    
   7.375000      0.5875000      0.1610914    
   7.625000      0.5875000      0.1695600    
   7.875000      0.5875000      0.1781291    
   8.125000      0.5875000      0.1867917    
   8.375000      0.5875000      0.1955408    
   8.625000      0.5875000      0.2043697    
   8.875000      0.5875000      0.2132722    
   9.125000      0.5875000      0.2222468    
   9.375000      0.5875000      0.2313830    
   9.625000      0.5875000      0.2427925    
   9.875000      0.5875000      0.3072127    
   10.00000      0.5875000       1.000000    
 
  0.0000000E+00  0.6125000      0.0000000E+00
  0.1250000      0.6125000      3.3841301E-05
  0.3750000      0.6125000      5.5696169E-04
  0.6250000      0.6125000      1.7903880E-03
  0.8750000      0.6125000      3.8203266E-03
   1.125000      0.6125000      6.6084112E-03
   1.375000      0.6125000      1.0057923E-02
   1.625000      0.6125000      1.4059739E-02
   1.875000      0.6125000      1.8515248E-02
   2.125000      0.6125000      2.3343716E-02
   2.375000      0.6125000      2.8482823E-02
   2.625000      0.6125000      3.3885796E-02
   2.875000      0.6125000      3.9518449E-02
   3.125000      0.6125000      4.5355652E-02
   3.375000      0.6125000      5.1379103E-02
   3.625000      0.6125000      5.7575375E-02
   3.875000      0.6125000      6.3934758E-02
   4.125000      0.6125000      7.0449844E-02
   4.375000      0.6125000      7.7114977E-02
   4.625000      0.6125000      8.3925486E-02
   4.875000      0.6125000      9.0877421E-02
   5.125000      0.6125000      9.7967006E-02
   5.375000      0.6125000      0.1051907    
   5.625000      0.6125000      0.1125448    
   5.875000      0.6125000      0.1200251    
   6.125000      0.6125000      0.1276276    
   6.375000      0.6125000      0.1353476    
   6.625000      0.6125000      0.1431801    
   6.875000      0.6125000      0.1511199    
   7.125000      0.6125000      0.1591615    
   7.375000      0.6125000      0.1672989    
   7.625000      0.6125000      0.1755265    
   7.875000      0.6125000      0.1838381    
   8.125000      0.6125000      0.1922276    
   8.375000      0.6125000      0.2006890    
   8.625000      0.6125000      0.2092164    
   8.875000      0.6125000      0.2178046    
   9.125000      0.6125000      0.2264538    
   9.375000      0.6125000      0.2352641    
   9.625000      0.6125000      0.2464479    
   9.875000      0.6125000      0.3114966    
   10.00000      0.6125000       1.000000    
 
  0.0000000E+00  0.6375000      0.0000000E+00
  0.1250000      0.6375000      5.9869748E-05
  0.3750000      0.6375000      8.7757804E-04
  0.6250000      0.6375000      2.6657418E-03
  0.8750000      0.6375000      5.4377127E-03
   1.125000      0.6375000      9.0635093E-03
   1.375000      0.6375000      1.3372296E-02
   1.625000      0.6375000      1.8205876E-02
   1.875000      0.6375000      2.3437353E-02
   2.125000      0.6375000      2.8971948E-02
   2.375000      0.6375000      3.4742121E-02
   2.625000      0.6375000      4.0701035E-02
   2.875000      0.6375000      4.6817228E-02
   3.125000      0.6375000      5.3069726E-02
   3.375000      0.6375000      5.9444901E-02
   3.625000      0.6375000      6.5934144E-02
   3.875000      0.6375000      7.2532512E-02
   4.125000      0.6375000      7.9237059E-02
   4.375000      0.6375000      8.6046293E-02
   4.625000      0.6375000      9.2959248E-02
   4.875000      0.6375000      9.9975474E-02
   5.125000      0.6375000      0.1070941    
   5.375000      0.6375000      0.1143146    
   5.625000      0.6375000      0.1216353    
   5.875000      0.6375000      0.1290545    
   6.125000      0.6375000      0.1365698    
   6.375000      0.6375000      0.1441784    
   6.625000      0.6375000      0.1518767    
   6.875000      0.6375000      0.1596610    
   7.125000      0.6375000      0.1675268    
   7.375000      0.6375000      0.1754694    
   7.625000      0.6375000      0.1834842    
   7.875000      0.6375000      0.1915661    
   8.125000      0.6375000      0.1997098    
   8.375000      0.6375000      0.2079104    
   8.625000      0.6375000      0.2161628    
   8.875000      0.6375000      0.2244627    
   9.125000      0.6375000      0.2328128    
   9.375000      0.6375000      0.2413269    
   9.625000      0.6375000      0.2523476    
   9.875000      0.6375000      0.3182306    
   10.00000      0.6375000       1.000000    
 
  0.0000000E+00  0.6625000      0.0000000E+00
  0.1250000      0.6625000      1.0658965E-04
  0.3750000      0.6625000      1.3774580E-03
  0.6250000      0.6625000      3.9444976E-03
  0.8750000      0.6625000      7.6871547E-03
   1.125000      0.6625000      1.2349703E-02
   1.375000      0.6625000      1.7677175E-02
   1.625000      0.6625000      2.3465071E-02
   1.875000      0.6625000      2.9565427E-02
   2.125000      0.6625000      3.5876896E-02
   2.375000      0.6625000      4.2333037E-02
   2.625000      0.6625000      4.8891880E-02
   2.875000      0.6625000      5.5528153E-02
   3.125000      0.6625000      6.2227573E-02
   3.375000      0.6625000      6.8982959E-02
   3.625000      0.6625000      7.5791717E-02
   3.875000      0.6625000      8.2654484E-02
   4.125000      0.6625000      8.9573361E-02
   4.375000      0.6625000      9.6551269E-02
   4.625000      0.6625000      0.1035913    
   4.875000      0.6625000      0.1106964    
   5.125000      0.6625000      0.1178689    
   5.375000      0.6625000      0.1251110    
   5.625000      0.6625000      0.1324233    
   5.875000      0.6625000      0.1398064    
   6.125000      0.6625000      0.1472597    
   6.375000      0.6625000      0.1547820    
   6.625000      0.6625000      0.1623712    
   6.875000      0.6625000      0.1700247    
   7.125000      0.6625000      0.1777395    
   7.375000      0.6625000      0.1855120    
   7.625000      0.6625000      0.1933385    
   7.875000      0.6625000      0.2012149    
   8.125000      0.6625000      0.2091370    
   8.375000      0.6625000      0.2171007    
   8.625000      0.6625000      0.2251020    
   8.875000      0.6625000      0.2331375    
   9.125000      0.6625000      0.2412126    
   9.375000      0.6625000      0.2494598    
   9.625000      0.6625000      0.2603877    
   9.875000      0.6625000      0.3273572    
   10.00000      0.6625000       1.000000    
 
  0.0000000E+00  0.6875000      0.0000000E+00
  0.1250000      0.6875000      1.9039857E-04
  0.3750000      0.6875000      2.1485388E-03
  0.6250000      0.6875000      5.7854801E-03
  0.8750000      0.6875000      1.0764256E-02
   1.125000      0.6875000      1.6671801E-02
   1.375000      0.6875000      2.3168685E-02
   1.625000      0.6875000      3.0015353E-02
   1.875000      0.6875000      3.7055463E-02
   2.125000      0.6875000      4.4191677E-02
   2.375000      0.6875000      5.1366594E-02
   2.625000      0.6875000      5.8548607E-02
   2.875000      0.6875000      6.5722413E-02
   3.125000      0.6875000      7.2883025E-02
   3.375000      0.6875000      8.0031186E-02
   3.625000      0.6875000      8.7171584E-02
   3.875000      0.6875000      9.4311044E-02
   4.125000      0.6875000      0.1014571    
   4.375000      0.6875000      0.1086173    
   4.625000      0.6875000      0.1157989    
   4.875000      0.6875000      0.1230084    
   5.125000      0.6875000      0.1302512    
   5.375000      0.6875000      0.1375319    
   5.625000      0.6875000      0.1448538    
   5.875000      0.6875000      0.1522194    
   6.125000      0.6875000      0.1596297    
   6.375000      0.6875000      0.1670852    
   6.625000      0.6875000      0.1745850    
   6.875000      0.6875000      0.1821281    
   7.125000      0.6875000      0.1897122    
   7.375000      0.6875000      0.1973352    
   7.625000      0.6875000      0.2049942    
   7.875000      0.6875000      0.2126860    
   8.125000      0.6875000      0.2204075    
   8.375000      0.6875000      0.2281556    
   8.625000      0.6875000      0.2359270    
   8.875000      0.6875000      0.2437198    
   9.125000      0.6875000      0.2515425    
   9.375000      0.6875000      0.2595520    
   9.625000      0.6875000      0.2704689    
   9.875000      0.6875000      0.3388331    
   10.00000      0.6875000       1.000000    
 
  0.0000000E+00  0.7125000      0.0000000E+00
  0.1250000      0.7125000      3.4024665E-04
  0.3750000      0.7125000      3.3235287E-03
  0.6250000      0.7125000      8.3944285E-03
  0.8750000      0.7125000      1.4901767E-02
   1.125000      0.7125000      2.2257239E-02
   1.375000      0.7125000      3.0052567E-02
   1.625000      0.7125000      3.8034741E-02
   1.875000      0.7125000      4.6057109E-02
   2.125000      0.7125000      5.4039326E-02
   2.375000      0.7125000      6.1941698E-02
   2.625000      0.7125000      6.9748536E-02
   2.875000      0.7125000      7.7458262E-02
   3.125000      0.7125000      8.5077174E-02
   3.375000      0.7125000      9.2615537E-02
   3.625000      0.7125000      0.1000860    
   3.875000      0.7125000      0.1075021    
   4.125000      0.7125000      0.1148771    
   4.375000      0.7125000      0.1222232    
   4.625000      0.7125000      0.1295517    
   4.875000      0.7125000      0.1368726    
   5.125000      0.7125000      0.1441943    
   5.375000      0.7125000      0.1515238    
   5.625000      0.7125000      0.1588668    
   5.875000      0.7125000      0.1662273    
   6.125000      0.7125000      0.1736080    
   6.375000      0.7125000      0.1810110    
   6.625000      0.7125000      0.1884367    
   6.875000      0.7125000      0.1958850    
   7.125000      0.7125000      0.2033550    
   7.375000      0.7125000      0.2108453    
   7.625000      0.7125000      0.2183540    
   7.875000      0.7125000      0.2258792    
   8.125000      0.7125000      0.2334184    
   8.375000      0.7125000      0.2409696    
   8.625000      0.7125000      0.2485303    
   8.875000      0.7125000      0.2561000    
   9.125000      0.7125000      0.2636914    
   9.375000      0.7125000      0.2714933    
   9.625000      0.7125000      0.2824950    
   9.875000      0.7125000      0.3526300    
   10.00000      0.7125000       1.000000    
 
  0.0000000E+00  0.7375000      0.0000000E+00
  0.1250000      0.7375000      6.0646218E-04
  0.3750000      0.7375000      5.0887545E-03
  0.6250000      0.7375000      1.2027772E-02
  0.8750000      0.7375000      2.0363811E-02
   1.125000      0.7375000      2.9345049E-02
   1.375000      0.7375000      3.8531460E-02
   1.625000      0.7375000      4.7688905E-02
   1.875000      0.7375000      5.6702551E-02
   2.125000      0.7375000      6.5522924E-02
   2.375000      0.7375000      7.4136622E-02
   2.625000      0.7375000      8.2548797E-02
   2.875000      0.7375000      9.0774424E-02
   3.125000      0.7375000      9.8832957E-02
   3.375000      0.7375000      0.1067451    
   3.625000      0.7375000      0.1145319    
   3.875000      0.7375000      0.1222137    
   4.125000      0.7375000      0.1298095    
   4.375000      0.7375000      0.1373362    
   4.625000      0.7375000      0.1448089    
   4.875000      0.7375000      0.1522409    
   5.125000      0.7375000      0.1596434    
   5.375000      0.7375000      0.1670256    
   5.625000      0.7375000      0.1743951    
   5.875000      0.7375000      0.1817576    
   6.125000      0.7375000      0.1891176    
   6.375000      0.7375000      0.1964779    
   6.625000      0.7375000      0.2038403    
   6.875000      0.7375000      0.2112059    
   7.125000      0.7375000      0.2185745    
   7.375000      0.7375000      0.2259459    
   7.625000      0.7375000      0.2333190    
   7.875000      0.7375000      0.2406928    
   8.125000      0.7375000      0.2480657    
   8.375000      0.7375000      0.2554365    
   8.625000      0.7375000      0.2628038    
   8.875000      0.7375000      0.2701684    
   9.125000      0.7375000      0.2775484    
   9.375000      0.7375000      0.2851741    
   9.625000      0.7375000      0.2963747    
   9.875000      0.7375000      0.3687358    
   10.00000      0.7375000       1.000000    
 
  0.0000000E+00  0.7625000      0.0000000E+00
  0.1250000      0.7625000      1.0748005E-03
  0.3750000      0.7625000      7.6971743E-03
  0.6250000      0.7625000      1.6990529E-02
  0.8750000      0.7625000      2.7433254E-02
   1.125000      0.7625000      3.8169593E-02
   1.375000      0.7625000      4.8789203E-02
   1.625000      0.7625000      5.9117485E-02
   1.875000      0.7625000      6.9095030E-02
   2.125000      0.7625000      7.8716390E-02
   2.375000      0.7625000      8.8001266E-02
   2.625000      0.7625000      9.6979633E-02
   2.875000      0.7625000      0.1056849    
   3.125000      0.7625000      0.1141506    
   3.375000      0.7625000      0.1224081    
   3.625000      0.7625000      0.1304870    
   3.875000      0.7625000      0.1384145    
   4.125000      0.7625000      0.1462149    
   4.375000      0.7625000      0.1539094    
   4.625000      0.7625000      0.1615170    
   4.875000      0.7625000      0.1690538    
   5.125000      0.7625000      0.1765332    
   5.375000      0.7625000      0.1839668    
   5.625000      0.7625000      0.1913637    
   5.875000      0.7625000      0.1987311    
   6.125000      0.7625000      0.2060747    
   6.375000      0.7625000      0.2133985    
   6.625000      0.7625000      0.2207053    
   6.875000      0.7625000      0.2279969    
   7.125000      0.7625000      0.2352743    
   7.375000      0.7625000      0.2425378    
   7.625000      0.7625000      0.2497874    
   7.875000      0.7625000      0.2570229    
   8.125000      0.7625000      0.2642436    
   8.375000      0.7625000      0.2714490    
   8.625000      0.7625000      0.2786388    
   8.875000      0.7625000      0.2858151    
   9.125000      0.7625000      0.2930030    
   9.375000      0.7625000      0.3004863    
   9.625000      0.7625000      0.3120201    
   9.875000      0.7625000      0.3871522    
   10.00000      0.7625000       1.000000    
 
  0.0000000E+00  0.7875000      0.0000000E+00
  0.1250000      0.7875000      1.8876933E-03
  0.3750000      0.7875000      1.1478183E-02
  0.6250000      0.7875000      2.3624800E-02
  0.8750000      0.7875000      3.6390938E-02
   1.125000      0.7875000      4.8939642E-02
   1.375000      0.7875000      6.0973123E-02
   1.625000      0.7875000      7.2420120E-02
   1.875000      0.7875000      8.3298162E-02
   2.125000      0.7875000      9.3655780E-02
   2.375000      0.7875000      0.1035507    
   2.625000      0.7875000      0.1130393    
   2.875000      0.7875000      0.1221745    
   3.125000      0.7875000      0.1310037    
   3.375000      0.7875000      0.1395688    
   3.625000      0.7875000      0.1479076    
   3.875000      0.7875000      0.1560536    
   4.125000      0.7875000      0.1640360    
   4.375000      0.7875000      0.1718802    
   4.625000      0.7875000      0.1796080    
   4.875000      0.7875000      0.1872384    
   5.125000      0.7875000      0.1947868    
   5.375000      0.7875000      0.2022665    
   5.625000      0.7875000      0.2096879    
   5.875000      0.7875000      0.2170596    
   6.125000      0.7875000      0.2243883    
   6.375000      0.7875000      0.2316787    
   6.625000      0.7875000      0.2389347    
   6.875000      0.7875000      0.2461587    
   7.125000      0.7875000      0.2533526    
   7.375000      0.7875000      0.2605176    
   7.625000      0.7875000      0.2676541    
   7.875000      0.7875000      0.2747628    
   8.125000      0.7875000      0.2818440    
   8.375000      0.7875000      0.2888979    
   8.625000      0.7875000      0.2959251    
   8.875000      0.7875000      0.3029293    
   9.125000      0.7875000      0.3099440    
   9.375000      0.7875000      0.3173214    
   9.625000      0.7875000      0.3293455    
   9.875000      0.7875000      0.4078874    
   10.00000      0.7875000       1.000000    
 
  0.0000000E+00  0.8125000      0.0000000E+00
  0.1250000      0.8125000      3.2742270E-03
  0.3750000      0.8125000      1.6838565E-02
  0.6250000      0.8125000      3.2285605E-02
  0.8750000      0.8125000      4.7487263E-02
   1.125000      0.8125000      6.1814960E-02
   1.375000      0.8125000      7.5176843E-02
   1.625000      0.8125000      8.7644234E-02
   1.875000      0.8125000      9.9327162E-02
   2.125000      0.8125000      0.1103335    
   2.375000      0.8125000      0.1207604    
   2.625000      0.8125000      0.1306907    
   2.875000      0.8125000      0.1401963    
   3.125000      0.8125000      0.1493374    
   3.375000      0.8125000      0.1581659    
   3.625000      0.8125000      0.1667267    
   3.875000      0.8125000      0.1750592    
   4.125000      0.8125000      0.1831969    
   4.375000      0.8125000      0.1911685    
   4.625000      0.8125000      0.1989987    
   4.875000      0.8125000      0.2067083    
   5.125000      0.8125000      0.2143146    
   5.375000      0.8125000      0.2218324    
   5.625000      0.8125000      0.2292729    
   5.875000      0.8125000      0.2366460    
   6.125000      0.8125000      0.2439588    
   6.375000      0.8125000      0.2512172    
   6.625000      0.8125000      0.2584254    
   6.875000      0.8125000      0.2655867    
   7.125000      0.8125000      0.2727036    
   7.375000      0.8125000      0.2797777    
   7.625000      0.8125000      0.2868105    
   7.875000      0.8125000      0.2938033    
   8.125000      0.8125000      0.3007569    
   8.375000      0.8125000      0.3076725    
   8.625000      0.8125000      0.3145515    
   8.875000      0.8125000      0.3213995    
   9.125000      0.8125000      0.3282603    
   9.375000      0.8125000      0.3355711    
   9.625000      0.8125000      0.3482637    
   9.875000      0.8125000      0.4309429    
   10.00000      0.8125000       1.000000    
 
  0.0000000E+00  0.8375000      0.0000000E+00
  0.1250000      0.8375000      5.5882270E-03
  0.3750000      0.8375000      2.4246598E-02
  0.6250000      0.8375000      4.3302204E-02
  0.8750000      0.8375000      6.0908273E-02
   1.125000      0.8375000      7.6882787E-02
   1.375000      0.8375000      9.1425277E-02
   1.625000      0.8375000      0.1047757    
   1.875000      0.8375000      0.1171429    
   2.125000      0.8375000      0.1286940    
   2.375000      0.8375000      0.1395636    
   2.625000      0.8375000      0.1498595    
   2.875000      0.8375000      0.1596700    
   3.125000      0.8375000      0.1690671    
   3.375000      0.8375000      0.1781112    
   3.625000      0.8375000      0.1868536    
   3.875000      0.8375000      0.1953381    
   4.125000      0.8375000      0.2036021    
   4.375000      0.8375000      0.2116770    
   4.625000      0.8375000      0.2195896    
   4.875000      0.8375000      0.2273623    
   5.125000      0.8375000      0.2350140    
   5.375000      0.8375000      0.2425601    
   5.625000      0.8375000      0.2500130    
   5.875000      0.8375000      0.2573831    
   6.125000      0.8375000      0.2646782    
   6.375000      0.8375000      0.2719045    
   6.625000      0.8375000      0.2790671    
   6.875000      0.8375000      0.2861696    
   7.125000      0.8375000      0.2932150    
   7.375000      0.8375000      0.3002058    
   7.625000      0.8375000      0.3071438    
   7.875000      0.8375000      0.3140309    
   8.125000      0.8375000      0.3208688    
   8.375000      0.8375000      0.3276592    
   8.625000      0.8375000      0.3344046    
   8.875000      0.8375000      0.3411123    
   9.125000      0.8375000      0.3478388    
   9.375000      0.8375000      0.3551247    
   9.625000      0.8375000      0.3686793    
   9.875000      0.8375000      0.4562864    
   10.00000      0.8375000       1.000000    
 
  0.0000000E+00  0.8625000      0.0000000E+00
  0.1250000      0.8625000      9.3484605E-03
  0.3750000      0.8625000      3.4189988E-02
  0.6250000      0.8625000      5.6926705E-02
  0.8750000      0.8625000      7.6741733E-02
   1.125000      0.8625000      9.4139047E-02
   1.375000      0.8625000      0.1096648    
   1.625000      0.8625000      0.1237341    
   1.875000      0.8625000      0.1366500    
   2.125000      0.8625000      0.1486334    
   2.375000      0.8625000      0.1598520    
   2.625000      0.8625000      0.1704346    
   2.875000      0.8625000      0.1804833    
   3.125000      0.8625000      0.1900798    
   3.375000      0.8625000      0.1992912    
   3.625000      0.8625000      0.2081741    
   3.875000      0.8625000      0.2167761    
   4.125000      0.8625000      0.2251372    
   4.375000      0.8625000      0.2332910    
   4.625000      0.8625000      0.2412658    
   4.875000      0.8625000      0.2490853    
   5.125000      0.8625000      0.2567692    
   5.375000      0.8625000      0.2643337    
   5.625000      0.8625000      0.2717918    
   5.875000      0.8625000      0.2791542    
   6.125000      0.8625000      0.2864292    
   6.375000      0.8625000      0.2936234    
   6.625000      0.8625000      0.3007423    
   6.875000      0.8625000      0.3077900    
   7.125000      0.8625000      0.3147697    
   7.375000      0.8625000      0.3216844    
   7.625000      0.8625000      0.3285367    
   7.875000      0.8625000      0.3353290    
   8.125000      0.8625000      0.3420634    
   8.375000      0.8625000      0.3487422    
   8.625000      0.8625000      0.3553688    
   8.875000      0.8625000      0.3619528    
   9.125000      0.8625000      0.3685653    
   9.375000      0.8625000      0.3758687    
   9.625000      0.8625000      0.3904803    
   9.875000      0.8625000      0.4838130    
   10.00000      0.8625000       1.000000    
 
  0.0000000E+00  0.8875000      0.0000000E+00
  0.1250000      0.8875000      1.5264600E-02
  0.3750000      0.8875000      4.7100522E-02
  0.6250000      0.8875000      7.3277012E-02
  0.8750000      0.8875000      9.4949439E-02
   1.125000      0.8875000      0.1134775    
   1.375000      0.8875000      0.1297604    
   1.625000      0.8875000      0.1443729    
   1.875000      0.8875000      0.1576983    
   2.125000      0.8875000      0.1700019    
   2.375000      0.8875000      0.1814775    
   2.625000      0.8875000      0.1922704    
   2.875000      0.8875000      0.2024933    
   3.125000      0.8875000      0.2122350    
   3.375000      0.8875000      0.2215680    
   3.625000      0.8875000      0.2305527    
   3.875000      0.8875000      0.2392393    
   4.125000      0.8875000      0.2476699    
   4.375000      0.8875000      0.2558794    
   4.625000      0.8875000      0.2638973    
   4.875000      0.8875000      0.2717482    
   5.125000      0.8875000      0.2794521    
   5.375000      0.8875000      0.2870257    
   5.625000      0.8875000      0.2944824    
   5.875000      0.8875000      0.3018330    
   6.125000      0.8875000      0.3090863    
   6.375000      0.8875000      0.3162489    
   6.625000      0.8875000      0.3233269    
   6.875000      0.8875000      0.3303241    
   7.125000      0.8875000      0.3372445    
   7.375000      0.8875000      0.3440915    
   7.625000      0.8875000      0.3508680    
   7.875000      0.8875000      0.3575768    
   8.125000      0.8875000      0.3642208    
   8.375000      0.8875000      0.3708026    
   8.625000      0.8875000      0.3773265    
   8.875000      0.8875000      0.3838041    
   9.125000      0.8875000      0.3903232    
   9.375000      0.8875000      0.3976843    
   9.625000      0.8875000      0.4135245    
   9.875000      0.8875000      0.5132858    
   10.00000      0.8875000       1.000000    
 
  0.0000000E+00  0.9125000      0.0000000E+00
  0.1250000      0.9125000      2.4215866E-02
  0.3750000      0.9125000      6.3246444E-02
  0.6250000      0.9125000      9.2286177E-02
  0.8750000      0.9125000      0.1153528    
   1.125000      0.9125000      0.1346886    
   1.375000      0.9125000      0.1514988    
   1.625000      0.9125000      0.1664839    
   1.875000      0.9125000      0.1800878    
   2.125000      0.9125000      0.1926076    
   2.375000      0.9125000      0.2042561    
   2.625000      0.9125000      0.2151902    
   2.875000      0.9125000      0.2255293    
   3.125000      0.9125000      0.2353679    
   3.375000      0.9125000      0.2447816    
   3.625000      0.9125000      0.2538334    
   3.875000      0.9125000      0.2625756    
   4.125000      0.9125000      0.2710512    
   4.375000      0.9125000      0.2792961    
   4.625000      0.9125000      0.2873405    
   4.875000      0.9125000      0.2952092    
   5.125000      0.9125000      0.3029228    
   5.375000      0.9125000      0.3104979    
   5.625000      0.9125000      0.3179481    
   5.875000      0.9125000      0.3252845    
   6.125000      0.9125000      0.3325157    
   6.375000      0.9125000      0.3396485    
   6.625000      0.9125000      0.3466892    
   6.875000      0.9125000      0.3536418    
   7.125000      0.9125000      0.3605107    
   7.375000      0.9125000      0.3672996    
   7.625000      0.9125000      0.3740115    
   7.875000      0.9125000      0.3806498    
   8.125000      0.9125000      0.3872177    
   8.375000      0.9125000      0.3937184    
   8.625000      0.9125000      0.4001565    
   8.875000      0.9125000      0.4065465    
   9.125000      0.9125000      0.4129933    
   9.375000      0.9125000      0.4204444    
   9.625000      0.9125000      0.4376242    
   9.875000      0.9125000      0.5442582    
   10.00000      0.9125000       1.000000    
 
  0.0000000E+00  0.9375000      0.0000000E+00
  0.1250000      0.9375000      3.7128154E-02
  0.3750000      0.9375000      8.2608797E-02
  0.6250000      0.9375000      0.1136740    
  0.8750000      0.9375000      0.1376354    
   1.125000      0.9375000      0.1574689    
   1.375000      0.9375000      0.1745979    
   1.625000      0.9375000      0.1898055    
   1.875000      0.9375000      0.2035747    
   2.125000      0.9375000      0.2162218    
   2.375000      0.9375000      0.2279721    
   2.625000      0.9375000      0.2389891    
   2.875000      0.9375000      0.2493962    
   3.125000      0.9375000      0.2592914    
   3.375000      0.9375000      0.2687518    
   3.625000      0.9375000      0.2778421    
   3.875000      0.9375000      0.2866159    
   4.125000      0.9375000      0.2951165    
   4.375000      0.9375000      0.3033803    
   4.625000      0.9375000      0.3114378    
   4.875000      0.9375000      0.3193140    
   5.125000      0.9375000      0.3270295    
   5.375000      0.9375000      0.3346009    
   5.625000      0.9375000      0.3420417    
   5.875000      0.9375000      0.3493632    
   6.125000      0.9375000      0.3565738    
   6.375000      0.9375000      0.3636806    
   6.625000      0.9375000      0.3706896    
   6.875000      0.9375000      0.3776053    
   7.125000      0.9375000      0.3844323    
   7.375000      0.9375000      0.3911743    
   7.625000      0.9375000      0.3978345    
   7.875000      0.9375000      0.4044167    
   8.125000      0.9375000      0.4109246    
   8.375000      0.9375000      0.4173617    
   8.625000      0.9375000      0.4237326    
   8.875000      0.9375000      0.4300550    
   9.125000      0.9375000      0.4364499    
   9.375000      0.9375000      0.4440094    
   9.625000      0.9375000      0.4625262    
   9.875000      0.9375000      0.5759765    
   10.00000      0.9375000       1.000000    
 
  0.0000000E+00  0.9625000      0.0000000E+00
  0.1250000      0.9625000      5.4679271E-02
  0.3750000      0.9625000      0.1047803    
  0.6250000      0.9625000      0.1369532    
  0.8750000      0.9625000      0.1613634    
   1.125000      0.9625000      0.1814388    
   1.375000      0.9625000      0.1987201    
   1.625000      0.9625000      0.2140327    
   1.875000      0.9625000      0.2278801    
   2.125000      0.9625000      0.2405868    
   2.375000      0.9625000      0.2523842    
   2.625000      0.9625000      0.2634401    
   2.875000      0.9625000      0.2738790    
   3.125000      0.9625000      0.2837999    
   3.375000      0.9625000      0.2932815    
   3.625000      0.9625000      0.3023891    
   3.875000      0.9625000      0.3111767    
   4.125000      0.9625000      0.3196875    
   4.375000      0.9625000      0.3279587    
   4.625000      0.9625000      0.3360201    
   4.875000      0.9625000      0.3438970    
   5.125000      0.9625000      0.3516099    
   5.375000      0.9625000      0.3591753    
   5.625000      0.9625000      0.3666067    
   5.875000      0.9625000      0.3739153    
   6.125000      0.9625000      0.3811094    
   6.375000      0.9625000      0.3881961    
   6.625000      0.9625000      0.3951815    
   6.875000      0.9625000      0.4020701    
   7.125000      0.9625000      0.4088667    
   7.375000      0.9625000      0.4155751    
   7.625000      0.9625000      0.4221988    
   7.875000      0.9625000      0.4287415    
   8.125000      0.9625000      0.4352073    
   8.375000      0.9625000      0.4416000    
   8.625000      0.9625000      0.4479246    
   8.875000      0.9625000      0.4542003    
   9.125000      0.9625000      0.4605628    
   9.375000      0.9625000      0.4682264    
   9.625000      0.9625000      0.4878995    
   9.875000      0.9625000      0.6072792    
   10.00000      0.9625000       1.000000    
 
  0.0000000E+00  0.9875000      0.0000000E+00
  0.1250000      0.9875000      7.6770194E-02
  0.3750000      0.9875000      0.1289397    
  0.6250000      0.9875000      0.1614715    
  0.8750000      0.9875000      0.1860162    
   1.125000      0.9875000      0.2061615    
   1.375000      0.9875000      0.2234864    
   1.625000      0.9875000      0.2388281    
   1.875000      0.9875000      0.2526971    
   2.125000      0.9875000      0.2654200    
   2.375000      0.9875000      0.2772306    
   2.625000      0.9875000      0.2882969    
   2.875000      0.9875000      0.2987445    
   3.125000      0.9875000      0.3086722    
   3.375000      0.9875000      0.3181591    
   3.625000      0.9875000      0.3272709    
   3.875000      0.9875000      0.3360616    
   4.125000      0.9875000      0.3445743    
   4.375000      0.9875000      0.3528462    
   4.625000      0.9875000      0.3609070    
   4.875000      0.9875000      0.3687820    
   5.125000      0.9875000      0.3764917    
   5.375000      0.9875000      0.3840523    
   5.625000      0.9875000      0.3914773    
   5.875000      0.9875000      0.3987779    
   6.125000      0.9875000      0.4059622    
   6.375000      0.9875000      0.4130375    
   6.625000      0.9875000      0.4200097    
   6.875000      0.9875000      0.4268837    
   7.125000      0.9875000      0.4336640    
   7.375000      0.9875000      0.4403544    
   7.625000      0.9875000      0.4469585    
   7.875000      0.9875000      0.4534803    
   8.125000      0.9875000      0.4599242    
   8.375000      0.9875000      0.4662935    
   8.625000      0.9875000      0.4725942    
   8.875000      0.9875000      0.4788458    
   9.125000      0.9875000      0.4851934    
   9.375000      0.9875000      0.4929269    
   9.625000      0.9875000      0.5133291    
   9.875000      0.9875000      0.6365141    
   10.00000      0.9875000       1.000000    
 
  0.0000000E+00   1.000000      0.0000000E+00
  0.1250000       1.000000      7.6770194E-02
  0.3750000       1.000000      0.1289397    
  0.6250000       1.000000      0.1614715    
  0.8750000       1.000000      0.1860162    
   1.125000       1.000000      0.2061615    
   1.375000       1.000000      0.2234864    
   1.625000       1.000000      0.2388281    
   1.875000       1.000000      0.2526971    
   2.125000       1.000000      0.2654200    
   2.375000       1.000000      0.2772306    
   2.625000       1.000000      0.2882969    
   2.875000       1.000000      0.2987445    
   3.125000       1.000000      0.3086722    
   3.375000       1.000000      0.3181591    
   3.625000       1.000000      0.3272709    
   3.875000       1.000000      0.3360616    
   4.125000       1.000000      0.3445743    
   4.375000       1.000000      0.3528462    
   4.625000       1.000000      0.3609070    
   4.875000       1.000000      0.3687820    
   5.125000       1.000000      0.3764917    
   5.375000       1.000000      0.3840523    
   5.625000       1.000000      0.3914773    
   5.875000       1.000000      0.3987779    
   6.125000       1.000000      0.4059622    
   6.375000       1.000000      0.4130375    
   6.625000       1.000000      0.4200097    
   6.875000       1.000000      0.4268837    
   7.125000       1.000000      0.4336640    
   7.375000       1.000000      0.4403544    
   7.625000       1.000000      0.4469585    
   7.875000       1.000000      0.4534803    
   8.125000       1.000000      0.4599242    
   8.375000       1.000000      0.4662935    
   8.625000       1.000000      0.4725942    
   8.875000       1.000000      0.4788458    
   9.125000       1.000000      0.4851934    
   9.375000       1.000000      0.4929269    
   9.625000       1.000000      0.5133291    
   9.875000       1.000000      0.6365141    
   10.00000       1.000000       1.000000    
 
