  0.0000000E+00  0.0000000E+00  0.0000000E+00
  0.1250000      0.0000000E+00  1.2499999E-02
  0.3750000      0.0000000E+00  3.7499998E-02
  0.6250000      0.0000000E+00  6.2499996E-02
  0.8750000      0.0000000E+00  8.7499991E-02
   1.125000      0.0000000E+00  0.1125000    
   1.375000      0.0000000E+00  0.1375000    
   1.625000      0.0000000E+00  0.1625000    
   1.875000      0.0000000E+00  0.1875000    
   2.125000      0.0000000E+00  0.2125000    
   2.375000      0.0000000E+00  0.2375000    
   2.625000      0.0000000E+00  0.2625000    
   2.875000      0.0000000E+00  0.2875000    
   3.125000      0.0000000E+00  0.3125000    
   3.375000      0.0000000E+00  0.3375000    
   3.625000      0.0000000E+00  0.3625000    
   3.875000      0.0000000E+00  0.3875000    
   4.125000      0.0000000E+00  0.4125000    
   4.375000      0.0000000E+00  0.4375000    
   4.625000      0.0000000E+00  0.4625000    
   4.875000      0.0000000E+00  0.4875000    
   5.125000      0.0000000E+00  0.5125000    
   5.375000      0.0000000E+00  0.5375000    
   5.625000      0.0000000E+00  0.5624999    
   5.875000      0.0000000E+00  0.5875000    
   6.125000      0.0000000E+00  0.6125000    
   6.375000      0.0000000E+00  0.6375000    
   6.625000      0.0000000E+00  0.6625000    
   6.875000      0.0000000E+00  0.6874999    
   7.125000      0.0000000E+00  0.7125000    
   7.375000      0.0000000E+00  0.7375000    
   7.625000      0.0000000E+00  0.7624999    
   7.875000      0.0000000E+00  0.7875000    
   8.125000      0.0000000E+00  0.8124999    
   8.375000      0.0000000E+00  0.8375000    
   8.625000      0.0000000E+00  0.8625000    
   8.875000      0.0000000E+00  0.8874999    
   9.125000      0.0000000E+00  0.9125000    
   9.375000      0.0000000E+00  0.9374999    
   9.625000      0.0000000E+00  0.9624999    
   9.875000      0.0000000E+00  0.9875000    
   10.00000      0.0000000E+00   1.000000    
 
  0.0000000E+00  1.2500000E-02  0.0000000E+00
  0.1250000      1.2500000E-02  1.0883353E-02
  0.3750000      1.2500000E-02  3.3926532E-02
  0.6250000      1.2500000E-02  5.7293218E-02
  0.8750000      1.2500000E-02  8.0779217E-02
   1.125000      1.2500000E-02  0.1043109    
   1.375000      1.2500000E-02  0.1278595    
   1.625000      1.2500000E-02  0.1514140    
   1.875000      1.2500000E-02  0.1749704    
   2.125000      1.2500000E-02  0.1985273    
   2.375000      1.2500000E-02  0.2220843    
   2.625000      1.2500000E-02  0.2456416    
   2.875000      1.2500000E-02  0.2691987    
   3.125000      1.2500000E-02  0.2927559    
   3.375000      1.2500000E-02  0.3163131    
   3.625000      1.2500000E-02  0.3398702    
   3.875000      1.2500000E-02  0.3634273    
   4.125000      1.2500000E-02  0.3869845    
   4.375000      1.2500000E-02  0.4105416    
   4.625000      1.2500000E-02  0.4340988    
   4.875000      1.2500000E-02  0.4576559    
   5.125000      1.2500000E-02  0.4812131    
   5.375000      1.2500000E-02  0.5047702    
   5.625000      1.2500000E-02  0.5283274    
   5.875000      1.2500000E-02  0.5518848    
   6.125000      1.2500000E-02  0.5754418    
   6.375000      1.2500000E-02  0.5989991    
   6.625000      1.2500000E-02  0.6225563    
   6.875000      1.2500000E-02  0.6461134    
   7.125000      1.2500000E-02  0.6696704    
   7.375000      1.2500000E-02  0.6932276    
   7.625000      1.2500000E-02  0.7167849    
   7.875000      1.2500000E-02  0.7403420    
   8.125000      1.2500000E-02  0.7638991    
   8.375000      1.2500000E-02  0.7874563    
   8.625000      1.2500000E-02  0.8110135    
   8.875000      1.2500000E-02  0.8345708    
   9.125000      1.2500000E-02  0.8581296    
   9.375000      1.2500000E-02  0.8817192    
   9.625000      1.2500000E-02  0.9058663    
   9.875000      1.2500000E-02  0.9382545    
   10.00000      1.2500000E-02   1.000000    
 
  0.0000000E+00  3.7500001E-02  0.0000000E+00
  0.1250000      3.7500001E-02  7.9067592E-03
  0.3750000      3.7500001E-02  2.7069075E-02
  0.6250000      3.7500001E-02  4.7190480E-02
  0.8750000      3.7500001E-02  6.7672573E-02
   1.125000      3.7500001E-02  8.8294894E-02
   1.375000      3.7500001E-02  0.1089696    
   1.625000      3.7500001E-02  0.1296627    
   1.875000      3.7500001E-02  0.1503618    
   2.125000      3.7500001E-02  0.1710629    
   2.375000      3.7500001E-02  0.1917644    
   2.625000      3.7500001E-02  0.2124663    
   2.875000      3.7500001E-02  0.2331680    
   3.125000      3.7500001E-02  0.2538698    
   3.375000      3.7500001E-02  0.2745716    
   3.625000      3.7500001E-02  0.2952733    
   3.875000      3.7500001E-02  0.3159751    
   4.125000      3.7500001E-02  0.3366769    
   4.375000      3.7500001E-02  0.3573787    
   4.625000      3.7500001E-02  0.3780804    
   4.875000      3.7500001E-02  0.3987823    
   5.125000      3.7500001E-02  0.4194840    
   5.375000      3.7500001E-02  0.4401858    
   5.625000      3.7500001E-02  0.4608876    
   5.875000      3.7500001E-02  0.4815896    
   6.125000      3.7500001E-02  0.5022913    
   6.375000      3.7500001E-02  0.5229931    
   6.625000      3.7500001E-02  0.5436949    
   6.875000      3.7500001E-02  0.5643967    
   7.125000      3.7500001E-02  0.5850984    
   7.375000      3.7500001E-02  0.6058000    
   7.625000      3.7500001E-02  0.6265020    
   7.875000      3.7500001E-02  0.6472038    
   8.125000      3.7500001E-02  0.6679056    
   8.375000      3.7500001E-02  0.6886073    
   8.625000      3.7500001E-02  0.7093092    
   8.875000      3.7500001E-02  0.7300111    
   9.125000      3.7500001E-02  0.7507173    
   9.375000      3.7500001E-02  0.7715126    
   9.625000      3.7500001E-02  0.7939107    
   9.875000      3.7500001E-02  0.8402300    
   10.00000      3.7500001E-02   1.000000    
 
  0.0000000E+00  6.2500000E-02  0.0000000E+00
  0.1250000      6.2500000E-02  5.4695965E-03
  0.3750000      6.2500000E-02  2.0917071E-02
  0.6250000      6.2500000E-02  3.7877683E-02
  0.8750000      6.2500000E-02  5.5434640E-02
   1.125000      6.2500000E-02  7.3229998E-02
   1.375000      6.2500000E-02  9.1116577E-02
   1.625000      6.2500000E-02  0.1090359    
   1.875000      6.2500000E-02  0.1269663    
   2.125000      6.2500000E-02  0.1449002    
   2.375000      6.2500000E-02  0.1628351    
   2.625000      6.2500000E-02  0.1807704    
   2.875000      6.2500000E-02  0.1987057    
   3.125000      6.2500000E-02  0.2166411    
   3.375000      6.2500000E-02  0.2345764    
   3.625000      6.2500000E-02  0.2525117    
   3.875000      6.2500000E-02  0.2704471    
   4.125000      6.2500000E-02  0.2883824    
   4.375000      6.2500000E-02  0.3063177    
   4.625000      6.2500000E-02  0.3242530    
   4.875000      6.2500000E-02  0.3421884    
   5.125000      6.2500000E-02  0.3601238    
   5.375000      6.2500000E-02  0.3780591    
   5.625000      6.2500000E-02  0.3959944    
   5.875000      6.2500000E-02  0.4139300    
   6.125000      6.2500000E-02  0.4318653    
   6.375000      6.2500000E-02  0.4498006    
   6.625000      6.2500000E-02  0.4677358    
   6.875000      6.2500000E-02  0.4856713    
   7.125000      6.2500000E-02  0.5036066    
   7.375000      6.2500000E-02  0.5215415    
   7.625000      6.2500000E-02  0.5394772    
   7.875000      6.2500000E-02  0.5574127    
   8.125000      6.2500000E-02  0.5753479    
   8.375000      6.2500000E-02  0.5932831    
   8.625000      6.2500000E-02  0.6112187    
   8.875000      6.2500000E-02  0.6291543    
   9.125000      6.2500000E-02  0.6470963    
   9.375000      6.2500000E-02  0.6651754    
   9.625000      6.2500000E-02  0.6857383    
   9.875000      6.2500000E-02  0.7440213    
   10.00000      6.2500000E-02   1.000000    
 
  0.0000000E+00  8.7500006E-02  0.0000000E+00
  0.1250000      8.7500006E-02  3.6314260E-03
  0.3750000      8.7500006E-02  1.5690289E-02
  0.6250000      8.7500006E-02  2.9655579E-02
  0.8750000      8.7500006E-02  4.4425134E-02
   1.125000      8.7500006E-02  5.9529595E-02
   1.375000      8.7500006E-02  7.4766524E-02
   1.625000      8.7500006E-02  9.0052478E-02
   1.875000      8.7500006E-02  0.1053555    
   2.125000      8.7500006E-02  0.1206640    
   2.375000      8.7500006E-02  0.1359742    
   2.625000      8.7500006E-02  0.1512849    
   2.875000      8.7500006E-02  0.1665959    
   3.125000      8.7500006E-02  0.1819068    
   3.375000      8.7500006E-02  0.1972176    
   3.625000      8.7500006E-02  0.2125285    
   3.875000      8.7500006E-02  0.2278395    
   4.125000      8.7500006E-02  0.2431504    
   4.375000      8.7500006E-02  0.2584613    
   4.625000      8.7500006E-02  0.2737721    
   4.875000      8.7500006E-02  0.2890831    
   5.125000      8.7500006E-02  0.3043941    
   5.375000      8.7500006E-02  0.3197049    
   5.625000      8.7500006E-02  0.3350159    
   5.875000      8.7500006E-02  0.3503269    
   6.125000      8.7500006E-02  0.3656378    
   6.375000      8.7500006E-02  0.3809486    
   6.625000      8.7500006E-02  0.3962595    
   6.875000      8.7500006E-02  0.4115704    
   7.125000      8.7500006E-02  0.4268813    
   7.375000      8.7500006E-02  0.4421920    
   7.625000      8.7500006E-02  0.4575031    
   7.875000      8.7500006E-02  0.4728141    
   8.125000      8.7500006E-02  0.4881249    
   8.375000      8.7500006E-02  0.5034357    
   8.625000      8.7500006E-02  0.5187469    
   8.875000      8.7500006E-02  0.5340580    
   9.125000      8.7500006E-02  0.5493774    
   9.375000      8.7500006E-02  0.5648689    
   9.625000      8.7500006E-02  0.5835169    
   9.875000      8.7500006E-02  0.6513031    
   10.00000      8.7500006E-02   1.000000    
 
  0.0000000E+00  0.1125000      0.0000000E+00
  0.1250000      0.1125000      2.3287490E-03
  0.3750000      0.1125000      1.1450102E-02
  0.6250000      0.1125000      2.2667987E-02
  0.8750000      0.1125000      3.4845538E-02
   1.125000      0.1125000      4.7443602E-02
   1.375000      0.1125000      6.0214773E-02
   1.625000      0.1125000      7.3052377E-02
   1.875000      0.1125000      8.5913815E-02
   2.125000      0.1125000      9.8783225E-02
   2.375000      0.1125000      0.1116552    
   2.625000      0.1125000      0.1245279    
   2.875000      0.1125000      0.1374009    
   3.125000      0.1125000      0.1502739    
   3.375000      0.1125000      0.1631468    
   3.625000      0.1125000      0.1760198    
   3.875000      0.1125000      0.1888928    
   4.125000      0.1125000      0.2017658    
   4.375000      0.1125000      0.2146388    
   4.625000      0.1125000      0.2275117    
   4.875000      0.1125000      0.2403848    
   5.125000      0.1125000      0.2532579    
   5.375000      0.1125000      0.2661308    
   5.625000      0.1125000      0.2790039    
   5.875000      0.1125000      0.2918769    
   6.125000      0.1125000      0.3047499    
   6.375000      0.1125000      0.3176229    
   6.625000      0.1125000      0.3304959    
   6.875000      0.1125000      0.3433689    
   7.125000      0.1125000      0.3562419    
   7.375000      0.1125000      0.3691148    
   7.625000      0.1125000      0.3819878    
   7.875000      0.1125000      0.3948610    
   8.125000      0.1125000      0.4077340    
   8.375000      0.1125000      0.4206067    
   8.625000      0.1125000      0.4334799    
   8.875000      0.1125000      0.4463534    
   9.125000      0.1125000      0.4592358    
   9.375000      0.1125000      0.4723125    
   9.625000      0.1125000      0.4890071    
   9.875000      0.1125000      0.5637836    
   10.00000      0.1125000       1.000000    
 
  0.0000000E+00  0.1375000      0.0000000E+00
  0.1250000      0.1375000      1.4500647E-03
  0.3750000      0.1375000      8.1458492E-03
  0.6250000      0.1375000      1.6931470E-02
  0.8750000      0.1375000      2.6762225E-02
   1.125000      0.1375000      3.7078362E-02
   1.375000      0.1375000      4.7603518E-02
   1.625000      0.1375000      5.8212124E-02
   1.875000      0.1375000      6.8851717E-02
   2.125000      0.1375000      7.9502098E-02
   2.375000      0.1375000      9.0155967E-02
   2.625000      0.1375000      0.1008109    
   2.875000      0.1375000      0.1114662    
   3.125000      0.1375000      0.1221216    
   3.375000      0.1375000      0.1327769    
   3.625000      0.1375000      0.1434323    
   3.875000      0.1375000      0.1540877    
   4.125000      0.1375000      0.1647432    
   4.375000      0.1375000      0.1753985    
   4.625000      0.1375000      0.1860539    
   4.875000      0.1375000      0.1967092    
   5.125000      0.1375000      0.2073647    
   5.375000      0.1375000      0.2180201    
   5.625000      0.1375000      0.2286755    
   5.875000      0.1375000      0.2393309    
   6.125000      0.1375000      0.2499863    
   6.375000      0.1375000      0.2606417    
   6.625000      0.1375000      0.2712970    
   6.875000      0.1375000      0.2819524    
   7.125000      0.1375000      0.2926078    
   7.375000      0.1375000      0.3032632    
   7.625000      0.1375000      0.3139186    
   7.875000      0.1375000      0.3245741    
   8.125000      0.1375000      0.3352295    
   8.375000      0.1375000      0.3458847    
   8.625000      0.1375000      0.3565402    
   8.875000      0.1375000      0.3671960    
   9.125000      0.1375000      0.3778612    
   9.375000      0.1375000      0.3887313    
   9.625000      0.1375000      0.4034910    
   9.875000      0.1375000      0.4829674    
   10.00000      0.1375000       1.000000    
 
  0.0000000E+00  0.1625000      0.0000000E+00
  0.1250000      0.1625000      8.8070839E-04
  0.3750000      0.1625000      5.6606284E-03
  0.6250000      0.1625000      1.2369533E-02
  0.8750000      0.1625000      2.0134810E-02
   1.125000      0.1625000      2.8422240E-02
   1.375000      0.1625000      3.6945749E-02
   1.625000      0.1625000      4.5567498E-02
   1.875000      0.1625000      5.4227129E-02
   2.125000      0.1625000      6.2900402E-02
   2.375000      0.1625000      7.1578234E-02
   2.625000      0.1625000      8.0257528E-02
   2.875000      0.1625000      8.8937283E-02
   3.125000      0.1625000      9.7617112E-02
   3.375000      0.1625000      0.1062970    
   3.625000      0.1625000      0.1149769    
   3.875000      0.1625000      0.1236568    
   4.125000      0.1625000      0.1323367    
   4.375000      0.1625000      0.1410166    
   4.625000      0.1625000      0.1496965    
   4.875000      0.1625000      0.1583764    
   5.125000      0.1625000      0.1670563    
   5.375000      0.1625000      0.1757362    
   5.625000      0.1625000      0.1844161    
   5.875000      0.1625000      0.1930960    
   6.125000      0.1625000      0.2017759    
   6.375000      0.1625000      0.2104558    
   6.625000      0.1625000      0.2191357    
   6.875000      0.1625000      0.2278156    
   7.125000      0.1625000      0.2364955    
   7.375000      0.1625000      0.2451754    
   7.625000      0.1625000      0.2538553    
   7.875000      0.1625000      0.2625352    
   8.125000      0.1625000      0.2712152    
   8.375000      0.1625000      0.2798950    
   8.625000      0.1625000      0.2885749    
   8.875000      0.1625000      0.2972552    
   9.125000      0.1625000      0.3059449    
   9.375000      0.1625000      0.3148409    
   9.625000      0.1625000      0.3277433    
   9.875000      0.1625000      0.4099906    
   10.00000      0.1625000       1.000000    
 
  0.0000000E+00  0.1875000      0.0000000E+00
  0.1250000      0.1875000      5.2379986E-04
  0.3750000      0.1875000      3.8494135E-03
  0.6250000      0.1875000      8.8471370E-03
  0.8750000      0.1875000      1.4846808E-02
   1.125000      0.1875000      2.1374615E-02
   1.375000      0.1875000      2.8153583E-02
   1.625000      0.1875000      3.5041671E-02
   1.875000      0.1875000      4.1973472E-02
   2.125000      0.1875000      4.8921563E-02
   2.375000      0.1875000      5.5875301E-02
   2.625000      0.1875000      6.2830873E-02
   2.875000      0.1875000      6.9787048E-02
   3.125000      0.1875000      7.6743349E-02
   3.375000      0.1875000      8.3699711E-02
   3.625000      0.1875000      9.0656102E-02
   3.875000      0.1875000      9.7612493E-02
   4.125000      0.1875000      0.1045689    
   4.375000      0.1875000      0.1115253    
   4.625000      0.1875000      0.1184816    
   4.875000      0.1875000      0.1254380    
   5.125000      0.1875000      0.1323944    
   5.375000      0.1875000      0.1393508    
   5.625000      0.1875000      0.1463072    
   5.875000      0.1875000      0.1532636    
   6.125000      0.1875000      0.1602200    
   6.375000      0.1875000      0.1671764    
   6.625000      0.1875000      0.1741328    
   6.875000      0.1875000      0.1810892    
   7.125000      0.1875000      0.1880455    
   7.375000      0.1875000      0.1950019    
   7.625000      0.1875000      0.2019583    
   7.875000      0.1875000      0.2089147    
   8.125000      0.1875000      0.2158711    
   8.375000      0.1875000      0.2228274    
   8.625000      0.1875000      0.2297838    
   8.875000      0.1875000      0.2367406    
   9.125000      0.1875000      0.2437064    
   9.375000      0.1875000      0.2508734    
   9.625000      0.1875000      0.2620471    
   9.875000      0.1875000      0.3455419    
   10.00000      0.1875000       1.000000    
 
  0.0000000E+00  0.2125000      0.0000000E+00
  0.1250000      0.2125000      3.0612087E-04
  0.3750000      0.2125000      2.5660754E-03
  0.6250000      0.2125000      6.2010270E-03
  0.8750000      0.2125000      1.0735125E-02
   1.125000      0.2125000      1.5774727E-02
   1.375000      0.2125000      2.1067385E-02
   1.625000      0.2125000      2.6474888E-02
   1.875000      0.2125000      3.1930193E-02
   2.125000      0.2125000      3.7403937E-02
   2.375000      0.2125000      4.2884301E-02
   2.625000      0.2125000      4.8366874E-02
   2.875000      0.2125000      5.3850170E-02
   3.125000      0.2125000      5.9333671E-02
   3.375000      0.2125000      6.4817220E-02
   3.625000      0.2125000      7.0300788E-02
   3.875000      0.2125000      7.5784385E-02
   4.125000      0.2125000      8.1267998E-02
   4.375000      0.2125000      8.6751580E-02
   4.625000      0.2125000      9.2235148E-02
   4.875000      0.2125000      9.7718716E-02
   5.125000      0.2125000      0.1032023    
   5.375000      0.2125000      0.1086859    
   5.625000      0.2125000      0.1141695    
   5.875000      0.2125000      0.1196531    
   6.125000      0.2125000      0.1251367    
   6.375000      0.2125000      0.1306202    
   6.625000      0.2125000      0.1361038    
   6.875000      0.2125000      0.1415875    
   7.125000      0.2125000      0.1470710    
   7.375000      0.2125000      0.1525546    
   7.625000      0.2125000      0.1580382    
   7.875000      0.2125000      0.1635218    
   8.125000      0.2125000      0.1690054    
   8.375000      0.2125000      0.1744889    
   8.625000      0.2125000      0.1799726    
   8.875000      0.2125000      0.1854565    
   9.125000      0.2125000      0.1909489    
   9.375000      0.2125000      0.1966331    
   9.625000      0.2125000      0.2062440    
   9.875000      0.2125000      0.2898534    
   10.00000      0.2125000       1.000000    
 
  0.0000000E+00  0.2375000      0.0000000E+00
  0.1250000      0.2375000      1.7633867E-04
  0.3750000      0.2375000      1.6794730E-03
  0.6250000      0.2375000      4.2634164E-03
  0.8750000      0.2375000      7.6158056E-03
   1.125000      0.2375000      1.1428481E-02
   1.375000      0.2375000      1.5483661E-02
   1.625000      0.2375000      1.9653780E-02
   1.875000      0.2375000      2.3873610E-02
   2.125000      0.2375000      2.8113283E-02
   2.375000      0.2375000      3.2360297E-02
   2.625000      0.2375000      3.6609855E-02
   2.875000      0.2375000      4.0860239E-02
   3.125000      0.2375000      4.5110893E-02
   3.375000      0.2375000      4.9361609E-02
   3.625000      0.2375000      5.3612344E-02
   3.875000      0.2375000      5.7863094E-02
   4.125000      0.2375000      6.2113859E-02
   4.375000      0.2375000      6.6364609E-02
   4.625000      0.2375000      7.0615359E-02
   4.875000      0.2375000      7.4866101E-02
   5.125000      0.2375000      7.9116836E-02
   5.375000      0.2375000      8.3367601E-02
   5.625000      0.2375000      8.7618373E-02
   5.875000      0.2375000      9.1869116E-02
   6.125000      0.2375000      9.6119881E-02
   6.375000      0.2375000      0.1003706    
   6.625000      0.2375000      0.1046214    
   6.875000      0.2375000      0.1088721    
   7.125000      0.2375000      0.1131229    
   7.375000      0.2375000      0.1173736    
   7.625000      0.2375000      0.1216244    
   7.875000      0.2375000      0.1258751    
   8.125000      0.2375000      0.1301259    
   8.375000      0.2375000      0.1343766    
   8.625000      0.2375000      0.1386274    
   8.875000      0.2375000      0.1428785    
   9.125000      0.2375000      0.1471373    
   9.375000      0.2375000      0.1515764    
   9.625000      0.2375000      0.1598119    
   9.875000      0.2375000      0.2427483    
   10.00000      0.2375000       1.000000    
 
  0.0000000E+00  0.2625000      0.0000000E+00
  0.1250000      0.2625000      1.0039390E-04
  0.3750000      0.2625000      1.0807636E-03
  0.6250000      0.2625000      2.8780862E-03
  0.8750000      0.2625000      5.3042271E-03
   1.125000      0.2625000      8.1308875E-03
   1.375000      0.2625000      1.1179411E-02
   1.625000      0.2625000      1.4337675E-02
   1.875000      0.2625000      1.7545212E-02
   2.125000      0.2625000      2.0773087E-02
   2.375000      0.2625000      2.4008730E-02
   2.625000      0.2625000      2.7247142E-02
   2.875000      0.2625000      3.0486476E-02
   3.125000      0.2625000      3.3726107E-02
   3.375000      0.2625000      3.6965817E-02
   3.625000      0.2625000      4.0205561E-02
   3.875000      0.2625000      4.3445304E-02
   4.125000      0.2625000      4.6685062E-02
   4.375000      0.2625000      4.9924809E-02
   4.625000      0.2625000      5.3164568E-02
   4.875000      0.2625000      5.6404315E-02
   5.125000      0.2625000      5.9644047E-02
   5.375000      0.2625000      6.2883802E-02
   5.625000      0.2625000      6.6123560E-02
   5.875000      0.2625000      6.9363326E-02
   6.125000      0.2625000      7.2603069E-02
   6.375000      0.2625000      7.5842828E-02
   6.625000      0.2625000      7.9082593E-02
   6.875000      0.2625000      8.2322352E-02
   7.125000      0.2625000      8.5562102E-02
   7.375000      0.2625000      8.8801861E-02
   7.625000      0.2625000      9.2041597E-02
   7.875000      0.2625000      9.5281333E-02
   8.125000      0.2625000      9.8521084E-02
   8.375000      0.2625000      0.1017608    
   8.625000      0.2625000      0.1050006    
   8.875000      0.2625000      0.1082406    
   9.125000      0.2625000      0.1114878    
   9.375000      0.2625000      0.1149026    
   9.625000      0.2625000      0.1219579    
   9.875000      0.2625000      0.2037196    
   10.00000      0.2625000       1.000000    
 
  0.0000000E+00  0.2875000      0.0000000E+00
  0.1250000      0.2875000      5.6625289E-05
  0.3750000      0.2875000      6.8473042E-04
  0.6250000      0.2875000      1.9095077E-03
  0.8750000      0.2875000      3.6292018E-03
   1.125000      0.2875000      5.6832586E-03
   1.375000      0.2875000      7.9317428E-03
   1.625000      0.2875000      1.0280468E-02
   1.875000      0.2875000      1.2675864E-02
   2.125000      0.2875000      1.5091156E-02
   2.375000      0.2875000      1.7514270E-02
   2.625000      0.2875000      1.9940255E-02
   2.875000      0.2875000      2.2367217E-02
   3.125000      0.2875000      2.4794500E-02
   3.375000      0.2875000      2.7221870E-02
   3.625000      0.2875000      2.9649274E-02
   3.875000      0.2875000      3.2076694E-02
   4.125000      0.2875000      3.4504112E-02
   4.375000      0.2875000      3.6931522E-02
   4.625000      0.2875000      3.9358940E-02
   4.875000      0.2875000      4.1786361E-02
   5.125000      0.2875000      4.4213772E-02
   5.375000      0.2875000      4.6641178E-02
   5.625000      0.2875000      4.9068596E-02
   5.875000      0.2875000      5.1496021E-02
   6.125000      0.2875000      5.3923447E-02
   6.375000      0.2875000      5.6350857E-02
   6.625000      0.2875000      5.8778282E-02
   6.875000      0.2875000      6.1205715E-02
   7.125000      0.2875000      6.3633136E-02
   7.375000      0.2875000      6.6060558E-02
   7.625000      0.2875000      6.8487957E-02
   7.875000      0.2875000      7.0915364E-02
   8.125000      0.2875000      7.3342778E-02
   8.375000      0.2875000      7.5770199E-02
   8.625000      0.2875000      7.8197628E-02
   8.875000      0.2875000      8.0625296E-02
   9.125000      0.2875000      8.3059378E-02
   9.375000      0.2875000      8.5648946E-02
   9.625000      0.2875000      9.1714531E-02
   9.875000      0.2875000      0.1720270    
   10.00000      0.2875000       1.000000    
 
  0.0000000E+00  0.3125000      0.0000000E+00
  0.1250000      0.3125000      3.1708627E-05
  0.3750000      0.3125000      4.2765721E-04
  0.6250000      0.3125000      1.2463861E-03
  0.8750000      0.3125000      2.4412395E-03
   1.125000      0.3125000      3.9048283E-03
   1.375000      0.3125000      5.5321092E-03
   1.625000      0.3125000      7.2471946E-03
   1.875000      0.3125000      9.0046059E-03
   2.125000      0.3125000      1.0780608E-02
   2.375000      0.3125000      1.2564129E-02
   2.625000      0.3125000      1.4350478E-02
   2.875000      0.3125000      1.6137812E-02
   3.125000      0.3125000      1.7925471E-02
   3.375000      0.3125000      1.9713236E-02
   3.625000      0.3125000      2.1501029E-02
   3.875000      0.3125000      2.3288833E-02
   4.125000      0.3125000      2.5076637E-02
   4.375000      0.3125000      2.6864436E-02
   4.625000      0.3125000      2.8652240E-02
   4.875000      0.3125000      3.0440049E-02
   5.125000      0.3125000      3.2227848E-02
   5.375000      0.3125000      3.4015656E-02
   5.625000      0.3125000      3.5803452E-02
   5.875000      0.3125000      3.7591260E-02
   6.125000      0.3125000      3.9379064E-02
   6.375000      0.3125000      4.1166868E-02
   6.625000      0.3125000      4.2954683E-02
   6.875000      0.3125000      4.4742491E-02
   7.125000      0.3125000      4.6530306E-02
   7.375000      0.3125000      4.8318110E-02
   7.625000      0.3125000      5.0105903E-02
   7.875000      0.3125000      5.1893704E-02
   8.125000      0.3125000      5.3681497E-02
   8.375000      0.3125000      5.5469301E-02
   8.625000      0.3125000      5.7257108E-02
   8.875000      0.3125000      5.9045151E-02
   9.125000      0.3125000      6.0838997E-02
   9.375000      0.3125000      6.2776893E-02
   9.625000      0.3125000      6.8030745E-02
   9.875000      0.3125000      0.1467918    
   10.00000      0.3125000       1.000000    
 
  0.0000000E+00  0.3375000      0.0000000E+00
  0.1250000      0.3375000      1.7663615E-05
  0.3750000      0.3375000      2.6367948E-04
  0.6250000      0.3375000      8.0137572E-04
  0.8750000      0.3375000      1.6160633E-03
   1.125000      0.3375000      2.6393447E-03
   1.375000      0.3375000      3.7953588E-03
   1.625000      0.3375000      5.0252634E-03
   1.875000      0.3375000      6.2919473E-03
   2.125000      0.3375000      7.5752418E-03
   2.375000      0.3375000      8.8654226E-03
   2.625000      0.3375000      1.0158250E-02
   2.875000      0.3375000      1.1452015E-02
   3.125000      0.3375000      1.2746096E-02
   3.375000      0.3375000      1.4040279E-02
   3.625000      0.3375000      1.5334496E-02
   3.875000      0.3375000      1.6628714E-02
   4.125000      0.3375000      1.7922940E-02
   4.375000      0.3375000      1.9217156E-02
   4.625000      0.3375000      2.0511381E-02
   4.875000      0.3375000      2.1805612E-02
   5.125000      0.3375000      2.3099836E-02
   5.375000      0.3375000      2.4394052E-02
   5.625000      0.3375000      2.5688281E-02
   5.875000      0.3375000      2.6982499E-02
   6.125000      0.3375000      2.8276723E-02
   6.375000      0.3375000      2.9570950E-02
   6.625000      0.3375000      3.0865176E-02
   6.875000      0.3375000      3.2159396E-02
   7.125000      0.3375000      3.3453640E-02
   7.375000      0.3375000      3.4747858E-02
   7.625000      0.3375000      3.6042064E-02
   7.875000      0.3375000      3.7336290E-02
   8.125000      0.3375000      3.8630523E-02
   8.375000      0.3375000      3.9924733E-02
   8.625000      0.3375000      4.1218963E-02
   8.875000      0.3375000      4.2513393E-02
   9.125000      0.3375000      4.3813113E-02
   9.375000      0.3375000      4.5246739E-02
   9.625000      0.3375000      4.9848676E-02
   9.875000      0.3375000      0.1270829    
   10.00000      0.3375000       1.000000    
 
  0.0000000E+00  0.3625000      0.0000000E+00
  0.1250000      0.3625000      9.8121191E-06
  0.3750000      0.3625000      1.6083597E-04
  0.6250000      0.3625000      5.0854619E-04
  0.8750000      0.3625000      1.0546305E-03
   1.125000      0.3625000      1.7575284E-03
   1.375000      0.3625000      2.5642773E-03
   1.625000      0.3625000      3.4308031E-03
   1.875000      0.3625000      4.3279305E-03
   2.125000      0.3625000      5.2392124E-03
   2.375000      0.3625000      6.1564818E-03
   2.625000      0.3625000      7.0760874E-03
   2.875000      0.3625000      7.9965359E-03
   3.125000      0.3625000      8.9172712E-03
   3.375000      0.3625000      9.8380968E-03
   3.625000      0.3625000      1.0758950E-02
   3.875000      0.3625000      1.1679811E-02
   4.125000      0.3625000      1.2600675E-02
   4.375000      0.3625000      1.3521533E-02
   4.625000      0.3625000      1.4442398E-02
   4.875000      0.3625000      1.5363266E-02
   5.125000      0.3625000      1.6284134E-02
   5.375000      0.3625000      1.7204989E-02
   5.625000      0.3625000      1.8125860E-02
   5.875000      0.3625000      1.9046718E-02
   6.125000      0.3625000      1.9967582E-02
   6.375000      0.3625000      2.0888446E-02
   6.625000      0.3625000      2.1809312E-02
   6.875000      0.3625000      2.2730172E-02
   7.125000      0.3625000      2.3651043E-02
   7.375000      0.3625000      2.4571905E-02
   7.625000      0.3625000      2.5492771E-02
   7.875000      0.3625000      2.6413627E-02
   8.125000      0.3625000      2.7334495E-02
   8.375000      0.3625000      2.8255355E-02
   8.625000      0.3625000      2.9176220E-02
   8.875000      0.3625000      3.0097259E-02
   9.125000      0.3625000      3.1023171E-02
   9.375000      0.3625000      3.2074295E-02
   9.625000      0.3625000      3.6163650E-02
   9.875000      0.3625000      0.1119859    
   10.00000      0.3625000       1.000000    
 
  0.0000000E+00  0.3875000      0.0000000E+00
  0.1250000      0.3875000      5.4602888E-06
  0.3750000      0.3875000      9.7496646E-05
  0.6250000      0.3875000      3.1986798E-04
  0.8750000      0.3875000      6.8100134E-04
   1.125000      0.3875000      1.1566104E-03
   1.375000      0.3875000      1.7106609E-03
   1.625000      0.3875000      2.3111065E-03
   1.875000      0.3875000      2.9358228E-03
   2.125000      0.3875000      3.5719532E-03
   2.375000      0.3875000      4.2129718E-03
   2.625000      0.3875000      4.8559122E-03
   2.875000      0.3875000      5.4995487E-03
   3.125000      0.3875000      6.1434233E-03
   3.375000      0.3875000      6.7873714E-03
   3.625000      0.3875000      7.4313418E-03
   3.875000      0.3875000      8.0753183E-03
   4.125000      0.3875000      8.7192981E-03
   4.375000      0.3875000      9.3632760E-03
   4.625000      0.3875000      1.0007255E-02
   4.875000      0.3875000      1.0651235E-02
   5.125000      0.3875000      1.1295216E-02
   5.375000      0.3875000      1.1939190E-02
   5.625000      0.3875000      1.2583171E-02
   5.875000      0.3875000      1.3227153E-02
   6.125000      0.3875000      1.3871127E-02
   6.375000      0.3875000      1.4515105E-02
   6.625000      0.3875000      1.5159084E-02
   6.875000      0.3875000      1.5803067E-02
   7.125000      0.3875000      1.6447050E-02
   7.375000      0.3875000      1.7091025E-02
   7.625000      0.3875000      1.7735008E-02
   7.875000      0.3875000      1.8378982E-02
   8.125000      0.3875000      1.9022962E-02
   8.375000      0.3875000      1.9666940E-02
   8.625000      0.3875000      2.0310920E-02
   8.875000      0.3875000      2.0955060E-02
   9.125000      0.3875000      2.1603715E-02
   9.375000      0.3875000      2.2370441E-02
   9.625000      0.3875000      2.6065772E-02
   9.875000      0.3875000      0.1006534    
   10.00000      0.3875000       1.000000    
 
  0.0000000E+00  0.4125000      0.0000000E+00
  0.1250000      0.4125000      3.0827005E-06
  0.3750000      0.4125000      5.9449721E-05
  0.6250000      0.4125000      2.0157470E-04
  0.8750000      0.4125000      4.3914176E-04
   1.125000      0.4125000      7.5804372E-04
   1.375000      0.4125000      1.1339858E-03
   1.625000      0.4125000      1.5441946E-03
   1.875000      0.4125000      1.9724900E-03
   2.125000      0.4125000      2.4093173E-03
   2.375000      0.4125000      2.8497861E-03
   2.625000      0.4125000      3.2916744E-03
   2.875000      0.4125000      3.7340675E-03
   3.125000      0.4125000      4.1766302E-03
   3.375000      0.4125000      4.6192417E-03
   3.625000      0.4125000      5.0618700E-03
   3.875000      0.4125000      5.5044997E-03
   4.125000      0.4125000      5.9471317E-03
   4.375000      0.4125000      6.3897637E-03
   4.625000      0.4125000      6.8323947E-03
   4.875000      0.4125000      7.2750277E-03
   5.125000      0.4125000      7.7176606E-03
   5.375000      0.4125000      8.1602922E-03
   5.625000      0.4125000      8.6029228E-03
   5.875000      0.4125000      9.0455581E-03
   6.125000      0.4125000      9.4881849E-03
   6.375000      0.4125000      9.9308183E-03
   6.625000      0.4125000      1.0373451E-02
   6.875000      0.4125000      1.0816086E-02
   7.125000      0.4125000      1.1258719E-02
   7.375000      0.4125000      1.1701346E-02
   7.625000      0.4125000      1.2143984E-02
   7.875000      0.4125000      1.2586611E-02
   8.125000      0.4125000      1.3029242E-02
   8.375000      0.4125000      1.3471878E-02
   8.625000      0.4125000      1.3914509E-02
   8.875000      0.4125000      1.4357292E-02
   9.125000      0.4125000      1.4804309E-02
   9.375000      0.4125000      1.5363801E-02
   9.625000      0.4125000      1.8764270E-02
   9.875000      0.4125000      9.2337206E-02
   10.00000      0.4125000       1.000000    
 
  0.0000000E+00  0.4375000      0.0000000E+00
  0.1250000      0.4375000      1.8350321E-06
  0.3750000      0.4375000      3.7702994E-05
  0.6250000      0.4375000      1.3092357E-04
  0.8750000      0.4375000      2.8950351E-04
   1.125000      0.4375000      5.0437654E-04
   1.375000      0.4375000      7.5872283E-04
   1.625000      0.4375000      1.0365515E-03
   1.875000      0.4375000      1.3265352E-03
   2.125000      0.4375000      1.6220830E-03
   2.375000      0.4375000      1.9199048E-03
   2.625000      0.4375000      2.2185624E-03
   2.875000      0.4375000      2.5174930E-03
   3.125000      0.4375000      2.8165041E-03
   3.375000      0.4375000      3.1155348E-03
   3.625000      0.4375000      3.4145706E-03
   3.875000      0.4375000      3.7136059E-03
   4.125000      0.4375000      4.0126401E-03
   4.375000      0.4375000      4.3116766E-03
   4.625000      0.4375000      4.6107117E-03
   4.875000      0.4375000      4.9097468E-03
   5.125000      0.4375000      5.2087819E-03
   5.375000      0.4375000      5.5078180E-03
   5.625000      0.4375000      5.8068517E-03
   5.875000      0.4375000      6.1058886E-03
   6.125000      0.4375000      6.4049228E-03
   6.375000      0.4375000      6.7039579E-03
   6.625000      0.4375000      7.0029921E-03
   6.875000      0.4375000      7.3020305E-03
   7.125000      0.4375000      7.6010665E-03
   7.375000      0.4375000      7.9001011E-03
   7.625000      0.4375000      8.1991376E-03
   7.875000      0.4375000      8.4981695E-03
   8.125000      0.4375000      8.7972060E-03
   8.375000      0.4375000      9.0962434E-03
   8.625000      0.4375000      9.3952799E-03
   8.875000      0.4375000      9.6944580E-03
   9.125000      0.4375000      9.9976650E-03
   9.375000      0.4375000      1.0409268E-02
   9.625000      0.4375000      1.3596971E-02
   9.875000      0.4375000      8.6403690E-02
   10.00000      0.4375000       1.000000    
 
  0.0000000E+00  0.4625000      0.0000000E+00
  0.1250000      0.4625000      1.2745159E-06
  0.3750000      0.4625000      2.6948886E-05
  0.6250000      0.4625000      9.3631730E-05
  0.8750000      0.4625000      2.0595832E-04
   1.125000      0.4625000      3.5605792E-04
   1.375000      0.4625000      5.3116697E-04
   1.625000      0.4625000      7.2001922E-04
   1.875000      0.4625000      9.1523794E-04
   2.125000      0.4625000      1.1129322E-03
   2.375000      0.4625000      1.3114033E-03
   2.625000      0.4625000      1.5100419E-03
   2.875000      0.4625000      1.7086786E-03
   3.125000      0.4625000      1.9072902E-03
   3.375000      0.4625000      2.1058833E-03
   3.625000      0.4625000      2.3044674E-03
   3.875000      0.4625000      2.5030482E-03
   4.125000      0.4625000      2.7016271E-03
   4.375000      0.4625000      2.9002065E-03
   4.625000      0.4625000      3.0987849E-03
   4.875000      0.4625000      3.2973639E-03
   5.125000      0.4625000      3.4959416E-03
   5.375000      0.4625000      3.6945215E-03
   5.625000      0.4625000      3.8930995E-03
   5.875000      0.4625000      4.0916787E-03
   6.125000      0.4625000      4.2902566E-03
   6.375000      0.4625000      4.4888356E-03
   6.625000      0.4625000      4.6874136E-03
   6.875000      0.4625000      4.8859925E-03
   7.125000      0.4625000      5.0845724E-03
   7.375000      0.4625000      5.2831504E-03
   7.625000      0.4625000      5.4817293E-03
   7.875000      0.4625000      5.6803077E-03
   8.125000      0.4625000      5.8788853E-03
   8.375000      0.4625000      6.0774642E-03
   8.625000      0.4625000      6.2760464E-03
   8.875000      0.4625000      6.4747636E-03
   9.125000      0.4625000      6.6773798E-03
   9.375000      0.4625000      6.9857836E-03
   9.625000      0.4625000      1.0028635E-02
   9.875000      0.4625000      8.2337767E-02
   10.00000      0.4625000       1.000000    
 
  0.0000000E+00  0.4875000      0.0000000E+00
  0.1250000      0.4875000      1.2117314E-06
  0.3750000      0.4875000      2.4611405E-05
  0.6250000      0.4875000      8.2107479E-05
  0.8750000      0.4875000      1.7344851E-04
   1.125000      0.4875000      2.8871789E-04
   1.375000      0.4875000      4.1645922E-04
   1.625000      0.4875000      5.4860429E-04
   1.875000      0.4875000      6.8116141E-04
   2.125000      0.4875000      8.1285788E-04
   2.375000      0.4875000      9.4365550E-04
   2.625000      0.4875000      1.0738568E-03
   2.875000      0.4875000      1.2037362E-03
   3.125000      0.4875000      1.3334657E-03
   3.375000      0.4875000      1.4631323E-03
   3.625000      0.4875000      1.5927743E-03
   3.875000      0.4875000      1.7224073E-03
   4.125000      0.4875000      1.8520373E-03
   4.375000      0.4875000      1.9816670E-03
   4.625000      0.4875000      2.1112966E-03
   4.875000      0.4875000      2.2409253E-03
   5.125000      0.4875000      2.3705550E-03
   5.375000      0.4875000      2.5001836E-03
   5.625000      0.4875000      2.6298128E-03
   5.875000      0.4875000      2.7594417E-03
   6.125000      0.4875000      2.8890702E-03
   6.375000      0.4875000      3.0186996E-03
   6.625000      0.4875000      3.1483287E-03
   6.875000      0.4875000      3.2779581E-03
   7.125000      0.4875000      3.4075880E-03
   7.375000      0.4875000      3.5372167E-03
   7.625000      0.4875000      3.6668468E-03
   7.875000      0.4875000      3.7964750E-03
   8.125000      0.4875000      3.9261039E-03
   8.375000      0.4875000      4.0557329E-03
   8.625000      0.4875000      4.1853664E-03
   8.875000      0.4875000      4.3151304E-03
   9.125000      0.4875000      4.4487398E-03
   9.375000      0.4875000      4.6869940E-03
   9.625000      0.4875000      7.6417550E-03
   9.875000      0.4875000      7.9737738E-02
   10.00000      0.4875000       1.000000    
 
  0.0000000E+00  0.5125000      0.0000000E+00
  0.1250000      0.5125000      1.6515025E-06
  0.3750000      0.5125000      3.0412704E-05
  0.6250000      0.5125000      9.4527109E-05
  0.8750000      0.5125000      1.8656345E-04
   1.125000      0.5125000      2.9127300E-04
   1.375000      0.5125000      3.9626047E-04
   1.625000      0.5125000      4.9575290E-04
   1.875000      0.5125000      5.8905582E-04
   2.125000      0.5125000      6.7770900E-04
   2.375000      0.5125000      7.6353888E-04
   2.625000      0.5125000      8.4788993E-04
   2.875000      0.5125000      9.3154982E-04
   3.125000      0.5125000      1.0149167E-03
   3.375000      0.5125000      1.0981688E-03
   3.625000      0.5125000      1.1813795E-03
   3.875000      0.5125000      1.2645756E-03
   4.125000      0.5125000      1.3477667E-03
   4.375000      0.5125000      1.4309573E-03
   4.625000      0.5125000      1.5141473E-03
   4.875000      0.5125000      1.5973367E-03
   5.125000      0.5125000      1.6805266E-03
   5.375000      0.5125000      1.7637158E-03
   5.625000      0.5125000      1.8469054E-03
   5.875000      0.5125000      1.9300949E-03
   6.125000      0.5125000      2.0132842E-03
   6.375000      0.5125000      2.0964744E-03
   6.625000      0.5125000      2.1796639E-03
   6.875000      0.5125000      2.2628536E-03
   7.125000      0.5125000      2.3460437E-03
   7.375000      0.5125000      2.4292334E-03
   7.625000      0.5125000      2.5124229E-03
   7.875000      0.5125000      2.5956125E-03
   8.125000      0.5125000      2.6788025E-03
   8.375000      0.5125000      2.7619922E-03
   8.625000      0.5125000      2.8451863E-03
   8.875000      0.5125000      2.9285122E-03
   9.125000      0.5125000      3.0156986E-03
   9.375000      0.5125000      3.2078875E-03
   9.625000      0.5125000      6.1231819E-03
   9.875000      0.5125000      7.8305356E-02
   10.00000      0.5125000       1.000000    
 
  0.0000000E+00  0.5375000      0.0000000E+00
  0.1250000      0.5375000      2.8081126E-06
  0.3750000      0.5375000      4.6446934E-05
  0.6250000      0.5375000      1.3480340E-04
  0.8750000      0.5375000      2.4916825E-04
   1.125000      0.5375000      3.6506407E-04
   1.375000      0.5375000      4.6736133E-04
   1.625000      0.5375000      5.5245822E-04
   1.875000      0.5375000      6.2349933E-04
   2.125000      0.5375000      6.8539724E-04
   2.375000      0.5375000      7.4221339E-04
   2.625000      0.5375000      7.9652999E-04
   2.875000      0.5375000      8.4973441E-04
   3.125000      0.5375000      9.0248534E-04
   3.375000      0.5375000      9.5506490E-04
   3.625000      0.5375000      1.0075840E-03
   3.875000      0.5375000      1.0600828E-03
   4.125000      0.5375000      1.1125751E-03
   4.375000      0.5375000      1.1650656E-03
   4.625000      0.5375000      1.2175556E-03
   4.875000      0.5375000      1.2700455E-03
   5.125000      0.5375000      1.3225356E-03
   5.375000      0.5375000      1.3750254E-03
   5.625000      0.5375000      1.4275151E-03
   5.875000      0.5375000      1.4800048E-03
   6.125000      0.5375000      1.5324946E-03
   6.375000      0.5375000      1.5849842E-03
   6.625000      0.5375000      1.6374744E-03
   6.875000      0.5375000      1.6899641E-03
   7.125000      0.5375000      1.7424541E-03
   7.375000      0.5375000      1.7949442E-03
   7.625000      0.5375000      1.8474337E-03
   7.875000      0.5375000      1.8999234E-03
   8.125000      0.5375000      1.9524136E-03
   8.375000      0.5375000      2.0049033E-03
   8.625000      0.5375000      2.0573977E-03
   8.875000      0.5375000      2.1100282E-03
   9.125000      0.5375000      2.1666146E-03
   9.375000      0.5375000      2.3301409E-03
   9.625000      0.5375000      5.2493182E-03
   9.875000      0.5375000      7.7833645E-02
   10.00000      0.5375000       1.000000    
 
  0.0000000E+00  0.5625000      0.0000000E+00
  0.1250000      0.5625000      5.2064934E-06
  0.3750000      0.5625000      7.7819772E-05
  0.6250000      0.5625000      2.1352257E-04
  0.8750000      0.5625000      3.7516290E-04
   1.125000      0.5625000      5.2412052E-04
   1.375000      0.5625000      6.4135739E-04
   1.625000      0.5625000      7.2637846E-04
   1.875000      0.5625000      7.8751566E-04
   2.125000      0.5625000      8.3405420E-04
   2.375000      0.5625000      8.7284716E-04
   2.625000      0.5625000      9.0797059E-04
   2.875000      0.5625000      9.4151311E-04
   3.125000      0.5625000      9.7442768E-04
   3.375000      0.5625000      1.0071112E-03
   3.625000      0.5625000      1.0397151E-03
   3.875000      0.5625000      1.0722928E-03
   4.125000      0.5625000      1.1048623E-03
   4.375000      0.5625000      1.1374290E-03
   4.625000      0.5625000      1.1699953E-03
   4.875000      0.5625000      1.2025620E-03
   5.125000      0.5625000      1.2351285E-03
   5.375000      0.5625000      1.2676949E-03
   5.625000      0.5625000      1.3002610E-03
   5.875000      0.5625000      1.3328269E-03
   6.125000      0.5625000      1.3653932E-03
   6.375000      0.5625000      1.3979597E-03
   6.625000      0.5625000      1.4305258E-03
   6.875000      0.5625000      1.4630922E-03
   7.125000      0.5625000      1.4956585E-03
   7.375000      0.5625000      1.5282247E-03
   7.625000      0.5625000      1.5607908E-03
   7.875000      0.5625000      1.5933570E-03
   8.125000      0.5625000      1.6259238E-03
   8.375000      0.5625000      1.6584899E-03
   8.625000      0.5625000      1.6910613E-03
   8.875000      0.5625000      1.7237758E-03
   9.125000      0.5625000      1.7606276E-03
   9.375000      0.5625000      1.9080965E-03
   9.625000      0.5625000      4.8719160E-03
   9.875000      0.5625000      7.8195229E-02
   10.00000      0.5625000       1.000000    
 
  0.0000000E+00  0.5875000      0.0000000E+00
  0.1250000      0.5875000      9.9140398E-06
  0.3750000      0.5875000      1.3400026E-04
  0.6250000      0.5875000      3.4997455E-04
  0.8750000      0.5875000      5.9041905E-04
   1.125000      0.5875000      7.9654716E-04
   1.375000      0.5875000      9.4539026E-04
   1.625000      0.5875000      1.0419959E-03
   1.875000      0.5875000      1.1022398E-03
   2.125000      0.5875000      1.1412621E-03
   2.375000      0.5875000      1.1694380E-03
   2.625000      0.5875000      1.1926356E-03
   2.875000      0.5875000      1.2137477E-03
   3.125000      0.5875000      1.2340519E-03
   3.375000      0.5875000      1.2540652E-03
   3.625000      0.5875000      1.2739801E-03
   3.875000      0.5875000      1.2938640E-03
   4.125000      0.5875000      1.3137378E-03
   4.375000      0.5875000      1.3336089E-03
   4.625000      0.5875000      1.3534789E-03
   4.875000      0.5875000      1.3733492E-03
   5.125000      0.5875000      1.3932195E-03
   5.375000      0.5875000      1.4130898E-03
   5.625000      0.5875000      1.4329600E-03
   5.875000      0.5875000      1.4528296E-03
   6.125000      0.5875000      1.4726998E-03
   6.375000      0.5875000      1.4925697E-03
   6.625000      0.5875000      1.5124397E-03
   6.875000      0.5875000      1.5323103E-03
   7.125000      0.5875000      1.5521800E-03
   7.375000      0.5875000      1.5720505E-03
   7.625000      0.5875000      1.5919203E-03
   7.875000      0.5875000      1.6117903E-03
   8.125000      0.5875000      1.6316610E-03
   8.375000      0.5875000      1.6515309E-03
   8.625000      0.5875000      1.6714063E-03
   8.875000      0.5875000      1.6914372E-03
   9.125000      0.5875000      1.7158872E-03
   9.375000      0.5875000      1.8566184E-03
   9.625000      0.5875000      4.9058311E-03
   9.875000      0.5875000      7.9332277E-02
   10.00000      0.5875000       1.000000    
 
  0.0000000E+00  0.6125000      0.0000000E+00
  0.1250000      0.6125000      1.8997711E-05
  0.3750000      0.6125000      2.3113443E-04
  0.6250000      0.6125000      5.7543721E-04
  0.8750000      0.6125000      9.3588704E-04
   1.125000      0.6125000      1.2269288E-03
   1.375000      0.6125000      1.4238256E-03
   1.625000      0.6125000      1.5417158E-03
   1.875000      0.6125000      1.6075619E-03
   2.125000      0.6125000      1.6443123E-03
   2.375000      0.6125000      1.6667149E-03
   2.625000      0.6125000      1.6827347E-03
   2.875000      0.6125000      1.6961532E-03
   3.125000      0.6125000      1.7085884E-03
   3.375000      0.6125000      1.7206784E-03
   3.625000      0.6125000      1.7326531E-03
   3.875000      0.6125000      1.7445923E-03
   4.125000      0.6125000      1.7565207E-03
   4.375000      0.6125000      1.7684462E-03
   4.625000      0.6125000      1.7803701E-03
   4.875000      0.6125000      1.7922947E-03
   5.125000      0.6125000      1.8042189E-03
   5.375000      0.6125000      1.8161433E-03
   5.625000      0.6125000      1.8280677E-03
   5.875000      0.6125000      1.8399915E-03
   6.125000      0.6125000      1.8519154E-03
   6.375000      0.6125000      1.8638395E-03
   6.625000      0.6125000      1.8757640E-03
   6.875000      0.6125000      1.8876882E-03
   7.125000      0.6125000      1.8996118E-03
   7.375000      0.6125000      1.9115364E-03
   7.625000      0.6125000      1.9234604E-03
   7.875000      0.6125000      1.9353848E-03
   8.125000      0.6125000      1.9473094E-03
   8.375000      0.6125000      1.9592333E-03
   8.625000      0.6125000      1.9711633E-03
   8.875000      0.6125000      1.9832663E-03
   9.125000      0.6125000      2.0001919E-03
   9.375000      0.6125000      2.1414154E-03
   9.625000      0.6125000      5.3193043E-03
   9.875000      0.6125000      8.1249006E-02
   10.00000      0.6125000       1.000000    
 
  0.0000000E+00  0.6375000      0.0000000E+00
  0.1250000      0.6375000      3.6383281E-05
  0.3750000      0.6375000      3.9568031E-04
  0.6250000      0.6375000      9.3786546E-04
  0.8750000      0.6375000      1.4717688E-03
   1.125000      0.6375000      1.8795236E-03
   1.375000      0.6375000      2.1406321E-03
   1.625000      0.6375000      2.2876880E-03
   1.875000      0.6375000      2.3635628E-03
   2.125000      0.6375000      2.4013268E-03
   2.375000      0.6375000      2.4209740E-03
   2.625000      0.6375000      2.4328153E-03
   2.875000      0.6375000      2.4415662E-03
   3.125000      0.6375000      2.4491779E-03
   3.375000      0.6375000      2.4563982E-03
   3.625000      0.6375000      2.4634921E-03
   3.875000      0.6375000      2.4705473E-03
   4.125000      0.6375000      2.4775905E-03
   4.375000      0.6375000      2.4846303E-03
   4.625000      0.6375000      2.4916695E-03
   4.875000      0.6375000      2.4987089E-03
   5.125000      0.6375000      2.5057481E-03
   5.375000      0.6375000      2.5127875E-03
   5.625000      0.6375000      2.5198269E-03
   5.875000      0.6375000      2.5268651E-03
   6.125000      0.6375000      2.5339040E-03
   6.375000      0.6375000      2.5409425E-03
   6.625000      0.6375000      2.5479824E-03
   6.875000      0.6375000      2.5550213E-03
   7.125000      0.6375000      2.5620600E-03
   7.375000      0.6375000      2.5690992E-03
   7.625000      0.6375000      2.5761381E-03
   7.875000      0.6375000      2.5831771E-03
   8.125000      0.6375000      2.5902167E-03
   8.375000      0.6375000      2.5972559E-03
   8.625000      0.6375000      2.6043011E-03
   8.875000      0.6375000      2.6115442E-03
   9.125000      0.6375000      2.6241641E-03
   9.375000      0.6375000      2.7719594E-03
   9.625000      0.6375000      6.1269812E-03
   9.875000      0.6375000      8.4007144E-02
   10.00000      0.6375000       1.000000    
 
  0.0000000E+00  0.6625000      0.0000000E+00
  0.1250000      0.6625000      6.9428781E-05
  0.3750000      0.6625000      6.6981465E-04
  0.6250000      0.6625000      1.5080292E-03
  0.8750000      0.6625000      2.2824616E-03
   1.125000      0.6625000      2.8418498E-03
   1.375000      0.6625000      3.1820796E-03
   1.625000      0.6625000      3.3640217E-03
   1.875000      0.6625000      3.4524337E-03
   2.125000      0.6625000      3.4929521E-03
   2.375000      0.6625000      3.5115543E-03
   2.625000      0.6625000      3.5210219E-03
   2.875000      0.6625000      3.5269803E-03
   3.125000      0.6625000      3.5316802E-03
   3.375000      0.6625000      3.5359578E-03
   3.625000      0.6625000      3.5401019E-03
   3.875000      0.6625000      3.5442065E-03
   4.125000      0.6625000      3.5482980E-03
   4.375000      0.6625000      3.5523875E-03
   4.625000      0.6625000      3.5564750E-03
   4.875000      0.6625000      3.5605635E-03
   5.125000      0.6625000      3.5646523E-03
   5.375000      0.6625000      3.5687408E-03
   5.625000      0.6625000      3.5728288E-03
   5.875000      0.6625000      3.5769157E-03
   6.125000      0.6625000      3.5810047E-03
   6.375000      0.6625000      3.5850916E-03
   6.625000      0.6625000      3.5891805E-03
   6.875000      0.6625000      3.5932688E-03
   7.125000      0.6625000      3.5973557E-03
   7.375000      0.6625000      3.6014442E-03
   7.625000      0.6625000      3.6055320E-03
   7.875000      0.6625000      3.6096205E-03
   8.125000      0.6625000      3.6137092E-03
   8.375000      0.6625000      3.6177975E-03
   8.625000      0.6625000      3.6218932E-03
   8.875000      0.6625000      3.6262195E-03
   9.125000      0.6625000      3.6366680E-03
   9.375000      0.6625000      3.7967188E-03
   9.625000      0.6625000      7.3853391E-03
   9.875000      0.6625000      8.7723561E-02
   10.00000      0.6625000       1.000000    
 
  0.0000000E+00  0.6875000      0.0000000E+00
  0.1250000      0.6875000      1.3174023E-04
  0.3750000      0.6875000      1.1190947E-03
  0.6250000      0.6875000      2.3869106E-03
  0.8750000      0.6875000      3.4817187E-03
   1.125000      0.6875000      4.2281039E-03
   1.375000      0.6875000      4.6593016E-03
   1.625000      0.6875000      4.8790001E-03
   1.875000      0.6875000      4.9805287E-03
   2.125000      0.6875000      5.0242711E-03
   2.375000      0.6875000      5.0425990E-03
   2.625000      0.6875000      5.0506955E-03
   2.875000      0.6875000      5.0549828E-03
   3.125000      0.6875000      5.0579412E-03
   3.375000      0.6875000      5.0604660E-03
   3.625000      0.6875000      5.0628581E-03
   3.875000      0.6875000      5.0652088E-03
   4.125000      0.6875000      5.0675487E-03
   4.375000      0.6875000      5.0698877E-03
   4.625000      0.6875000      5.0722226E-03
   4.875000      0.6875000      5.0745578E-03
   5.125000      0.6875000      5.0768950E-03
   5.375000      0.6875000      5.0792326E-03
   5.625000      0.6875000      5.0815684E-03
   5.875000      0.6875000      5.0839046E-03
   6.125000      0.6875000      5.0862413E-03
   6.375000      0.6875000      5.0885766E-03
   6.625000      0.6875000      5.0909123E-03
   6.875000      0.6875000      5.0932486E-03
   7.125000      0.6875000      5.0955848E-03
   7.375000      0.6875000      5.0979219E-03
   7.625000      0.6875000      5.1002572E-03
   7.875000      0.6875000      5.1025935E-03
   8.125000      0.6875000      5.1049306E-03
   8.375000      0.6875000      5.1072678E-03
   8.625000      0.6875000      5.1096114E-03
   8.875000      0.6875000      5.1122326E-03
   9.125000      0.6875000      5.1219668E-03
   9.375000      0.6875000      5.3001810E-03
   9.625000      0.6875000      9.1899959E-03
   9.875000      0.6875000      9.2570208E-02
   10.00000      0.6875000       1.000000    
 
  0.0000000E+00  0.7125000      0.0000000E+00
  0.1250000      0.7125000      2.4808079E-04
  0.3750000      0.7125000      1.8427233E-03
  0.6250000      0.7125000      3.7137084E-03
  0.8750000      0.7125000      5.2171256E-03
   1.125000      0.7125000      6.1816582E-03
   1.375000      0.7125000      6.7101382E-03
   1.625000      0.7125000      6.9668056E-03
   1.875000      0.7125000      7.0800628E-03
   2.125000      0.7125000      7.1264547E-03
   2.375000      0.7125000      7.1446178E-03
   2.625000      0.7125000      7.1518207E-03
   2.875000      0.7125000      7.1550785E-03
   3.125000      0.7125000      7.1569937E-03
   3.375000      0.7125000      7.1584871E-03
   3.625000      0.7125000      7.1598552E-03
   3.875000      0.7125000      7.1611800E-03
   4.125000      0.7125000      7.1624978E-03
   4.375000      0.7125000      7.1638166E-03
   4.625000      0.7125000      7.1651265E-03
   4.875000      0.7125000      7.1664406E-03
   5.125000      0.7125000      7.1677556E-03
   5.375000      0.7125000      7.1690688E-03
   5.625000      0.7125000      7.1703829E-03
   5.875000      0.7125000      7.1716984E-03
   6.125000      0.7125000      7.1730134E-03
   6.375000      0.7125000      7.1743252E-03
   6.625000      0.7125000      7.1756383E-03
   6.875000      0.7125000      7.1769534E-03
   7.125000      0.7125000      7.1782665E-03
   7.375000      0.7125000      7.1795806E-03
   7.625000      0.7125000      7.1808943E-03
   7.875000      0.7125000      7.1822070E-03
   8.125000      0.7125000      7.1835225E-03
   8.375000      0.7125000      7.1848375E-03
   8.625000      0.7125000      7.1861614E-03
   8.875000      0.7125000      7.1878191E-03
   9.125000      0.7125000      7.1979007E-03
   9.375000      0.7125000      7.4009439E-03
   9.625000      0.7125000      1.1674063E-02
   9.875000      0.7125000      9.8774351E-02
   10.00000      0.7125000       1.000000    
 
  0.0000000E+00  0.7375000      0.0000000E+00
  0.1250000      0.7375000      4.6266423E-04
  0.3750000      0.7375000      2.9863610E-03
  0.6250000      0.7375000      5.6731915E-03
  0.8750000      0.7375000      7.6726736E-03
   1.125000      0.7375000      8.8758552E-03
   1.375000      0.7375000      9.4997343E-03
   1.625000      0.7375000      9.7883036E-03
   1.875000      0.7375000      9.9100294E-03
   2.125000      0.7375000      9.9576861E-03
   2.375000      0.7375000      9.9753682E-03
   2.625000      0.7375000      9.9818399E-03
   2.875000      0.7375000      9.9844094E-03
   3.125000      0.7375000      9.9856919E-03
   3.375000      0.7375000      9.9865822E-03
   3.625000      0.7375000      9.9873571E-03
   3.875000      0.7375000      9.9880937E-03
   4.125000      0.7375000      9.9888267E-03
   4.375000      0.7375000      9.9895578E-03
   4.625000      0.7375000      9.9902805E-03
   4.875000      0.7375000      9.9910079E-03
   5.125000      0.7375000      9.9917362E-03
   5.375000      0.7375000      9.9924617E-03
   5.625000      0.7375000      9.9931899E-03
   5.875000      0.7375000      9.9939201E-03
   6.125000      0.7375000      9.9946456E-03
   6.375000      0.7375000      9.9953730E-03
   6.625000      0.7375000      9.9961003E-03
   6.875000      0.7375000      9.9968286E-03
   7.125000      0.7375000      9.9975541E-03
   7.375000      0.7375000      9.9982815E-03
   7.625000      0.7375000      9.9990079E-03
   7.875000      0.7375000      9.9997353E-03
   8.125000      0.7375000      1.0000465E-02
   8.375000      0.7375000      1.0001193E-02
   8.625000      0.7375000      1.0001931E-02
   8.875000      0.7375000      1.0003083E-02
   9.125000      0.7375000      1.0014364E-02
   9.375000      0.7375000      1.0250122E-02
   9.625000      0.7375000      1.5006681E-02
   9.875000      0.7375000      0.1066178    
   10.00000      0.7375000       1.000000    
 
  0.0000000E+00  0.7625000      0.0000000E+00
  0.1250000      0.7625000      8.5262593E-04
  0.3750000      0.7625000      4.7565321E-03
  0.6250000      0.7625000      8.5003367E-03
  0.8750000      0.7625000      1.1068047E-02
   1.125000      0.7625000      1.2512369E-02
   1.375000      0.7625000      1.3219437E-02
   1.625000      0.7625000      1.3530458E-02
   1.875000      0.7625000      1.3655853E-02
   2.125000      0.7625000      1.3702873E-02
   2.375000      0.7625000      1.3719532E-02
   2.625000      0.7625000      1.3725265E-02
   2.875000      0.7625000      1.3727322E-02
   3.125000      0.7625000      1.3728205E-02
   3.375000      0.7625000      1.3728742E-02
   3.625000      0.7625000      1.3729180E-02
   3.875000      0.7625000      1.3729584E-02
   4.125000      0.7625000      1.3729985E-02
   4.375000      0.7625000      1.3730384E-02
   4.625000      0.7625000      1.3730776E-02
   4.875000      0.7625000      1.3731171E-02
   5.125000      0.7625000      1.3731568E-02
   5.375000      0.7625000      1.3731966E-02
   5.625000      0.7625000      1.3732359E-02
   5.875000      0.7625000      1.3732761E-02
   6.125000      0.7625000      1.3733152E-02
   6.375000      0.7625000      1.3733553E-02
   6.625000      0.7625000      1.3733950E-02
   6.875000      0.7625000      1.3734347E-02
   7.125000      0.7625000      1.3734736E-02
   7.375000      0.7625000      1.3735136E-02
   7.625000      0.7625000      1.3735530E-02
   7.875000      0.7625000      1.3735926E-02
   8.125000      0.7625000      1.3736329E-02
   8.375000      0.7625000      1.3736722E-02
   8.625000      0.7625000      1.3737134E-02
   8.875000      0.7625000      1.3738055E-02
   9.125000      0.7625000      1.3751319E-02
   9.375000      0.7625000      1.4029274E-02
   9.625000      0.7625000      1.9390631E-02
   9.875000      0.7625000      0.1164329    
   10.00000      0.7625000       1.000000    
 
  0.0000000E+00  0.7875000      0.0000000E+00
  0.1250000      0.7875000      1.5488174E-03
  0.3750000      0.7875000      7.4341521E-03
  0.6250000      0.7875000      1.2479494E-02
  0.8750000      0.7875000      1.5653325E-02
   1.125000      0.7875000      1.7316647E-02
   1.375000      0.7875000      1.8083641E-02
   1.625000      0.7875000      1.8403981E-02
   1.875000      0.7875000      1.8527323E-02
   2.125000      0.7875000      1.8571651E-02
   2.375000      0.7875000      1.8586701E-02
   2.625000      0.7875000      1.8591626E-02
   2.875000      0.7875000      1.8593255E-02
   3.125000      0.7875000      1.8593879E-02
   3.375000      0.7875000      1.8594209E-02
   3.625000      0.7875000      1.8594451E-02
   3.875000      0.7875000      1.8594669E-02
   4.125000      0.7875000      1.8594887E-02
   4.375000      0.7875000      1.8595101E-02
   4.625000      0.7875000      1.8595308E-02
   4.875000      0.7875000      1.8595522E-02
   5.125000      0.7875000      1.8595731E-02
   5.375000      0.7875000      1.8595947E-02
   5.625000      0.7875000      1.8596157E-02
   5.875000      0.7875000      1.8596372E-02
   6.125000      0.7875000      1.8596584E-02
   6.375000      0.7875000      1.8596802E-02
   6.625000      0.7875000      1.8597016E-02
   6.875000      0.7875000      1.8597221E-02
   7.125000      0.7875000      1.8597433E-02
   7.375000      0.7875000      1.8597646E-02
   7.625000      0.7875000      1.8597858E-02
   7.875000      0.7875000      1.8598070E-02
   8.125000      0.7875000      1.8598286E-02
   8.375000      0.7875000      1.8598501E-02
   8.625000      0.7875000      1.8598732E-02
   8.875000      0.7875000      1.8599601E-02
   9.125000      0.7875000      1.8615635E-02
   9.375000      0.7875000      1.8947102E-02
   9.625000      0.7875000      2.5057858E-02
   9.875000      0.7875000      0.1285904    
   10.00000      0.7875000       1.000000    
 
  0.0000000E+00  0.8125000      0.0000000E+00
  0.1250000      0.8125000      2.7657966E-03
  0.3750000      0.8125000      1.1382562E-02
  0.6250000      0.8125000      1.7935121E-02
  0.8750000      0.8125000      2.1698521E-02
   1.125000      0.8125000      2.3530621E-02
   1.375000      0.8125000      2.4324683E-02
   1.625000      0.8125000      2.4639091E-02
   1.875000      0.8125000      2.4754589E-02
   2.125000      0.8125000      2.4794370E-02
   2.375000      0.8125000      2.4807334E-02
   2.625000      0.8125000      2.4811396E-02
   2.875000      0.8125000      2.4812657E-02
   3.125000      0.8125000      2.4813091E-02
   3.375000      0.8125000      2.4813294E-02
   3.625000      0.8125000      2.4813429E-02
   3.875000      0.8125000      2.4813542E-02
   4.125000      0.8125000      2.4813665E-02
   4.375000      0.8125000      2.4813771E-02
   4.625000      0.8125000      2.4813885E-02
   4.875000      0.8125000      2.4813997E-02
   5.125000      0.8125000      2.4814101E-02
   5.375000      0.8125000      2.4814218E-02
   5.625000      0.8125000      2.4814326E-02
   5.875000      0.8125000      2.4814438E-02
   6.125000      0.8125000      2.4814552E-02
   6.375000      0.8125000      2.4814675E-02
   6.625000      0.8125000      2.4814790E-02
   6.875000      0.8125000      2.4814893E-02
   7.125000      0.8125000      2.4815001E-02
   7.375000      0.8125000      2.4815110E-02
   7.625000      0.8125000      2.4815224E-02
   7.875000      0.8125000      2.4815341E-02
   8.125000      0.8125000      2.4815453E-02
   8.375000      0.8125000      2.4815563E-02
   8.625000      0.8125000      2.4815705E-02
   8.875000      0.8125000      2.4816640E-02
   9.125000      0.8125000      2.4836287E-02
   9.375000      0.8125000      2.5234407E-02
   9.625000      0.8125000      3.2261819E-02
   9.875000      0.8125000      0.1434764    
   10.00000      0.8125000       1.000000    
 
  0.0000000E+00  0.8375000      0.0000000E+00
  0.1250000      0.8375000      4.8409835E-03
  0.3750000      0.8375000      1.7042890E-02
  0.6250000      0.8375000      2.5211798E-02
  0.8750000      0.8375000      2.9478498E-02
   1.125000      0.8375000      3.1403176E-02
   1.375000      0.8375000      3.2185841E-02
   1.625000      0.8375000      3.2479208E-02
   1.875000      0.8375000      3.2581937E-02
   2.125000      0.8375000      3.2615829E-02
   2.375000      0.8375000      3.2626428E-02
   2.625000      0.8375000      3.2629617E-02
   2.875000      0.8375000      3.2630555E-02
   3.125000      0.8375000      3.2630850E-02
   3.375000      0.8375000      3.2630980E-02
   3.625000      0.8375000      3.2631051E-02
   3.875000      0.8375000      3.2631114E-02
   4.125000      0.8375000      3.2631181E-02
   4.375000      0.8375000      3.2631245E-02
   4.625000      0.8375000      3.2631293E-02
   4.875000      0.8375000      3.2631353E-02
   5.125000      0.8375000      3.2631401E-02
   5.375000      0.8375000      3.2631468E-02
   5.625000      0.8375000      3.2631516E-02
   5.875000      0.8375000      3.2631569E-02
   6.125000      0.8375000      3.2631624E-02
   6.375000      0.8375000      3.2631706E-02
   6.625000      0.8375000      3.2631766E-02
   6.875000      0.8375000      3.2631814E-02
   7.125000      0.8375000      3.2631867E-02
   7.375000      0.8375000      3.2631926E-02
   7.625000      0.8375000      3.2631982E-02
   7.875000      0.8375000      3.2632053E-02
   8.125000      0.8375000      3.2632105E-02
   8.375000      0.8375000      3.2632153E-02
   8.625000      0.8375000      3.2632250E-02
   8.875000      0.8375000      3.2633334E-02
   9.125000      0.8375000      3.2657482E-02
   9.375000      0.8375000      3.3136815E-02
   9.625000      0.8375000      4.1265305E-02
   9.875000      0.8375000      0.1614500    
   10.00000      0.8375000       1.000000    
 
  0.0000000E+00  0.8625000      0.0000000E+00
  0.1250000      0.8625000      8.2778698E-03
  0.3750000      0.8625000      2.4907947E-02
  0.6250000      0.8625000      3.4643710E-02
  0.8750000      0.8625000      3.9255317E-02
   1.125000      0.8625000      4.1179769E-02
   1.375000      0.8625000      4.1912984E-02
   1.625000      0.8625000      4.2172857E-02
   1.875000      0.8625000      4.2259507E-02
   2.125000      0.8625000      4.2286873E-02
   2.375000      0.8625000      4.2295095E-02
   2.625000      0.8625000      4.2297475E-02
   2.875000      0.8625000      4.2298134E-02
   3.125000      0.8625000      4.2298336E-02
   3.375000      0.8625000      4.2298410E-02
   3.625000      0.8625000      4.2298455E-02
   3.875000      0.8625000      4.2298492E-02
   4.125000      0.8625000      4.2298529E-02
   4.375000      0.8625000      4.2298555E-02
   4.625000      0.8625000      4.2298581E-02
   4.875000      0.8625000      4.2298615E-02
   5.125000      0.8625000      4.2298622E-02
   5.375000      0.8625000      4.2298663E-02
   5.625000      0.8625000      4.2298678E-02
   5.875000      0.8625000      4.2298712E-02
   6.125000      0.8625000      4.2298734E-02
   6.375000      0.8625000      4.2298794E-02
   6.625000      0.8625000      4.2298824E-02
   6.875000      0.8625000      4.2298838E-02
   7.125000      0.8625000      4.2298861E-02
   7.375000      0.8625000      4.2298898E-02
   7.625000      0.8625000      4.2298924E-02
   7.875000      0.8625000      4.2298961E-02
   8.125000      0.8625000      4.2298984E-02
   8.375000      0.8625000      4.2299006E-02
   8.625000      0.8625000      4.2299077E-02
   8.875000      0.8625000      4.2300392E-02
   9.125000      0.8625000      4.2329907E-02
   9.375000      0.8625000      4.2905312E-02
   9.625000      0.8625000      5.2323073E-02
   9.875000      0.8625000      0.1827750    
   10.00000      0.8625000       1.000000    
 
  0.0000000E+00  0.8875000      0.0000000E+00
  0.1250000      0.8875000      1.3777962E-02
  0.3750000      0.8875000      3.5466656E-02
  0.6250000      0.8875000      4.6517320E-02
  0.8750000      0.8875000      5.1261365E-02
   1.125000      0.8875000      5.3092185E-02
   1.375000      0.8875000      5.3745251E-02
   1.625000      0.8875000      5.3963903E-02
   1.875000      0.8875000      5.4033250E-02
   2.125000      0.8875000      5.4054212E-02
   2.375000      0.8875000      5.4060251E-02
   2.625000      0.8875000      5.4061931E-02
   2.875000      0.8875000      5.4062363E-02
   3.125000      0.8875000      5.4062486E-02
   3.375000      0.8875000      5.4062538E-02
   3.625000      0.8875000      5.4062579E-02
   3.875000      0.8875000      5.4062586E-02
   4.125000      0.8875000      5.4062616E-02
   4.375000      0.8875000      5.4062620E-02
   4.625000      0.8875000      5.4062627E-02
   4.875000      0.8875000      5.4062657E-02
   5.125000      0.8875000      5.4062661E-02
   5.375000      0.8875000      5.4062672E-02
   5.625000      0.8875000      5.4062676E-02
   5.875000      0.8875000      5.4062691E-02
   6.125000      0.8875000      5.4062698E-02
   6.375000      0.8875000      5.4062739E-02
   6.625000      0.8875000      5.4062750E-02
   6.875000      0.8875000      5.4062765E-02
   7.125000      0.8875000      5.4062773E-02
   7.375000      0.8875000      5.4062784E-02
   7.625000      0.8875000      5.4062795E-02
   7.875000      0.8875000      5.4062810E-02
   8.125000      0.8875000      5.4062825E-02
   8.375000      0.8875000      5.4062840E-02
   8.625000      0.8875000      5.4062907E-02
   8.875000      0.8875000      5.4064482E-02
   9.125000      0.8875000      5.4100148E-02
   9.375000      0.8875000      5.4784786E-02
   9.625000      0.8875000      6.5658629E-02
   9.875000      0.8875000      0.2075196    
   10.00000      0.8875000       1.000000    
 
  0.0000000E+00  0.9125000      0.0000000E+00
  0.1250000      0.9125000      2.2229142E-02
  0.3750000      0.9125000      4.9117308E-02
  0.6250000      0.9125000      6.1035536E-02
  0.8750000      0.9125000      6.5686613E-02
   1.125000      0.9125000      6.7349546E-02
   1.375000      0.9125000      6.7905076E-02
   1.625000      0.9125000      6.8080671E-02
   1.875000      0.9125000      6.8133585E-02
   2.125000      0.9125000      6.8148844E-02
   2.375000      0.9125000      6.8153076E-02
   2.625000      0.9125000      6.8154208E-02
   2.875000      0.9125000      6.8154469E-02
   3.125000      0.9125000      6.8154551E-02
   3.375000      0.9125000      6.8154588E-02
   3.625000      0.9125000      6.8154618E-02
   3.875000      0.9125000      6.8154618E-02
   4.125000      0.9125000      6.8154626E-02
   4.375000      0.9125000      6.8154633E-02
   4.625000      0.9125000      6.8154640E-02
   4.875000      0.9125000      6.8154648E-02
   5.125000      0.9125000      6.8154655E-02
   5.375000      0.9125000      6.8154670E-02
   5.625000      0.9125000      6.8154670E-02
   5.875000      0.9125000      6.8154670E-02
   6.125000      0.9125000      6.8154670E-02
   6.375000      0.9125000      6.8154685E-02
   6.625000      0.9125000      6.8154693E-02
   6.875000      0.9125000      6.8154700E-02
   7.125000      0.9125000      6.8154715E-02
   7.375000      0.9125000      6.8154715E-02
   7.625000      0.9125000      6.8154715E-02
   7.875000      0.9125000      6.8154722E-02
   8.125000      0.9125000      6.8154737E-02
   8.375000      0.9125000      6.8154745E-02
   8.625000      0.9125000      6.8154812E-02
   8.875000      0.9125000      6.8156675E-02
   9.125000      0.9125000      6.8198957E-02
   9.375000      0.9125000      6.9001026E-02
   9.625000      0.9125000      8.1435747E-02
   9.875000      0.9125000      0.2354170    
   10.00000      0.9125000       1.000000    
 
  0.0000000E+00  0.9375000      0.0000000E+00
  0.1250000      0.9375000      3.4595855E-02
  0.3750000      0.9375000      6.6061184E-02
  0.6250000      0.9375000      7.8293435E-02
  0.8750000      0.9375000      8.2672037E-02
   1.125000      0.9375000      8.4130220E-02
   1.375000      0.9375000      8.4587604E-02
   1.625000      0.9375000      8.4724188E-02
   1.875000      0.9375000      8.4763288E-02
   2.125000      0.9375000      8.4774025E-02
   2.375000      0.9375000      8.4776871E-02
   2.625000      0.9375000      8.4777594E-02
   2.875000      0.9375000      8.4777765E-02
   3.125000      0.9375000      8.4777817E-02
   3.375000      0.9375000      8.4777832E-02
   3.625000      0.9375000      8.4777854E-02
   3.875000      0.9375000      8.4777854E-02
   4.125000      0.9375000      8.4777854E-02
   4.375000      0.9375000      8.4777854E-02
   4.625000      0.9375000      8.4777854E-02
   4.875000      0.9375000      8.4777854E-02
   5.125000      0.9375000      8.4777854E-02
   5.375000      0.9375000      8.4777854E-02
   5.625000      0.9375000      8.4777869E-02
   5.875000      0.9375000      8.4777869E-02
   6.125000      0.9375000      8.4777884E-02
   6.375000      0.9375000      8.4777884E-02
   6.625000      0.9375000      8.4777892E-02
   6.875000      0.9375000      8.4777892E-02
   7.125000      0.9375000      8.4777899E-02
   7.375000      0.9375000      8.4777899E-02
   7.625000      0.9375000      8.4777899E-02
   7.875000      0.9375000      8.4777899E-02
   8.125000      0.9375000      8.4777914E-02
   8.375000      0.9375000      8.4777914E-02
   8.625000      0.9375000      8.4777981E-02
   8.875000      0.9375000      8.4780142E-02
   9.125000      0.9375000      8.4828980E-02
   9.375000      0.9375000      8.5747190E-02
   9.625000      0.9375000      9.9726811E-02
   9.875000      0.9375000      0.2656913    
   10.00000      0.9375000       1.000000    
 
  0.0000000E+00  0.9625000      0.0000000E+00
  0.1250000      0.9625000      5.1637847E-02
  0.3750000      0.9625000      8.6207531E-02
  0.6250000      0.9625000      9.8274499E-02
  0.8750000      0.9625000      0.1023084    
   1.125000      0.9625000      0.1035748    
   1.375000      0.9625000      0.1039507    
   1.625000      0.9625000      0.1040573    
   1.875000      0.9625000      0.1040864    
   2.125000      0.9625000      0.1040940    
   2.375000      0.9625000      0.1040960    
   2.625000      0.9625000      0.1040964    
   2.875000      0.9625000      0.1040965    
   3.125000      0.9625000      0.1040966    
   3.375000      0.9625000      0.1040966    
   3.625000      0.9625000      0.1040966    
   3.875000      0.9625000      0.1040966    
   4.125000      0.9625000      0.1040966    
   4.375000      0.9625000      0.1040966    
   4.625000      0.9625000      0.1040966    
   4.875000      0.9625000      0.1040966    
   5.125000      0.9625000      0.1040966    
   5.375000      0.9625000      0.1040966    
   5.625000      0.9625000      0.1040966    
   5.875000      0.9625000      0.1040966    
   6.125000      0.9625000      0.1040966    
   6.375000      0.9625000      0.1040966    
   6.625000      0.9625000      0.1040966    
   6.875000      0.9625000      0.1040966    
   7.125000      0.9625000      0.1040966    
   7.375000      0.9625000      0.1040966    
   7.625000      0.9625000      0.1040966    
   7.875000      0.9625000      0.1040966    
   8.125000      0.9625000      0.1040966    
   8.375000      0.9625000      0.1040966    
   8.625000      0.9625000      0.1040967    
   8.875000      0.9625000      0.1040991    
   9.125000      0.9625000      0.1041536    
   9.375000      0.9625000      0.1051716    
   9.625000      0.9625000      0.1204841    
   9.875000      0.9625000      0.2968656    
   10.00000      0.9625000       1.000000    
 
  0.0000000E+00  0.9875000      0.0000000E+00
  0.1250000      0.9875000      7.3388427E-02
  0.3750000      0.9875000      0.1091341    
  0.6250000      0.9875000      0.1208641    
  0.8750000      0.9875000      0.1246357    
   1.125000      0.9875000      0.1257777    
   1.375000      0.9875000      0.1261050    
   1.625000      0.9875000      0.1261947    
   1.875000      0.9875000      0.1262184    
   2.125000      0.9875000      0.1262244    
   2.375000      0.9875000      0.1262258    
   2.625000      0.9875000      0.1262262    
   2.875000      0.9875000      0.1262263    
   3.125000      0.9875000      0.1262263    
   3.375000      0.9875000      0.1262263    
   3.625000      0.9875000      0.1262263    
   3.875000      0.9875000      0.1262263    
   4.125000      0.9875000      0.1262263    
   4.375000      0.9875000      0.1262263    
   4.625000      0.9875000      0.1262263    
   4.875000      0.9875000      0.1262263    
   5.125000      0.9875000      0.1262263    
   5.375000      0.9875000      0.1262263    
   5.625000      0.9875000      0.1262263    
   5.875000      0.9875000      0.1262263    
   6.125000      0.9875000      0.1262263    
   6.375000      0.9875000      0.1262263    
   6.625000      0.9875000      0.1262263    
   6.875000      0.9875000      0.1262263    
   7.125000      0.9875000      0.1262263    
   7.375000      0.9875000      0.1262263    
   7.625000      0.9875000      0.1262263    
   7.875000      0.9875000      0.1262263    
   8.125000      0.9875000      0.1262263    
   8.375000      0.9875000      0.1262263    
   8.625000      0.9875000      0.1262264    
   8.875000      0.9875000      0.1262289    
   9.125000      0.9875000      0.1262869    
   9.375000      0.9875000      0.1273675    
   9.625000      0.9875000      0.1435218    
   9.875000      0.9875000      0.3265944    
   10.00000      0.9875000       1.000000    
 
  0.0000000E+00   1.000000      0.0000000E+00
  0.1250000       1.000000      7.3388427E-02
  0.3750000       1.000000      0.1091341    
  0.6250000       1.000000      0.1208641    
  0.8750000       1.000000      0.1246357    
   1.125000       1.000000      0.1257777    
   1.375000       1.000000      0.1261050    
   1.625000       1.000000      0.1261947    
   1.875000       1.000000      0.1262184    
   2.125000       1.000000      0.1262244    
   2.375000       1.000000      0.1262258    
   2.625000       1.000000      0.1262262    
   2.875000       1.000000      0.1262263    
   3.125000       1.000000      0.1262263    
   3.375000       1.000000      0.1262263    
   3.625000       1.000000      0.1262263    
   3.875000       1.000000      0.1262263    
   4.125000       1.000000      0.1262263    
   4.375000       1.000000      0.1262263    
   4.625000       1.000000      0.1262263    
   4.875000       1.000000      0.1262263    
   5.125000       1.000000      0.1262263    
   5.375000       1.000000      0.1262263    
   5.625000       1.000000      0.1262263    
   5.875000       1.000000      0.1262263    
   6.125000       1.000000      0.1262263    
   6.375000       1.000000      0.1262263    
   6.625000       1.000000      0.1262263    
   6.875000       1.000000      0.1262263    
   7.125000       1.000000      0.1262263    
   7.375000       1.000000      0.1262263    
   7.625000       1.000000      0.1262263    
   7.875000       1.000000      0.1262263    
   8.125000       1.000000      0.1262263    
   8.375000       1.000000      0.1262263    
   8.625000       1.000000      0.1262264    
   8.875000       1.000000      0.1262289    
   9.125000       1.000000      0.1262869    
   9.375000       1.000000      0.1273675    
   9.625000       1.000000      0.1435218    
   9.875000       1.000000      0.3265944    
   10.00000       1.000000       1.000000    
 
