   0.00000000       300.000000       300.000000    
   3.33333365E-03   335.714264       335.416687    
   1.00000007E-02   403.809448       403.750000    
   1.66666675E-02   468.571320       468.750000    
   2.33333353E-02   529.999817       530.416687    
   3.00000012E-02   588.095032       588.750000    
   3.66666690E-02   642.856934       643.750000    
   4.33333367E-02   694.285522       695.416687    
   5.00000045E-02   742.380737       743.750061    
   5.66666722E-02   787.142639       788.750061    
   6.33333325E-02   828.571167       830.416626    
   7.00000077E-02   866.666382       868.750000    
   7.66666681E-02   901.428345       903.750000    
   8.33333433E-02   932.856934       935.416748    
   9.00000036E-02   960.952148       963.750061    
   9.66666713E-02   985.714050       988.750000    
  0.103333339       1007.14264       1010.41663    
  0.110000014       1025.23792       1028.75000    
  0.116666675       1039.99976       1043.75000    
  0.123333342       1051.42822       1055.41663    
  0.130000010       1059.52344       1063.75000    
  0.136666685       1064.28540       1068.75000    
  0.143333346       1065.71399       1070.41675    
  0.150000006       1063.80920       1068.75000    
  0.156666681       1058.57117       1063.75000    
  0.163333341       1049.99976       1055.41663    
  0.170000017       1038.09497       1043.74988    
  0.176666677       1022.85687       1028.74988    
  0.183333337       1004.28546       1010.41675    
  0.190000013       982.380676       988.750000    
  0.196666673       957.142578       963.749878    
  0.200000003       957.142578       949.999878    
