  0.0000000E+00  0.0000000E+00  0.0000000E+00
  0.1250000      0.0000000E+00  1.2499999E-02
  0.3750000      0.0000000E+00  3.7499998E-02
  0.6250000      0.0000000E+00  6.2499996E-02
  0.8750000      0.0000000E+00  8.7499991E-02
   1.125000      0.0000000E+00  0.1125000    
   1.375000      0.0000000E+00  0.1375000    
   1.625000      0.0000000E+00  0.1625000    
   1.875000      0.0000000E+00  0.1875000    
   2.125000      0.0000000E+00  0.2125000    
   2.375000      0.0000000E+00  0.2375000    
   2.625000      0.0000000E+00  0.2625000    
   2.875000      0.0000000E+00  0.2875000    
   3.125000      0.0000000E+00  0.3125000    
   3.375000      0.0000000E+00  0.3375000    
   3.625000      0.0000000E+00  0.3625000    
   3.875000      0.0000000E+00  0.3875000    
   4.125000      0.0000000E+00  0.4125000    
   4.375000      0.0000000E+00  0.4375000    
   4.625000      0.0000000E+00  0.4625000    
   4.875000      0.0000000E+00  0.4875000    
   5.125000      0.0000000E+00  0.5125000    
   5.375000      0.0000000E+00  0.5375000    
   5.625000      0.0000000E+00  0.5624999    
   5.875000      0.0000000E+00  0.5875000    
   6.125000      0.0000000E+00  0.6125000    
   6.375000      0.0000000E+00  0.6375000    
   6.625000      0.0000000E+00  0.6625000    
   6.875000      0.0000000E+00  0.6874999    
   7.125000      0.0000000E+00  0.7125000    
   7.375000      0.0000000E+00  0.7375000    
   7.625000      0.0000000E+00  0.7624999    
   7.875000      0.0000000E+00  0.7875000    
   8.125000      0.0000000E+00  0.8124999    
   8.375000      0.0000000E+00  0.8375000    
   8.625000      0.0000000E+00  0.8625000    
   8.875000      0.0000000E+00  0.8874999    
   9.125000      0.0000000E+00  0.9125000    
   9.375000      0.0000000E+00  0.9374999    
   9.625000      0.0000000E+00  0.9624999    
   9.875000      0.0000000E+00  0.9875000    
   10.00000      0.0000000E+00   1.000000    
 
  0.0000000E+00  1.2500000E-02  0.0000000E+00
  0.1250000      1.2500000E-02  1.1545920E-02
  0.3750000      1.2500000E-02  3.5449378E-02
  0.6250000      1.2500000E-02  5.9661590E-02
  0.8750000      1.2500000E-02  8.4084578E-02
   1.125000      1.2500000E-02  0.1086711    
   1.375000      1.2500000E-02  0.1333830    
   1.625000      1.2500000E-02  0.1581879    
   1.875000      1.2500000E-02  0.1830598    
   2.125000      1.2500000E-02  0.2079785    
   2.375000      1.2500000E-02  0.2329300    
   2.625000      1.2500000E-02  0.2579036    
   2.875000      1.2500000E-02  0.2828923    
   3.125000      1.2500000E-02  0.3078907    
   3.375000      1.2500000E-02  0.3328956    
   3.625000      1.2500000E-02  0.3579043    
   3.875000      1.2500000E-02  0.3829150    
   4.125000      1.2500000E-02  0.4079262    
   4.375000      1.2500000E-02  0.4329367    
   4.625000      1.2500000E-02  0.4579453    
   4.875000      1.2500000E-02  0.4829508    
   5.125000      1.2500000E-02  0.5079517    
   5.375000      1.2500000E-02  0.5329468    
   5.625000      1.2500000E-02  0.5579342    
   5.875000      1.2500000E-02  0.5829129    
   6.125000      1.2500000E-02  0.6078812    
   6.375000      1.2500000E-02  0.6328381    
   6.625000      1.2500000E-02  0.6577824    
   6.875000      1.2500000E-02  0.6827137    
   7.125000      1.2500000E-02  0.7076319    
   7.375000      1.2500000E-02  0.7325369    
   7.625000      1.2500000E-02  0.7574298    
   7.875000      1.2500000E-02  0.7823102    
   8.125000      1.2500000E-02  0.8071838    
   8.375000      1.2500000E-02  0.8320386    
   8.625000      1.2500000E-02  0.8569134    
   8.875000      1.2500000E-02  0.8817035    
   9.125000      1.2500000E-02  0.9067107    
   9.375000      1.2500000E-02  0.9310822    
   9.625000      1.2500000E-02  0.9572808    
   9.875000      1.2500000E-02  0.9780172    
   10.00000      1.2500000E-02   1.000000    
 
  0.0000000E+00  3.7500001E-02  0.0000000E+00
  0.1250000      3.7500001E-02  9.6876519E-03
  0.3750000      3.7500001E-02  3.1404421E-02
  0.6250000      3.7500001E-02  5.4042690E-02
  0.8750000      3.7500001E-02  7.7312604E-02
   1.125000      3.7500001E-02  0.1010729    
   1.375000      3.7500001E-02  0.1252092    
   1.625000      3.7500001E-02  0.1496245    
   1.875000      3.7500001E-02  0.1742403    
   2.125000      3.7500001E-02  0.1989971    
   2.375000      3.7500001E-02  0.2238515    
   2.625000      3.7500001E-02  0.2487724    
   2.875000      3.7500001E-02  0.2737386    
   3.125000      3.7500001E-02  0.2987338    
   3.375000      3.7500001E-02  0.3237486    
   3.625000      3.7500001E-02  0.3487746    
   3.875000      3.7500001E-02  0.3738068    
   4.125000      3.7500001E-02  0.3988406    
   4.375000      3.7500001E-02  0.4238722    
   4.625000      3.7500001E-02  0.4488981    
   4.875000      3.7500001E-02  0.4739145    
   5.125000      3.7500001E-02  0.4989174    
   5.375000      3.7500001E-02  0.5239027    
   5.625000      3.7500001E-02  0.5488655    
   5.875000      3.7500001E-02  0.5738018    
   6.125000      3.7500001E-02  0.5987071    
   6.375000      3.7500001E-02  0.6235781    
   6.625000      3.7500001E-02  0.6484116    
   6.875000      3.7500001E-02  0.6732061    
   7.125000      3.7500001E-02  0.6979611    
   7.375000      3.7500001E-02  0.7226766    
   7.625000      3.7500001E-02  0.7473564    
   7.875000      3.7500001E-02  0.7719979    
   8.125000      3.7500001E-02  0.7966194    
   8.375000      3.7500001E-02  0.8211836    
   8.625000      3.7500001E-02  0.8458097    
   8.875000      3.7500001E-02  0.8701776    
   9.125000      3.7500001E-02  0.8952067    
   9.375000      3.7500001E-02  0.9183004    
   9.625000      3.7500001E-02  0.9469613    
   9.875000      3.7500001E-02  0.9589148    
   10.00000      3.7500001E-02   1.000000    
 
  0.0000000E+00  6.2500000E-02  0.0000000E+00
  0.1250000      6.2500000E-02  7.9542901E-03
  0.3750000      6.2500000E-02  2.7510324E-02
  0.6250000      6.2500000E-02  4.8583161E-02
  0.8750000      6.2500000E-02  7.0705473E-02
   1.125000      6.2500000E-02  9.3643792E-02
   1.375000      6.2500000E-02  0.1172080    
   1.625000      6.2500000E-02  0.1412361    
   1.875000      6.2500000E-02  0.1655977    
   2.125000      6.2500000E-02  0.1901937    
   2.375000      6.2500000E-02  0.2149520    
   2.625000      6.2500000E-02  0.2398210    
   2.875000      6.2500000E-02  0.2647648    
   3.125000      6.2500000E-02  0.2897573    
   3.375000      6.2500000E-02  0.3147821    
   3.625000      6.2500000E-02  0.3398257    
   3.875000      6.2500000E-02  0.3648794    
   4.125000      6.2500000E-02  0.3899358    
   4.375000      6.2500000E-02  0.4149887    
   4.625000      6.2500000E-02  0.4400322    
   4.875000      6.2500000E-02  0.4650599    
   5.125000      6.2500000E-02  0.4900651    
   5.375000      6.2500000E-02  0.5150411    
   5.625000      6.2500000E-02  0.5399800    
   5.875000      6.2500000E-02  0.5648746    
   6.125000      6.2500000E-02  0.5897179    
   6.375000      6.2500000E-02  0.6145040    
   6.625000      6.2500000E-02  0.6392282    
   6.875000      6.2500000E-02  0.6638871    
   7.125000      6.2500000E-02  0.6884804    
   7.375000      6.2500000E-02  0.7130080    
   7.625000      6.2500000E-02  0.7374760    
   7.875000      6.2500000E-02  0.7618799    
   8.125000      6.2500000E-02  0.7862509    
   8.375000      6.2500000E-02  0.8105249    
   8.625000      6.2500000E-02  0.8349063    
   8.875000      6.2500000E-02  0.8588462    
   9.125000      6.2500000E-02  0.8839185    
   9.375000      6.2500000E-02  0.9056772    
   9.625000      6.2500000E-02  0.9369738    
   9.875000      6.2500000E-02  0.9394971    
   10.00000      6.2500000E-02   1.000000    
 
  0.0000000E+00  8.7500006E-02  0.0000000E+00
  0.1250000      8.7500006E-02  6.3922564E-03
  0.3750000      8.7500006E-02  2.3839112E-02
  0.6250000      8.7500006E-02  4.3366227E-02
  0.8750000      8.7500006E-02  6.4354219E-02
   1.125000      8.7500006E-02  8.6480930E-02
   1.375000      8.7500006E-02  0.1094810    
   1.625000      8.7500006E-02  0.1331278    
   1.875000      8.7500006E-02  0.1572396    
   2.125000      8.7500006E-02  0.1816779    
   2.375000      8.7500006E-02  0.2063422    
   2.625000      8.7500006E-02  0.2311606    
   2.875000      8.7500006E-02  0.2560832    
   3.125000      8.7500006E-02  0.2810737    
   3.375000      8.7500006E-02  0.3061089    
   3.625000      8.7500006E-02  0.3311703    
   3.875000      8.7500006E-02  0.3562458    
   4.125000      8.7500006E-02  0.3813251    
   4.375000      8.7500006E-02  0.4063995    
   4.625000      8.7500006E-02  0.4314609    
   4.875000      8.7500006E-02  0.4565001    
   5.125000      8.7500006E-02  0.4815083    
   5.375000      8.7500006E-02  0.5064757    
   5.625000      8.7500006E-02  0.5313917    
   5.875000      8.7500006E-02  0.5562459    
   6.125000      8.7500006E-02  0.5810285    
   6.375000      8.7500006E-02  0.6057314    
   6.625000      8.7500006E-02  0.6303478    
   6.875000      8.7500006E-02  0.6548732    
   7.125000      8.7500006E-02  0.6793067    
   7.375000      8.7500006E-02  0.7036484    
   7.625000      8.7500006E-02  0.7279069    
   7.875000      8.7500006E-02  0.7520753    
   8.125000      8.7500006E-02  0.7761985    
   8.375000      8.7500006E-02  0.8001830    
   8.625000      8.7500006E-02  0.8243254    
   8.875000      8.7500006E-02  0.8478285    
   9.125000      8.7500006E-02  0.8729753    
   9.375000      8.7500006E-02  0.8933155    
   9.625000      8.7500006E-02  0.9275024    
   9.875000      8.7500006E-02  0.9196981    
   10.00000      8.7500006E-02   1.000000    
 
  0.0000000E+00  0.1125000      0.0000000E+00
  0.1250000      0.1125000      5.0249794E-03
  0.3750000      0.1125000      2.0442305E-02
  0.6250000      0.1125000      3.8458161E-02
  0.8750000      0.1125000      5.8335844E-02
   1.125000      0.1125000      7.9669662E-02
   1.375000      0.1125000      0.1021199    
   1.625000      0.1125000      0.1253963    
   1.875000      0.1125000      0.1492658    
   2.125000      0.1125000      0.1735519    
   2.375000      0.1125000      0.1981260    
   2.625000      0.1125000      0.2228964    
   2.875000      0.1125000      0.2477994    
   3.125000      0.1125000      0.2727890    
   3.375000      0.1125000      0.2978354    
   3.625000      0.1125000      0.3229152    
   3.875000      0.1125000      0.3480129    
   4.125000      0.1125000      0.3731153    
   4.375000      0.1125000      0.3982116    
   4.625000      0.1125000      0.4232911    
   4.875000      0.1125000      0.4483426    
   5.125000      0.1125000      0.4733542    
   5.375000      0.1125000      0.4983138    
   5.625000      0.1125000      0.5232079    
   5.875000      0.1125000      0.5480229    
   6.125000      0.1125000      0.5727464    
   6.375000      0.1125000      0.5973680    
   6.625000      0.1125000      0.6218787    
   6.875000      0.1125000      0.6462729    
   7.125000      0.1125000      0.6705493    
   7.375000      0.1125000      0.6947078    
   7.625000      0.1125000      0.7187594    
   7.875000      0.1125000      0.7426947    
   8.125000      0.1125000      0.7665734    
   8.375000      0.1125000      0.7902694    
   8.625000      0.1125000      0.8141798    
   8.875000      0.1125000      0.8372358    
   9.125000      0.1125000      0.8624958    
   9.375000      0.1125000      0.8813151    
   9.625000      0.1125000      0.9187030    
   9.875000      0.1125000      0.8995484    
   10.00000      0.1125000       1.000000    
 
  0.0000000E+00  0.1375000      0.0000000E+00
  0.1250000      0.1375000      3.8583060E-03
  0.3750000      0.1375000      1.7353332E-02
  0.6250000      0.1375000      3.3909831E-02
  0.8750000      0.1375000      5.2714422E-02
   1.125000      0.1375000      7.3284455E-02
   1.375000      0.1375000      9.5207229E-02
   1.625000      0.1375000      0.1181296    
   1.875000      0.1375000      0.1417689    
   2.125000      0.1375000      0.1659111    
   2.375000      0.1375000      0.1904006    
   2.625000      0.1375000      0.2151269    
   2.875000      0.1375000      0.2400130    
   3.125000      0.1375000      0.2650036    
   3.375000      0.1375000      0.2900622    
   3.625000      0.1375000      0.3151612    
   3.875000      0.1375000      0.3402817    
   4.125000      0.1375000      0.3654077    
   4.375000      0.1375000      0.3905262    
   4.625000      0.1375000      0.4156242    
   4.875000      0.1375000      0.4406883    
   5.125000      0.1375000      0.4657041    
   5.375000      0.1375000      0.4906567    
   5.625000      0.1375000      0.5155299    
   5.875000      0.1375000      0.5403071    
   6.125000      0.1375000      0.5649732    
   6.375000      0.1375000      0.5895153    
   6.625000      0.1375000      0.6139227    
   6.875000      0.1375000      0.6381882    
   7.125000      0.1375000      0.6623102    
   7.375000      0.1375000      0.6862883    
   7.625000      0.1375000      0.7101361    
   7.875000      0.1375000      0.7338412    
   8.125000      0.1375000      0.7574790    
   8.375000      0.1375000      0.7808878    
   8.625000      0.1375000      0.8045743    
   8.875000      0.1375000      0.8271716    
   9.125000      0.1375000      0.8525885    
   9.375000      0.1375000      0.8697737    
   9.625000      0.1375000      0.9107038    
   9.875000      0.1375000      0.8791618    
   10.00000      0.1375000       1.000000    
 
  0.0000000E+00  0.1625000      0.0000000E+00
  0.1250000      0.1625000      2.8854043E-03
  0.3750000      0.1625000      1.4590137E-02
  0.6250000      0.1625000      2.9758379E-02
  0.8750000      0.1625000      4.7542326E-02
   1.125000      0.1625000      6.7389682E-02
   1.375000      0.1625000      8.8816419E-02
   1.625000      0.1625000      0.1114080    
   1.875000      0.1625000      0.1348336    
   2.125000      0.1625000      0.1588436    
   2.375000      0.1625000      0.1832567    
   2.625000      0.1625000      0.2079444    
   2.875000      0.1625000      0.2328172    
   3.125000      0.1625000      0.2578113    
   3.375000      0.1625000      0.2828838    
   3.625000      0.1625000      0.3080030    
   3.875000      0.1625000      0.3331468    
   4.125000      0.1625000      0.3582970    
   4.375000      0.1625000      0.3834380    
   4.625000      0.1625000      0.4085549    
   4.875000      0.1625000      0.4336319    
   5.125000      0.1625000      0.4586523    
   5.375000      0.1625000      0.4835988    
   5.625000      0.1625000      0.5084518    
   5.875000      0.1625000      0.5331925    
   6.125000      0.1625000      0.5578029    
   6.375000      0.1625000      0.5822673    
   6.625000      0.1625000      0.6065734    
   6.875000      0.1625000      0.6307127    
   7.125000      0.1625000      0.6546831    
   7.375000      0.1625000      0.6784838    
   7.625000      0.1625000      0.7021312    
   7.875000      0.1625000      0.7256094    
   8.125000      0.1625000      0.7490101    
   8.375000      0.1625000      0.7721331    
   8.625000      0.1625000      0.7956043    
   8.875000      0.1625000      0.8177315    
   9.125000      0.1625000      0.8433504    
   9.375000      0.1625000      0.8587861    
   9.625000      0.1625000      0.9036025    
   9.875000      0.1625000      0.8587202    
   10.00000      0.1625000       1.000000    
 
  0.0000000E+00  0.1875000      0.0000000E+00
  0.1250000      0.1875000      2.0909947E-03
  0.3750000      0.1875000      1.2158027E-02
  0.6250000      0.1875000      2.6029233E-02
  0.8750000      0.1875000      4.2861748E-02
   1.125000      0.1875000      6.2040862E-02
   1.375000      0.1875000      8.3013065E-02
   1.625000      0.1875000      0.1053044    
   1.875000      0.1875000      0.1285381    
   2.125000      0.1875000      0.1524311    
   2.375000      0.1875000      0.1767782    
   2.625000      0.1875000      0.2014346    
   2.875000      0.1875000      0.2262989    
   3.125000      0.1875000      0.2512996    
   3.375000      0.1875000      0.2763881    
   3.625000      0.1875000      0.3015288    
   3.875000      0.1875000      0.3266969    
   4.125000      0.1875000      0.3518717    
   4.375000      0.1875000      0.3770356    
   4.625000      0.1875000      0.4021716    
   4.875000      0.1875000      0.4272619    
   5.125000      0.1875000      0.4522874    
   5.375000      0.1875000      0.4772281    
   5.625000      0.1875000      0.5020618    
   5.875000      0.1875000      0.5267670    
   6.125000      0.1875000      0.5513228    
   6.375000      0.1875000      0.5757113    
   6.625000      0.1875000      0.5999182    
   6.875000      0.1875000      0.6239337    
   7.125000      0.1875000      0.6477552    
   7.375000      0.1875000      0.6713812    
   7.625000      0.1875000      0.6948317    
   7.875000      0.1875000      0.7180858    
   8.125000      0.1875000      0.7412539    
   8.375000      0.1875000      0.7640928    
   8.625000      0.1875000      0.7873574    
   8.875000      0.1875000      0.8090037    
   9.125000      0.1875000      0.8348684    
   9.375000      0.1875000      0.8484451    
   9.625000      0.1875000      0.8974684    
   9.875000      0.1875000      0.8384621    
   10.00000      0.1875000       1.000000    
 
  0.0000000E+00  0.2125000      0.0000000E+00
  0.1250000      0.2125000      1.4548100E-03
  0.3750000      0.2125000      1.0052560E-02
  0.6250000      0.2125000      2.2738224E-02
  0.8750000      0.2125000      3.8706336E-02
   1.125000      0.2125000      5.7285812E-02
   1.375000      0.2125000      7.7855662E-02
   1.625000      0.2125000      9.9884905E-02
   1.875000      0.2125000      0.1229540    
   2.125000      0.2125000      0.1467492    
   2.375000      0.2125000      0.1710434    
   2.625000      0.2125000      0.1956771    
   2.875000      0.2125000      0.2205389    
   3.125000      0.2125000      0.2455502    
   3.375000      0.2125000      0.2706572    
   3.625000      0.2125000      0.2958213    
   3.875000      0.2125000      0.3210146    
   4.125000      0.2125000      0.3462145    
   4.375000      0.2125000      0.3714016    
   4.625000      0.2125000      0.3965570    
   4.875000      0.2125000      0.4216608    
   5.125000      0.2125000      0.4466915    
   5.375000      0.2125000      0.4716266    
   5.625000      0.2125000      0.4964415    
   5.875000      0.2125000      0.5211118    
   6.125000      0.2125000      0.5456141    
   6.375000      0.2125000      0.5699281    
   6.625000      0.2125000      0.5940373    
   6.875000      0.2125000      0.6179310    
   7.125000      0.2125000      0.6416061    
   7.375000      0.2125000      0.6650604    
   7.625000      0.2125000      0.6883167    
   7.875000      0.2125000      0.7113501    
   8.125000      0.2125000      0.7342895    
   8.375000      0.2125000      0.7568465    
   8.625000      0.2125000      0.7799132    
   8.875000      0.2125000      0.8010696    
   9.125000      0.2125000      0.8272198    
   9.375000      0.2125000      0.8388423    
   9.625000      0.2125000      0.8923417    
   9.875000      0.2125000      0.8186688    
   10.00000      0.2125000       1.000000    
 
  0.0000000E+00  0.2375000      0.0000000E+00
  0.1250000      0.2375000      9.5431239E-04
  0.3750000      0.2375000      8.2623791E-03
  0.6250000      0.2375000      1.9893890E-02
  0.8750000      0.2375000      3.5102967E-02
   1.125000      0.2375000      5.3166021E-02
   1.375000      0.2375000      7.3396564E-02
   1.625000      0.2375000      9.5209785E-02
   1.875000      0.2375000      0.1181470    
   2.125000      0.2375000      0.1418669    
   2.375000      0.2375000      0.1661239    
   2.625000      0.2375000      0.1907457    
   2.875000      0.2375000      0.2156122    
   3.125000      0.2375000      0.2406387    
   3.375000      0.2375000      0.2657674    
   3.625000      0.2375000      0.2909565    
   3.875000      0.2375000      0.3161763    
   4.125000      0.2375000      0.3414019    
   4.375000      0.2375000      0.3666126    
   4.625000      0.2375000      0.3917873    
   4.875000      0.2375000      0.4169044    
   5.125000      0.2375000      0.4419403    
   5.375000      0.2375000      0.4668699    
   5.625000      0.2375000      0.4916660    
   5.875000      0.2375000      0.5163018    
   6.125000      0.2375000      0.5407511    
   6.375000      0.2375000      0.5649914    
   6.625000      0.2375000      0.5890044    
   6.875000      0.2375000      0.6127779    
   7.125000      0.2375000      0.6363087    
   7.375000      0.2375000      0.6595936    
   7.625000      0.2375000      0.6826589    
   7.875000      0.2375000      0.7054745    
   8.125000      0.2375000      0.7281893    
   8.375000      0.2375000      0.7504667    
   8.625000      0.2375000      0.7733431    
   8.875000      0.2375000      0.7940034    
   9.125000      0.2375000      0.8204716    
   9.375000      0.2375000      0.8300685    
   9.625000      0.2375000      0.8882354    
   9.875000      0.2375000      0.7996513    
   10.00000      0.2375000       1.000000    
 
  0.0000000E+00  0.2625000      0.0000000E+00
  0.1250000      0.2625000      5.6672934E-04
  0.3750000      0.2625000      6.7719449E-03
  0.6250000      0.2625000      1.7499847E-02
  0.8750000      0.2625000      3.2073606E-02
   1.125000      0.2625000      4.9718041E-02
   1.375000      0.2625000      6.9683045E-02
   1.625000      0.2625000      9.1333874E-02
   1.875000      0.2625000      0.1141771    
   2.125000      0.2625000      0.1378482    
   2.375000      0.2625000      0.1620861    
   2.625000      0.2625000      0.1867082    
   2.875000      0.2625000      0.2115874    
   3.125000      0.2625000      0.2366346    
   3.375000      0.2625000      0.2617883    
   3.625000      0.2625000      0.2870048    
   3.875000      0.2625000      0.3122522    
   4.125000      0.2625000      0.3375043    
   4.375000      0.2625000      0.3627386    
   4.625000      0.2625000      0.3879327    
   4.875000      0.2625000      0.4130629    
   5.125000      0.2625000      0.4381035    
   5.375000      0.2625000      0.4630273    
   5.625000      0.2625000      0.4878044    
   5.875000      0.2625000      0.5124054    
   6.125000      0.2625000      0.5368018    
   6.375000      0.2625000      0.5609688    
   6.625000      0.2625000      0.5848864    
   6.875000      0.2625000      0.6085409    
   7.125000      0.2625000      0.6319289    
   7.375000      0.2625000      0.6550466    
   7.625000      0.2625000      0.6779234    
   7.875000      0.2625000      0.7005240    
   8.125000      0.2625000      0.7230179    
   8.375000      0.2625000      0.7450187    
   8.625000      0.2625000      0.7677112    
   8.875000      0.2625000      0.7878730    
   9.125000      0.2625000      0.8146816    
   9.375000      0.2625000      0.8222126    
   9.625000      0.2625000      0.8851389    
   9.875000      0.2625000      0.7817381    
   10.00000      0.2625000       1.000000    
 
  0.0000000E+00  0.2875000      0.0000000E+00
  0.1250000      0.2875000      2.7050084E-04
  0.3750000      0.2875000      5.5641006E-03
  0.6250000      0.2875000      1.5557171E-02
  0.8750000      0.2875000      2.9637272E-02
   1.125000      0.2875000      4.6974957E-02
   1.375000      0.2875000      6.6758335E-02
   1.625000      0.2875000      8.8307448E-02
   1.875000      0.2875000      0.1110995    
   2.125000      0.2875000      0.1347513    
   2.375000      0.2875000      0.1589903    
   2.625000      0.2875000      0.1836265    
   2.875000      0.2875000      0.2085277    
   3.125000      0.2875000      0.2336014    
   3.375000      0.2875000      0.2587841    
   3.625000      0.2875000      0.2840302    
   3.875000      0.2875000      0.3093067    
   4.125000      0.2875000      0.3345858    
   4.375000      0.2875000      0.3598439    
   4.625000      0.2875000      0.3850571    
   4.875000      0.2875000      0.4101999    
   5.125000      0.2875000      0.4352446    
   5.375000      0.2875000      0.4601617    
   5.625000      0.2875000      0.4849190    
   5.875000      0.2875000      0.5094847    
   6.125000      0.2875000      0.5338278    
   6.375000      0.2875000      0.5579212    
   6.625000      0.2875000      0.5817435    
   6.875000      0.2875000      0.6052796    
   7.125000      0.2875000      0.6285260    
   7.375000      0.2875000      0.6514782    
   7.625000      0.2875000      0.6741686    
   7.875000      0.2875000      0.6965570    
   8.125000      0.2875000      0.7188334    
   8.375000      0.2875000      0.7405608    
   8.625000      0.2875000      0.7630743    
   8.875000      0.2875000      0.7827398    
   9.125000      0.2875000      0.8098987    
   9.375000      0.2875000      0.8153618    
   9.625000      0.2875000      0.8830209    
   9.875000      0.2875000      0.7652614    
   10.00000      0.2875000       1.000000    
 
  0.0000000E+00  0.3125000      0.0000000E+00
  0.1250000      0.3125000      4.6264602E-05
  0.3750000      0.3125000      4.6223998E-03
  0.6250000      0.3125000      1.4066749E-02
  0.8750000      0.3125000      2.7811937E-02
   1.125000      0.3125000      4.4967838E-02
   1.375000      0.3125000      6.4662673E-02
   1.625000      0.3125000      8.6176947E-02
   1.875000      0.3125000      0.1089647    
   2.125000      0.3125000      0.1326297    
   2.375000      0.3125000      0.1568919    
   2.625000      0.3125000      0.1815570    
   2.875000      0.3125000      0.2064899    
   3.125000      0.3125000      0.2315967    
   3.375000      0.3125000      0.2568125    
   3.625000      0.3125000      0.2820908    
   3.875000      0.3125000      0.3073975    
   4.125000      0.3125000      0.3327044    
   4.375000      0.3125000      0.3579863    
   4.625000      0.3125000      0.3832181    
   4.875000      0.3125000      0.4083727    
   5.125000      0.3125000      0.4334206    
   5.375000      0.3125000      0.4583299    
   5.625000      0.3125000      0.4830664    
   5.875000      0.3125000      0.5075954    
   6.125000      0.3125000      0.5318841    
   6.375000      0.3125000      0.5559033    
   6.625000      0.3125000      0.5796298    
   6.875000      0.3125000      0.6030475    
   7.125000      0.3125000      0.6261530    
   7.375000      0.3125000      0.6489407    
   7.625000      0.3125000      0.6714466    
   7.875000      0.3125000      0.6936252    
   8.125000      0.3125000      0.7156869    
   8.375000      0.3125000      0.7371449    
   8.625000      0.3125000      0.7594824    
   8.875000      0.3125000      0.7786589    
   9.125000      0.3125000      0.8061628    
   9.375000      0.3125000      0.8096005    
   9.625000      0.3125000      0.8818350    
   9.875000      0.3125000      0.7505465    
   10.00000      0.3125000       1.000000    
 
  0.0000000E+00  0.3375000      0.0000000E+00
  0.1250000      0.3375000     -1.2250435E-04
  0.3750000      0.3375000      3.9332393E-03
  0.6250000      0.3375000      1.3031533E-02
  0.8750000      0.3375000      2.6616396E-02
   1.125000      0.3375000      4.3727059E-02
   1.375000      0.3375000      6.3434176E-02
   1.625000      0.3375000      8.4985539E-02
   1.875000      0.3375000      0.1078191    
   2.125000      0.3375000      0.1315318    
   2.375000      0.3375000      0.1558407    
   2.625000      0.3375000      0.1805504    
   2.875000      0.3375000      0.2055256    
   3.125000      0.3375000      0.2306723    
   3.375000      0.3375000      0.2559253    
   3.625000      0.3375000      0.2812384    
   3.875000      0.3375000      0.3065769    
   4.125000      0.3375000      0.3319119    
   4.375000      0.3375000      0.3572176    
   4.625000      0.3375000      0.3824672    
   4.875000      0.3375000      0.4076327    
   5.125000      0.3375000      0.4326824    
   5.375000      0.3375000      0.4575824    
   5.625000      0.3375000      0.4822961    
   5.875000      0.3375000      0.5067869    
   6.125000      0.3375000      0.5310197    
   6.375000      0.3375000      0.5549631    
   6.625000      0.3375000      0.5785928    
   6.875000      0.3375000      0.6018916    
   7.125000      0.3375000      0.6248559    
   7.375000      0.3375000      0.6474798    
   7.625000      0.3375000      0.6698026    
   7.875000      0.3375000      0.6917734    
   8.125000      0.3375000      0.7136229    
   8.375000      0.3375000      0.7348160    
   8.625000      0.3375000      0.7569786    
   8.875000      0.3375000      0.7756794    
   9.125000      0.3375000      0.8035072    
   9.375000      0.3375000      0.8050085    
   9.625000      0.3375000      0.8815251    
   9.875000      0.3375000      0.7378993    
   10.00000      0.3375000       1.000000    
 
  0.0000000E+00  0.3625000      0.0000000E+00
  0.1250000      0.3625000     -2.4907518E-04
  0.3750000      0.3625000      3.4877690E-03
  0.6250000      0.3625000      1.2458632E-02
  0.8750000      0.3625000      2.6071928E-02
   1.125000      0.3625000      4.3283556E-02
   1.375000      0.3625000      6.3109770E-02
   1.625000      0.3625000      8.4773757E-02
   1.875000      0.3625000      0.1077056    
   2.125000      0.3625000      0.1315017    
   2.375000      0.3625000      0.1558816    
   2.625000      0.3625000      0.1806521    
   2.875000      0.3625000      0.2056803    
   3.125000      0.3625000      0.2308739    
   3.375000      0.3625000      0.2561686    
   3.625000      0.3625000      0.2815190    
   3.875000      0.3625000      0.3068905    
   4.125000      0.3625000      0.3322540    
   4.375000      0.3625000      0.3575830    
   4.625000      0.3625000      0.3828498    
   4.875000      0.3625000      0.4080248    
   5.125000      0.3625000      0.4330745    
   5.375000      0.3625000      0.4579632    
   5.625000      0.3625000      0.4826521    
   5.875000      0.3625000      0.5071024    
   6.125000      0.3625000      0.5312769    
   6.375000      0.3625000      0.5551425    
   6.625000      0.3625000      0.5786738    
   6.875000      0.3625000      0.6018524    
   7.125000      0.3625000      0.6246748    
   7.375000      0.3625000      0.6471353    
   7.625000      0.3625000      0.6692757    
   7.875000      0.3625000      0.6910408    
   8.125000      0.3625000      0.7126799    
   8.375000      0.3625000      0.7336130    
   8.625000      0.3625000      0.7555996    
   8.875000      0.3625000      0.7738441    
   9.125000      0.3625000      0.8019575    
   9.375000      0.3625000      0.8016607    
   9.625000      0.3625000      0.8820307    
   9.875000      0.3625000      0.7275958    
   10.00000      0.3625000       1.000000    
 
  0.0000000E+00  0.3875000      0.0000000E+00
  0.1250000      0.3875000     -3.4315159E-04
  0.3750000      0.3875000      3.2836264E-03
  0.6250000      0.3875000      1.2361214E-02
  0.8750000      0.3875000      2.6203830E-02
   1.125000      0.3875000      4.3669853E-02
   1.375000      0.3875000      6.3725837E-02
   1.625000      0.3875000      8.5579909E-02
   1.875000      0.3875000      0.1086633    
   2.125000      0.3875000      0.1325793    
   2.375000      0.3875000      0.1570545    
   2.625000      0.3875000      0.1819022    
   2.875000      0.3875000      0.2069941    
   3.125000      0.3875000      0.2322413    
   3.375000      0.3875000      0.2575821    
   3.625000      0.3875000      0.2829722    
   3.875000      0.3875000      0.3083779    
   4.125000      0.3875000      0.3337701    
   4.375000      0.3875000      0.3591219    
   4.625000      0.3875000      0.3844047    
   4.875000      0.3875000      0.4095876    
   5.125000      0.3875000      0.4346353    
   5.375000      0.3875000      0.4595103    
   5.625000      0.3875000      0.4841716    
   5.875000      0.3875000      0.5085787    
   6.125000      0.3875000      0.5326920    
   6.375000      0.3875000      0.5564772    
   6.625000      0.3875000      0.5799077    
   6.875000      0.3875000      0.6029644    
   7.125000      0.3875000      0.6256440    
   7.375000      0.3875000      0.6479404    
   7.625000      0.3875000      0.6698987    
   7.875000      0.3875000      0.6914598    
   8.125000      0.3875000      0.7128900    
   8.375000      0.3875000      0.7335689    
   8.625000      0.3875000      0.7553761    
   8.875000      0.3875000      0.7731896    
   9.125000      0.3875000      0.8015339    
   9.375000      0.3875000      0.7996236    
   9.625000      0.3875000      0.8832929    
   9.875000      0.3875000      0.7198737    
   10.00000      0.3875000       1.000000    
 
  0.0000000E+00  0.4125000      0.0000000E+00
  0.1250000      0.4125000     -4.1056843E-04
  0.3750000      0.4125000      3.3265066E-03
  0.6250000      0.4125000      1.2760140E-02
  0.8750000      0.4125000      2.7042601E-02
   1.125000      0.4125000      4.4920821E-02
   1.375000      0.4125000      6.5318659E-02
   1.625000      0.4125000      8.7440379E-02
   1.875000      0.4125000      0.1107282    
   2.125000      0.4125000      0.1347997    
   2.375000      0.4125000      0.1593944    
   2.625000      0.4125000      0.1843352    
   2.875000      0.4125000      0.2095012    
   3.125000      0.4125000      0.2348087    
   3.375000      0.4125000      0.2601995    
   3.625000      0.4125000      0.2856317    
   3.875000      0.4125000      0.3110725    
   4.125000      0.4125000      0.3364933    
   4.375000      0.4125000      0.3618672    
   4.625000      0.4125000      0.3871646    
   4.875000      0.4125000      0.4123533    
   5.125000      0.4125000      0.4373967    
   5.375000      0.4125000      0.4622551    
   5.625000      0.4125000      0.4868859    
   5.875000      0.4125000      0.5112462    
   6.125000      0.4125000      0.5352951    
   6.375000      0.4125000      0.5589967    
   6.625000      0.4125000      0.5823236    
   6.875000      0.4125000      0.6052558    
   7.125000      0.4125000      0.6277908    
   7.375000      0.4125000      0.6499225    
   7.625000      0.4125000      0.6716987    
   7.875000      0.4125000      0.6930574    
   8.125000      0.4125000      0.7142794    
   8.375000      0.4125000      0.7347106    
   8.625000      0.4125000      0.7563329    
   8.875000      0.4125000      0.7737464    
   9.125000      0.4125000      0.8022517    
   9.375000      0.4125000      0.7989553    
   9.625000      0.4125000      0.8852587    
   9.875000      0.4125000      0.7149245    
   10.00000      0.4125000       1.000000    
 
  0.0000000E+00  0.4375000      0.0000000E+00
  0.1250000      0.4375000     -4.5290132E-04
  0.3750000      0.4375000      3.6316053E-03
  0.6250000      0.4375000      1.3685321E-02
  0.8750000      0.4375000      2.8624812E-02
   1.125000      0.4375000      4.7074206E-02
   1.375000      0.4375000      6.7924716E-02
   1.625000      0.4375000      9.0389676E-02
   1.875000      0.4375000      0.1139331    
   2.125000      0.4375000      0.1381945    
   2.375000      0.4375000      0.1629313    
   2.625000      0.4375000      0.1879804    
   2.875000      0.4375000      0.2132302    
   3.125000      0.4375000      0.2386041    
   3.375000      0.4375000      0.2640487    
   3.625000      0.4375000      0.2895247    
   3.875000      0.4375000      0.3150014    
   4.125000      0.4375000      0.3404506    
   4.375000      0.4375000      0.3658454    
   4.625000      0.4375000      0.3911559    
   4.875000      0.4375000      0.4163482    
   5.125000      0.4375000      0.4413844    
   5.375000      0.4375000      0.4662230    
   5.625000      0.4375000      0.4908196    
   5.875000      0.4375000      0.5151295    
   6.125000      0.4375000      0.5391099    
   6.375000      0.4375000      0.5627242    
   6.625000      0.4375000      0.5859441    
   6.875000      0.4375000      0.6087492    
   7.125000      0.4375000      0.6311373    
   7.375000      0.4375000      0.6531031    
   7.625000      0.4375000      0.6746968    
   7.875000      0.4375000      0.6958542    
   8.125000      0.4375000      0.7168689    
   8.375000      0.4375000      0.7370592    
   8.625000      0.4375000      0.7584897    
   8.875000      0.4375000      0.7755392    
   9.125000      0.4375000      0.8041221    
   9.375000      0.4375000      0.7997032    
   9.625000      0.4375000      0.8878867    
   9.875000      0.4375000      0.7128866    
   10.00000      0.4375000       1.000000    
 
  0.0000000E+00  0.4625000      0.0000000E+00
  0.1250000      0.4625000     -4.6691118E-04
  0.3750000      0.4625000      4.2249449E-03
  0.6250000      0.4625000      1.5176713E-02
  0.8750000      0.4625000      3.0993612E-02
   1.125000      0.4625000      5.0170757E-02
   1.375000      0.4625000      7.1580604E-02
   1.625000      0.4625000      9.4460465E-02
   1.875000      0.4625000      0.1183072    
   2.125000      0.4625000      0.1427903    
   2.375000      0.4625000      0.1676904    
   2.625000      0.4625000      0.1928613    
   2.875000      0.4625000      0.2182038    
   3.125000      0.4625000      0.2436497    
   3.375000      0.4625000      0.2691512    
   3.625000      0.4625000      0.2946726    
   3.875000      0.4625000      0.3201854    
   4.125000      0.4625000      0.3456626    
   4.375000      0.4625000      0.3710770    
   4.625000      0.4625000      0.3963984    
   4.875000      0.4625000      0.4215918    
   5.125000      0.4625000      0.4466177    
   5.375000      0.4625000      0.4714330    
   5.625000      0.4625000      0.4959914    
   5.875000      0.4625000      0.5202465    
   6.125000      0.4625000      0.5441542    
   6.375000      0.4625000      0.5676771    
   6.625000      0.4625000      0.5907859    
   6.875000      0.4625000      0.6134605    
   7.125000      0.4625000      0.6356993    
   7.375000      0.4625000      0.6574978    
   7.625000      0.4625000      0.6789083    
   7.875000      0.4625000      0.6998659    
   8.125000      0.4625000      0.7206733    
   8.375000      0.4625000      0.7406301    
   8.625000      0.4625000      0.7618604    
   8.875000      0.4625000      0.7785860    
   9.125000      0.4625000      0.8071528    
   9.375000      0.4625000      0.8019026    
   9.625000      0.4625000      0.8911495    
   9.875000      0.4625000      0.7138422    
   10.00000      0.4625000       1.000000    
 
  0.0000000E+00  0.4875000      0.0000000E+00
  0.1250000      0.4875000     -4.4375533E-04
  0.3750000      0.4875000      5.1445747E-03
  0.6250000      0.4875000      1.7284909E-02
  0.8750000      0.4875000      3.4198746E-02
   1.125000      0.4875000      5.4253951E-02
   1.375000      0.4875000      7.6322854E-02
   1.625000      0.4875000      9.9683195E-02
   1.875000      0.4875000      0.1238765    
   2.125000      0.4875000      0.1486097    
   2.375000      0.4875000      0.1736915    
   2.625000      0.4875000      0.1989964    
   2.875000      0.4875000      0.2244392    
   3.125000      0.4875000      0.2499615    
   3.375000      0.4875000      0.2755224    
   3.625000      0.4875000      0.3010903    
   3.875000      0.4875000      0.3266392    
   4.125000      0.4875000      0.3521434    
   4.375000      0.4875000      0.3775759    
   4.625000      0.4875000      0.4029059    
   4.875000      0.4875000      0.4280975    
   5.125000      0.4875000      0.4531097    
   5.375000      0.4875000      0.4778976    
   5.625000      0.4875000      0.5024135    
   5.875000      0.4875000      0.5266092    
   6.125000      0.4875000      0.5504396    
   6.375000      0.4875000      0.5738663    
   6.625000      0.4875000      0.5968599    
   6.875000      0.4875000      0.6194004    
   7.125000      0.4875000      0.6414873    
   7.375000      0.4875000      0.6631168    
   7.625000      0.4875000      0.6843432    
   7.875000      0.4875000      0.7051023    
   8.125000      0.4875000      0.7257025    
   8.375000      0.4875000      0.7454337    
   8.625000      0.4875000      0.7664544    
   8.875000      0.4875000      0.7828993    
   9.125000      0.4875000      0.8113491    
   9.375000      0.4875000      0.8055763    
   9.625000      0.4875000      0.8950365    
   9.875000      0.4875000      0.7178122    
   10.00000      0.4875000       1.000000    
 
  0.0000000E+00  0.5125000      0.0000000E+00
  0.1250000      0.5125000     -3.6791095E-04
  0.3750000      0.5125000      6.4416258E-03
  0.6250000      0.5125000      2.0071272E-02
  0.8750000      0.5125000      3.8296133E-02
   1.125000      0.5125000      5.9369460E-02
   1.375000      0.5125000      8.2187228E-02
   1.625000      0.5125000      0.1060857    
   1.875000      0.5125000      0.1306629    
   2.125000      0.5125000      0.1556702    
   2.375000      0.5125000      0.1809494    
   2.625000      0.5125000      0.2063980    
   2.875000      0.5125000      0.2319472    
   3.125000      0.5125000      0.2575496    
   3.375000      0.5125000      0.2831715    
   3.625000      0.5125000      0.3087864    
   3.875000      0.5125000      0.3343710    
   4.125000      0.5125000      0.3599010    
   4.375000      0.5125000      0.3853496    
   4.625000      0.5125000      0.4106857    
   4.875000      0.5125000      0.4358724    
   5.125000      0.5125000      0.4608670    
   5.375000      0.5125000      0.4856234    
   5.625000      0.5125000      0.5100920    
   5.875000      0.5125000      0.5342234    
   6.125000      0.5125000      0.5579715    
   6.375000      0.5125000      0.5812973    
   6.625000      0.5125000      0.6041711    
   6.875000      0.5125000      0.6265738    
   7.125000      0.5125000      0.6485057    
   7.375000      0.5125000      0.6699643    
   7.625000      0.5125000      0.6910061    
   7.875000      0.5125000      0.7115678    
   8.125000      0.5125000      0.7319610    
   8.375000      0.5125000      0.7514749    
   8.625000      0.5125000      0.7722762    
   8.875000      0.5125000      0.7884850    
   9.125000      0.5125000      0.8167141    
   9.375000      0.5125000      0.8107338    
   9.625000      0.5125000      0.8995550    
   9.875000      0.5125000      0.7247571    
   10.00000      0.5125000       1.000000    
 
  0.0000000E+00  0.5375000      0.0000000E+00
  0.1250000      0.5375000     -2.1577235E-04
  0.3750000      0.5375000      8.1811352E-03
  0.6250000      0.5375000      2.3607558E-02
  0.8750000      0.5375000      4.3346889E-02
   1.125000      0.5375000      6.5564148E-02
   1.375000      0.5375000      8.9208014E-02
   1.625000      0.5375000      0.1136927    
   1.875000      0.5375000      0.1386838    
   2.125000      0.5375000      0.1639844    
   2.375000      0.5375000      0.1894730    
   2.625000      0.5375000      0.2150730    
   2.875000      0.5375000      0.2407329    
   3.125000      0.5375000      0.2664176    
   3.375000      0.5375000      0.2921016    
   3.625000      0.5375000      0.3177633    
   3.875000      0.5375000      0.3433826    
   4.125000      0.5375000      0.3689367    
   4.375000      0.5375000      0.3943993    
   4.625000      0.5375000      0.4197386    
   4.875000      0.5375000      0.4449169    
   5.125000      0.5375000      0.4698902    
   5.375000      0.5375000      0.4946105    
   5.625000      0.5375000      0.5190268    
   5.875000      0.5375000      0.5430889    
   6.125000      0.5375000      0.5667495    
   6.375000      0.5375000      0.5899692    
   6.625000      0.5375000      0.6127189    
   6.875000      0.5375000      0.6349798    
   7.125000      0.5375000      0.6567538    
   7.375000      0.5375000      0.6780398    
   7.625000      0.5375000      0.6988959    
   7.875000      0.5375000      0.7192618    
   8.125000      0.5375000      0.7394483    
   8.375000      0.5375000      0.7587532    
   8.625000      0.5375000      0.7793258    
   8.875000      0.5375000      0.7953435    
   9.125000      0.5375000      0.8232492    
   9.375000      0.5375000      0.8173717    
   9.625000      0.5375000      0.9047298    
   9.875000      0.5375000      0.7345769    
   10.00000      0.5375000       1.000000    
 
  0.0000000E+00  0.5625000      0.0000000E+00
  0.1250000      0.5625000      4.6095694E-05
  0.3750000      0.5625000      1.0442581E-02
  0.6250000      0.5625000      2.7974915E-02
  0.8750000      0.5625000      4.9415890E-02
   1.125000      0.5625000      7.2884664E-02
   1.375000      0.5625000      9.7416855E-02
   1.625000      0.5625000      0.1225245    
   1.875000      0.5625000      0.1479519    
   2.125000      0.5625000      0.1735594    
   2.375000      0.5625000      0.1992657    
   2.625000      0.5625000      0.2250216    
   2.875000      0.5625000      0.2507949    
   3.125000      0.5625000      0.2765630    
   3.375000      0.5625000      0.3023091    
   3.625000      0.5625000      0.3280169    
   3.875000      0.5625000      0.3536694    
   4.125000      0.5625000      0.3792457    
   4.375000      0.5625000      0.4047197    
   4.625000      0.5625000      0.4300591    
   4.875000      0.5625000      0.4552254    
   5.125000      0.5625000      0.4801731    
   5.375000      0.5625000      0.5048527    
   5.625000      0.5625000      0.5292118    
   5.875000      0.5625000      0.5531993    
   6.125000      0.5625000      0.5767669    
   6.375000      0.5625000      0.5998757    
   6.625000      0.5625000      0.6224966    
   6.875000      0.5625000      0.6446121    
   7.125000      0.5625000      0.6662253    
   7.375000      0.5625000      0.6873371    
   7.625000      0.5625000      0.7080070    
   7.875000      0.5625000      0.7281787    
   8.125000      0.5625000      0.7481592    
   8.375000      0.5625000      0.7672638    
   8.625000      0.5625000      0.7875990    
   8.875000      0.5625000      0.8034694    
   9.125000      0.5625000      0.8309539    
   9.375000      0.5625000      0.8254737    
   9.625000      0.5625000      0.9106022    
   9.875000      0.5625000      0.7471136    
   10.00000      0.5625000       1.000000    
 
  0.0000000E+00  0.5875000      0.0000000E+00
  0.1250000      0.5875000      4.6304057E-04
  0.3750000      0.5875000      1.3319980E-02
  0.6250000      0.5875000      3.3262298E-02
  0.8750000      0.5875000      5.6569818E-02
   1.125000      0.5875000      8.1375852E-02
   1.375000      0.5875000      0.1068416    
   1.625000      0.5875000      0.1325968    
   1.875000      0.5875000      0.1584742    
   2.125000      0.5875000      0.1843963    
   2.375000      0.5875000      0.2103243    
   2.625000      0.5875000      0.2362383    
   2.875000      0.5875000      0.2621256    
   3.125000      0.5875000      0.2879769    
   3.375000      0.5875000      0.3137841    
   3.625000      0.5875000      0.3395365    
   3.875000      0.5875000      0.3652204    
   4.125000      0.5875000      0.3908165    
   4.375000      0.5875000      0.4162991    
   4.625000      0.5875000      0.4416355    
   4.875000      0.5875000      0.4667859    
   5.125000      0.5875000      0.4917036    
   5.375000      0.5875000      0.5163378    
   5.625000      0.5875000      0.5406346    
   5.875000      0.5875000      0.5645421    
   6.125000      0.5875000      0.5880117    
   6.375000      0.5875000      0.6110045    
   6.625000      0.5875000      0.6334922    
   6.875000      0.5875000      0.6554588    
   7.125000      0.5875000      0.6769086    
   7.375000      0.5875000      0.6978450    
   7.625000      0.5875000      0.7183286    
   7.875000      0.5875000      0.7383081    
   8.125000      0.5875000      0.7580839    
   8.375000      0.5875000      0.7769967    
   8.625000      0.5875000      0.7970873    
   8.875000      0.5875000      0.8128517    
   9.125000      0.5875000      0.8398263    
   9.375000      0.5875000      0.8350123    
   9.625000      0.5875000      0.9172265    
   9.875000      0.5875000      0.7621561    
   10.00000      0.5875000       1.000000    
 
  0.0000000E+00  0.6125000      0.0000000E+00
  0.1250000      0.6125000      1.0946997E-03
  0.3750000      0.6125000      1.6921397E-02
  0.6250000      0.6125000      3.9564181E-02
  0.8750000      0.6125000      6.4874768E-02
   1.125000      0.6125000      9.1078766E-02
   1.375000      0.6125000      0.1175047    
   1.625000      0.6125000      0.1439191    
   1.875000      0.6125000      0.1702515    
   2.125000      0.6125000      0.1964897    
   2.375000      0.6125000      0.2226396    
   2.625000      0.6125000      0.2487108    
   2.875000      0.6125000      0.2747107    
   3.125000      0.6125000      0.3006436    
   3.375000      0.6125000      0.3265100    
   3.625000      0.6125000      0.3523051    
   3.875000      0.6125000      0.3780180    
   4.125000      0.6125000      0.4036313    
   4.375000      0.6125000      0.4291194    
   4.625000      0.6125000      0.4544492    
   4.875000      0.6125000      0.4795799    
   5.125000      0.6125000      0.5044633    
   5.375000      0.6125000      0.5290472    
   5.625000      0.6125000      0.5532767    
   5.875000      0.6125000      0.5770992    
   6.125000      0.6125000      0.6004657    
   6.375000      0.6125000      0.6233379    
   6.625000      0.6125000      0.6456885    
   6.875000      0.6125000      0.6675028    
   7.125000      0.6125000      0.6887872    
   7.375000      0.6125000      0.7095475    
   7.625000      0.6125000      0.7298450    
   7.875000      0.6125000      0.7496347    
   8.125000      0.6125000      0.7692078    
   8.375000      0.6125000      0.7879374    
   8.625000      0.6125000      0.8077782    
   8.875000      0.6125000      0.8234743    
   9.125000      0.6125000      0.8498622    
   9.375000      0.6125000      0.8459495    
   9.625000      0.6125000      0.9246677    
   9.875000      0.6125000      0.7794454    
   10.00000      0.6125000       1.000000    
 
  0.0000000E+00  0.6375000      0.0000000E+00
  0.1250000      0.6375000      2.0175863E-03
  0.3750000      0.6375000      2.1367703E-02
  0.6250000      0.6375000      4.6977546E-02
  0.8750000      0.6375000      7.4393466E-02
   1.125000      0.6375000      0.1020286    
   1.375000      0.6375000      0.1294222    
   1.625000      0.6375000      0.1564943    
   1.875000      0.6375000      0.1832774    
   2.125000      0.6375000      0.2098275    
   2.375000      0.6375000      0.2361952    
   2.625000      0.6375000      0.2624200    
   2.875000      0.6375000      0.2885295    
   3.125000      0.6375000      0.3145409    
   3.375000      0.6375000      0.3404640    
   3.625000      0.6375000      0.3662989    
   3.875000      0.6375000      0.3920381    
   4.125000      0.6375000      0.4176655    
   4.375000      0.6375000      0.4431561    
   4.625000      0.6375000      0.4684757    
   4.875000      0.6375000      0.4935828    
   5.125000      0.6375000      0.5184274    
   5.375000      0.6375000      0.5429565    
   5.625000      0.6375000      0.5671138    
   5.875000      0.6375000      0.5908463    
   6.125000      0.6375000      0.6141053    
   6.375000      0.6375000      0.6368526    
   6.625000      0.6375000      0.6590626    
   6.875000      0.6375000      0.6807220    
   7.125000      0.6375000      0.7018394    
   7.375000      0.6375000      0.7224235    
   7.625000      0.6375000      0.7425361    
   7.875000      0.6375000      0.7621389    
   8.125000      0.6375000      0.7815120    
   8.375000      0.6375000      0.8000672    
   8.625000      0.6375000      0.8196551    
   8.875000      0.6375000      0.8353162    
   9.125000      0.6375000      0.8610552    
   9.375000      0.6375000      0.8582385    
   9.625000      0.6375000      0.9329957    
   9.875000      0.6375000      0.7986833    
   10.00000      0.6375000       1.000000    
 
  0.0000000E+00  0.6625000      0.0000000E+00
  0.1250000      0.6625000      3.3277418E-03
  0.3750000      0.6625000      2.6790408E-02
  0.6250000      0.6625000      5.5598255E-02
  0.8750000      0.6625000      8.5182197E-02
   1.125000      0.6625000      0.1142526    
   1.375000      0.6625000      0.1426016    
   1.625000      0.6625000      0.1703169    
   1.875000      0.6625000      0.1975383    
   2.125000      0.6625000      0.2243900    
   2.375000      0.6625000      0.2509677    
   2.625000      0.6625000      0.2773400    
   2.875000      0.6625000      0.3035540    
   3.125000      0.6625000      0.3296400    
   3.375000      0.6625000      0.3556161    
   3.625000      0.6625000      0.3814877    
   3.875000      0.6625000      0.4072501    
   4.125000      0.6625000      0.4328885    
   4.375000      0.6625000      0.4583780    
   4.625000      0.6625000      0.4836839    
   4.875000      0.6625000      0.5087632    
   5.125000      0.6625000      0.5335652    
   5.375000      0.6625000      0.5580348    
   5.625000      0.6625000      0.5821156    
   5.875000      0.6625000      0.6057538    
   6.125000      0.6625000      0.6289010    
   6.375000      0.6625000      0.6515199    
   6.625000      0.6625000      0.6735862    
   6.875000      0.6625000      0.6950892    
   7.125000      0.6625000      0.7160389    
   7.375000      0.6625000      0.7364475    
   7.625000      0.6625000      0.7563770    
   7.875000      0.6625000      0.7757967    
   8.125000      0.6625000      0.7949734    
   8.375000      0.6625000      0.8133628    
   8.625000      0.6625000      0.8326976    
   8.875000      0.6625000      0.8483518    
   9.125000      0.6625000      0.8733959    
   9.375000      0.6625000      0.8718260    
   9.625000      0.6625000      0.9422818    
   9.875000      0.6625000      0.8195423    
   10.00000      0.6625000       1.000000    
 
  0.0000000E+00  0.6875000      0.0000000E+00
  0.1250000      0.6875000      5.1432499E-03
  0.3750000      0.6875000      3.3328410E-02
  0.6250000      0.6875000      6.5516829E-02
  0.8750000      0.6875000      9.7287551E-02
   1.125000      0.6875000      0.1277677    
   1.375000      0.6875000      0.1570409    
   1.625000      0.6875000      0.1853729    
   1.875000      0.6875000      0.2130119    
   2.125000      0.6875000      0.2401500    
   2.375000      0.6875000      0.2669263    
   2.625000      0.6875000      0.2934375    
   2.875000      0.6875000      0.3197495    
   3.125000      0.6875000      0.3459050    
   3.375000      0.6875000      0.3719299    
   3.625000      0.6875000      0.3978344    
   3.875000      0.6875000      0.4236166    
   4.125000      0.6875000      0.4492626    
   4.375000      0.6875000      0.4747477    
   4.625000      0.6875000      0.5000363    
   4.875000      0.6875000      0.5250842    
   5.125000      0.6875000      0.5498394    
   5.375000      0.6875000      0.5742458    
   5.625000      0.6875000      0.5982459    
   5.875000      0.6875000      0.6217861    
   6.125000      0.6875000      0.6448181    
   6.375000      0.6875000      0.6673058    
   6.625000      0.6875000      0.6892266    
   6.875000      0.6875000      0.7105721    
   7.125000      0.6875000      0.7313545    
   7.375000      0.6875000      0.7515892    
   7.625000      0.6875000      0.7713385    
   7.875000      0.6875000      0.7905797    
   8.125000      0.6875000      0.8095648    
   8.375000      0.6875000      0.8277970    
   8.625000      0.6875000      0.8468811    
   8.875000      0.6875000      0.8625514    
   9.125000      0.6875000      0.8868719    
   9.375000      0.6875000      0.8866532    
   9.625000      0.6875000      0.9525927    
   9.875000      0.6875000      0.8416760    
   10.00000      0.6875000       1.000000    
 
  0.0000000E+00  0.7125000      0.0000000E+00
  0.1250000      0.7125000      7.6063103E-03
  0.3750000      0.7125000      4.1123480E-02
  0.6250000      0.7125000      7.6813713E-02
  0.8750000      0.7125000      0.1107433    
   1.125000      0.7125000      0.1425787    
   1.375000      0.7125000      0.1727273    
   1.625000      0.7125000      0.2016384    
   1.875000      0.7125000      0.2296675    
   2.125000      0.7125000      0.2570720    
   2.375000      0.7125000      0.2840326    
   2.625000      0.7125000      0.3106721    
   2.875000      0.7125000      0.3370743    
   3.125000      0.7125000      0.3632932    
   3.375000      0.7125000      0.3893620    
   3.625000      0.7125000      0.4152954    
   3.875000      0.7125000      0.4410938    
   4.125000      0.7125000      0.4667441    
   4.375000      0.7125000      0.4922214    
   4.625000      0.7125000      0.5174892    
   4.875000      0.7125000      0.5425023    
   5.125000      0.7125000      0.5672073    
   5.375000      0.7125000      0.5915468    
   5.625000      0.7125000      0.6154630    
   5.875000      0.7125000      0.6389020    
   6.125000      0.7125000      0.6618163    
   6.375000      0.7125000      0.6841711    
   6.625000      0.7125000      0.7059457    
   6.875000      0.7125000      0.7271340    
   7.125000      0.7125000      0.7477506    
   7.375000      0.7125000      0.7678140    
   7.625000      0.7125000      0.7873871    
   7.875000      0.7125000      0.8064553    
   8.125000      0.7125000      0.8252550    
   8.375000      0.7125000      0.8433386    
   8.625000      0.7125000      0.8621776    
   8.875000      0.7125000      0.8778813    
   9.125000      0.7125000      0.9014670    
   9.375000      0.7125000      0.9026580    
   9.625000      0.7125000      0.9639868    
   9.875000      0.7125000      0.8647304    
   10.00000      0.7125000       1.000000    
 
  0.0000000E+00  0.7375000      0.0000000E+00
  0.1250000      0.7375000      1.0884521E-02
  0.3750000      0.7375000      5.0314482E-02
  0.6250000      0.7375000      8.9554340E-02
  0.8750000      0.7375000      0.1255672    
   1.125000      0.7375000      0.1586763    
   1.375000      0.7375000      0.1896359    
   1.625000      0.7375000      0.2190791    
   1.875000      0.7375000      0.2474649    
   2.125000      0.7375000      0.2751122    
   2.375000      0.7375000      0.3022401    
   2.625000      0.7375000      0.3289959    
   2.875000      0.7375000      0.3554793    
   3.125000      0.7375000      0.3817549    
   3.375000      0.7375000      0.4078625    
   3.625000      0.7375000      0.4338204    
   3.875000      0.7375000      0.4596311    
   4.125000      0.7375000      0.4852823    
   4.375000      0.7375000      0.5107487    
   4.625000      0.7375000      0.5359926    
   4.875000      0.7375000      0.5609678    
   5.125000      0.7375000      0.5856196    
   5.375000      0.7375000      0.6098895    
   5.625000      0.7375000      0.6337193    
   5.875000      0.7375000      0.6570551    
   6.125000      0.7375000      0.6798503    
   6.375000      0.7375000      0.7020718    
   6.625000      0.7375000      0.7237006    
   6.875000      0.7375000      0.7447333    
   7.125000      0.7375000      0.7651868    
   7.375000      0.7375000      0.7850832    
   7.625000      0.7375000      0.8044854    
   7.875000      0.7375000      0.8233868    
   8.125000      0.7375000      0.8420087    
   8.375000      0.7375000      0.8599524    
   8.625000      0.7375000      0.8785548    
   8.875000      0.7375000      0.8943041    
   9.125000      0.7375000      0.9171606    
   9.375000      0.7375000      0.9197759    
   9.625000      0.7375000      0.9765101    
   9.875000      0.7375000      0.8883578    
   10.00000      0.7375000       1.000000    
 
  0.0000000E+00  0.7625000      0.0000000E+00
  0.1250000      0.7625000      1.5170890E-02
  0.3750000      0.7625000      6.1030407E-02
  0.6250000      0.7625000      0.1037841    
  0.8750000      0.7625000      0.1417583    
   1.125000      0.7625000      0.1760359    
   1.375000      0.7625000      0.2077291    
   1.625000      0.7625000      0.2376500    
   1.875000      0.7625000      0.2663545    
   2.125000      0.7625000      0.2942182    
   2.375000      0.7625000      0.3214946    
   2.625000      0.7625000      0.3483533    
   2.875000      0.7625000      0.3749083    
   3.125000      0.7625000      0.4012333    
   3.375000      0.7625000      0.4273741    
   3.625000      0.7625000      0.4533522    
   3.875000      0.7625000      0.4791716    
   4.125000      0.7625000      0.5048206    
   4.375000      0.7625000      0.5302730    
   4.625000      0.7625000      0.5554904    
   4.875000      0.7625000      0.5804251    
   5.125000      0.7625000      0.6050214    
   5.375000      0.7625000      0.6292198    
   5.625000      0.7625000      0.6529617    
   5.875000      0.7625000      0.6761935    
   6.125000      0.7625000      0.6988698    
   6.375000      0.7625000      0.7209587    
   6.625000      0.7625000      0.7424438    
   6.875000      0.7625000      0.7633240    
   7.125000      0.7625000      0.7836187    
   7.375000      0.7625000      0.8033536    
   7.625000      0.7625000      0.8225916    
   7.875000      0.7625000      0.8413340    
   8.125000      0.7625000      0.8597866    
   8.375000      0.7625000      0.8775996    
   8.625000      0.7625000      0.8959767    
   8.875000      0.7625000      0.9117790    
   9.125000      0.7625000      0.9339272    
   9.375000      0.7625000      0.9379414    
   9.625000      0.7625000      0.9901937    
   9.875000      0.7625000      0.9122325    
   10.00000      0.7625000       1.000000    
 
  0.0000000E+00  0.7875000      0.0000000E+00
  0.1250000      0.7875000      2.0682044E-02
  0.3750000      0.7875000      7.3382139E-02
  0.6250000      0.7875000      0.1195236    
  0.8750000      0.7875000      0.1592948    
   1.125000      0.7875000      0.1946159    
   1.375000      0.7875000      0.2269558    
   1.625000      0.7875000      0.2572948    
   1.875000      0.7875000      0.2862771    
   2.125000      0.7875000      0.3143288    
   2.375000      0.7875000      0.3417337    
   2.625000      0.7875000      0.3686814    
   2.875000      0.7875000      0.3952977    
   3.125000      0.7875000      0.4216649    
   3.375000      0.7875000      0.4478333    
   3.625000      0.7875000      0.4738272    
   3.875000      0.7875000      0.4996517    
   4.125000      0.7875000      0.5252953    
   4.375000      0.7875000      0.5507312    
   4.625000      0.7875000      0.5759199    
   4.875000      0.7875000      0.6008123    
   5.125000      0.7875000      0.6253518    
   5.375000      0.7875000      0.6494778    
   5.625000      0.7875000      0.6731316    
   5.875000      0.7875000      0.6962602    
   6.125000      0.7875000      0.7188190    
   6.375000      0.7875000      0.7407780    
   6.625000      0.7875000      0.7621229    
   6.875000      0.7875000      0.7828555    
   7.125000      0.7875000      0.8029975    
   7.375000      0.7875000      0.8225778    
   7.625000      0.7875000      0.8416599    
   7.875000      0.7875000      0.8602525    
   8.125000      0.7875000      0.8785459    
   8.375000      0.7875000      0.8962377    
   8.625000      0.7875000      0.9144033    
   8.875000      0.7875000      0.9302620    
   9.125000      0.7875000      0.9517369    
   9.375000      0.7875000      0.9570889    
   9.625000      0.7875000       1.005052    
   9.875000      0.7875000      0.9360632    
   10.00000      0.7875000       1.000000    
 
  0.0000000E+00  0.8125000      0.0000000E+00
  0.1250000      0.8125000      2.7653942E-02
  0.3750000      0.8125000      8.7453529E-02
  0.6250000      0.8125000      0.1367646    
  0.8750000      0.8125000      0.1781326    
   1.125000      0.8125000      0.2143581    
   1.375000      0.8125000      0.2472516    
   1.625000      0.8125000      0.2779460    
   1.875000      0.8125000      0.3071634    
   2.125000      0.8125000      0.3353739    
   2.375000      0.8125000      0.3628872    
   2.625000      0.8125000      0.3899094    
   2.875000      0.8125000      0.4165770    
   3.125000      0.8125000      0.4429789    
   3.375000      0.8125000      0.4691693    
   3.625000      0.8125000      0.4951747    
   3.875000      0.8125000      0.5210012    
   4.125000      0.8125000      0.5466369    
   4.375000      0.8125000      0.5720543    
   4.625000      0.8125000      0.5972127    
   4.875000      0.8125000      0.6220618    
   5.125000      0.8125000      0.6465442    
   5.375000      0.8125000      0.6705983    
   5.625000      0.8125000      0.6941653    
   5.875000      0.8125000      0.7171928    
   6.125000      0.8125000      0.7396374    
   6.375000      0.8125000      0.7614709    
   6.625000      0.8125000      0.7826813    
   6.875000      0.8125000      0.8032730    
   7.125000      0.8125000      0.8232701    
   7.375000      0.8125000      0.8427048    
   7.625000      0.8125000      0.8616406    
   7.875000      0.8125000      0.8800936    
   8.125000      0.8125000      0.8982396    
   8.375000      0.8125000      0.9158202    
   8.625000      0.8125000      0.9337906    
   8.875000      0.8125000      0.9497056    
   9.125000      0.8125000      0.9705538    
   9.375000      0.8125000      0.9771528    
   9.625000      0.8125000       1.021085    
   9.875000      0.8125000      0.9596114    
   10.00000      0.8125000       1.000000    
 
  0.0000000E+00  0.8375000      0.0000000E+00
  0.1250000      0.8375000      3.6334507E-02
  0.3750000      0.8375000      0.1032921    
  0.6250000      0.8375000      0.1554665    
  0.8750000      0.8375000      0.1982039    
   1.125000      0.8375000      0.2351867    
   1.375000      0.8375000      0.2685381    
   1.625000      0.8375000      0.2995248    
   1.875000      0.8375000      0.3289348    
   2.125000      0.8375000      0.3572751    
   2.375000      0.8375000      0.3848766    
   2.625000      0.8375000      0.4119594    
   2.875000      0.8375000      0.4386682    
   3.125000      0.8375000      0.4650975    
   3.375000      0.8375000      0.4913048    
   3.625000      0.8375000      0.5173178    
   3.875000      0.8375000      0.5431433    
   4.125000      0.8375000      0.5687689    
   4.375000      0.8375000      0.5941665    
   4.625000      0.8375000      0.6192939    
   4.875000      0.8375000      0.6441000    
   5.125000      0.8375000      0.6685262    
   5.375000      0.8375000      0.6925103    
   5.625000      0.8375000      0.7159935    
   5.875000      0.8375000      0.7389240    
   6.125000      0.8375000      0.7612597    
   6.375000      0.8375000      0.7829742    
   6.625000      0.8375000      0.8040578    
   6.875000      0.8375000      0.8245175    
   7.125000      0.8375000      0.8443794    
   7.375000      0.8375000      0.8636792    
   7.625000      0.8375000      0.8824802    
   7.875000      0.8375000      0.9008053    
   8.125000      0.8375000      0.9188170    
   8.375000      0.8375000      0.9362974    
   8.625000      0.8375000      0.9540910    
   8.875000      0.8375000      0.9700593    
   9.125000      0.8375000      0.9903376    
   9.375000      0.8375000      0.9980682    
   9.625000      0.8375000       1.038278    
   9.875000      0.8375000      0.9827067    
   10.00000      0.8375000       1.000000    
 
  0.0000000E+00  0.8625000      0.0000000E+00
  0.1250000      0.8625000      4.6972413E-02
  0.3750000      0.8625000      0.1208998    
  0.6250000      0.8625000      0.1755545    
  0.8750000      0.8625000      0.2194178    
   1.125000      0.8625000      0.2570088    
   1.375000      0.8625000      0.2907241    
   1.625000      0.8625000      0.3219414    
   1.875000      0.8625000      0.3515030    
   2.125000      0.8625000      0.3799451    
   2.375000      0.8625000      0.4076156    
   2.625000      0.8625000      0.4347455    
   2.875000      0.8625000      0.4614861    
   3.125000      0.8625000      0.4879362    
   3.375000      0.8625000      0.5141554    
   3.625000      0.8625000      0.5401726    
   3.875000      0.8625000      0.5659949    
   4.125000      0.8625000      0.5916089    
   4.375000      0.8625000      0.6169860    
   4.625000      0.8625000      0.6420830    
   4.875000      0.8625000      0.6668473    
   5.125000      0.8625000      0.6912197    
   5.375000      0.8625000      0.7151372    
   5.625000      0.8625000      0.7385416    
   5.875000      0.8625000      0.7613812    
   6.125000      0.8625000      0.7836155    
   6.375000      0.8625000      0.8052198    
   6.625000      0.8625000      0.8261865    
   6.875000      0.8625000      0.8465252    
   7.125000      0.8625000      0.8662642    
   7.375000      0.8625000      0.8854416    
   7.625000      0.8625000      0.9041212    
   7.875000      0.8625000      0.9223315    
   8.125000      0.8625000      0.9402238    
   8.375000      0.8625000      0.9576148    
   8.625000      0.8625000      0.9752524    
   8.875000      0.8625000      0.9912693    
   9.125000      0.8625000       1.011042    
   9.375000      0.8625000       1.019770    
   9.625000      0.8625000       1.056608    
   9.875000      0.8625000       1.005263    
   10.00000      0.8625000       1.000000    
 
  0.0000000E+00  0.8875000      0.0000000E+00
  0.1250000      0.8875000      5.9801336E-02
  0.3750000      0.8875000      0.1402252    
  0.6250000      0.8875000      0.1969189    
  0.8750000      0.8875000      0.2416605    
   1.125000      0.8875000      0.2797155    
   1.375000      0.8875000      0.3137052    
   1.625000      0.8875000      0.3450955    
   1.875000      0.8875000      0.3747703    
   2.125000      0.8875000      0.4032885    
   2.375000      0.8875000      0.4310101    
   2.625000      0.8875000      0.4581748    
   2.875000      0.8875000      0.4849387    
   3.125000      0.8875000      0.5114034    
   3.375000      0.8875000      0.5376303    
   3.625000      0.8875000      0.5636489    
   3.875000      0.8875000      0.5894662    
   4.125000      0.8875000      0.6150680    
   4.375000      0.8875000      0.6404251    
   4.625000      0.8875000      0.6654930    
   4.875000      0.8875000      0.6902183    
   5.125000      0.8875000      0.7145407    
   5.375000      0.8875000      0.7383974    
   5.625000      0.8875000      0.7617297    
   5.875000      0.8875000      0.7844868    
   6.125000      0.8875000      0.8066295    
   6.375000      0.8875000      0.8281351    
   6.625000      0.8875000      0.8489973    
   6.875000      0.8875000      0.8692284    
   7.125000      0.8875000      0.8888586    
   7.375000      0.8875000      0.9079284    
   7.625000      0.8875000      0.9265016    
   7.875000      0.8875000      0.9446121    
   8.125000      0.8875000      0.9624009    
   8.375000      0.8875000      0.9797152    
   8.625000      0.8875000      0.9972189    
   8.875000      0.8875000       1.013278    
   9.125000      0.8875000       1.032617    
   9.375000      0.8875000       1.042194    
   9.625000      0.8875000       1.076050    
   9.875000      0.8875000       1.027299    
   10.00000      0.8875000       1.000000    
 
  0.0000000E+00  0.9125000      0.0000000E+00
  0.1250000      0.9125000      7.5019233E-02
  0.3750000      0.9125000      0.1611570    
  0.6250000      0.9125000      0.2194157    
  0.8750000      0.9125000      0.2647970    
   1.125000      0.9125000      0.3031825    
   1.375000      0.9125000      0.3373654    
   1.625000      0.9125000      0.3688767    
   1.875000      0.9125000      0.3986306    
   2.125000      0.9125000      0.4272016    
   2.375000      0.9125000      0.4549586    
   2.625000      0.9125000      0.4821473    
   2.875000      0.9125000      0.5089269    
   3.125000      0.9125000      0.5354011    
   3.375000      0.9125000      0.5616322    
   3.625000      0.9125000      0.5876501    
   3.875000      0.9125000      0.6134614    
   4.125000      0.9125000      0.6390514    
   4.375000      0.9125000      0.6643899    
   4.625000      0.9125000      0.6894314    
   4.875000      0.9125000      0.7141218    
   5.125000      0.9125000      0.7384003    
   5.375000      0.9125000      0.7622036    
   5.625000      0.9125000      0.7854730    
   5.875000      0.9125000      0.8081586    
   6.125000      0.9125000      0.8302223    
   6.375000      0.9125000      0.8516427    
   6.625000      0.9125000      0.8724157    
   6.875000      0.9125000      0.8925552    
   7.125000      0.9125000      0.9120931    
   7.375000      0.9125000      0.9310722    
   7.625000      0.9125000      0.9495563    
   7.875000      0.9125000      0.9675833    
   8.125000      0.9125000      0.9852863    
   8.375000      0.9125000       1.002537    
   8.625000      0.9125000       1.019931    
   8.875000      0.9125000       1.036025    
   9.125000      0.9125000       1.055006    
   9.375000      0.9125000       1.065275    
   9.625000      0.9125000       1.096583    
   9.875000      0.9125000       1.048956    
   10.00000      0.9125000       1.000000    
 
  0.0000000E+00  0.9375000      0.0000000E+00
  0.1250000      0.9375000      9.2761882E-02
  0.3750000      0.9375000      0.1835207    
  0.6250000      0.9375000      0.2428689    
  0.8750000      0.9375000      0.2886723    
   1.125000      0.9375000      0.3272709    
   1.375000      0.9375000      0.3615770    
   1.625000      0.9375000      0.3931648    
   1.875000      0.9375000      0.4229687    
   2.125000      0.9375000      0.4515727    
   2.375000      0.9375000      0.4793519    
   2.625000      0.9375000      0.5065553    
   2.875000      0.9375000      0.5333442    
   3.125000      0.9375000      0.5598238    
   3.375000      0.9375000      0.5860565    
   3.625000      0.9375000      0.6120724    
   3.875000      0.9375000      0.6378778    
   4.125000      0.9375000      0.6634572    
   4.375000      0.9375000      0.6887798    
   4.625000      0.9375000      0.7137991    
   4.875000      0.9375000      0.7384605    
   5.125000      0.9375000      0.7627028    
   5.375000      0.9375000      0.7864622    
   5.625000      0.9375000      0.8096805    
   5.875000      0.9375000      0.8323082    
   6.125000      0.9375000      0.8543081    
   6.375000      0.9375000      0.8756602    
   6.625000      0.9375000      0.8963617    
   6.875000      0.9375000      0.9164284    
   7.125000      0.9375000      0.9358931    
   7.375000      0.9375000      0.9548005    
   7.625000      0.9375000      0.9732145    
   7.875000      0.9375000      0.9911763    
   8.125000      0.9375000       1.008813    
   8.375000      0.9375000       1.026014    
   8.625000      0.9375000       1.043323    
   8.875000      0.9375000       1.059445    
   9.125000      0.9375000       1.078149    
   9.375000      0.9375000       1.088946    
   9.625000      0.9375000       1.118199    
   9.875000      0.9375000       1.070525    
   10.00000      0.9375000       1.000000    
 
  0.0000000E+00  0.9625000      0.0000000E+00
  0.1250000      0.9625000      0.1130711    
  0.3750000      0.9625000      0.2070781    
  0.6250000      0.9625000      0.2670737    
  0.8750000      0.9625000      0.3131144    
   1.125000      0.9625000      0.3518295    
   1.375000      0.9625000      0.3862020    
   1.625000      0.9625000      0.4178308    
   1.875000      0.9625000      0.4476610    
   2.125000      0.9625000      0.4762827    
   2.375000      0.9625000      0.5040733    
   2.625000      0.9625000      0.5312843    
   2.875000      0.9625000      0.5580778    
   3.125000      0.9625000      0.5845597    
   3.375000      0.9625000      0.6107923    
   3.625000      0.9625000      0.6368059    
   3.875000      0.9625000      0.6626062    
   4.125000      0.9625000      0.6881774    
   4.375000      0.9625000      0.7134880    
   4.625000      0.9625000      0.7384908    
   4.875000      0.9625000      0.7631311    
   5.125000      0.9625000      0.7873471    
   5.375000      0.9625000      0.8110746    
   5.625000      0.9625000      0.8342562    
   5.875000      0.9625000      0.8568422    
   6.125000      0.9625000      0.8787965    
   6.375000      0.9625000      0.9001000    
   6.625000      0.9625000      0.9207509    
   6.875000      0.9625000      0.9407660    
   7.125000      0.9625000      0.9601792    
   7.375000      0.9625000      0.9790365    
   7.625000      0.9625000      0.9974015    
   7.875000      0.9625000       1.015318    
   8.125000      0.9625000       1.032908    
   8.375000      0.9625000       1.050076    
   8.625000      0.9625000       1.067326    
   8.875000      0.9625000       1.083469    
   9.125000      0.9625000       1.101980    
   9.375000      0.9625000       1.113137    
   9.625000      0.9625000       1.140905    
   9.875000      0.9625000       1.092471    
   10.00000      0.9625000       1.000000    
 
  0.0000000E+00  0.9875000      0.0000000E+00
  0.1250000      0.9875000      0.1358572    
  0.3750000      0.9875000      0.2315315    
  0.6250000      0.9875000      0.2918009    
  0.8750000      0.9875000      0.3379358    
   1.125000      0.9875000      0.3766955    
   1.375000      0.9875000      0.4110929    
   1.625000      0.9875000      0.4427367    
   1.875000      0.9875000      0.4725766    
   2.125000      0.9875000      0.5012046    
   2.375000      0.9875000      0.5289994    
   2.625000      0.9875000      0.5562128    
   2.875000      0.9875000      0.5830080    
   3.125000      0.9875000      0.6094902    
   3.375000      0.9875000      0.6357223    
   3.625000      0.9875000      0.6617342    
   3.875000      0.9875000      0.6875314    
   4.125000      0.9875000      0.7130979    
   4.375000      0.9875000      0.7384018    
   4.625000      0.9875000      0.7633956    
   4.875000      0.9875000      0.7880242    
   5.125000      0.9875000      0.8122260    
   5.375000      0.9875000      0.8359364    
   5.625000      0.9875000      0.8590982    
   5.875000      0.9875000      0.8816619    
   6.125000      0.9875000      0.9035919    
   6.375000      0.9875000      0.9248694    
   6.625000      0.9875000      0.9454934    
   6.875000      0.9875000      0.9654812    
   7.125000      0.9875000      0.9848673    
   7.375000      0.9875000       1.003698    
   7.625000      0.9875000       1.022038    
   7.875000      0.9875000       1.039931    
   8.125000      0.9875000       1.057497    
   8.375000      0.9875000       1.074648    
   8.625000      0.9875000       1.091868    
   8.875000      0.9875000       1.108021    
   9.125000      0.9875000       1.126432    
   9.375000      0.9875000       1.137774    
   9.625000      0.9875000       1.164734    
   9.875000      0.9875000       1.115475    
   10.00000      0.9875000       1.000000    
 
  0.0000000E+00   1.000000      0.0000000E+00
  0.1250000       1.000000      0.1358572    
  0.3750000       1.000000      0.2315315    
  0.6250000       1.000000      0.2918009    
  0.8750000       1.000000      0.3379358    
   1.125000       1.000000      0.3766955    
   1.375000       1.000000      0.4110929    
   1.625000       1.000000      0.4427367    
   1.875000       1.000000      0.4725766    
   2.125000       1.000000      0.5012046    
   2.375000       1.000000      0.5289994    
   2.625000       1.000000      0.5562128    
   2.875000       1.000000      0.5830080    
   3.125000       1.000000      0.6094902    
   3.375000       1.000000      0.6357223    
   3.625000       1.000000      0.6617342    
   3.875000       1.000000      0.6875314    
   4.125000       1.000000      0.7130979    
   4.375000       1.000000      0.7384018    
   4.625000       1.000000      0.7633956    
   4.875000       1.000000      0.7880242    
   5.125000       1.000000      0.8122260    
   5.375000       1.000000      0.8359364    
   5.625000       1.000000      0.8590982    
   5.875000       1.000000      0.8816619    
   6.125000       1.000000      0.9035919    
   6.375000       1.000000      0.9248694    
   6.625000       1.000000      0.9454934    
   6.875000       1.000000      0.9654812    
   7.125000       1.000000      0.9848673    
   7.375000       1.000000       1.003698    
   7.625000       1.000000       1.022038    
   7.875000       1.000000       1.039931    
   8.125000       1.000000       1.057497    
   8.375000       1.000000       1.074648    
   8.625000       1.000000       1.091868    
   8.875000       1.000000       1.108021    
   9.125000       1.000000       1.126432    
   9.375000       1.000000       1.137774    
   9.625000       1.000000       1.164734    
   9.875000       1.000000       1.115475    
   10.00000       1.000000       1.000000    
 
