  0.0000000E+00  0.0000000E+00  0.0000000E+00
  0.1250000      0.0000000E+00  1.2499999E-02
  0.3750000      0.0000000E+00  3.7499998E-02
  0.6250000      0.0000000E+00  6.2499996E-02
  0.8750000      0.0000000E+00  8.7499991E-02
   1.125000      0.0000000E+00  0.1125000    
   1.375000      0.0000000E+00  0.1375000    
   1.625000      0.0000000E+00  0.1625000    
   1.875000      0.0000000E+00  0.1875000    
   2.125000      0.0000000E+00  0.2125000    
   2.375000      0.0000000E+00  0.2375000    
   2.625000      0.0000000E+00  0.2625000    
   2.875000      0.0000000E+00  0.2875000    
   3.125000      0.0000000E+00  0.3125000    
   3.375000      0.0000000E+00  0.3375000    
   3.625000      0.0000000E+00  0.3625000    
   3.875000      0.0000000E+00  0.3875000    
   4.125000      0.0000000E+00  0.4125000    
   4.375000      0.0000000E+00  0.4375000    
   4.625000      0.0000000E+00  0.4625000    
   4.875000      0.0000000E+00  0.4875000    
   5.125000      0.0000000E+00  0.5125000    
   5.375000      0.0000000E+00  0.5375000    
   5.625000      0.0000000E+00  0.5624999    
   5.875000      0.0000000E+00  0.5875000    
   6.125000      0.0000000E+00  0.6125000    
   6.375000      0.0000000E+00  0.6375000    
   6.625000      0.0000000E+00  0.6625000    
   6.875000      0.0000000E+00  0.6874999    
   7.125000      0.0000000E+00  0.7125000    
   7.375000      0.0000000E+00  0.7375000    
   7.625000      0.0000000E+00  0.7624999    
   7.875000      0.0000000E+00  0.7875000    
   8.125000      0.0000000E+00  0.8124999    
   8.375000      0.0000000E+00  0.8375000    
   8.625000      0.0000000E+00  0.8625000    
   8.875000      0.0000000E+00  0.8874999    
   9.125000      0.0000000E+00  0.9125000    
   9.375000      0.0000000E+00  0.9374999    
   9.625000      0.0000000E+00  0.9624999    
   9.875000      0.0000000E+00  0.9875000    
   10.00000      0.0000000E+00   1.000000    
 
  0.0000000E+00  1.2500000E-02  0.0000000E+00
  0.1250000      1.2500000E-02  1.1545920E-02
  0.3750000      1.2500000E-02  3.5449378E-02
  0.6250000      1.2500000E-02  5.9661590E-02
  0.8750000      1.2500000E-02  8.4084578E-02
   1.125000      1.2500000E-02  0.1086711    
   1.375000      1.2500000E-02  0.1333830    
   1.625000      1.2500000E-02  0.1581879    
   1.875000      1.2500000E-02  0.1830598    
   2.125000      1.2500000E-02  0.2079785    
   2.375000      1.2500000E-02  0.2329300    
   2.625000      1.2500000E-02  0.2579036    
   2.875000      1.2500000E-02  0.2828922    
   3.125000      1.2500000E-02  0.3078904    
   3.375000      1.2500000E-02  0.3328950    
   3.625000      1.2500000E-02  0.3579030    
   3.875000      1.2500000E-02  0.3829126    
   4.125000      1.2500000E-02  0.4079221    
   4.375000      1.2500000E-02  0.4329298    
   4.625000      1.2500000E-02  0.4579343    
   4.875000      1.2500000E-02  0.4829340    
   5.125000      1.2500000E-02  0.5079272    
   5.375000      1.2500000E-02  0.5329120    
   5.625000      1.2500000E-02  0.5578868    
   5.875000      1.2500000E-02  0.5828503    
   6.125000      1.2500000E-02  0.6078007    
   6.375000      1.2500000E-02  0.6327375    
   6.625000      1.2500000E-02  0.6576598    
   6.875000      1.2500000E-02  0.6825676    
   7.125000      1.2500000E-02  0.7074617    
   7.375000      1.2500000E-02  0.7323422    
   7.625000      1.2500000E-02  0.7572114    
   7.875000      1.2500000E-02  0.7820685    
   8.125000      1.2500000E-02  0.8069203    
   8.375000      1.2500000E-02  0.8317537    
   8.625000      1.2500000E-02  0.8566120    
   8.875000      1.2500000E-02  0.8813778    
   9.125000      1.2500000E-02  0.9063873    
   9.375000      1.2500000E-02  0.9306927    
   9.625000      1.2500000E-02  0.9570185    
   9.875000      1.2500000E-02  0.9773587    
   10.00000      1.2500000E-02   1.000000    
 
  0.0000000E+00  3.7500001E-02  0.0000000E+00
  0.1250000      3.7500001E-02  9.6876519E-03
  0.3750000      3.7500001E-02  3.1404421E-02
  0.6250000      3.7500001E-02  5.4042690E-02
  0.8750000      3.7500001E-02  7.7312604E-02
   1.125000      3.7500001E-02  0.1010729    
   1.375000      3.7500001E-02  0.1252092    
   1.625000      3.7500001E-02  0.1496245    
   1.875000      3.7500001E-02  0.1742403    
   2.125000      3.7500001E-02  0.1989971    
   2.375000      3.7500001E-02  0.2238515    
   2.625000      3.7500001E-02  0.2487724    
   2.875000      3.7500001E-02  0.2737382    
   3.125000      3.7500001E-02  0.2987331    
   3.375000      3.7500001E-02  0.3237467    
   3.625000      3.7500001E-02  0.3487709    
   3.875000      3.7500001E-02  0.3737997    
   4.125000      3.7500001E-02  0.3988281    
   4.375000      3.7500001E-02  0.4238515    
   4.625000      3.7500001E-02  0.4488652    
   4.875000      3.7500001E-02  0.4738644    
   5.125000      3.7500001E-02  0.4988440    
   5.375000      3.7500001E-02  0.5237990    
   5.625000      3.7500001E-02  0.5487239    
   5.875000      3.7500001E-02  0.5736144    
   6.125000      3.7500001E-02  0.5984663    
   6.375000      3.7500001E-02  0.6232769    
   6.625000      3.7500001E-02  0.6480445    
   6.875000      3.7500001E-02  0.6727688    
   7.125000      3.7500001E-02  0.6974514    
   7.375000      3.7500001E-02  0.7220938    
   7.625000      3.7500001E-02  0.7467017    
   7.875000      3.7500001E-02  0.7712734    
   8.125000      3.7500001E-02  0.7958299    
   8.375000      3.7500001E-02  0.8203298    
   8.625000      3.7500001E-02  0.8449064    
   8.875000      3.7500001E-02  0.8692013    
   9.125000      3.7500001E-02  0.8942385    
   9.375000      3.7500001E-02  0.9171305    
   9.625000      3.7500001E-02  0.9461802    
   9.875000      3.7500001E-02  0.9569252    
   10.00000      3.7500001E-02   1.000000    
 
  0.0000000E+00  6.2500000E-02  0.0000000E+00
  0.1250000      6.2500000E-02  7.9542901E-03
  0.3750000      6.2500000E-02  2.7510324E-02
  0.6250000      6.2500000E-02  4.8583161E-02
  0.8750000      6.2500000E-02  7.0705473E-02
   1.125000      6.2500000E-02  9.3643792E-02
   1.375000      6.2500000E-02  0.1172080    
   1.625000      6.2500000E-02  0.1412361    
   1.875000      6.2500000E-02  0.1655977    
   2.125000      6.2500000E-02  0.1901937    
   2.375000      6.2500000E-02  0.2149520    
   2.625000      6.2500000E-02  0.2398210    
   2.875000      6.2500000E-02  0.2647643    
   3.125000      6.2500000E-02  0.2897561    
   3.375000      6.2500000E-02  0.3147789    
   3.625000      6.2500000E-02  0.3398195    
   3.875000      6.2500000E-02  0.3648677    
   4.125000      6.2500000E-02  0.3899153    
   4.375000      6.2500000E-02  0.4149545    
   4.625000      6.2500000E-02  0.4399778    
   4.875000      6.2500000E-02  0.4649769    
   5.125000      6.2500000E-02  0.4899436    
   5.375000      6.2500000E-02  0.5148693    
   5.625000      6.2500000E-02  0.5397453    
   5.875000      6.2500000E-02  0.5645639    
   6.125000      6.2500000E-02  0.5893187    
   6.375000      6.2500000E-02  0.6140045    
   6.625000      6.2500000E-02  0.6386189    
   6.875000      6.2500000E-02  0.6631612    
   7.125000      6.2500000E-02  0.6876339    
   7.375000      6.2500000E-02  0.7120398    
   7.625000      6.2500000E-02  0.7363879    
   7.875000      6.2500000E-02  0.7606757    
   8.125000      6.2500000E-02  0.7849386    
   8.375000      6.2500000E-02  0.8091054    
   8.625000      6.2500000E-02  0.8334044    
   8.875000      6.2500000E-02  0.8572213    
   9.125000      6.2500000E-02  0.8823099    
   9.375000      6.2500000E-02  0.9037251    
   9.625000      6.2500000E-02  0.9356893    
   9.875000      6.2500000E-02  0.9361394    
   10.00000      6.2500000E-02   1.000000    
 
  0.0000000E+00  8.7500006E-02  0.0000000E+00
  0.1250000      8.7500006E-02  6.3922564E-03
  0.3750000      8.7500006E-02  2.3839112E-02
  0.6250000      8.7500006E-02  4.3366227E-02
  0.8750000      8.7500006E-02  6.4354219E-02
   1.125000      8.7500006E-02  8.6480930E-02
   1.375000      8.7500006E-02  0.1094810    
   1.625000      8.7500006E-02  0.1331278    
   1.875000      8.7500006E-02  0.1572396    
   2.125000      8.7500006E-02  0.1816779    
   2.375000      8.7500006E-02  0.2063422    
   2.625000      8.7500006E-02  0.2311606    
   2.875000      8.7500006E-02  0.2560826    
   3.125000      8.7500006E-02  0.2810719    
   3.375000      8.7500006E-02  0.3061045    
   3.625000      8.7500006E-02  0.3311616    
   3.875000      8.7500006E-02  0.3562296    
   4.125000      8.7500006E-02  0.3812966    
   4.375000      8.7500006E-02  0.4063521    
   4.625000      8.7500006E-02  0.4313854    
   4.875000      8.7500006E-02  0.4563851    
   5.125000      8.7500006E-02  0.4813396    
   5.375000      8.7500006E-02  0.5062373    
   5.625000      8.7500006E-02  0.5310656    
   5.875000      8.7500006E-02  0.5558140    
   6.125000      8.7500006E-02  0.5804732    
   6.375000      8.7500006E-02  0.6050363    
   6.625000      8.7500006E-02  0.6294996    
   6.875000      8.7500006E-02  0.6538621    
   7.125000      8.7500006E-02  0.6781273    
   7.375000      8.7500006E-02  0.7022989    
   7.625000      8.7500006E-02  0.7263899    
   7.875000      8.7500006E-02  0.7503959    
   8.125000      8.7500006E-02  0.7743677    
   8.375000      8.7500006E-02  0.7982020    
   8.625000      8.7500006E-02  0.8222293    
   8.875000      8.7500006E-02  0.8455586    
   9.125000      8.7500006E-02  0.8707332    
   9.375000      8.7500006E-02  0.8905787    
   9.625000      8.7500006E-02  0.9257376    
   9.875000      8.7500006E-02  0.9149207    
   10.00000      8.7500006E-02   1.000000    
 
  0.0000000E+00  0.1125000      0.0000000E+00
  0.1250000      0.1125000      5.0249794E-03
  0.3750000      0.1125000      2.0442305E-02
  0.6250000      0.1125000      3.8458161E-02
  0.8750000      0.1125000      5.8335844E-02
   1.125000      0.1125000      7.9669662E-02
   1.375000      0.1125000      0.1021199    
   1.625000      0.1125000      0.1253963    
   1.875000      0.1125000      0.1492658    
   2.125000      0.1125000      0.1735519    
   2.375000      0.1125000      0.1981260    
   2.625000      0.1125000      0.2228964    
   2.875000      0.1125000      0.2477986    
   3.125000      0.1125000      0.2727868    
   3.375000      0.1125000      0.2978298    
   3.625000      0.1125000      0.3229042    
   3.875000      0.1125000      0.3479923    
   4.125000      0.1125000      0.3730792    
   4.375000      0.1125000      0.3981514    
   4.625000      0.1125000      0.4231952    
   4.875000      0.1125000      0.4481962    
   5.125000      0.1125000      0.4731396    
   5.375000      0.1125000      0.4980103    
   5.625000      0.1125000      0.5227923    
   5.875000      0.1125000      0.5474722    
   6.125000      0.1125000      0.5720382    
   6.375000      0.1125000      0.5964808    
   6.625000      0.1125000      0.6207956    
   6.875000      0.1125000      0.6449812    
   7.125000      0.1125000      0.6690418    
   7.375000      0.1125000      0.6929820    
   7.625000      0.1125000      0.7168187    
   7.875000      0.1125000      0.7405455    
   8.125000      0.1125000      0.7642296    
   8.375000      0.1125000      0.7877322    
   8.625000      0.1125000      0.8114957    
   8.875000      0.1125000      0.8343253    
   9.125000      0.1125000      0.8596289    
   9.375000      0.1125000      0.8777909    
   9.625000      0.1125000      0.9164866    
   9.875000      0.1125000      0.8932904    
   10.00000      0.1125000       1.000000    
 
  0.0000000E+00  0.1375000      0.0000000E+00
  0.1250000      0.1375000      3.8583060E-03
  0.3750000      0.1375000      1.7353332E-02
  0.6250000      0.1375000      3.3909831E-02
  0.8750000      0.1375000      5.2714422E-02
   1.125000      0.1375000      7.3284455E-02
   1.375000      0.1375000      9.5207229E-02
   1.625000      0.1375000      0.1181296    
   1.875000      0.1375000      0.1417689    
   2.125000      0.1375000      0.1659111    
   2.375000      0.1375000      0.1904006    
   2.625000      0.1375000      0.2151269    
   2.875000      0.1375000      0.2400121    
   3.125000      0.1375000      0.2650009    
   3.375000      0.1375000      0.2900555    
   3.625000      0.1375000      0.3151480    
   3.875000      0.1375000      0.3402569    
   4.125000      0.1375000      0.3653642    
   4.375000      0.1375000      0.3904535    
   4.625000      0.1375000      0.4155084    
   4.875000      0.1375000      0.4405114    
   5.125000      0.1375000      0.4654447    
   5.375000      0.1375000      0.4902896    
   5.625000      0.1375000      0.5150269    
   5.875000      0.1375000      0.5396402    
   6.125000      0.1375000      0.5641150    
   6.375000      0.1375000      0.5884399    
   6.625000      0.1375000      0.6126089    
   6.875000      0.1375000      0.6366205    
   7.125000      0.1375000      0.6604795    
   7.375000      0.1375000      0.6841918    
   7.625000      0.1375000      0.7077777    
   7.875000      0.1375000      0.7312282    
   8.125000      0.1375000      0.7546288    
   8.375000      0.1375000      0.7778009    
   8.625000      0.1375000      0.8013091    
   8.875000      0.1375000      0.8236262    
   9.125000      0.1375000      0.8491068    
   9.375000      0.1375000      0.8654592    
   9.625000      0.1375000      0.9080686    
   9.875000      0.1375000      0.8713587    
   10.00000      0.1375000       1.000000    
 
  0.0000000E+00  0.1625000      0.0000000E+00
  0.1250000      0.1625000      2.8854043E-03
  0.3750000      0.1625000      1.4590137E-02
  0.6250000      0.1625000      2.9758379E-02
  0.8750000      0.1625000      4.7542326E-02
   1.125000      0.1625000      6.7389682E-02
   1.375000      0.1625000      8.8816419E-02
   1.625000      0.1625000      0.1114080    
   1.875000      0.1625000      0.1348336    
   2.125000      0.1625000      0.1588436    
   2.375000      0.1625000      0.1832567    
   2.625000      0.1625000      0.2079443    
   2.875000      0.1625000      0.2328161    
   3.125000      0.1625000      0.2578079    
   3.375000      0.1625000      0.2828759    
   3.625000      0.1625000      0.3079875    
   3.875000      0.1625000      0.3331179    
   4.125000      0.1625000      0.3582461    
   4.375000      0.1625000      0.3833531    
   4.625000      0.1625000      0.4084196    
   4.875000      0.1625000      0.4334253    
   5.125000      0.1625000      0.4583492    
   5.375000      0.1625000      0.4831693    
   5.625000      0.1625000      0.5078635    
   5.875000      0.1625000      0.5324120    
   6.125000      0.1625000      0.5567976    
   6.375000      0.1625000      0.5810072    
   6.625000      0.1625000      0.6050333    
   6.875000      0.1625000      0.6288740    
   7.125000      0.1625000      0.6525350    
   7.375000      0.1625000      0.6760225    
   7.625000      0.1625000      0.6993613    
   7.875000      0.1625000      0.7225390    
   8.125000      0.1625000      0.7456603    
   8.375000      0.1625000      0.7685032    
   8.625000      0.1625000      0.7917657    
   8.875000      0.1625000      0.8135571    
   9.125000      0.1625000      0.8392649    
   9.375000      0.1625000      0.8536786    
   9.625000      0.1625000      0.9005837    
   9.875000      0.1625000      0.8493086    
   10.00000      0.1625000       1.000000    
 
  0.0000000E+00  0.1875000      0.0000000E+00
  0.1250000      0.1875000      2.0909947E-03
  0.3750000      0.1875000      1.2158027E-02
  0.6250000      0.1875000      2.6029233E-02
  0.8750000      0.1875000      4.2861748E-02
   1.125000      0.1875000      6.2040862E-02
   1.375000      0.1875000      8.3013065E-02
   1.625000      0.1875000      0.1053044    
   1.875000      0.1875000      0.1285381    
   2.125000      0.1875000      0.1524311    
   2.375000      0.1875000      0.1767782    
   2.625000      0.1875000      0.2014344    
   2.875000      0.1875000      0.2262977    
   3.125000      0.1875000      0.2512957    
   3.375000      0.1875000      0.2763791    
   3.625000      0.1875000      0.3015111    
   3.875000      0.1875000      0.3266639    
   4.125000      0.1875000      0.3518137    
   4.375000      0.1875000      0.3769388    
   4.625000      0.1875000      0.4020174    
   4.875000      0.1875000      0.4270262    
   5.125000      0.1875000      0.4519412    
   5.375000      0.1875000      0.4767375    
   5.625000      0.1875000      0.5013896    
   5.875000      0.1875000      0.5258749    
   6.125000      0.1875000      0.5501733    
   6.375000      0.1875000      0.5742698    
   6.625000      0.1875000      0.5981556    
   6.875000      0.1875000      0.6218284    
   7.125000      0.1875000      0.6452947    
   7.375000      0.1875000      0.6685609    
   7.625000      0.1875000      0.6916565    
   7.875000      0.1875000      0.7145648    
   8.125000      0.1875000      0.7374116    
   8.375000      0.1875000      0.7599273    
   8.625000      0.1875000      0.7829536    
   8.875000      0.1875000      0.8042070    
   9.125000      0.1875000      0.8301910    
   9.375000      0.1875000      0.8425431    
   9.625000      0.1875000      0.8941014    
   9.875000      0.1875000      0.8273839    
   10.00000      0.1875000       1.000000    
 
  0.0000000E+00  0.2125000      0.0000000E+00
  0.1250000      0.2125000      1.4548100E-03
  0.3750000      0.2125000      1.0052560E-02
  0.6250000      0.2125000      2.2738224E-02
  0.8750000      0.2125000      3.8706336E-02
   1.125000      0.2125000      5.7285812E-02
   1.375000      0.2125000      7.7855662E-02
   1.625000      0.2125000      9.9884905E-02
   1.875000      0.2125000      0.1229540    
   2.125000      0.2125000      0.1467492    
   2.375000      0.2125000      0.1710434    
   2.625000      0.2125000      0.1956769    
   2.875000      0.2125000      0.2205375    
   3.125000      0.2125000      0.2455458    
   3.375000      0.2125000      0.2706472    
   3.625000      0.2125000      0.2958013    
   3.875000      0.2125000      0.3209775    
   4.125000      0.2125000      0.3461494    
   4.375000      0.2125000      0.3712930    
   4.625000      0.2125000      0.3963839    
   4.875000      0.2125000      0.4213961    
   5.125000      0.2125000      0.4463027    
   5.375000      0.2125000      0.4710757    
   5.625000      0.2125000      0.4956866    
   5.875000      0.2125000      0.5201097    
   6.125000      0.2125000      0.5443224    
   6.375000      0.2125000      0.5683078    
   6.625000      0.2125000      0.5920557    
   6.875000      0.2125000      0.6155635    
   7.125000      0.2125000      0.6388379    
   7.375000      0.2125000      0.6618865    
   7.625000      0.2125000      0.6847426    
   7.875000      0.2125000      0.7073851    
   8.125000      0.2125000      0.7299618    
   8.375000      0.2125000      0.7521527    
   8.625000      0.2125000      0.7749522    
   8.875000      0.2125000      0.7956577    
   9.125000      0.2125000      0.8219621    
   9.375000      0.2125000      0.8321457    
   9.625000      0.2125000      0.8886602    
   9.875000      0.2125000      0.8058746    
   10.00000      0.2125000       1.000000    
 
  0.0000000E+00  0.2375000      0.0000000E+00
  0.1250000      0.2375000      9.5431239E-04
  0.3750000      0.2375000      8.2623791E-03
  0.6250000      0.2375000      1.9893890E-02
  0.8750000      0.2375000      3.5102967E-02
   1.125000      0.2375000      5.3166021E-02
   1.375000      0.2375000      7.3396564E-02
   1.625000      0.2375000      9.5209785E-02
   1.875000      0.2375000      0.1181470    
   2.125000      0.2375000      0.1418669    
   2.375000      0.2375000      0.1661239    
   2.625000      0.2375000      0.1907455    
   2.875000      0.2375000      0.2156105    
   3.125000      0.2375000      0.2406337    
   3.375000      0.2375000      0.2657561    
   3.625000      0.2375000      0.2909343    
   3.875000      0.2375000      0.3161350    
   4.125000      0.2375000      0.3413296    
   4.375000      0.2375000      0.3664920    
   4.625000      0.2375000      0.3915952    
   4.875000      0.2375000      0.4166108    
   5.125000      0.2375000      0.4415092    
   5.375000      0.2375000      0.4662591    
   5.625000      0.2375000      0.4908291    
   5.875000      0.2375000      0.5151907    
   6.125000      0.2375000      0.5393188    
   6.375000      0.2375000      0.5631946    
   6.625000      0.2375000      0.5868065    
   6.875000      0.2375000      0.6101514    
   7.125000      0.2375000      0.6332371    
   7.375000      0.2375000      0.6560711    
   7.625000      0.2375000      0.6786913    
   7.875000      0.2375000      0.7010717    
   8.125000      0.2375000      0.7233831    
   8.375000      0.2375000      0.7452519    
   8.625000      0.2375000      0.7678334    
   8.875000      0.2375000      0.7879837    
   9.125000      0.2375000      0.8146451    
   9.375000      0.2375000      0.8225786    
   9.625000      0.2375000      0.8842701    
   9.875000      0.2375000      0.7851037    
   10.00000      0.2375000       1.000000    
 
  0.0000000E+00  0.2625000      0.0000000E+00
  0.1250000      0.2625000      5.6672934E-04
  0.3750000      0.2625000      6.7719449E-03
  0.6250000      0.2625000      1.7499847E-02
  0.8750000      0.2625000      3.2073606E-02
   1.125000      0.2625000      4.9718041E-02
   1.375000      0.2625000      6.9683045E-02
   1.625000      0.2625000      9.1333874E-02
   1.875000      0.2625000      0.1141771    
   2.125000      0.2625000      0.1378482    
   2.375000      0.2625000      0.1620861    
   2.625000      0.2625000      0.1867079    
   2.875000      0.2625000      0.2115855    
   3.125000      0.2625000      0.2366290    
   3.375000      0.2625000      0.2617759    
   3.625000      0.2625000      0.2869802    
   3.875000      0.2625000      0.3122066    
   4.125000      0.2625000      0.3374246    
   4.375000      0.2625000      0.3626059    
   4.625000      0.2625000      0.3877212    
   4.875000      0.2625000      0.4127401    
   5.125000      0.2625000      0.4376298    
   5.375000      0.2625000      0.4623563    
   5.625000      0.2625000      0.4868853    
   5.875000      0.2625000      0.5111857    
   6.125000      0.2625000      0.5352297    
   6.375000      0.2625000      0.5589967    
   6.625000      0.2625000      0.5824740    
   6.875000      0.2625000      0.6056581    
   7.125000      0.2625000      0.6285573    
   7.375000      0.2625000      0.6511797    
   7.625000      0.2625000      0.6735674    
   7.875000      0.2625000      0.6956894    
   8.125000      0.2625000      0.7177399    
   8.375000      0.2625000      0.7392901    
   8.625000      0.2625000      0.7616608    
   8.875000      0.2625000      0.7812533    
   9.125000      0.2625000      0.8082971    
   9.375000      0.2625000      0.8139333    
   9.625000      0.2625000      0.8809153    
   9.875000      0.2625000      0.7654138    
   10.00000      0.2625000       1.000000    
 
  0.0000000E+00  0.2875000      0.0000000E+00
  0.1250000      0.2875000      2.7050084E-04
  0.3750000      0.2875000      5.5641006E-03
  0.6250000      0.2875000      1.5557171E-02
  0.8750000      0.2875000      2.9637272E-02
   1.125000      0.2875000      4.6974957E-02
   1.375000      0.2875000      6.6758335E-02
   1.625000      0.2875000      8.8307448E-02
   1.875000      0.2875000      0.1110995    
   2.125000      0.2875000      0.1347513    
   2.375000      0.2875000      0.1589903    
   2.625000      0.2875000      0.1836261    
   2.875000      0.2875000      0.2085254    
   3.125000      0.2875000      0.2335952    
   3.375000      0.2875000      0.2587703    
   3.625000      0.2875000      0.2840030    
   3.875000      0.2875000      0.3092565    
   4.125000      0.2875000      0.3344983    
   4.375000      0.2875000      0.3596985    
   4.625000      0.2875000      0.3848257    
   4.875000      0.2875000      0.4098472    
   5.125000      0.2875000      0.4347275    
   5.375000      0.2875000      0.4594299    
   5.625000      0.2875000      0.4839174    
   5.875000      0.2875000      0.5081559    
   6.125000      0.2875000      0.5321156    
   6.375000      0.2875000      0.5557741    
   6.625000      0.2875000      0.5791177    
   6.875000      0.2875000      0.6021423    
   7.125000      0.2875000      0.6248571    
   7.375000      0.2875000      0.6472702    
   7.625000      0.2875000      0.6694286    
   7.875000      0.2875000      0.6912958    
   8.125000      0.2875000      0.7130898    
   8.375000      0.2875000      0.7343254    
   8.625000      0.2875000      0.7564910    
   8.875000      0.2875000      0.7755281    
   9.125000      0.2875000      0.8029661    
   9.375000      0.2875000      0.8062997    
   9.625000      0.2875000      0.8785579    
   9.875000      0.2875000      0.7471539    
   10.00000      0.2875000       1.000000    
 
  0.0000000E+00  0.3125000      0.0000000E+00
  0.1250000      0.3125000      4.6264602E-05
  0.3750000      0.3125000      4.6223998E-03
  0.6250000      0.3125000      1.4066749E-02
  0.8750000      0.3125000      2.7811937E-02
   1.125000      0.3125000      4.4967838E-02
   1.375000      0.3125000      6.4662673E-02
   1.625000      0.3125000      8.6176947E-02
   1.875000      0.3125000      0.1089647    
   2.125000      0.3125000      0.1326297    
   2.375000      0.3125000      0.1568919    
   2.625000      0.3125000      0.1815565    
   2.875000      0.3125000      0.2064873    
   3.125000      0.3125000      0.2315898    
   3.375000      0.3125000      0.2567972    
   3.625000      0.3125000      0.2820608    
   3.875000      0.3125000      0.3073425    
   4.125000      0.3125000      0.3326087    
   4.375000      0.3125000      0.3578276    
   4.625000      0.3125000      0.3829661    
   4.875000      0.3125000      0.4079891    
   5.125000      0.3125000      0.4328589    
   5.375000      0.3125000      0.4575359    
   5.625000      0.3125000      0.4819805    
   5.875000      0.3125000      0.5061561    
   6.125000      0.3125000      0.5300309    
   6.375000      0.3125000      0.5535805    
   6.625000      0.3125000      0.5767904    
   6.875000      0.3125000      0.5996563    
   7.125000      0.3125000      0.6221882    
   7.375000      0.3125000      0.6443941    
   7.625000      0.3125000      0.6663258    
   7.875000      0.3125000      0.6879418    
   8.125000      0.3125000      0.7094831    
   8.375000      0.3125000      0.7304091    
   8.625000      0.3125000      0.7523736    
   8.875000      0.3125000      0.7708637    
   9.125000      0.3125000      0.7986910    
   9.375000      0.3125000      0.7997654    
   9.625000      0.3125000      0.8771439    
   9.875000      0.3125000      0.7306675    
   10.00000      0.3125000       1.000000    
 
  0.0000000E+00  0.3375000      0.0000000E+00
  0.1250000      0.3375000     -1.2250435E-04
  0.3750000      0.3375000      3.9332393E-03
  0.6250000      0.3375000      1.3031533E-02
  0.8750000      0.3375000      2.6616396E-02
   1.125000      0.3375000      4.3727059E-02
   1.375000      0.3375000      6.3434176E-02
   1.625000      0.3375000      8.4985539E-02
   1.875000      0.3375000      0.1078191    
   2.125000      0.3375000      0.1315318    
   2.375000      0.3375000      0.1558407    
   2.625000      0.3375000      0.1805498    
   2.875000      0.3375000      0.2055226    
   3.125000      0.3375000      0.2306645    
   3.375000      0.3375000      0.2559085    
   3.625000      0.3375000      0.2812056    
   3.875000      0.3375000      0.3065166    
   4.125000      0.3375000      0.3318073    
   4.375000      0.3375000      0.3570445    
   4.625000      0.3375000      0.3821934    
   4.875000      0.3375000      0.4072167    
   5.125000      0.3375000      0.4320743    
   5.375000      0.3375000      0.4567241    
   5.625000      0.3375000      0.4811240    
   5.875000      0.3375000      0.5052350    
   6.125000      0.3375000      0.5290233    
   6.375000      0.3375000      0.5524630    
   6.625000      0.3375000      0.5755388    
   6.875000      0.3375000      0.5982460    
   7.125000      0.3375000      0.6205957    
   7.375000      0.3375000      0.6425963    
   7.625000      0.3375000      0.6643038    
   7.875000      0.3375000      0.6856719    
   8.125000      0.3375000      0.7069641    
   8.375000      0.3375000      0.7275860    
   8.625000      0.3375000      0.7493512    
   8.875000      0.3375000      0.7673092    
   9.125000      0.3375000      0.7955035    
   9.375000      0.3375000      0.7944141    
   9.625000      0.3375000      0.8766080    
   9.875000      0.3375000      0.7162796    
   10.00000      0.3375000       1.000000    
 
  0.0000000E+00  0.3625000      0.0000000E+00
  0.1250000      0.3625000     -2.4907518E-04
  0.3750000      0.3625000      3.4877690E-03
  0.6250000      0.3625000      1.2458632E-02
  0.8750000      0.3625000      2.6071928E-02
   1.125000      0.3625000      4.3283556E-02
   1.375000      0.3625000      6.3109770E-02
   1.625000      0.3625000      8.4773757E-02
   1.875000      0.3625000      0.1077056    
   2.125000      0.3625000      0.1315017    
   2.375000      0.3625000      0.1558816    
   2.625000      0.3625000      0.1806514    
   2.875000      0.3625000      0.2056769    
   3.125000      0.3625000      0.2308651    
   3.375000      0.3625000      0.2561500    
   3.625000      0.3625000      0.2814828    
   3.875000      0.3625000      0.3068244    
   4.125000      0.3625000      0.3321399    
   4.375000      0.3625000      0.3573947    
   4.625000      0.3625000      0.3825527    
   4.875000      0.3625000      0.4075745    
   5.125000      0.3625000      0.4324178    
   5.375000      0.3625000      0.4570380    
   5.625000      0.3625000      0.4813909    
   5.875000      0.3625000      0.5054348    
   6.125000      0.3625000      0.5291345    
   6.375000      0.3625000      0.5524625    
   6.625000      0.3625000      0.5754029    
   6.875000      0.3625000      0.5979509    
   7.125000      0.3625000      0.6201188    
   7.375000      0.3625000      0.6419152    
   7.625000      0.3625000      0.6634007    
   7.875000      0.3625000      0.6845242    
   8.125000      0.3625000      0.7055703    
   8.375000      0.3625000      0.7258946    
   8.625000      0.3625000      0.7474601    
   8.875000      0.3625000      0.7649081    
   9.125000      0.3625000      0.7934279    
   9.375000      0.3625000      0.7903241    
   9.625000      0.3625000      0.8768804    
   9.875000      0.3625000      0.7042863    
   10.00000      0.3625000       1.000000    
 
  0.0000000E+00  0.3875000      0.0000000E+00
  0.1250000      0.3875000     -3.4315159E-04
  0.3750000      0.3875000      3.2836264E-03
  0.6250000      0.3875000      1.2361214E-02
  0.8750000      0.3875000      2.6203830E-02
   1.125000      0.3875000      4.3669853E-02
   1.375000      0.3875000      6.3725837E-02
   1.625000      0.3875000      8.5579909E-02
   1.875000      0.3875000      0.1086633    
   2.125000      0.3875000      0.1325793    
   2.375000      0.3875000      0.1570545    
   2.625000      0.3875000      0.1819013    
   2.875000      0.3875000      0.2069902    
   3.125000      0.3875000      0.2322315    
   3.375000      0.3875000      0.2575614    
   3.625000      0.3875000      0.2829323    
   3.875000      0.3875000      0.3083054    
   4.125000      0.3875000      0.3336454    
   4.375000      0.3875000      0.3589171    
   4.625000      0.3875000      0.3840825    
   4.875000      0.3875000      0.4091008    
   5.125000      0.3875000      0.4339272    
   5.375000      0.3875000      0.4585150    
   5.625000      0.3875000      0.4828176    
   5.875000      0.3875000      0.5067914    
   6.125000      0.3875000      0.5303995    
   6.375000      0.3875000      0.5536134    
   6.625000      0.3875000      0.5764167    
   6.875000      0.3875000      0.5988045    
   7.125000      0.3875000      0.6207904    
   7.375000      0.3875000      0.6423835    
   7.625000      0.3875000      0.6636485    
   7.875000      0.3875000      0.6845305    
   8.125000      0.3875000      0.7053332    
   8.375000      0.3875000      0.7253676    
   8.625000      0.3875000      0.7467304    
   8.875000      0.3875000      0.7636973    
   9.125000      0.3875000      0.7924830    
   9.375000      0.3875000      0.7875662    
   9.625000      0.3875000      0.8778923    
   9.875000      0.3875000      0.6949461    
   10.00000      0.3875000       1.000000    
 
  0.0000000E+00  0.4125000      0.0000000E+00
  0.1250000      0.4125000     -4.1056843E-04
  0.3750000      0.4125000      3.3265066E-03
  0.6250000      0.4125000      1.2760140E-02
  0.8750000      0.4125000      2.7042601E-02
   1.125000      0.4125000      4.4920821E-02
   1.375000      0.4125000      6.5318659E-02
   1.625000      0.4125000      8.7440379E-02
   1.875000      0.4125000      0.1107282    
   2.125000      0.4125000      0.1347997    
   2.375000      0.4125000      0.1593942    
   2.625000      0.4125000      0.1843340    
   2.875000      0.4125000      0.2094967    
   3.125000      0.4125000      0.2347977    
   3.375000      0.4125000      0.2601765    
   3.625000      0.4125000      0.2855876    
   3.875000      0.4125000      0.3109929    
   4.125000      0.4125000      0.3363571    
   4.375000      0.4125000      0.3616443    
   4.625000      0.4125000      0.3868153    
   4.875000      0.4125000      0.4118274    
   5.125000      0.4125000      0.4366339    
   5.375000      0.4125000      0.4611858    
   5.625000      0.4125000      0.4854346    
   5.875000      0.4125000      0.5093347    
   6.125000      0.4125000      0.5328477    
   6.375000      0.4125000      0.5559444    
   6.625000      0.4125000      0.5786081    
   6.875000      0.4125000      0.6008341    
   7.125000      0.4125000      0.6226374    
   7.375000      0.4125000      0.6440276    
   7.625000      0.4125000      0.6650735    
   7.875000      0.4125000      0.6857171    
   8.125000      0.4125000      0.7062788    
   8.375000      0.4125000      0.7260315    
   8.625000      0.4125000      0.7471867    
   8.875000      0.4125000      0.7637077    
   9.125000      0.4125000      0.7926826    
   9.375000      0.4125000      0.7862024    
   9.625000      0.4125000      0.8795816    
   9.875000      0.4125000      0.6884703    
   10.00000      0.4125000       1.000000    
 
  0.0000000E+00  0.4375000      0.0000000E+00
  0.1250000      0.4375000     -4.5290132E-04
  0.3750000      0.4375000      3.6316053E-03
  0.6250000      0.4375000      1.3685321E-02
  0.8750000      0.4375000      2.8624812E-02
   1.125000      0.4375000      4.7074206E-02
   1.375000      0.4375000      6.7924716E-02
   1.625000      0.4375000      9.0389676E-02
   1.875000      0.4375000      0.1139331    
   2.125000      0.4375000      0.1381945    
   2.375000      0.4375000      0.1629311    
   2.625000      0.4375000      0.1879788    
   2.875000      0.4375000      0.2132249    
   3.125000      0.4375000      0.2385918    
   3.375000      0.4375000      0.2640231    
   3.625000      0.4375000      0.2894760    
   3.875000      0.4375000      0.3149138    
   4.125000      0.4375000      0.3403016    
   4.375000      0.4375000      0.3656028    
   4.625000      0.4375000      0.3907771    
   4.875000      0.4375000      0.4157800    
   5.125000      0.4375000      0.4405631    
   5.375000      0.4375000      0.4650753    
   5.625000      0.4375000      0.4892659    
   5.875000      0.4375000      0.5130882    
   6.125000      0.4375000      0.5365021    
   6.375000      0.4375000      0.5594780    
   6.625000      0.4375000      0.5819990    
   6.875000      0.4375000      0.6040612    
   7.125000      0.4375000      0.6256806    
   7.375000      0.4375000      0.6468682    
   7.625000      0.4375000      0.6676961    
   7.875000      0.4375000      0.6881043    
   8.125000      0.4375000      0.7084271    
   8.375000      0.4375000      0.7279071    
   8.625000      0.4375000      0.7488480    
   8.875000      0.4375000      0.7649640    
   9.125000      0.4375000      0.7940363    
   9.375000      0.4375000      0.7862836    
   9.625000      0.4375000      0.8818974    
   9.875000      0.4375000      0.6850174    
   10.00000      0.4375000       1.000000    
 
  0.0000000E+00  0.4625000      0.0000000E+00
  0.1250000      0.4625000     -4.6691118E-04
  0.3750000      0.4625000      4.2249449E-03
  0.6250000      0.4625000      1.5176713E-02
  0.8750000      0.4625000      3.0993612E-02
   1.125000      0.4625000      5.0170757E-02
   1.375000      0.4625000      7.1580604E-02
   1.625000      0.4625000      9.4460465E-02
   1.875000      0.4625000      0.1183072    
   2.125000      0.4625000      0.1427903    
   2.375000      0.4625000      0.1676901    
   2.625000      0.4625000      0.1928594    
   2.875000      0.4625000      0.2181978    
   3.125000      0.4625000      0.2436358    
   3.375000      0.4625000      0.2691225    
   3.625000      0.4625000      0.2946186    
   3.875000      0.4625000      0.3200890    
   4.125000      0.4625000      0.3454993    
   4.375000      0.4625000      0.3708126    
   4.625000      0.4625000      0.3959875    
   4.875000      0.4625000      0.4209780    
   5.125000      0.4625000      0.4457338    
   5.375000      0.4625000      0.4702018    
   5.625000      0.4625000      0.4943296    
   5.875000      0.4625000      0.5180693    
   6.125000      0.4625000      0.5413795    
   6.375000      0.4625000      0.5642304    
   6.625000      0.4625000      0.5866054    
   6.875000      0.4625000      0.6085013    
   7.125000      0.4625000      0.6299354    
   7.375000      0.4625000      0.6509205    
   7.625000      0.4625000      0.6715313    
   7.875000      0.4625000      0.6917071    
   8.125000      0.4625000      0.7117930    
   8.375000      0.4625000      0.7310100    
   8.625000      0.4625000      0.7517283    
   8.875000      0.4625000      0.7674851    
   9.125000      0.4625000      0.7965512    
   9.375000      0.4625000      0.7878486    
   9.625000      0.4625000      0.8848042    
   9.875000      0.4625000      0.6846883    
   10.00000      0.4625000       1.000000    
 
  0.0000000E+00  0.4875000      0.0000000E+00
  0.1250000      0.4875000     -4.4375533E-04
  0.3750000      0.4875000      5.1445747E-03
  0.6250000      0.4875000      1.7284909E-02
  0.8750000      0.4875000      3.4198746E-02
   1.125000      0.4875000      5.4253951E-02
   1.375000      0.4875000      7.6322854E-02
   1.625000      0.4875000      9.9683195E-02
   1.875000      0.4875000      0.1238765    
   2.125000      0.4875000      0.1486097    
   2.375000      0.4875000      0.1736911    
   2.625000      0.4875000      0.1989940    
   2.875000      0.4875000      0.2244322    
   3.125000      0.4875000      0.2499457    
   3.375000      0.4875000      0.2754903    
   3.625000      0.4875000      0.3010303    
   3.875000      0.4875000      0.3265329    
   4.125000      0.4875000      0.3519644    
   4.375000      0.4875000      0.3772876    
   4.625000      0.4875000      0.4024601    
   4.875000      0.4875000      0.4274344    
   5.125000      0.4875000      0.4521585    
   5.375000      0.4875000      0.4765776    
   5.625000      0.4875000      0.5006376    
   5.875000      0.4875000      0.5242893    
   6.125000      0.4875000      0.5474909    
   6.375000      0.4875000      0.5702124    
   6.625000      0.4875000      0.5924377    
   6.875000      0.4875000      0.6141644    
   7.125000      0.4875000      0.6354118    
   7.375000      0.4875000      0.6561940    
   7.625000      0.4875000      0.6765885    
   7.875000      0.4875000      0.6965352    
   8.125000      0.4875000      0.7163860    
   8.375000      0.4875000      0.7353503    
   8.625000      0.4875000      0.7558368    
   8.875000      0.4875000      0.7712836    
   9.125000      0.4875000      0.8002319    
   9.375000      0.4875000      0.7909228    
   9.625000      0.4875000      0.8882849    
   9.875000      0.4875000      0.6875219    
   10.00000      0.4875000       1.000000    
 
  0.0000000E+00  0.5125000      0.0000000E+00
  0.1250000      0.5125000     -3.6791095E-04
  0.3750000      0.5125000      6.4416258E-03
  0.6250000      0.5125000      2.0071272E-02
  0.8750000      0.5125000      3.8296133E-02
   1.125000      0.5125000      5.9369460E-02
   1.375000      0.5125000      8.2187228E-02
   1.625000      0.5125000      0.1060857    
   1.875000      0.5125000      0.1306629    
   2.125000      0.5125000      0.1556702    
   2.375000      0.5125000      0.1809488    
   2.625000      0.5125000      0.2063952    
   2.875000      0.5125000      0.2319391    
   3.125000      0.5125000      0.2575317    
   3.375000      0.5125000      0.2831356    
   3.625000      0.5125000      0.3087198    
   3.875000      0.5125000      0.3342537    
   4.125000      0.5125000      0.3597046    
   4.375000      0.5125000      0.3850350    
   4.625000      0.5125000      0.4102018    
   4.875000      0.5125000      0.4351560    
   5.125000      0.5125000      0.4598436    
   5.375000      0.5125000      0.4842085    
   5.625000      0.5125000      0.5081954    
   5.875000      0.5125000      0.5317537    
   6.125000      0.5125000      0.5548414    
   6.375000      0.5125000      0.5774286    
   6.625000      0.5125000      0.5995003    
   6.875000      0.5125000      0.6210549    
   7.125000      0.5125000      0.6421139    
   7.375000      0.5125000      0.6626931    
   7.625000      0.5125000      0.6828722    
   7.875000      0.5125000      0.7025932    
   8.125000      0.5125000      0.7222105    
   8.375000      0.5125000      0.7409329    
   8.625000      0.5125000      0.7611783    
   8.875000      0.5125000      0.7763660    
   9.125000      0.5125000      0.8050815    
   9.375000      0.5125000      0.7955181    
   9.625000      0.5125000      0.8923417    
   9.875000      0.5125000      0.6934941    
   10.00000      0.5125000       1.000000    
 
  0.0000000E+00  0.5375000      0.0000000E+00
  0.1250000      0.5375000     -2.1577235E-04
  0.3750000      0.5375000      8.1811352E-03
  0.6250000      0.5375000      2.3607558E-02
  0.8750000      0.5375000      4.3346889E-02
   1.125000      0.5375000      6.5564148E-02
   1.375000      0.5375000      8.9208014E-02
   1.625000      0.5375000      0.1136927    
   1.875000      0.5375000      0.1386838    
   2.125000      0.5375000      0.1639844    
   2.375000      0.5375000      0.1894722    
   2.625000      0.5375000      0.2150695    
   2.875000      0.5375000      0.2407235    
   3.125000      0.5375000      0.2663973    
   3.375000      0.5375000      0.2920614    
   3.625000      0.5375000      0.3176892    
   3.875000      0.5375000      0.3432530    
   4.125000      0.5375000      0.3687211    
   4.375000      0.5375000      0.3940559    
   4.625000      0.5375000      0.4192133    
   4.875000      0.5375000      0.4441429    
   5.125000      0.5375000      0.4687893    
   5.375000      0.5375000      0.4930946    
   5.625000      0.5375000      0.5170027    
   5.875000      0.5375000      0.5404618    
   6.125000      0.5375000      0.5634302    
   6.375000      0.5375000      0.5858784    
   6.625000      0.5375000      0.6077923    
   6.875000      0.5375000      0.6291720    
   7.125000      0.5375000      0.6500407    
   7.375000      0.5375000      0.6704170    
   7.625000      0.5375000      0.6903819    
   7.875000      0.5375000      0.7098806    
   8.125000      0.5375000      0.7292667    
   8.375000      0.5375000      0.7477582    
   8.625000      0.5375000      0.7677532    
   8.875000      0.5375000      0.7827333    
   9.125000      0.5375000      0.8111014    
   9.375000      0.5375000      0.8016323    
   9.625000      0.5375000      0.8969966    
   9.875000      0.5375000      0.7025186    
   10.00000      0.5375000       1.000000    
 
  0.0000000E+00  0.5625000      0.0000000E+00
  0.1250000      0.5625000      4.6095694E-05
  0.3750000      0.5625000      1.0442581E-02
  0.6250000      0.5625000      2.7974915E-02
  0.8750000      0.5625000      4.9415890E-02
   1.125000      0.5625000      7.2884664E-02
   1.375000      0.5625000      9.7416855E-02
   1.625000      0.5625000      0.1225245    
   1.875000      0.5625000      0.1479519    
   2.125000      0.5625000      0.1735594    
   2.375000      0.5625000      0.1992646    
   2.625000      0.5625000      0.2250175    
   2.875000      0.5625000      0.2507841    
   3.125000      0.5625000      0.2765400    
   3.375000      0.5625000      0.3022639    
   3.625000      0.5625000      0.3279344    
   3.875000      0.5625000      0.3535263    
   4.125000      0.5625000      0.3790090    
   4.375000      0.5625000      0.4043449    
   4.625000      0.5625000      0.4294889    
   4.875000      0.5625000      0.4543894    
   5.125000      0.5625000      0.4789893    
   5.375000      0.5625000      0.5032296    
   5.625000      0.5625000      0.5270529    
   5.875000      0.5625000      0.5504072    
   6.125000      0.5625000      0.5732508    
   6.375000      0.5625000      0.5955551    
   6.625000      0.5625000      0.6173073    
   6.875000      0.5625000      0.6385094    
   7.125000      0.5625000      0.6591865    
   7.375000      0.5625000      0.6793598    
   7.625000      0.5625000      0.6991118    
   7.875000      0.5625000      0.7183921    
   8.125000      0.5625000      0.7375497    
   8.375000      0.5625000      0.7558215    
   8.625000      0.5625000      0.7755577    
   8.875000      0.5625000      0.7903804    
   9.125000      0.5625000      0.8182922    
   9.375000      0.5625000      0.8092499    
   9.625000      0.5625000      0.9022900    
   9.875000      0.5625000      0.7144489    
   10.00000      0.5625000       1.000000    
 
  0.0000000E+00  0.5875000      0.0000000E+00
  0.1250000      0.5875000      4.6304057E-04
  0.3750000      0.5875000      1.3319980E-02
  0.6250000      0.5875000      3.3262298E-02
  0.8750000      0.5875000      5.6569818E-02
   1.125000      0.5875000      8.1375852E-02
   1.375000      0.5875000      0.1068416    
   1.625000      0.5875000      0.1325968    
   1.875000      0.5875000      0.1584742    
   2.125000      0.5875000      0.1843962    
   2.375000      0.5875000      0.2103230    
   2.625000      0.5875000      0.2362334    
   2.875000      0.5875000      0.2621132    
   3.125000      0.5875000      0.2879508    
   3.375000      0.5875000      0.3137335    
   3.625000      0.5875000      0.3394447    
   3.875000      0.5875000      0.3650624    
   4.125000      0.5875000      0.3905568    
   4.375000      0.5875000      0.4158902    
   4.625000      0.5875000      0.4410167    
   4.875000      0.5875000      0.4658833    
   5.125000      0.5875000      0.4904314    
   5.375000      0.5875000      0.5146009    
   5.625000      0.5875000      0.5383338    
   5.875000      0.5875000      0.5615776    
   6.125000      0.5875000      0.5842911    
   6.375000      0.5875000      0.6064469    
   6.625000      0.5875000      0.6280335    
   6.875000      0.5875000      0.6490556    
   7.125000      0.5875000      0.6695401    
   7.375000      0.5875000      0.6895110    
   7.625000      0.5875000      0.7090521    
   7.875000      0.5875000      0.7281181    
   8.125000      0.5875000      0.7470502    
   8.375000      0.5875000      0.7651135    
   8.625000      0.5875000      0.7845843    
   8.875000      0.5875000      0.7992971    
   9.125000      0.5875000      0.8266534    
   9.375000      0.5875000      0.8183429    
   9.625000      0.5875000      0.9082785    
   9.875000      0.5875000      0.7290816    
   10.00000      0.5875000       1.000000    
 
  0.0000000E+00  0.6125000      0.0000000E+00
  0.1250000      0.6125000      1.0946997E-03
  0.3750000      0.6125000      1.6921397E-02
  0.6250000      0.6125000      3.9564181E-02
  0.8750000      0.6125000      6.4874768E-02
   1.125000      0.6125000      9.1078766E-02
   1.375000      0.6125000      0.1175047    
   1.625000      0.6125000      0.1439191    
   1.875000      0.6125000      0.1702514    
   2.125000      0.6125000      0.1964895    
   2.375000      0.6125000      0.2226379    
   2.625000      0.6125000      0.2487050    
   2.875000      0.6125000      0.2746964    
   3.125000      0.6125000      0.3006140    
   3.375000      0.6125000      0.3264533    
   3.625000      0.6125000      0.3522030    
   3.875000      0.6125000      0.3778435    
   4.125000      0.6125000      0.4033464    
   4.375000      0.6125000      0.4286736    
   4.625000      0.6125000      0.4537783    
   4.875000      0.6125000      0.4786061    
   5.125000      0.6125000      0.5030972    
   5.375000      0.6125000      0.5271904    
   5.625000      0.6125000      0.5508271    
   5.875000      0.6125000      0.5739549    
   6.125000      0.6125000      0.5965334    
   6.375000      0.6125000      0.6185363    
   6.625000      0.6125000      0.6399543    
   6.875000      0.6125000      0.6607945    
   7.125000      0.6125000      0.6810858    
   7.375000      0.6125000      0.7008556    
   7.625000      0.6125000      0.7201879    
   7.875000      0.6125000      0.7390442    
   8.125000      0.6125000      0.7577548    
   8.375000      0.6125000      0.7756210    
   8.625000      0.6125000      0.7948217    
   8.875000      0.6125000      0.8094678    
   9.125000      0.6125000      0.8361823    
   9.375000      0.6125000      0.8288721    
   9.625000      0.6125000      0.9150313    
   9.875000      0.6125000      0.7461631    
   10.00000      0.6125000       1.000000    
 
  0.0000000E+00  0.6375000      0.0000000E+00
  0.1250000      0.6375000      2.0175863E-03
  0.3750000      0.6375000      2.1367703E-02
  0.6250000      0.6375000      4.6977546E-02
  0.8750000      0.6375000      7.4393466E-02
   1.125000      0.6375000      0.1020286    
   1.375000      0.6375000      0.1294222    
   1.625000      0.6375000      0.1564943    
   1.875000      0.6375000      0.1832774    
   2.125000      0.6375000      0.2098272    
   2.375000      0.6375000      0.2361930    
   2.625000      0.6375000      0.2624131    
   2.875000      0.6375000      0.2885131    
   3.125000      0.6375000      0.3145075    
   3.375000      0.6375000      0.3404005    
   3.625000      0.6375000      0.3661856    
   3.875000      0.6375000      0.3918457    
   4.125000      0.6375000      0.4173535    
   4.375000      0.6375000      0.4426705    
   4.625000      0.6375000      0.4677489    
   4.875000      0.6375000      0.4925332    
   5.125000      0.6375000      0.5169622    
   5.375000      0.6375000      0.5409738    
   5.625000      0.6375000      0.5645090    
   5.875000      0.6375000      0.5875157    
   6.125000      0.6375000      0.6099545    
   6.375000      0.6375000      0.6318010    
   6.625000      0.6375000      0.6530478    
   6.875000      0.6375000      0.6737047    
   7.125000      0.6375000      0.6938031    
   7.375000      0.6375000      0.7133734    
   7.625000      0.6375000      0.7325002    
   7.875000      0.6375000      0.7511522    
   8.125000      0.6375000      0.7696460    
   8.375000      0.6375000      0.7873260    
   8.625000      0.6375000      0.8062546    
   8.875000      0.6375000      0.8208724    
   9.125000      0.6375000      0.8468751    
   9.375000      0.6375000      0.8407897    
   9.625000      0.6375000      0.9226253    
   9.875000      0.6375000      0.7653966    
   10.00000      0.6375000       1.000000    
 
  0.0000000E+00  0.6625000      0.0000000E+00
  0.1250000      0.6625000      3.3277418E-03
  0.3750000      0.6625000      2.6790408E-02
  0.6250000      0.6625000      5.5598255E-02
  0.8750000      0.6625000      8.5182197E-02
   1.125000      0.6625000      0.1142526    
   1.375000      0.6625000      0.1426016    
   1.625000      0.6625000      0.1703169    
   1.875000      0.6625000      0.1975382    
   2.125000      0.6625000      0.2243897    
   2.375000      0.6625000      0.2509650    
   2.625000      0.6625000      0.2773319    
   2.875000      0.6625000      0.3035353    
   3.125000      0.6625000      0.3296024    
   3.375000      0.6625000      0.3555453    
   3.625000      0.6625000      0.3813621    
   3.875000      0.6625000      0.4070384    
   4.125000      0.6625000      0.4325472    
   4.375000      0.6625000      0.4578499    
   4.625000      0.6625000      0.4828978    
   4.875000      0.6625000      0.5076338    
   5.125000      0.6625000      0.5319958    
   5.375000      0.6625000      0.5559208    
   5.625000      0.6625000      0.5793496    
   5.875000      0.6625000      0.6022307    
   6.125000      0.6625000      0.6245262    
   6.375000      0.6625000      0.6462134    
   6.625000      0.6625000      0.6672872    
   6.875000      0.6625000      0.6877605    
   7.125000      0.6625000      0.7076671    
   7.375000      0.6625000      0.7270405    
   7.625000      0.6625000      0.7459658    
   7.875000      0.6625000      0.7644193    
   8.125000      0.6625000      0.7827023    
   8.375000      0.6625000      0.8002071    
   8.625000      0.6625000      0.8188641    
   8.875000      0.6625000      0.8334864    
   9.125000      0.6625000      0.8587252    
   9.375000      0.6625000      0.8540397    
   9.625000      0.6625000      0.9311411    
   9.875000      0.6625000      0.7864516    
   10.00000      0.6625000       1.000000    
 
  0.0000000E+00  0.6875000      0.0000000E+00
  0.1250000      0.6875000      5.1432499E-03
  0.3750000      0.6875000      3.3328410E-02
  0.6250000      0.6875000      6.5516829E-02
  0.8750000      0.6875000      9.7287551E-02
   1.125000      0.6875000      0.1277677    
   1.375000      0.6875000      0.1570409    
   1.625000      0.6875000      0.1853729    
   1.875000      0.6875000      0.2130118    
   2.125000      0.6875000      0.2401496    
   2.375000      0.6875000      0.2669230    
   2.625000      0.6875000      0.2934281    
   2.875000      0.6875000      0.3197283    
   3.125000      0.6875000      0.3458627    
   3.375000      0.6875000      0.3718511    
   3.625000      0.6875000      0.3976956    
   3.875000      0.6875000      0.4233841    
   4.125000      0.6875000      0.4488901    
   4.375000      0.6875000      0.4741746    
   4.625000      0.6875000      0.4991877    
   4.875000      0.6875000      0.5238710    
   5.125000      0.6875000      0.5481616    
   5.375000      0.6875000      0.5719956    
   5.625000      0.6875000      0.5953138    
   5.875000      0.6875000      0.6180658    
   6.125000      0.6875000      0.6402150    
   6.375000      0.6875000      0.6617409    
   6.625000      0.6875000      0.6826411    
   6.875000      0.6875000      0.7029314    
   7.125000      0.6875000      0.7226483    
   7.375000      0.6875000      0.7418287    
   7.625000      0.6875000      0.7605574    
   7.875000      0.6875000      0.7788192    
   8.125000      0.6875000      0.7968981    
   8.375000      0.6875000      0.8142387    
   8.625000      0.6875000      0.8326278    
   8.875000      0.6875000      0.8472810    
   9.125000      0.6875000      0.8717231    
   9.375000      0.6875000      0.8685609    
   9.625000      0.6875000      0.9406572    
   9.875000      0.6875000      0.8089746    
   10.00000      0.6875000       1.000000    
 
  0.0000000E+00  0.7125000      0.0000000E+00
  0.1250000      0.7125000      7.6063103E-03
  0.3750000      0.7125000      4.1123480E-02
  0.6250000      0.7125000      7.6813713E-02
  0.8750000      0.7125000      0.1107433    
   1.125000      0.7125000      0.1425787    
   1.375000      0.7125000      0.1727273    
   1.625000      0.7125000      0.2016384    
   1.875000      0.7125000      0.2296673    
   2.125000      0.7125000      0.2570715    
   2.375000      0.7125000      0.2840286    
   2.625000      0.7125000      0.3106613    
   2.875000      0.7125000      0.3370503    
   3.125000      0.7125000      0.3632459    
   3.375000      0.7125000      0.3892746    
   3.625000      0.7125000      0.4151426    
   3.875000      0.7125000      0.4408392    
   4.125000      0.7125000      0.4663386    
   4.375000      0.7125000      0.4916010    
   4.625000      0.7125000      0.5165753    
   4.875000      0.7125000      0.5412019    
   5.125000      0.7125000      0.5654172    
   5.375000      0.7125000      0.5891564    
   5.625000      0.7125000      0.6123609    
   5.875000      0.7125000      0.6349812    
   6.125000      0.7125000      0.6569823    
   6.375000      0.7125000      0.6783463    
   6.625000      0.7125000      0.6990736    
   6.875000      0.7125000      0.7191828    
   7.125000      0.7125000      0.7387134    
   7.375000      0.7125000      0.7577056    
   7.625000      0.7125000      0.7762439    
   7.875000      0.7125000      0.7943214    
   8.125000      0.7125000      0.8122044    
   8.375000      0.7125000      0.8293914    
   8.625000      0.7125000      0.8475195    
   8.875000      0.7125000      0.8622235    
   9.125000      0.7125000      0.8858557    
   9.375000      0.7125000      0.8842886    
   9.625000      0.7125000      0.9512457    
   9.875000      0.7125000      0.8326000    
   10.00000      0.7125000       1.000000    
 
  0.0000000E+00  0.7375000      0.0000000E+00
  0.1250000      0.7375000      1.0884521E-02
  0.3750000      0.7375000      5.0314482E-02
  0.6250000      0.7375000      8.9554340E-02
  0.8750000      0.7375000      0.1255672    
   1.125000      0.7375000      0.1586763    
   1.375000      0.7375000      0.1896359    
   1.625000      0.7375000      0.2190791    
   1.875000      0.7375000      0.2474647    
   2.125000      0.7375000      0.2751115    
   2.375000      0.7375000      0.3022353    
   2.625000      0.7375000      0.3289834    
   2.875000      0.7375000      0.3554523    
   3.125000      0.7375000      0.3817022    
   3.375000      0.7375000      0.4077658    
   3.625000      0.7375000      0.4336526    
   3.875000      0.7375000      0.4593534    
   4.125000      0.7375000      0.4848424    
   4.375000      0.7375000      0.5100790    
   4.625000      0.7375000      0.5350111    
   4.875000      0.7375000      0.5595778    
   5.125000      0.7375000      0.5837145    
   5.375000      0.7375000      0.6073563    
   5.625000      0.7375000      0.6304449    
   5.875000      0.7375000      0.6529321    
   6.125000      0.7375000      0.6747848    
   6.375000      0.7375000      0.6959875    
   6.625000      0.7375000      0.7165440    
   6.875000      0.7375000      0.7364757    
   7.125000      0.7375000      0.7558246    
   7.375000      0.7375000      0.7746347    
   7.625000      0.7375000      0.7929899    
   7.875000      0.7375000      0.8108916    
   8.125000      0.7375000      0.8285881    
   8.375000      0.7375000      0.8456320    
   8.625000      0.7375000      0.8635094    
   8.875000      0.7375000      0.8782782    
   9.125000      0.7375000      0.9011059    
   9.375000      0.7375000      0.9011557    
   9.625000      0.7375000      0.9629672    
   9.875000      0.7375000      0.8569642    
   10.00000      0.7375000       1.000000    
 
  0.0000000E+00  0.7625000      0.0000000E+00
  0.1250000      0.7625000      1.5170890E-02
  0.3750000      0.7625000      6.1030407E-02
  0.6250000      0.7625000      0.1037841    
  0.8750000      0.7625000      0.1417583    
   1.125000      0.7625000      0.1760359    
   1.375000      0.7625000      0.2077291    
   1.625000      0.7625000      0.2376500    
   1.875000      0.7625000      0.2663543    
   2.125000      0.7625000      0.2942172    
   2.375000      0.7625000      0.3214891    
   2.625000      0.7625000      0.3483391    
   2.875000      0.7625000      0.3748781    
   3.125000      0.7625000      0.4011749    
   3.375000      0.7625000      0.4272678    
   3.625000      0.7625000      0.4531688    
   3.875000      0.7625000      0.4788699    
   4.125000      0.7625000      0.5043449    
   4.375000      0.7625000      0.5295526    
   4.625000      0.7625000      0.5544396    
   4.875000      0.7625000      0.5789438    
   5.125000      0.7625000      0.6029999    
   5.375000      0.7625000      0.6265429    
   5.625000      0.7625000      0.6495147    
   5.875000      0.7625000      0.6718689    
   6.125000      0.7625000      0.6935744    
   6.375000      0.7625000      0.7146183    
   6.625000      0.7625000      0.7350075    
   6.875000      0.7625000      0.7547666    
   7.125000      0.7625000      0.7739403    
   7.375000      0.7625000      0.7925758    
   7.625000      0.7625000      0.8107567    
   7.875000      0.7625000      0.8284922    
   8.125000      0.7625000      0.8460127    
   8.375000      0.7625000      0.8629245    
   8.625000      0.7625000      0.8805636    
   8.875000      0.7625000      0.8954061    
   9.125000      0.7625000      0.9174521    
   9.375000      0.7625000      0.9190943    
   9.625000      0.7625000      0.9758684    
   9.875000      0.7625000      0.8817199    
   10.00000      0.7625000       1.000000    
 
  0.0000000E+00  0.7875000      0.0000000E+00
  0.1250000      0.7875000      2.0682044E-02
  0.3750000      0.7875000      7.3382139E-02
  0.6250000      0.7875000      0.1195236    
  0.8750000      0.7875000      0.1592948    
   1.125000      0.7875000      0.1946159    
   1.375000      0.7875000      0.2269558    
   1.625000      0.7875000      0.2572948    
   1.875000      0.7875000      0.2862768    
   2.125000      0.7875000      0.3143273    
   2.375000      0.7875000      0.3417273    
   2.625000      0.7875000      0.3686654    
   2.875000      0.7875000      0.3952642    
   3.125000      0.7875000      0.4216006    
   3.375000      0.7875000      0.4477169    
   3.625000      0.7875000      0.4736276    
   3.875000      0.7875000      0.4993252    
   4.125000      0.7875000      0.5247833    
   4.375000      0.7875000      0.5499595    
   4.625000      0.7875000      0.5747992    
   4.875000      0.7875000      0.5992395    
   5.125000      0.7875000      0.6232140    
   5.375000      0.7875000      0.6466579    
   5.625000      0.7875000      0.6695138    
   5.875000      0.7875000      0.6917368    
   6.125000      0.7875000      0.7132981    
   6.375000      0.7875000      0.7341875    
   6.625000      0.7875000      0.7544150    
   6.875000      0.7875000      0.7740084    
   7.125000      0.7875000      0.7930149    
   7.375000      0.7875000      0.8114850    
   7.625000      0.7875000      0.8295016    
   7.875000      0.7875000      0.8470817    
   8.125000      0.7875000      0.8644381    
   8.375000      0.7875000      0.8812284    
   8.625000      0.7875000      0.8986451    
   8.875000      0.7875000      0.9135647    
   9.125000      0.7875000      0.9348675    
   9.375000      0.7875000      0.9380370    
   9.625000      0.7875000      0.9899793    
   9.875000      0.7875000      0.9065499    
   10.00000      0.7875000       1.000000    
 
  0.0000000E+00  0.8125000      0.0000000E+00
  0.1250000      0.8125000      2.7653942E-02
  0.3750000      0.8125000      8.7453529E-02
  0.6250000      0.8125000      0.1367646    
  0.8750000      0.8125000      0.1781326    
   1.125000      0.8125000      0.2143581    
   1.375000      0.8125000      0.2472516    
   1.625000      0.8125000      0.2779460    
   1.875000      0.8125000      0.3071631    
   2.125000      0.8125000      0.3353721    
   2.375000      0.8125000      0.3628799    
   2.625000      0.8125000      0.3898916    
   2.875000      0.8125000      0.4165401    
   3.125000      0.8125000      0.4429085    
   3.375000      0.8125000      0.4690427    
   3.625000      0.8125000      0.4949588    
   3.875000      0.8125000      0.5206497    
   4.125000      0.8125000      0.5460883    
   4.375000      0.8125000      0.5712312    
   4.625000      0.8125000      0.5960226    
   4.875000      0.8125000      0.6203984    
   5.125000      0.8125000      0.6442920    
   5.375000      0.8125000      0.6676382    
   5.625000      0.8125000      0.6903808    
   5.875000      0.8125000      0.7124765    
   6.125000      0.8125000      0.7338986    
   6.375000      0.8125000      0.7546399    
   6.625000      0.8125000      0.7747134    
   6.875000      0.8125000      0.7941499    
   7.125000      0.8125000      0.8129991    
   7.375000      0.8125000      0.8313143    
   7.625000      0.8125000      0.8491783    
   7.875000      0.8125000      0.8666149    
   8.125000      0.8125000      0.8838203    
   8.375000      0.8125000      0.9005005    
   8.625000      0.8125000      0.9177128    
   8.875000      0.8125000      0.9327090    
   9.125000      0.8125000      0.9533206    
   9.375000      0.8125000      0.9579173    
   9.625000      0.8125000       1.005314    
   9.875000      0.8125000      0.9311845    
   10.00000      0.8125000       1.000000    
 
  0.0000000E+00  0.8375000      0.0000000E+00
  0.1250000      0.8375000      3.6334507E-02
  0.3750000      0.8375000      0.1032921    
  0.6250000      0.8375000      0.1554665    
  0.8750000      0.8375000      0.1982039    
   1.125000      0.8375000      0.2351867    
   1.375000      0.8375000      0.2685381    
   1.625000      0.8375000      0.2995248    
   1.875000      0.8375000      0.3289346    
   2.125000      0.8375000      0.3572730    
   2.375000      0.8375000      0.3848684    
   2.625000      0.8375000      0.4119396    
   2.875000      0.8375000      0.4386277    
   3.125000      0.8375000      0.4650210    
   3.375000      0.8375000      0.4911679    
   3.625000      0.8375000      0.5170857    
   3.875000      0.8375000      0.5427672    
   4.125000      0.8375000      0.5681845    
   4.375000      0.8375000      0.5932932    
   4.625000      0.8375000      0.6180364    
   4.875000      0.8375000      0.6423488    
   5.125000      0.8375000      0.6661634    
   5.375000      0.8375000      0.6894153    
   5.625000      0.8375000      0.7120494    
   5.875000      0.8375000      0.7340237    
   6.125000      0.8375000      0.7553141    
   6.375000      0.8375000      0.7759158    
   6.625000      0.8375000      0.7958453    
   6.875000      0.8375000      0.8151358    
   7.125000      0.8375000      0.8338395    
   7.375000      0.8375000      0.8520123    
   7.625000      0.8375000      0.8697367    
   7.875000      0.8375000      0.8870431    
   8.125000      0.8375000      0.9041122    
   8.375000      0.8375000      0.9206936    
   8.625000      0.8375000      0.9377217    
   8.875000      0.8375000      0.9527909    
   9.125000      0.8375000      0.9727739    
   9.375000      0.8375000      0.9786693    
   9.625000      0.8375000       1.021873    
   9.875000      0.8375000      0.9554169    
   10.00000      0.8375000       1.000000    
 
  0.0000000E+00  0.8625000      0.0000000E+00
  0.1250000      0.8625000      4.6972413E-02
  0.3750000      0.8625000      0.1208998    
  0.6250000      0.8625000      0.1755545    
  0.8750000      0.8625000      0.2194178    
   1.125000      0.8625000      0.2570088    
   1.375000      0.8625000      0.2907241    
   1.625000      0.8625000      0.3219414    
   1.875000      0.8625000      0.3515027    
   2.125000      0.8625000      0.3799426    
   2.375000      0.8625000      0.4076065    
   2.625000      0.8625000      0.4347239    
   2.875000      0.8625000      0.4614423    
   3.125000      0.8625000      0.4878536    
   3.375000      0.8625000      0.5140086    
   3.625000      0.8625000      0.5399248    
   3.875000      0.8625000      0.5655950    
   4.125000      0.8625000      0.5909902    
   4.375000      0.8625000      0.6160650    
   4.625000      0.8625000      0.6407612    
   4.875000      0.8625000      0.6650128    
   5.125000      0.8625000      0.6887527    
   5.375000      0.8625000      0.7119159    
   5.625000      0.8625000      0.7344484    
   5.875000      0.8625000      0.7563097    
   6.125000      0.8625000      0.7774780    
   6.375000      0.8625000      0.7979516    
   6.625000      0.8625000      0.8177491    
   6.875000      0.8625000      0.8369069    
   7.125000      0.8625000      0.8554789    
   7.375000      0.8625000      0.8735236    
   7.625000      0.8625000      0.8911234    
   7.875000      0.8625000      0.9083138    
   8.125000      0.8625000      0.9252622    
   8.375000      0.8625000      0.9417571    
   8.625000      0.8625000      0.9586231    
   8.875000      0.8625000      0.9737587    
   9.125000      0.8625000      0.9931850    
   9.375000      0.8625000       1.000228    
   9.625000      0.8625000       1.039644    
   9.875000      0.8625000      0.9791198    
   10.00000      0.8625000       1.000000    
 
  0.0000000E+00  0.8875000      0.0000000E+00
  0.1250000      0.8875000      5.9801336E-02
  0.3750000      0.8875000      0.1402252    
  0.6250000      0.8875000      0.1969189    
  0.8750000      0.8875000      0.2416605    
   1.125000      0.8875000      0.2797155    
   1.375000      0.8875000      0.3137052    
   1.625000      0.8875000      0.3450955    
   1.875000      0.8875000      0.3747700    
   2.125000      0.8875000      0.4032855    
   2.375000      0.8875000      0.4310001    
   2.625000      0.8875000      0.4581513    
   2.875000      0.8875000      0.4848916    
   3.125000      0.8875000      0.5113152    
   3.375000      0.8875000      0.5374743    
   3.625000      0.8875000      0.5633864    
   3.875000      0.8875000      0.5890442    
   4.125000      0.8875000      0.6144175    
   4.375000      0.8875000      0.6394599    
   4.625000      0.8875000      0.6641122    
   4.875000      0.8875000      0.6883075    
   5.125000      0.8875000      0.7119788    
   5.375000      0.8875000      0.7350609    
   5.625000      0.8875000      0.7575013    
   5.875000      0.8875000      0.7792608    
   6.125000      0.8875000      0.8003199    
   6.375000      0.8875000      0.8206790    
   6.625000      0.8875000      0.8403594    
   6.875000      0.8875000      0.8593999    
   7.125000      0.8875000      0.8778561    
   7.375000      0.8875000      0.8957890    
   7.625000      0.8875000      0.9132804    
   7.875000      0.8875000      0.9303707    
   8.125000      0.8875000      0.9472154    
   8.375000      0.8875000      0.9636365    
   8.625000      0.8875000      0.9803638    
   8.875000      0.8875000      0.9955583    
   9.125000      0.8875000       1.014506    
   9.375000      0.8875000       1.022530    
   9.625000      0.8875000       1.058612    
   9.875000      0.8875000       1.002265    
   10.00000      0.8875000       1.000000    
 
  0.0000000E+00  0.9125000      0.0000000E+00
  0.1250000      0.9125000      7.5019233E-02
  0.3750000      0.9125000      0.1611570    
  0.6250000      0.9125000      0.2194157    
  0.8750000      0.9125000      0.2647970    
   1.125000      0.9125000      0.3031825    
   1.375000      0.9125000      0.3373654    
   1.625000      0.9125000      0.3688767    
   1.875000      0.9125000      0.3986302    
   2.125000      0.9125000      0.4271982    
   2.375000      0.9125000      0.4549479    
   2.625000      0.9125000      0.4821222    
   2.875000      0.9125000      0.5088768    
   3.125000      0.9125000      0.5353078    
   3.375000      0.9125000      0.5614678    
   3.625000      0.9125000      0.5873745    
   3.875000      0.9125000      0.6130197    
   4.125000      0.9125000      0.6383727    
   4.375000      0.9125000      0.6633856    
   4.625000      0.9125000      0.6879987    
   4.875000      0.9125000      0.7121443    
   5.125000      0.9125000      0.7357554    
   5.375000      0.9125000      0.7587669    
   5.625000      0.9125000      0.7811273    
   5.875000      0.9125000      0.8027990    
   6.125000      0.9125000      0.8237644    
   6.375000      0.9125000      0.8440258    
   6.625000      0.9125000      0.8636066    
   6.875000      0.9125000      0.8825476    
   7.125000      0.9125000      0.9009066    
   7.375000      0.9125000      0.9187458    
   7.625000      0.9125000      0.9361469    
   7.875000      0.9125000      0.9531543    
   8.125000      0.9125000      0.9699135    
   8.375000      0.9125000      0.9862741    
   8.625000      0.9125000       1.002888    
   8.875000      0.9125000       1.018132    
   9.125000      0.9125000       1.036686    
   9.375000      0.9125000       1.045512    
   9.625000      0.9125000       1.078761    
   9.875000      0.9125000       1.024943    
   10.00000      0.9125000       1.000000    
 
  0.0000000E+00  0.9375000      0.0000000E+00
  0.1250000      0.9375000      9.2761882E-02
  0.3750000      0.9375000      0.1835207    
  0.6250000      0.9375000      0.2428689    
  0.8750000      0.9375000      0.2886723    
   1.125000      0.9375000      0.3272709    
   1.375000      0.9375000      0.3615770    
   1.625000      0.9375000      0.3931648    
   1.875000      0.9375000      0.4229682    
   2.125000      0.9375000      0.4515690    
   2.375000      0.9375000      0.4793406    
   2.625000      0.9375000      0.5065288    
   2.875000      0.9375000      0.5332917    
   3.125000      0.9375000      0.5597262    
   3.375000      0.9375000      0.5858852    
   3.625000      0.9375000      0.6117859    
   3.875000      0.9375000      0.6374197    
   4.125000      0.9375000      0.6627550    
   4.375000      0.9375000      0.6877432    
   4.625000      0.9375000      0.7123237    
   4.875000      0.9375000      0.7364284    
   5.125000      0.9375000      0.7599902    
   5.375000      0.9375000      0.7829444    
   5.625000      0.9375000      0.8052400    
   5.875000      0.9375000      0.8268410    
   6.125000      0.9375000      0.8477309    
   6.375000      0.9375000      0.8679142    
   6.625000      0.9375000      0.8874158    
   6.875000      0.9375000      0.9062780    
   7.125000      0.9375000      0.9245604    
   7.375000      0.9375000      0.9423262    
   7.625000      0.9375000      0.9596567    
   7.875000      0.9375000      0.9765999    
   8.125000      0.9375000      0.9932930    
   8.375000      0.9375000       1.009607    
   8.625000      0.9375000       1.026134    
   8.875000      0.9375000       1.041416    
   9.125000      0.9375000       1.059666    
   9.375000      0.9375000       1.069106    
   9.625000      0.9375000       1.100087    
   9.875000      0.9375000       1.047385    
   10.00000      0.9375000       1.000000    
 
  0.0000000E+00  0.9625000      0.0000000E+00
  0.1250000      0.9625000      0.1130711    
  0.3750000      0.9625000      0.2070781    
  0.6250000      0.9625000      0.2670737    
  0.8750000      0.9625000      0.3131144    
   1.125000      0.9625000      0.3518295    
   1.375000      0.9625000      0.3862020    
   1.625000      0.9625000      0.4178308    
   1.875000      0.9625000      0.4476605    
   2.125000      0.9625000      0.4762787    
   2.375000      0.9625000      0.5040615    
   2.625000      0.9625000      0.5312567    
   2.875000      0.9625000      0.5580235    
   3.125000      0.9625000      0.5844589    
   3.375000      0.9625000      0.6106159    
   3.625000      0.9625000      0.6365114    
   3.875000      0.9625000      0.6621363    
   4.125000      0.9625000      0.6874582    
   4.375000      0.9625000      0.7124281    
   4.625000      0.9625000      0.7369845    
   4.875000      0.9625000      0.7610595    
   5.125000      0.9625000      0.7845857    
   5.375000      0.9625000      0.8074985    
   5.625000      0.9625000      0.8297477    
   5.875000      0.9625000      0.8512982    
   6.125000      0.9625000      0.8721344    
   6.375000      0.9625000      0.8922622    
   6.625000      0.9625000      0.9117079    
   6.875000      0.9625000      0.9305149    
   7.125000      0.9625000      0.9487435    
   7.375000      0.9625000      0.9664581    
   7.625000      0.9625000      0.9837397    
   7.875000      0.9625000       1.000639    
   8.125000      0.9625000       1.017286    
   8.375000      0.9625000       1.033569    
   8.625000      0.9625000       1.050036    
   8.875000      0.9625000       1.065346    
   9.125000      0.9625000       1.083385    
   9.375000      0.9625000       1.093246    
   9.625000      0.9625000       1.122600    
   9.875000      0.9625000       1.069992    
   10.00000      0.9625000       1.000000    
 
  0.0000000E+00  0.9875000      0.0000000E+00
  0.1250000      0.9875000      0.1358572    
  0.3750000      0.9875000      0.2315315    
  0.6250000      0.9875000      0.2918009    
  0.8750000      0.9875000      0.3379358    
   1.125000      0.9875000      0.3766955    
   1.375000      0.9875000      0.4110929    
   1.625000      0.9875000      0.4427367    
   1.875000      0.9875000      0.4725761    
   2.125000      0.9875000      0.5012006    
   2.375000      0.9875000      0.5289872    
   2.625000      0.9875000      0.5561848    
   2.875000      0.9875000      0.5829526    
   3.125000      0.9875000      0.6093878    
   3.375000      0.9875000      0.6355431    
   3.625000      0.9875000      0.6614354    
   3.875000      0.9875000      0.6870550    
   4.125000      0.9875000      0.7123695    
   4.375000      0.9875000      0.7373292    
   4.625000      0.9875000      0.7618725    
   4.875000      0.9875000      0.7859313    
   5.125000      0.9875000      0.8094383    
   5.375000      0.9875000      0.8323289    
   5.625000      0.9875000      0.8545533    
   5.875000      0.9875000      0.8760766    
   6.125000      0.9875000      0.8968844    
   6.375000      0.9875000      0.9169829    
   6.625000      0.9875000      0.9363989    
   6.875000      0.9875000      0.9551769    
   7.125000      0.9875000      0.9733773    
   7.375000      0.9875000      0.9910653    
   7.625000      0.9875000       1.008321    
   7.875000      0.9875000       1.025197    
   8.125000      0.9875000       1.041822    
   8.375000      0.9875000       1.058088    
   8.625000      0.9875000       1.074525    
   8.875000      0.9875000       1.089850    
   9.125000      0.9875000       1.107779    
   9.375000      0.9875000       1.117857    
   9.625000      0.9875000       1.146331    
   9.875000      0.9875000       1.093369    
   10.00000      0.9875000       1.000000    
 
  0.0000000E+00   1.000000      0.0000000E+00
  0.1250000       1.000000      0.1358572    
  0.3750000       1.000000      0.2315315    
  0.6250000       1.000000      0.2918009    
  0.8750000       1.000000      0.3379358    
   1.125000       1.000000      0.3766955    
   1.375000       1.000000      0.4110929    
   1.625000       1.000000      0.4427367    
   1.875000       1.000000      0.4725761    
   2.125000       1.000000      0.5012006    
   2.375000       1.000000      0.5289872    
   2.625000       1.000000      0.5561848    
   2.875000       1.000000      0.5829526    
   3.125000       1.000000      0.6093878    
   3.375000       1.000000      0.6355431    
   3.625000       1.000000      0.6614354    
   3.875000       1.000000      0.6870550    
   4.125000       1.000000      0.7123695    
   4.375000       1.000000      0.7373292    
   4.625000       1.000000      0.7618725    
   4.875000       1.000000      0.7859313    
   5.125000       1.000000      0.8094383    
   5.375000       1.000000      0.8323289    
   5.625000       1.000000      0.8545533    
   5.875000       1.000000      0.8760766    
   6.125000       1.000000      0.8968844    
   6.375000       1.000000      0.9169829    
   6.625000       1.000000      0.9363989    
   6.875000       1.000000      0.9551769    
   7.125000       1.000000      0.9733773    
   7.375000       1.000000      0.9910653    
   7.625000       1.000000       1.008321    
   7.875000       1.000000       1.025197    
   8.125000       1.000000       1.041822    
   8.375000       1.000000       1.058088    
   8.625000       1.000000       1.074525    
   8.875000       1.000000       1.089850    
   9.125000       1.000000       1.107779    
   9.375000       1.000000       1.117857    
   9.625000       1.000000       1.146331    
   9.875000       1.000000       1.093369    
   10.00000       1.000000       1.000000    
 
