  0.0000000E+00  0.0000000E+00  0.0000000E+00
  0.1250000      0.0000000E+00  1.2499999E-02
  0.3750000      0.0000000E+00  3.7499998E-02
  0.6250000      0.0000000E+00  6.2499996E-02
  0.8750000      0.0000000E+00  8.7499991E-02
   1.125000      0.0000000E+00  0.1125000    
   1.375000      0.0000000E+00  0.1375000    
   1.625000      0.0000000E+00  0.1625000    
   1.875000      0.0000000E+00  0.1875000    
   2.125000      0.0000000E+00  0.2125000    
   2.375000      0.0000000E+00  0.2375000    
   2.625000      0.0000000E+00  0.2625000    
   2.875000      0.0000000E+00  0.2875000    
   3.125000      0.0000000E+00  0.3125000    
   3.375000      0.0000000E+00  0.3375000    
   3.625000      0.0000000E+00  0.3625000    
   3.875000      0.0000000E+00  0.3875000    
   4.125000      0.0000000E+00  0.4125000    
   4.375000      0.0000000E+00  0.4375000    
   4.625000      0.0000000E+00  0.4625000    
   4.875000      0.0000000E+00  0.4875000    
   5.125000      0.0000000E+00  0.5125000    
   5.375000      0.0000000E+00  0.5375000    
   5.625000      0.0000000E+00  0.5624999    
   5.875000      0.0000000E+00  0.5875000    
   6.125000      0.0000000E+00  0.6125000    
   6.375000      0.0000000E+00  0.6375000    
   6.625000      0.0000000E+00  0.6625000    
   6.875000      0.0000000E+00  0.6874999    
   7.125000      0.0000000E+00  0.7125000    
   7.375000      0.0000000E+00  0.7375000    
   7.625000      0.0000000E+00  0.7624999    
   7.875000      0.0000000E+00  0.7875000    
   8.125000      0.0000000E+00  0.8124999    
   8.375000      0.0000000E+00  0.8375000    
   8.625000      0.0000000E+00  0.8625000    
   8.875000      0.0000000E+00  0.8874999    
   9.125000      0.0000000E+00  0.9125000    
   9.375000      0.0000000E+00  0.9374999    
   9.625000      0.0000000E+00  0.9624999    
   9.875000      0.0000000E+00  0.9875000    
   10.00000      0.0000000E+00   1.000000    
 
  0.0000000E+00  1.2500000E-02  0.0000000E+00
  0.1250000      1.2500000E-02  1.1545920E-02
  0.3750000      1.2500000E-02  3.5449378E-02
  0.6250000      1.2500000E-02  5.9661590E-02
  0.8750000      1.2500000E-02  8.4084578E-02
   1.125000      1.2500000E-02  0.1086711    
   1.375000      1.2500000E-02  0.1333830    
   1.625000      1.2500000E-02  0.1581879    
   1.875000      1.2500000E-02  0.1830598    
   2.125000      1.2500000E-02  0.2079785    
   2.375000      1.2500000E-02  0.2329300    
   2.625000      1.2500000E-02  0.2579036    
   2.875000      1.2500000E-02  0.2828923    
   3.125000      1.2500000E-02  0.3078907    
   3.375000      1.2500000E-02  0.3328959    
   3.625000      1.2500000E-02  0.3579052    
   3.875000      1.2500000E-02  0.3829173    
   4.125000      1.2500000E-02  0.4079306    
   4.375000      1.2500000E-02  0.4329450    
   4.625000      1.2500000E-02  0.4579597    
   4.875000      1.2500000E-02  0.4829742    
   5.125000      1.2500000E-02  0.5079886    
   5.375000      1.2500000E-02  0.5330027    
   5.625000      1.2500000E-02  0.5580161    
   5.875000      1.2500000E-02  0.5830294    
   6.125000      1.2500000E-02  0.6080422    
   6.375000      1.2500000E-02  0.6330543    
   6.625000      1.2500000E-02  0.6580661    
   6.875000      1.2500000E-02  0.6830770    
   7.125000      1.2500000E-02  0.7080879    
   7.375000      1.2500000E-02  0.7330979    
   7.625000      1.2500000E-02  0.7581077    
   7.875000      1.2500000E-02  0.7831164    
   8.125000      1.2500000E-02  0.8081252    
   8.375000      1.2500000E-02  0.8331308    
   8.625000      1.2500000E-02  0.8581415    
   8.875000      1.2500000E-02  0.8831324    
   9.125000      1.2500000E-02  0.9081798    
   9.375000      1.2500000E-02  0.9330402    
   9.625000      1.2500000E-02  0.9585329    
   9.875000      1.2500000E-02  0.9817192    
   10.00000      1.2500000E-02   1.000000    
 
  0.0000000E+00  3.7500001E-02  0.0000000E+00
  0.1250000      3.7500001E-02  9.6876519E-03
  0.3750000      3.7500001E-02  3.1404421E-02
  0.6250000      3.7500001E-02  5.4042690E-02
  0.8750000      3.7500001E-02  7.7312604E-02
   1.125000      3.7500001E-02  0.1010729    
   1.375000      3.7500001E-02  0.1252092    
   1.625000      3.7500001E-02  0.1496245    
   1.875000      3.7500001E-02  0.1742403    
   2.125000      3.7500001E-02  0.1989971    
   2.375000      3.7500001E-02  0.2238515    
   2.625000      3.7500001E-02  0.2487724    
   2.875000      3.7500001E-02  0.2737386    
   3.125000      3.7500001E-02  0.2987340    
   3.375000      3.7500001E-02  0.3237495    
   3.625000      3.7500001E-02  0.3487776    
   3.875000      3.7500001E-02  0.3738135    
   4.125000      3.7500001E-02  0.3988538    
   4.375000      3.7500001E-02  0.4238968    
   4.625000      3.7500001E-02  0.4489409    
   4.875000      3.7500001E-02  0.4739845    
   5.125000      3.7500001E-02  0.4990278    
   5.375000      3.7500001E-02  0.5240699    
   5.625000      3.7500001E-02  0.5491105    
   5.875000      3.7500001E-02  0.5741502    
   6.125000      3.7500001E-02  0.5991884    
   6.375000      3.7500001E-02  0.6242247    
   6.625000      3.7500001E-02  0.6492600    
   6.875000      3.7500001E-02  0.6742934    
   7.125000      3.7500001E-02  0.6993256    
   7.375000      3.7500001E-02  0.7243558    
   7.625000      3.7500001E-02  0.7493850    
   7.875000      3.7500001E-02  0.7744114    
   8.125000      3.7500001E-02  0.7994375    
   8.375000      3.7500001E-02  0.8244542    
   8.625000      3.7500001E-02  0.8494866    
   8.875000      3.7500001E-02  0.8744586    
   9.125000      3.7500001E-02  0.8996030    
   9.375000      3.7500001E-02  0.9241765    
   9.625000      3.7500001E-02  0.9506817    
   9.875000      3.7500001E-02  0.9700985    
   10.00000      3.7500001E-02   1.000000    
 
  0.0000000E+00  6.2500000E-02  0.0000000E+00
  0.1250000      6.2500000E-02  7.9542901E-03
  0.3750000      6.2500000E-02  2.7510324E-02
  0.6250000      6.2500000E-02  4.8583161E-02
  0.8750000      6.2500000E-02  7.0705473E-02
   1.125000      6.2500000E-02  9.3643792E-02
   1.375000      6.2500000E-02  0.1172080    
   1.625000      6.2500000E-02  0.1412361    
   1.875000      6.2500000E-02  0.1655977    
   2.125000      6.2500000E-02  0.1901937    
   2.375000      6.2500000E-02  0.2149520    
   2.625000      6.2500000E-02  0.2398210    
   2.875000      6.2500000E-02  0.2647649    
   3.125000      6.2500000E-02  0.2897578    
   3.375000      6.2500000E-02  0.3147836    
   3.625000      6.2500000E-02  0.3398305    
   3.875000      6.2500000E-02  0.3648905    
   4.125000      6.2500000E-02  0.3899578    
   4.375000      6.2500000E-02  0.4150293    
   4.625000      6.2500000E-02  0.4401027    
   4.875000      6.2500000E-02  0.4651756    
   5.125000      6.2500000E-02  0.4902477    
   5.375000      6.2500000E-02  0.5153180    
   5.625000      6.2500000E-02  0.5403858    
   5.875000      6.2500000E-02  0.5654519    
   6.125000      6.2500000E-02  0.5905155    
   6.375000      6.2500000E-02  0.6155759    
   6.625000      6.2500000E-02  0.6406345    
   6.875000      6.2500000E-02  0.6656905    
   7.125000      6.2500000E-02  0.6907440    
   7.375000      6.2500000E-02  0.7157945    
   7.625000      6.2500000E-02  0.7408431    
   7.875000      6.2500000E-02  0.7658868    
   8.125000      6.2500000E-02  0.7909304    
   8.375000      6.2500000E-02  0.8159581    
   8.625000      6.2500000E-02  0.8410131    
   8.875000      6.2500000E-02  0.8659644    
   9.125000      6.2500000E-02  0.8912115    
   9.375000      6.2500000E-02  0.9154786    
   9.625000      6.2500000E-02  0.9430674    
   9.875000      6.2500000E-02  0.9583616    
   10.00000      6.2500000E-02   1.000000    
 
  0.0000000E+00  8.7500006E-02  0.0000000E+00
  0.1250000      8.7500006E-02  6.3922564E-03
  0.3750000      8.7500006E-02  2.3839112E-02
  0.6250000      8.7500006E-02  4.3366227E-02
  0.8750000      8.7500006E-02  6.4354219E-02
   1.125000      8.7500006E-02  8.6480930E-02
   1.375000      8.7500006E-02  0.1094810    
   1.625000      8.7500006E-02  0.1331278    
   1.875000      8.7500006E-02  0.1572396    
   2.125000      8.7500006E-02  0.1816779    
   2.375000      8.7500006E-02  0.2063422    
   2.625000      8.7500006E-02  0.2311606    
   2.875000      8.7500006E-02  0.2560833    
   3.125000      8.7500006E-02  0.2810743    
   3.375000      8.7500006E-02  0.3061110    
   3.625000      8.7500006E-02  0.3311770    
   3.875000      8.7500006E-02  0.3562612    
   4.125000      8.7500006E-02  0.3813556    
   4.375000      8.7500006E-02  0.4064558    
   4.625000      8.7500006E-02  0.4315585    
   4.875000      8.7500006E-02  0.4566606    
   5.125000      8.7500006E-02  0.4817615    
   5.375000      8.7500006E-02  0.5068599    
   5.625000      8.7500006E-02  0.5319551    
   5.875000      8.7500006E-02  0.5570474    
   6.125000      8.7500006E-02  0.5821362    
   6.375000      8.7500006E-02  0.6072209    
   6.625000      8.7500006E-02  0.6323029    
   6.875000      8.7500006E-02  0.6573814    
   7.125000      8.7500006E-02  0.6824562    
   7.375000      8.7500006E-02  0.7075268    
   7.625000      8.7500006E-02  0.7325950    
   7.875000      8.7500006E-02  0.7576560    
   8.125000      8.7500006E-02  0.7827170    
   8.375000      8.7500006E-02  0.8077554    
   8.625000      8.7500006E-02  0.8328339    
   8.875000      8.7500006E-02  0.8577620    
   9.125000      8.7500006E-02  0.8831204    
   9.375000      8.7500006E-02  0.9070527    
   9.625000      8.7500006E-02  0.9358277    
   9.875000      8.7500006E-02  0.9465262    
   10.00000      8.7500006E-02   1.000000    
 
  0.0000000E+00  0.1125000      0.0000000E+00
  0.1250000      0.1125000      5.0249794E-03
  0.3750000      0.1125000      2.0442305E-02
  0.6250000      0.1125000      3.8458161E-02
  0.8750000      0.1125000      5.8335844E-02
   1.125000      0.1125000      7.9669662E-02
   1.375000      0.1125000      0.1021199    
   1.625000      0.1125000      0.1253963    
   1.875000      0.1125000      0.1492658    
   2.125000      0.1125000      0.1735519    
   2.375000      0.1125000      0.1981260    
   2.625000      0.1125000      0.2228964    
   2.875000      0.1125000      0.2477996    
   3.125000      0.1125000      0.2727899    
   3.375000      0.1125000      0.2978381    
   3.625000      0.1125000      0.3229237    
   3.875000      0.1125000      0.3480325    
   4.125000      0.1125000      0.3731540    
   4.375000      0.1125000      0.3982831    
   4.625000      0.1125000      0.4234153    
   4.875000      0.1125000      0.4485465    
   5.125000      0.1125000      0.4736762    
   5.375000      0.1125000      0.4988028    
   5.625000      0.1125000      0.5239251    
   5.875000      0.1125000      0.5490437    
   6.125000      0.1125000      0.5741577    
   6.375000      0.1125000      0.5992666    
   6.625000      0.1125000      0.6243721    
   6.875000      0.1125000      0.6494728    
   7.125000      0.1125000      0.6745690    
   7.375000      0.1125000      0.6996597    
   7.625000      0.1125000      0.7247474    
   7.875000      0.1125000      0.7498255    
   8.125000      0.1125000      0.7749040    
   8.375000      0.1125000      0.7999526    
   8.625000      0.1125000      0.8250558    
   8.875000      0.1125000      0.8499576    
   9.125000      0.1125000      0.8754380    
   9.375000      0.1125000      0.8990009    
   9.625000      0.1125000      0.9290845    
   9.875000      0.1125000      0.9346725    
   10.00000      0.1125000       1.000000    
 
  0.0000000E+00  0.1375000      0.0000000E+00
  0.1250000      0.1375000      3.8583060E-03
  0.3750000      0.1375000      1.7353332E-02
  0.6250000      0.1375000      3.3909831E-02
  0.8750000      0.1375000      5.2714422E-02
   1.125000      0.1375000      7.3284455E-02
   1.375000      0.1375000      9.5207229E-02
   1.625000      0.1375000      0.1181296    
   1.875000      0.1375000      0.1417689    
   2.125000      0.1375000      0.1659111    
   2.375000      0.1375000      0.1904006    
   2.625000      0.1375000      0.2151269    
   2.875000      0.1375000      0.2400133    
   3.125000      0.1375000      0.2650047    
   3.375000      0.1375000      0.2900656    
   3.625000      0.1375000      0.3151716    
   3.875000      0.1375000      0.3403053    
   4.125000      0.1375000      0.3654545    
   4.375000      0.1375000      0.3906124    
   4.625000      0.1375000      0.4157741    
   4.875000      0.1375000      0.4409344    
   5.125000      0.1375000      0.4660930    
   5.375000      0.1375000      0.4912476    
   5.625000      0.1375000      0.5163971    
   5.875000      0.1375000      0.5415421    
   6.125000      0.1375000      0.5666810    
   6.375000      0.1375000      0.5918142    
   6.625000      0.1375000      0.6169430    
   6.875000      0.1375000      0.6420661    
   7.125000      0.1375000      0.6671833    
   7.375000      0.1375000      0.6922943    
   7.625000      0.1375000      0.7174013    
   7.875000      0.1375000      0.7424964    
   8.125000      0.1375000      0.7675925    
   8.375000      0.1375000      0.7926511    
   8.625000      0.1375000      0.8177801    
   8.875000      0.1375000      0.8426518    
   9.125000      0.1375000      0.8682659    
   9.375000      0.1375000      0.8914223    
   9.625000      0.1375000      0.9229435    
   9.875000      0.1375000      0.9229358    
   10.00000      0.1375000       1.000000    
 
  0.0000000E+00  0.1625000      0.0000000E+00
  0.1250000      0.1625000      2.8854043E-03
  0.3750000      0.1625000      1.4590137E-02
  0.6250000      0.1625000      2.9758379E-02
  0.8750000      0.1625000      4.7542326E-02
   1.125000      0.1625000      6.7389682E-02
   1.375000      0.1625000      8.8816419E-02
   1.625000      0.1625000      0.1114080    
   1.875000      0.1625000      0.1348336    
   2.125000      0.1625000      0.1588436    
   2.375000      0.1625000      0.1832567    
   2.625000      0.1625000      0.2079444    
   2.875000      0.1625000      0.2328175    
   3.125000      0.1625000      0.2578125    
   3.375000      0.1625000      0.2828878    
   3.625000      0.1625000      0.3080151    
   3.875000      0.1625000      0.3331744    
   4.125000      0.1625000      0.3583515    
   4.375000      0.1625000      0.3835386    
   4.625000      0.1625000      0.4087298    
   4.875000      0.1625000      0.4339194    
   5.125000      0.1625000      0.4591067    
   5.375000      0.1625000      0.4842893    
   5.625000      0.1625000      0.5094658    
   5.875000      0.1625000      0.5346370    
   6.125000      0.1625000      0.5598009    
   6.375000      0.1625000      0.5849582    
   6.625000      0.1625000      0.6101104    
   6.875000      0.1625000      0.6352553    
   7.125000      0.1625000      0.6603938    
   7.375000      0.1625000      0.6855248    
   7.625000      0.1625000      0.7106510    
   7.875000      0.1625000      0.7357628    
   8.125000      0.1625000      0.7608767    
   8.375000      0.1625000      0.7859447    
   8.625000      0.1625000      0.8111010    
   8.875000      0.1625000      0.8359388    
   9.125000      0.1625000      0.8616982    
   9.375000      0.1625000      0.8844115    
   9.625000      0.1625000      0.9174926    
   9.875000      0.1625000      0.9114935    
   10.00000      0.1625000       1.000000    
 
  0.0000000E+00  0.1875000      0.0000000E+00
  0.1250000      0.1875000      2.0909947E-03
  0.3750000      0.1875000      1.2158027E-02
  0.6250000      0.1875000      2.6029233E-02
  0.8750000      0.1875000      4.2861748E-02
   1.125000      0.1875000      6.2040862E-02
   1.375000      0.1875000      8.3013065E-02
   1.625000      0.1875000      0.1053044    
   1.875000      0.1875000      0.1285381    
   2.125000      0.1875000      0.1524311    
   2.375000      0.1875000      0.1767782    
   2.625000      0.1875000      0.2014346    
   2.875000      0.1875000      0.2262992    
   3.125000      0.1875000      0.2513011    
   3.375000      0.1875000      0.2763927    
   3.625000      0.1875000      0.3015428    
   3.875000      0.1875000      0.3267285    
   4.125000      0.1875000      0.3519340    
   4.375000      0.1875000      0.3771504    
   4.625000      0.1875000      0.4023712    
   4.875000      0.1875000      0.4275902    
   5.125000      0.1875000      0.4528062    
   5.375000      0.1875000      0.4780166    
   5.625000      0.1875000      0.5032201    
   5.875000      0.1875000      0.5284169    
   6.125000      0.1875000      0.5536061    
   6.375000      0.1875000      0.5787874    
   6.625000      0.1875000      0.6039625    
   6.875000      0.1875000      0.6291292    
   7.125000      0.1875000      0.6542889    
   7.375000      0.1875000      0.6794397    
   7.625000      0.1875000      0.7045847    
   7.875000      0.1875000      0.7297133    
   8.125000      0.1875000      0.7548449    
   8.375000      0.1875000      0.7799218    
   8.625000      0.1875000      0.8051065    
   8.875000      0.1875000      0.8299068    
   9.125000      0.1875000      0.8558222    
   9.375000      0.1875000      0.8780599    
   9.625000      0.1875000      0.9128019    
   9.875000      0.1875000      0.9005584    
   10.00000      0.1875000       1.000000    
 
  0.0000000E+00  0.2125000      0.0000000E+00
  0.1250000      0.2125000      1.4548100E-03
  0.3750000      0.2125000      1.0052560E-02
  0.6250000      0.2125000      2.2738224E-02
  0.8750000      0.2125000      3.8706336E-02
   1.125000      0.2125000      5.7285812E-02
   1.375000      0.2125000      7.7855662E-02
   1.625000      0.2125000      9.9884905E-02
   1.875000      0.2125000      0.1229540    
   2.125000      0.2125000      0.1467492    
   2.375000      0.2125000      0.1710434    
   2.625000      0.2125000      0.1956771    
   2.875000      0.2125000      0.2205393    
   3.125000      0.2125000      0.2455520    
   3.375000      0.2125000      0.2706626    
   3.625000      0.2125000      0.2958372    
   3.875000      0.2125000      0.3210501    
   4.125000      0.2125000      0.3462847    
   4.375000      0.2125000      0.3715308    
   4.625000      0.2125000      0.3967811    
   4.875000      0.2125000      0.4220296    
   5.125000      0.2125000      0.4472740    
   5.375000      0.2125000      0.4725122    
   5.625000      0.2125000      0.4977425    
   5.875000      0.2125000      0.5229648    
   6.125000      0.2125000      0.5481790    
   6.375000      0.2125000      0.5733841    
   6.625000      0.2125000      0.5985820    
   6.875000      0.2125000      0.6237701    
   7.125000      0.2125000      0.6489506    
   7.375000      0.2125000      0.6741213    
   7.625000      0.2125000      0.6992848    
   7.875000      0.2125000      0.7244300    
   8.125000      0.2125000      0.7495792    
   8.375000      0.2125000      0.7746645    
   8.625000      0.2125000      0.7998784    
   8.875000      0.2125000      0.8246381    
   9.125000      0.2125000      0.8507183    
   9.375000      0.2125000      0.8724554    
   9.625000      0.2125000      0.9089249    
   9.875000      0.2125000      0.8903669    
   10.00000      0.2125000       1.000000    
 
  0.0000000E+00  0.2375000      0.0000000E+00
  0.1250000      0.2375000      9.5431239E-04
  0.3750000      0.2375000      8.2623791E-03
  0.6250000      0.2375000      1.9893890E-02
  0.8750000      0.2375000      3.5102967E-02
   1.125000      0.2375000      5.3166021E-02
   1.375000      0.2375000      7.3396564E-02
   1.625000      0.2375000      9.5209785E-02
   1.875000      0.2375000      0.1181470    
   2.125000      0.2375000      0.1418669    
   2.375000      0.2375000      0.1661239    
   2.625000      0.2375000      0.1907457    
   2.875000      0.2375000      0.2156126    
   3.125000      0.2375000      0.2406408    
   3.375000      0.2375000      0.2657736    
   3.625000      0.2375000      0.2909744    
   3.875000      0.2375000      0.3162160    
   4.125000      0.2375000      0.3414802    
   4.375000      0.2375000      0.3667563    
   4.625000      0.2375000      0.3920363    
   4.875000      0.2375000      0.4173141    
   5.125000      0.2375000      0.4425869    
   5.375000      0.2375000      0.4678525    
   5.625000      0.2375000      0.4931093    
   5.875000      0.2375000      0.5183571    
   6.125000      0.2375000      0.5435960    
   6.375000      0.2375000      0.5688246    
   6.625000      0.2375000      0.5940448    
   6.875000      0.2375000      0.6192542    
   7.125000      0.2375000      0.6444554    
   7.375000      0.2375000      0.6696455    
   7.625000      0.2375000      0.6948273    
   7.875000      0.2375000      0.7199886    
   8.125000      0.2375000      0.7451555    
   8.375000      0.2375000      0.7702487    
   8.625000      0.2375000      0.7954925    
   8.875000      0.2375000      0.8202090    
   9.125000      0.2375000      0.8464598    
   9.375000      0.2375000      0.8676823    
   9.625000      0.2375000      0.9058986    
   9.875000      0.2375000      0.8811688    
   10.00000      0.2375000       1.000000    
 
  0.0000000E+00  0.2625000      0.0000000E+00
  0.1250000      0.2625000      5.6672934E-04
  0.3750000      0.2625000      6.7719449E-03
  0.6250000      0.2625000      1.7499847E-02
  0.8750000      0.2625000      3.2073606E-02
   1.125000      0.2625000      4.9718041E-02
   1.375000      0.2625000      6.9683045E-02
   1.625000      0.2625000      9.1333874E-02
   1.875000      0.2625000      0.1141771    
   2.125000      0.2625000      0.1378482    
   2.375000      0.2625000      0.1620861    
   2.625000      0.2625000      0.1867082    
   2.875000      0.2625000      0.2115879    
   3.125000      0.2625000      0.2366370    
   3.375000      0.2625000      0.2617956    
   3.625000      0.2625000      0.2870249    
   3.875000      0.2625000      0.3122964    
   4.125000      0.2625000      0.3375910    
   4.375000      0.2625000      0.3628975    
   4.625000      0.2625000      0.3882072    
   4.875000      0.2625000      0.4135141    
   5.125000      0.2625000      0.4388151    
   5.375000      0.2625000      0.4641080    
   5.625000      0.2625000      0.4893909    
   5.875000      0.2625000      0.5146639    
   6.125000      0.2625000      0.5399272    
   6.375000      0.2625000      0.5651789    
   6.625000      0.2625000      0.5904213    
   6.875000      0.2625000      0.6156517    
   7.125000      0.2625000      0.6408730    
   7.375000      0.2625000      0.6660823    
   7.625000      0.2625000      0.6912822    
   7.875000      0.2625000      0.7164593    
   8.125000      0.2625000      0.7416433    
   8.375000      0.2625000      0.7667440    
   8.625000      0.2625000      0.7920180    
   8.875000      0.2625000      0.8166898    
   9.125000      0.2625000      0.8431135    
   9.375000      0.2625000      0.8638207    
   9.625000      0.2625000      0.9037469    
   9.875000      0.2625000      0.8732177    
   10.00000      0.2625000       1.000000    
 
  0.0000000E+00  0.2875000      0.0000000E+00
  0.1250000      0.2875000      2.7050084E-04
  0.3750000      0.2875000      5.5641006E-03
  0.6250000      0.2875000      1.5557171E-02
  0.8750000      0.2875000      2.9637272E-02
   1.125000      0.2875000      4.6974957E-02
   1.375000      0.2875000      6.6758335E-02
   1.625000      0.2875000      8.8307448E-02
   1.875000      0.2875000      0.1110995    
   2.125000      0.2875000      0.1347513    
   2.375000      0.2875000      0.1589903    
   2.625000      0.2875000      0.1836266    
   2.875000      0.2875000      0.2085282    
   3.125000      0.2875000      0.2336043    
   3.375000      0.2875000      0.2587924    
   3.625000      0.2875000      0.2840528    
   3.875000      0.2875000      0.3093556    
   4.125000      0.2875000      0.3346815    
   4.375000      0.2875000      0.3600187    
   4.625000      0.2875000      0.3853582    
   4.875000      0.2875000      0.4106941    
   5.125000      0.2875000      0.4360230    
   5.375000      0.2875000      0.4613428    
   5.625000      0.2875000      0.4866516    
   5.875000      0.2875000      0.5119495    
   6.125000      0.2875000      0.5372365    
   6.375000      0.2875000      0.5625110    
   6.625000      0.2875000      0.5877751    
   6.875000      0.2875000      0.6130260    
   7.125000      0.2875000      0.6382673    
   7.375000      0.2875000      0.6634952    
   7.625000      0.2875000      0.6887128    
   7.875000      0.2875000      0.7139053    
   8.125000      0.2875000      0.7391064    
   8.375000      0.2875000      0.7642139    
   8.625000      0.2875000      0.7895179    
   8.875000      0.2875000      0.8141450    
   9.125000      0.2875000      0.8407390    
   9.375000      0.2875000      0.8609465    
   9.625000      0.2875000      0.9024822    
   9.875000      0.2875000      0.8667600    
   10.00000      0.2875000       1.000000    
 
  0.0000000E+00  0.3125000      0.0000000E+00
  0.1250000      0.3125000      4.6264602E-05
  0.3750000      0.3125000      4.6223998E-03
  0.6250000      0.3125000      1.4066749E-02
  0.8750000      0.3125000      2.7811937E-02
   1.125000      0.3125000      4.4967838E-02
   1.375000      0.3125000      6.4662673E-02
   1.625000      0.3125000      8.6176947E-02
   1.875000      0.3125000      0.1089647    
   2.125000      0.3125000      0.1326297    
   2.375000      0.3125000      0.1568919    
   2.625000      0.3125000      0.1815570    
   2.875000      0.3125000      0.2064906    
   3.125000      0.3125000      0.2316001    
   3.375000      0.3125000      0.2568222    
   3.625000      0.3125000      0.2821161    
   3.875000      0.3125000      0.3074518    
   4.125000      0.3125000      0.3328099    
   4.375000      0.3125000      0.3581781    
   4.625000      0.3125000      0.3835475    
   4.875000      0.3125000      0.4089122    
   5.125000      0.3125000      0.4342688    
   5.375000      0.3125000      0.4596151    
   5.625000      0.3125000      0.4849493    
   5.875000      0.3125000      0.5102717    
   6.125000      0.3125000      0.5355817    
   6.375000      0.3125000      0.5608786    
   6.625000      0.3125000      0.5861639    
   6.875000      0.3125000      0.6114351    
   7.125000      0.3125000      0.6366959    
   7.375000      0.3125000      0.6619419    
   7.625000      0.3125000      0.6871766    
   7.875000      0.3125000      0.7123841    
   8.125000      0.3125000      0.7376018    
   8.375000      0.3125000      0.7627159    
   8.625000      0.3125000      0.7880492    
   8.875000      0.3125000      0.8126324    
   9.125000      0.3125000      0.8393894    
   9.375000      0.3125000      0.8591300    
   9.625000      0.3125000      0.9021096    
   9.875000      0.3125000      0.8620260    
   10.00000      0.3125000       1.000000    
 
  0.0000000E+00  0.3375000      0.0000000E+00
  0.1250000      0.3375000     -1.2250435E-04
  0.3750000      0.3375000      3.9332393E-03
  0.6250000      0.3375000      1.3031533E-02
  0.8750000      0.3375000      2.6616396E-02
   1.125000      0.3375000      4.3727059E-02
   1.375000      0.3375000      6.3434176E-02
   1.625000      0.3375000      8.4985539E-02
   1.875000      0.3375000      0.1078191    
   2.125000      0.3375000      0.1315318    
   2.375000      0.3375000      0.1558407    
   2.625000      0.3375000      0.1805505    
   2.875000      0.3375000      0.2055264    
   3.125000      0.3375000      0.2306762    
   3.375000      0.3375000      0.2559366    
   3.625000      0.3375000      0.2812667    
   3.875000      0.3375000      0.3066371    
   4.125000      0.3375000      0.3320280    
   4.375000      0.3375000      0.3574276    
   4.625000      0.3375000      0.3828269    
   4.875000      0.3375000      0.4082202    
   5.125000      0.3375000      0.4336040    
   5.375000      0.3375000      0.4589767    
   5.625000      0.3375000      0.4843355    
   5.875000      0.3375000      0.5096820    
   6.125000      0.3375000      0.5350147    
   6.375000      0.3375000      0.5603333    
   6.625000      0.3375000      0.5856393    
   6.875000      0.3375000      0.6109303    
   7.125000      0.3375000      0.6362097    
   7.375000      0.3375000      0.6614736    
   7.625000      0.3375000      0.6867249    
   7.875000      0.3375000      0.7119470    
   8.125000      0.3375000      0.7371806    
   8.375000      0.3375000      0.7623012    
   8.625000      0.3375000      0.7876620    
   8.875000      0.3375000      0.8122039    
   9.125000      0.3375000      0.8391115    
   9.375000      0.3375000      0.8584357    
   9.625000      0.3375000      0.9026303    
   9.875000      0.3375000      0.8592201    
   10.00000      0.3375000       1.000000    
 
  0.0000000E+00  0.3625000      0.0000000E+00
  0.1250000      0.3625000     -2.4907518E-04
  0.3750000      0.3625000      3.4877690E-03
  0.6250000      0.3625000      1.2458632E-02
  0.8750000      0.3625000      2.6071928E-02
   1.125000      0.3625000      4.3283556E-02
   1.375000      0.3625000      6.3109770E-02
   1.625000      0.3625000      8.4773757E-02
   1.875000      0.3625000      0.1077056    
   2.125000      0.3625000      0.1315017    
   2.375000      0.3625000      0.1558816    
   2.625000      0.3625000      0.1806523    
   2.875000      0.3625000      0.2056814    
   3.125000      0.3625000      0.2308784    
   3.375000      0.3625000      0.2561815    
   3.625000      0.3625000      0.2815507    
   3.875000      0.3625000      0.3069573    
   4.125000      0.3625000      0.3323818    
   4.375000      0.3625000      0.3578130    
   4.625000      0.3625000      0.3832422    
   4.875000      0.3625000      0.4086638    
   5.125000      0.3625000      0.4340745    
   5.375000      0.3625000      0.4594728    
   5.625000      0.3625000      0.4848559    
   5.875000      0.3625000      0.5102258    
   6.125000      0.3625000      0.5355806    
   6.375000      0.3625000      0.5609202    
   6.625000      0.3625000      0.5862463    
   6.875000      0.3625000      0.6115566    
   7.125000      0.3625000      0.6368542    
   7.375000      0.3625000      0.6621352    
   7.625000      0.3625000      0.6874025    
   7.875000      0.3625000      0.7126386    
   8.125000      0.3625000      0.7378875    
   8.375000      0.3625000      0.7630143    
   8.625000      0.3625000      0.7884009    
   8.875000      0.3625000      0.8129057    
   9.125000      0.3625000      0.8399460    
   9.375000      0.3625000      0.8589205    
   9.625000      0.3625000      0.9040449    
   9.875000      0.3625000      0.8585117    
   10.00000      0.3625000       1.000000    
 
  0.0000000E+00  0.3875000      0.0000000E+00
  0.1250000      0.3875000     -3.4315159E-04
  0.3750000      0.3875000      3.2836264E-03
  0.6250000      0.3875000      1.2361214E-02
  0.8750000      0.3875000      2.6203830E-02
   1.125000      0.3875000      4.3669853E-02
   1.375000      0.3875000      6.3725837E-02
   1.625000      0.3875000      8.5579909E-02
   1.875000      0.3875000      0.1086633    
   2.125000      0.3875000      0.1325793    
   2.375000      0.3875000      0.1570545    
   2.625000      0.3875000      0.1819024    
   2.875000      0.3875000      0.2069954    
   3.125000      0.3875000      0.2322467    
   3.375000      0.3875000      0.2575970    
   3.625000      0.3875000      0.2830079    
   3.875000      0.3875000      0.3084520    
   4.125000      0.3875000      0.3339110    
   4.375000      0.3875000      0.3593741    
   4.625000      0.3875000      0.3848329    
   4.875000      0.3875000      0.4102824    
   5.125000      0.3875000      0.4357195    
   5.375000      0.3875000      0.4611427    
   5.625000      0.3875000      0.4865496    
   5.875000      0.3875000      0.5119420    
   6.125000      0.3875000      0.5373182    
   6.375000      0.3875000      0.5626784    
   6.625000      0.3875000      0.5880240    
   6.875000      0.3875000      0.6133528    
   7.125000      0.3875000      0.6386681    
   7.375000      0.3875000      0.6639655    
   7.625000      0.3875000      0.6892481    
   7.875000      0.3875000      0.7144977    
   8.125000      0.3875000      0.7397608    
   8.375000      0.3875000      0.7648937    
   8.625000      0.3875000      0.7903036    
   8.875000      0.3875000      0.8147766    
   9.125000      0.3875000      0.8419273    
   9.375000      0.3875000      0.8606330    
   9.625000      0.3875000      0.9063566    
   9.875000      0.3875000      0.8600298    
   10.00000      0.3875000       1.000000    
 
  0.0000000E+00  0.4125000      0.0000000E+00
  0.1250000      0.4125000     -4.1056843E-04
  0.3750000      0.4125000      3.3265066E-03
  0.6250000      0.4125000      1.2760140E-02
  0.8750000      0.4125000      2.7042601E-02
   1.125000      0.4125000      4.4920821E-02
   1.375000      0.4125000      6.5318659E-02
   1.625000      0.4125000      8.7440379E-02
   1.875000      0.4125000      0.1107282    
   2.125000      0.4125000      0.1347997    
   2.375000      0.4125000      0.1593944    
   2.625000      0.4125000      0.1843355    
   2.875000      0.4125000      0.2095028    
   3.125000      0.4125000      0.2348151    
   3.375000      0.4125000      0.2602168    
   3.625000      0.4125000      0.2856717    
   3.875000      0.4125000      0.3111549    
   4.125000      0.4125000      0.3366488    
   4.375000      0.4125000      0.3621439    
   4.625000      0.4125000      0.3876321    
   4.875000      0.4125000      0.4131091    
   5.125000      0.4125000      0.4385718    
   5.375000      0.4125000      0.4640194    
   5.625000      0.4125000      0.4894492    
   5.875000      0.4125000      0.5148635    
   6.125000      0.4125000      0.5402604    
   6.375000      0.4125000      0.5656403    
   6.625000      0.4125000      0.5910049    
   6.875000      0.4125000      0.6163514    
   7.125000      0.4125000      0.6416836    
   7.375000      0.4125000      0.6669967    
   7.625000      0.4125000      0.6922939    
   7.875000      0.4125000      0.7175562    
   8.125000      0.4125000      0.7428327    
   8.375000      0.4125000      0.7679718    
   8.625000      0.4125000      0.7934017    
   8.875000      0.4125000      0.8178497    
   9.125000      0.4125000      0.8450845    
   9.375000      0.4125000      0.8636134    
   9.625000      0.4125000      0.9095748    
   9.875000      0.4125000      0.8638560    
   10.00000      0.4125000       1.000000    
 
  0.0000000E+00  0.4375000      0.0000000E+00
  0.1250000      0.4375000     -4.5290132E-04
  0.3750000      0.4375000      3.6316053E-03
  0.6250000      0.4375000      1.3685321E-02
  0.8750000      0.4375000      2.8624812E-02
   1.125000      0.4375000      4.7074206E-02
   1.375000      0.4375000      6.7924716E-02
   1.625000      0.4375000      9.0389676E-02
   1.875000      0.4375000      0.1139331    
   2.125000      0.4375000      0.1381945    
   2.375000      0.4375000      0.1629313    
   2.625000      0.4375000      0.1879807    
   2.875000      0.4375000      0.2132322    
   3.125000      0.4375000      0.2386117    
   3.375000      0.4375000      0.2640685    
   3.625000      0.4375000      0.2895699    
   3.875000      0.4375000      0.3150930    
   4.125000      0.4375000      0.3406225    
   4.375000      0.4375000      0.3661495    
   4.625000      0.4375000      0.3916667    
   4.875000      0.4375000      0.4171704    
   5.125000      0.4375000      0.4426582    
   5.375000      0.4375000      0.4681294    
   5.625000      0.4375000      0.4935814    
   5.875000      0.4375000      0.5190167    
   6.125000      0.4375000      0.5444334    
   6.375000      0.4375000      0.5698324    
   6.625000      0.4375000      0.5952150    
   6.875000      0.4375000      0.6205786    
   7.125000      0.4375000      0.6459270    
   7.375000      0.4375000      0.6712548    
   7.625000      0.4375000      0.6965659    
   7.875000      0.4375000      0.7218404    
   8.125000      0.4375000      0.7471290    
   8.375000      0.4375000      0.7722744    
   8.625000      0.4375000      0.7977207    
   8.875000      0.4375000      0.8221514    
   9.125000      0.4375000      0.8494413    
   9.375000      0.4375000      0.8678915    
   9.625000      0.4375000      0.9137160    
   9.875000      0.4375000      0.8700205    
   10.00000      0.4375000       1.000000    
 
  0.0000000E+00  0.4625000      0.0000000E+00
  0.1250000      0.4625000     -4.6691118E-04
  0.3750000      0.4625000      4.2249449E-03
  0.6250000      0.4625000      1.5176713E-02
  0.8750000      0.4625000      3.0993612E-02
   1.125000      0.4625000      5.0170757E-02
   1.375000      0.4625000      7.1580604E-02
   1.625000      0.4625000      9.4460465E-02
   1.875000      0.4625000      0.1183072    
   2.125000      0.4625000      0.1427903    
   2.375000      0.4625000      0.1676904    
   2.625000      0.4625000      0.1928618    
   2.875000      0.4625000      0.2182064    
   3.125000      0.4625000      0.2436586    
   3.375000      0.4625000      0.2691740    
   3.625000      0.4625000      0.2947238    
   3.875000      0.4625000      0.3202877    
   4.125000      0.4625000      0.3458529    
   4.375000      0.4625000      0.3714113    
   4.625000      0.4625000      0.3969570    
   4.875000      0.4625000      0.4224869    
   5.125000      0.4625000      0.4479990    
   5.375000      0.4625000      0.4734930    
   5.625000      0.4625000      0.4989663    
   5.875000      0.4625000      0.5244218    
   6.125000      0.4625000      0.5498575    
   6.375000      0.4625000      0.5752746    
   6.625000      0.4625000      0.6006742    
   6.875000      0.4625000      0.6260544    
   7.125000      0.4625000      0.6514179    
   7.375000      0.4625000      0.6767597    
   7.625000      0.4625000      0.7020838    
   7.875000      0.4625000      0.7273696    
   8.125000      0.4625000      0.7526692    
   8.375000      0.4625000      0.7778211    
   8.625000      0.4625000      0.8032798    
   8.875000      0.4625000      0.8277016    
   9.125000      0.4625000      0.8550158    
   9.375000      0.4625000      0.8734875    
   9.625000      0.4625000      0.9188051    
   9.875000      0.4625000      0.8785004    
   10.00000      0.4625000       1.000000    
 
  0.0000000E+00  0.4875000      0.0000000E+00
  0.1250000      0.4875000     -4.4375533E-04
  0.3750000      0.4875000      5.1445747E-03
  0.6250000      0.4875000      1.7284909E-02
  0.8750000      0.4875000      3.4198746E-02
   1.125000      0.4875000      5.4253951E-02
   1.375000      0.4875000      7.6322854E-02
   1.625000      0.4875000      9.9683195E-02
   1.875000      0.4875000      0.1238765    
   2.125000      0.4875000      0.1486097    
   2.375000      0.4875000      0.1736916    
   2.625000      0.4875000      0.1989970    
   2.875000      0.4875000      0.2244423    
   3.125000      0.4875000      0.2499720    
   3.375000      0.4875000      0.2755487    
   3.625000      0.4875000      0.3011482    
   3.875000      0.4875000      0.3267536    
   4.125000      0.4875000      0.3523543    
   4.375000      0.4875000      0.3779439    
   4.625000      0.4875000      0.4035174    
   4.875000      0.4875000      0.4290726    
   5.125000      0.4875000      0.4546081    
   5.375000      0.4875000      0.4801238    
   5.625000      0.4875000      0.5056177    
   5.875000      0.4875000      0.5310923    
   6.125000      0.4875000      0.5565462    
   6.375000      0.4875000      0.5819804    
   6.625000      0.4875000      0.6073962    
   6.875000      0.4875000      0.6327921    
   7.125000      0.4875000      0.6581699    
   7.375000      0.4875000      0.6835247    
   7.625000      0.4875000      0.7088608    
   7.875000      0.4875000      0.7341573    
   8.125000      0.4875000      0.7594666    
   8.375000      0.4875000      0.7846251    
   8.625000      0.4875000      0.8100921    
   8.875000      0.4875000      0.8345134    
   9.125000      0.4875000      0.8618209    
   9.375000      0.4875000      0.8804109    
   9.625000      0.4875000      0.9248756    
   9.875000      0.4875000      0.8892175    
   10.00000      0.4875000       1.000000    
 
  0.0000000E+00  0.5125000      0.0000000E+00
  0.1250000      0.5125000     -3.6791095E-04
  0.3750000      0.5125000      6.4416258E-03
  0.6250000      0.5125000      2.0071272E-02
  0.8750000      0.5125000      3.8296133E-02
   1.125000      0.5125000      5.9369460E-02
   1.375000      0.5125000      8.2187228E-02
   1.625000      0.5125000      0.1060857    
   1.875000      0.5125000      0.1306629    
   2.125000      0.5125000      0.1556702    
   2.375000      0.5125000      0.1809494    
   2.625000      0.5125000      0.2063989    
   2.875000      0.5125000      0.2319510    
   3.125000      0.5125000      0.2575619    
   3.375000      0.5125000      0.2832018    
   3.625000      0.5125000      0.3088520    
   3.875000      0.5125000      0.3344989    
   4.125000      0.5125000      0.3601349    
   4.375000      0.5125000      0.3857551    
   4.625000      0.5125000      0.4113556    
   4.875000      0.5125000      0.4369352    
   5.125000      0.5125000      0.4624931    
   5.375000      0.5125000      0.4880295    
   5.625000      0.5125000      0.5135429    
   5.875000      0.5125000      0.5390356    
   6.125000      0.5125000      0.5645066    
   6.375000      0.5125000      0.5899572    
   6.625000      0.5125000      0.6153882    
   6.875000      0.5125000      0.6407987    
   7.125000      0.5125000      0.6661900    
   7.375000      0.5125000      0.6915570    
   7.625000      0.5125000      0.7169040    
   7.875000      0.5125000      0.7422102    
   8.125000      0.5125000      0.7675281    
   8.375000      0.5125000      0.7926931    
   8.625000      0.5125000      0.8181641    
   8.875000      0.5125000      0.8425936    
   9.125000      0.5125000      0.8698642    
   9.375000      0.5125000      0.8886618    
   9.625000      0.5125000      0.9319683    
   9.875000      0.5125000      0.9020395    
   10.00000      0.5125000       1.000000    
 
  0.0000000E+00  0.5375000      0.0000000E+00
  0.1250000      0.5375000     -2.1577235E-04
  0.3750000      0.5375000      8.1811352E-03
  0.6250000      0.5375000      2.3607558E-02
  0.8750000      0.5375000      4.3346889E-02
   1.125000      0.5375000      6.5564148E-02
   1.375000      0.5375000      8.9208014E-02
   1.625000      0.5375000      0.1136927    
   1.875000      0.5375000      0.1386838    
   2.125000      0.5375000      0.1639844    
   2.375000      0.5375000      0.1894731    
   2.625000      0.5375000      0.2150740    
   2.875000      0.5375000      0.2407375    
   3.125000      0.5375000      0.2664321    
   3.375000      0.5375000      0.2921364    
   3.625000      0.5375000      0.3178374    
   3.875000      0.5375000      0.3435258    
   4.125000      0.5375000      0.3691964    
   4.375000      0.5375000      0.3948463    
   4.625000      0.5375000      0.4204729    
   4.875000      0.5375000      0.4460757    
   5.125000      0.5375000      0.4716550    
   5.375000      0.5375000      0.4972111    
   5.625000      0.5375000      0.5227428    
   5.875000      0.5375000      0.5482524    
   6.125000      0.5375000      0.5737396    
   6.375000      0.5375000      0.5992056    
   6.625000      0.5375000      0.6246508    
   6.875000      0.5375000      0.6500750    
   7.125000      0.5375000      0.6754789    
   7.375000      0.5375000      0.7008569    
   7.625000      0.5375000      0.7262141    
   7.875000      0.5375000      0.7515292    
   8.125000      0.5375000      0.7768541    
   8.375000      0.5375000      0.8020257    
   8.625000      0.5375000      0.8274964    
   8.875000      0.5375000      0.8519422    
   9.125000      0.5375000      0.8791476    
   9.375000      0.5375000      0.8982307    
   9.625000      0.5375000      0.9401286    
   9.875000      0.5375000      0.9167843    
   10.00000      0.5375000       1.000000    
 
  0.0000000E+00  0.5625000      0.0000000E+00
  0.1250000      0.5625000      4.6095694E-05
  0.3750000      0.5625000      1.0442581E-02
  0.6250000      0.5625000      2.7974915E-02
  0.8750000      0.5625000      4.9415890E-02
   1.125000      0.5625000      7.2884664E-02
   1.375000      0.5625000      9.7416855E-02
   1.625000      0.5625000      0.1225245    
   1.875000      0.5625000      0.1479519    
   2.125000      0.5625000      0.1735594    
   2.375000      0.5625000      0.1992658    
   2.625000      0.5625000      0.2250230    
   2.875000      0.5625000      0.2508004    
   3.125000      0.5625000      0.2765799    
   3.375000      0.5625000      0.3023489    
   3.625000      0.5625000      0.3281005    
   3.875000      0.5625000      0.3538296    
   4.125000      0.5625000      0.3795339    
   4.375000      0.5625000      0.4052125    
   4.625000      0.5625000      0.4308641    
   4.875000      0.5625000      0.4564890    
   5.125000      0.5625000      0.4820886    
   5.375000      0.5625000      0.5076632    
   5.625000      0.5625000      0.5332118    
   5.875000      0.5625000      0.5587374    
   6.125000      0.5625000      0.5842397    
   6.375000      0.5625000      0.6097198    
   6.625000      0.5625000      0.6351784    
   6.875000      0.5625000      0.6606154    
   7.125000      0.5625000      0.6860307    
   7.375000      0.5625000      0.7114188    
   7.625000      0.5625000      0.7367851    
   7.875000      0.5625000      0.7621082    
   8.125000      0.5625000      0.7874388    
   8.375000      0.5625000      0.8126171    
   8.625000      0.5625000      0.8380833    
   8.875000      0.5625000      0.8625526    
   9.125000      0.5625000      0.8896682    
   9.375000      0.5625000      0.9090992    
   9.625000      0.5625000      0.9494046    
   9.875000      0.5625000      0.9332240    
   10.00000      0.5625000       1.000000    
 
  0.0000000E+00  0.5875000      0.0000000E+00
  0.1250000      0.5875000      4.6304057E-04
  0.3750000      0.5875000      1.3319980E-02
  0.6250000      0.5875000      3.3262298E-02
  0.8750000      0.5875000      5.6569818E-02
   1.125000      0.5875000      8.1375852E-02
   1.375000      0.5875000      0.1068416    
   1.625000      0.5875000      0.1325968    
   1.875000      0.5875000      0.1584742    
   2.125000      0.5875000      0.1843963    
   2.375000      0.5875000      0.2103245    
   2.625000      0.5875000      0.2362401    
   2.875000      0.5875000      0.2621323    
   3.125000      0.5875000      0.2879966    
   3.375000      0.5875000      0.3138297    
   3.625000      0.5875000      0.3396308    
   3.875000      0.5875000      0.3653996    
   4.125000      0.5875000      0.3911364    
   4.375000      0.5875000      0.4168423    
   4.625000      0.5875000      0.4425176    
   4.875000      0.5875000      0.4681634    
   5.125000      0.5875000      0.4937820    
   5.375000      0.5875000      0.5193738    
   5.625000      0.5875000      0.5449383    
   5.875000      0.5875000      0.5704787    
   6.125000      0.5875000      0.5959951    
   6.375000      0.5875000      0.6214882    
   6.625000      0.5875000      0.6469589    
   6.875000      0.5875000      0.6724077    
   7.125000      0.5875000      0.6978332    
   7.375000      0.5875000      0.7232305    
   7.625000      0.5875000      0.7486047    
   7.875000      0.5875000      0.7739350    
   8.125000      0.5875000      0.7992698    
   8.375000      0.5875000      0.8244547    
   8.625000      0.5875000      0.8499127    
   8.875000      0.5875000      0.8744116    
   9.125000      0.5875000      0.9014165    
   9.375000      0.5875000      0.9212415    
   9.625000      0.5875000      0.9598417    
   9.875000      0.5875000      0.9510910    
   10.00000      0.5875000       1.000000    
 
  0.0000000E+00  0.6125000      0.0000000E+00
  0.1250000      0.6125000      1.0946997E-03
  0.3750000      0.6125000      1.6921397E-02
  0.6250000      0.6125000      3.9564181E-02
  0.8750000      0.6125000      6.4874768E-02
   1.125000      0.6125000      9.1078766E-02
   1.375000      0.6125000      0.1175047    
   1.625000      0.6125000      0.1439191    
   1.875000      0.6125000      0.1702515    
   2.125000      0.6125000      0.1964897    
   2.375000      0.6125000      0.2226399    
   2.625000      0.6125000      0.2487129    
   2.875000      0.6125000      0.2747189    
   3.125000      0.6125000      0.3006665    
   3.375000      0.6125000      0.3265622    
   3.625000      0.6125000      0.3524114    
   3.875000      0.6125000      0.3782182    
   4.125000      0.6125000      0.4039860    
   4.375000      0.6125000      0.4297178    
   4.625000      0.6125000      0.4554152    
   4.875000      0.6125000      0.4810806    
   5.125000      0.6125000      0.5067167    
   5.375000      0.6125000      0.5323246    
   5.625000      0.6125000      0.5579038    
   5.875000      0.6125000      0.5834575    
   6.125000      0.6125000      0.6089870    
   6.375000      0.6125000      0.6344920    
   6.625000      0.6125000      0.6599742    
   6.875000      0.6125000      0.6854333    
   7.125000      0.6125000      0.7108681    
   7.375000      0.6125000      0.7362736    
   7.625000      0.6125000      0.7616548    
   7.875000      0.6125000      0.7869912    
   8.125000      0.6125000      0.8123288    
   8.375000      0.6125000      0.8375199    
   8.625000      0.6125000      0.8629662    
   8.875000      0.6125000      0.8874999    
   9.125000      0.6125000      0.9143775    
   9.375000      0.6125000      0.9346249    
   9.625000      0.6125000      0.9714791    
   9.875000      0.6125000      0.9700882    
   10.00000      0.6125000       1.000000    
 
  0.0000000E+00  0.6375000      0.0000000E+00
  0.1250000      0.6375000      2.0175863E-03
  0.3750000      0.6375000      2.1367703E-02
  0.6250000      0.6375000      4.6977546E-02
  0.8750000      0.6375000      7.4393466E-02
   1.125000      0.6375000      0.1020286    
   1.375000      0.6375000      0.1294222    
   1.625000      0.6375000      0.1564943    
   1.875000      0.6375000      0.1832774    
   2.125000      0.6375000      0.2098275    
   2.375000      0.6375000      0.2361955    
   2.625000      0.6375000      0.2624226    
   2.875000      0.6375000      0.2885392    
   3.125000      0.6375000      0.3145675    
   3.375000      0.6375000      0.3405234    
   3.625000      0.6375000      0.3664186    
   3.875000      0.6375000      0.3922614    
   4.125000      0.6375000      0.4180585    
   4.375000      0.6375000      0.4438143    
   4.625000      0.6375000      0.4695325    
   4.875000      0.6375000      0.4952160    
   5.125000      0.6375000      0.5208681    
   5.375000      0.6375000      0.5464906    
   5.625000      0.6375000      0.5720832    
   5.875000      0.6375000      0.5976492    
   6.125000      0.6375000      0.6231905    
   6.375000      0.6375000      0.6487065    
   6.625000      0.6375000      0.6741992    
   6.875000      0.6375000      0.6996675    
   7.125000      0.6375000      0.7251104    
   7.375000      0.6375000      0.7505230    
   7.625000      0.6375000      0.7759101    
   7.875000      0.6375000      0.8012516    
   8.125000      0.6375000      0.8265907    
   8.375000      0.6375000      0.8517878    
   8.625000      0.6375000      0.8772193    
   8.875000      0.6375000      0.9017914    
   9.125000      0.6375000      0.9285297    
   9.375000      0.6375000      0.9492108    
   9.625000      0.6375000      0.9843451    
   9.875000      0.6375000      0.9898980    
   10.00000      0.6375000       1.000000    
 
  0.0000000E+00  0.6625000      0.0000000E+00
  0.1250000      0.6625000      3.3277418E-03
  0.3750000      0.6625000      2.6790408E-02
  0.6250000      0.6625000      5.5598255E-02
  0.8750000      0.6625000      8.5182197E-02
   1.125000      0.6625000      0.1142526    
   1.375000      0.6625000      0.1426016    
   1.625000      0.6625000      0.1703169    
   1.875000      0.6625000      0.1975383    
   2.125000      0.6625000      0.2243901    
   2.375000      0.6625000      0.2509681    
   2.625000      0.6625000      0.2773431    
   2.875000      0.6625000      0.3035655    
   3.125000      0.6625000      0.3296706    
   3.375000      0.6625000      0.3556836    
   3.625000      0.6625000      0.3816221    
   3.875000      0.6625000      0.4074986    
   4.125000      0.6625000      0.4333228    
   4.375000      0.6625000      0.4591009    
   4.625000      0.6625000      0.4848380    
   4.875000      0.6625000      0.5105382    
   5.125000      0.6625000      0.5362049    
   5.375000      0.6625000      0.5618407    
   5.625000      0.6625000      0.5874453    
   5.875000      0.6625000      0.6130224    
   6.125000      0.6625000      0.6385745    
   6.375000      0.6625000      0.6641002    
   6.625000      0.6625000      0.6896024    
   6.875000      0.6625000      0.7150789    
   7.125000      0.6625000      0.7405287    
   7.375000      0.6625000      0.7659475    
   7.625000      0.6625000      0.7913393    
   7.875000      0.6625000      0.8166851    
   8.125000      0.6625000      0.8420244    
   8.375000      0.6625000      0.8672270    
   8.625000      0.6625000      0.8926412    
   8.875000      0.6625000      0.9172537    
   9.125000      0.6625000      0.9438455    
   9.375000      0.6625000      0.9649559    
   9.625000      0.6625000      0.9984525    
   9.875000      0.6625000       1.010195    
   10.00000      0.6625000       1.000000    
 
  0.0000000E+00  0.6875000      0.0000000E+00
  0.1250000      0.6875000      5.1432499E-03
  0.3750000      0.6875000      3.3328410E-02
  0.6250000      0.6875000      6.5516829E-02
  0.8750000      0.6875000      9.7287551E-02
   1.125000      0.6875000      0.1277677    
   1.375000      0.6875000      0.1570409    
   1.625000      0.6875000      0.1853729    
   1.875000      0.6875000      0.2130119    
   2.125000      0.6875000      0.2401502    
   2.375000      0.6875000      0.2669268    
   2.625000      0.6875000      0.2934414    
   2.875000      0.6875000      0.3197631    
   3.125000      0.6875000      0.3459401    
   3.375000      0.6875000      0.3720062    
   3.625000      0.6875000      0.3979849    
   3.875000      0.6875000      0.4238925    
   4.125000      0.6875000      0.4497415    
   4.375000      0.6875000      0.4755400    
   4.625000      0.6875000      0.5012943    
   4.875000      0.6875000      0.5270095    
   5.125000      0.6875000      0.5526892    
   5.375000      0.6875000      0.5783368    
   5.625000      0.6875000      0.6039524    
   5.875000      0.6875000      0.6295395    
   6.125000      0.6875000      0.6551011    
   6.375000      0.6875000      0.6806354    
   6.625000      0.6875000      0.7061458    
   6.875000      0.6875000      0.7316295    
   7.125000      0.6875000      0.7570853    
   7.375000      0.6875000      0.7825093    
   7.625000      0.6875000      0.8079047    
   7.875000      0.6875000      0.8332539    
   8.125000      0.6875000      0.8585922    
   8.375000      0.6875000      0.8837994    
   8.625000      0.6875000      0.9091945    
   8.875000      0.6875000      0.9338483    
   9.125000      0.6875000      0.9602901    
   9.375000      0.6875000      0.9818126    
   9.625000      0.6875000       1.013795    
   9.875000      0.6875000       1.030659    
   10.00000      0.6875000       1.000000    
 
  0.0000000E+00  0.7125000      0.0000000E+00
  0.1250000      0.7125000      7.6063103E-03
  0.3750000      0.7125000      4.1123480E-02
  0.6250000      0.7125000      7.6813713E-02
  0.8750000      0.7125000      0.1107433    
   1.125000      0.7125000      0.1425787    
   1.375000      0.7125000      0.1727273    
   1.625000      0.7125000      0.2016384    
   1.875000      0.7125000      0.2296675    
   2.125000      0.7125000      0.2570722    
   2.375000      0.7125000      0.2840331    
   2.625000      0.7125000      0.3106768    
   2.875000      0.7125000      0.3370900    
   3.125000      0.7125000      0.3633332    
   3.375000      0.7125000      0.3894479    
   3.625000      0.7125000      0.4154633    
   3.875000      0.7125000      0.4413992    
   4.125000      0.7125000      0.4672703    
   4.375000      0.7125000      0.4930873    
   4.625000      0.7125000      0.5188570    
   4.875000      0.7125000      0.5445856    
   5.125000      0.7125000      0.5702767    
   5.375000      0.7125000      0.5959349    
   5.625000      0.7125000      0.6215599    
   5.875000      0.7125000      0.6471560    
   6.125000      0.7125000      0.6727256    
   6.375000      0.7125000      0.6982678    
   6.625000      0.7125000      0.7237855    
   6.875000      0.7125000      0.7492750    
   7.125000      0.7125000      0.7747358    
   7.375000      0.7125000      0.8001641    
   7.625000      0.7125000      0.8255622    
   7.875000      0.7125000      0.8509137    
   8.125000      0.7125000      0.8762501    
   8.375000      0.7125000      0.9014612    
   8.625000      0.7125000      0.9268356    
   8.875000      0.7125000      0.9515303    
   9.125000      0.7125000      0.9778228    
   9.375000      0.7125000      0.9997289    
   9.625000      0.7125000       1.030347    
   9.875000      0.7125000       1.050989    
   10.00000      0.7125000       1.000000    
 
  0.0000000E+00  0.7375000      0.0000000E+00
  0.1250000      0.7375000      1.0884521E-02
  0.3750000      0.7375000      5.0314482E-02
  0.6250000      0.7375000      8.9554340E-02
  0.8750000      0.7375000      0.1255672    
   1.125000      0.7375000      0.1586763    
   1.375000      0.7375000      0.1896359    
   1.625000      0.7375000      0.2190791    
   1.875000      0.7375000      0.2474649    
   2.125000      0.7375000      0.2751124    
   2.375000      0.7375000      0.3022408    
   2.625000      0.7375000      0.3290014    
   2.875000      0.7375000      0.3554974    
   3.125000      0.7375000      0.3818003    
   3.375000      0.7375000      0.4079587    
   3.625000      0.7375000      0.4340068    
   3.875000      0.7375000      0.4599678    
   4.125000      0.7375000      0.4858589    
   4.375000      0.7375000      0.5116920    
   4.625000      0.7375000      0.5374752    
   4.875000      0.7375000      0.5632155    
   5.125000      0.7375000      0.5889166    
   5.375000      0.7375000      0.6145840    
   5.625000      0.7375000      0.6402174    
   5.875000      0.7375000      0.6658209    
   6.125000      0.7375000      0.6913977    
   6.375000      0.7375000      0.7169467    
   6.625000      0.7375000      0.7424705    
   6.875000      0.7375000      0.7679649    
   7.125000      0.7375000      0.7934298    
   7.375000      0.7375000      0.8188615    
   7.625000      0.7375000      0.8442613    
   7.875000      0.7375000      0.8696142    
   8.125000      0.7375000      0.8949478    
   8.375000      0.7375000      0.9201617    
   8.625000      0.7375000      0.9455148    
   8.875000      0.7375000      0.9702488    
   9.125000      0.7375000      0.9963955    
   9.375000      0.7375000       1.018649    
   9.625000      0.7375000       1.048057    
   9.875000      0.7375000       1.070918    
   10.00000      0.7375000       1.000000    
 
  0.0000000E+00  0.7625000      0.0000000E+00
  0.1250000      0.7625000      1.5170890E-02
  0.3750000      0.7625000      6.1030407E-02
  0.6250000      0.7625000      0.1037841    
  0.8750000      0.7625000      0.1417583    
   1.125000      0.7625000      0.1760359    
   1.375000      0.7625000      0.2077291    
   1.625000      0.7625000      0.2376500    
   1.875000      0.7625000      0.2663545    
   2.125000      0.7625000      0.2942183    
   2.375000      0.7625000      0.3214955    
   2.625000      0.7625000      0.3483599    
   2.875000      0.7625000      0.3749290    
   3.125000      0.7625000      0.4012846    
   3.375000      0.7625000      0.4274814    
   3.625000      0.7625000      0.4535583    
   3.875000      0.7625000      0.4795412    
   4.125000      0.7625000      0.5054496    
   4.375000      0.7625000      0.5312968    
   4.625000      0.7625000      0.5570914    
   4.875000      0.7625000      0.5828419    
   5.125000      0.7625000      0.6085516    
   5.375000      0.7625000      0.6342269    
   5.625000      0.7625000      0.6598673    
   5.875000      0.7625000      0.6854774    
   6.125000      0.7625000      0.7110603    
   6.375000      0.7625000      0.7366148    
   6.625000      0.7625000      0.7621439    
   6.875000      0.7625000      0.7876421    
   7.125000      0.7625000      0.8131101    
   7.375000      0.7625000      0.8385441    
   7.625000      0.7625000      0.8639452    
   7.875000      0.7625000      0.8892985    
   8.125000      0.7625000      0.9146285    
   8.375000      0.7625000      0.9398443    
   8.625000      0.7625000      0.9651757    
   8.875000      0.7625000      0.9899464    
   9.125000      0.7625000       1.015954    
   9.375000      0.7625000       1.038514    
   9.625000      0.7625000       1.066856    
   9.875000      0.7625000       1.090230    
   10.00000      0.7625000       1.000000    
 
  0.0000000E+00  0.7875000      0.0000000E+00
  0.1250000      0.7875000      2.0682044E-02
  0.3750000      0.7875000      7.3382139E-02
  0.6250000      0.7875000      0.1195236    
  0.8750000      0.7875000      0.1592948    
   1.125000      0.7875000      0.1946159    
   1.375000      0.7875000      0.2269558    
   1.625000      0.7875000      0.2572948    
   1.875000      0.7875000      0.2862771    
   2.125000      0.7875000      0.3143288    
   2.375000      0.7875000      0.3417349    
   2.625000      0.7875000      0.3686891    
   2.875000      0.7875000      0.3953214    
   3.125000      0.7875000      0.4217223    
   3.375000      0.7875000      0.4479522    
   3.625000      0.7875000      0.4740537    
   3.875000      0.7875000      0.5000553    
   4.125000      0.7875000      0.5259784    
   4.375000      0.7875000      0.5518374    
   4.625000      0.7875000      0.5776418    
   4.875000      0.7875000      0.6034007    
   5.125000      0.7875000      0.6291177    
   5.375000      0.7875000      0.6547995    
   5.625000      0.7875000      0.6804457    
   5.875000      0.7875000      0.7060615    
   6.125000      0.7875000      0.7316494    
   6.375000      0.7875000      0.7572086    
   6.625000      0.7875000      0.7827418    
   6.875000      0.7875000      0.8082431    
   7.125000      0.7875000      0.8337133    
   7.375000      0.7875000      0.8591490    
   7.625000      0.7875000      0.8845504    
   7.875000      0.7875000      0.9099034    
   8.125000      0.7875000      0.9352290    
   8.375000      0.7875000      0.9604460    
   8.625000      0.7875000      0.9857559    
   8.875000      0.7875000       1.010560    
   9.125000      0.7875000       1.036436    
   9.375000      0.7875000       1.059259    
   9.625000      0.7875000       1.086652    
   9.875000      0.7875000       1.108772    
   10.00000      0.7875000       1.000000    
 
  0.0000000E+00  0.8125000      0.0000000E+00
  0.1250000      0.8125000      2.7653942E-02
  0.3750000      0.8125000      8.7453529E-02
  0.6250000      0.8125000      0.1367646    
  0.8750000      0.8125000      0.1781326    
   1.125000      0.8125000      0.2143581    
   1.375000      0.8125000      0.2472516    
   1.625000      0.8125000      0.2779460    
   1.875000      0.8125000      0.3071634    
   2.125000      0.8125000      0.3353740    
   2.375000      0.8125000      0.3628887    
   2.625000      0.8125000      0.3899183    
   2.875000      0.8125000      0.4166037    
   3.125000      0.8125000      0.4430427    
   3.375000      0.8125000      0.4693002    
   3.625000      0.8125000      0.4954220    
   3.875000      0.8125000      0.5214393    
   4.125000      0.8125000      0.5473747    
   4.375000      0.8125000      0.5732434    
   4.625000      0.8125000      0.5990559    
   4.875000      0.8125000      0.6248216    
   5.125000      0.8125000      0.6505447    
   5.375000      0.8125000      0.6762314    
   5.625000      0.8125000      0.7018825    
   5.875000      0.8125000      0.7275029    
   6.125000      0.8125000      0.7530950    
   6.375000      0.8125000      0.7786580    
   6.625000      0.8125000      0.8041943    
   6.875000      0.8125000      0.8296981    
   7.125000      0.8125000      0.8551697    
   7.375000      0.8125000      0.8806062    
   7.625000      0.8125000      0.9060072    
   7.875000      0.8125000      0.9313594    
   8.125000      0.8125000      0.9566804    
   8.375000      0.8125000      0.9818976    
   8.625000      0.8125000       1.007186    
   8.875000      0.8125000       1.032020    
   9.125000      0.8125000       1.057775    
   9.375000      0.8125000       1.080816    
   9.625000      0.8125000       1.107343    
   9.875000      0.8125000       1.126477    
   10.00000      0.8125000       1.000000    
 
  0.0000000E+00  0.8375000      0.0000000E+00
  0.1250000      0.8375000      3.6334507E-02
  0.3750000      0.8375000      0.1032921    
  0.6250000      0.8375000      0.1554665    
  0.8750000      0.8375000      0.1982039    
   1.125000      0.8375000      0.2351867    
   1.375000      0.8375000      0.2685381    
   1.625000      0.8375000      0.2995248    
   1.875000      0.8375000      0.3289348    
   2.125000      0.8375000      0.3572752    
   2.375000      0.8375000      0.3848784    
   2.625000      0.8375000      0.4119695    
   2.875000      0.8375000      0.4386980    
   3.125000      0.8375000      0.4651679    
   3.375000      0.8375000      0.4914476    
   3.625000      0.8375000      0.5175860    
   3.875000      0.8375000      0.5436158    
   4.125000      0.8375000      0.5695611    
   4.375000      0.8375000      0.5954373    
   4.625000      0.8375000      0.6212563    
   4.875000      0.8375000      0.6470276    
   5.125000      0.8375000      0.6727555    
   5.375000      0.8375000      0.6984462    
   5.625000      0.8375000      0.7241011    
   5.875000      0.8375000      0.7497252    
   6.125000      0.8375000      0.7753205    
   6.375000      0.8375000      0.8008865    
   6.625000      0.8375000      0.8264250    
   6.875000      0.8375000      0.8519307    
   7.125000      0.8375000      0.8774028    
   7.375000      0.8375000      0.9028396    
   7.625000      0.8375000      0.9282398    
   7.875000      0.8375000      0.9535904    
   8.125000      0.8375000      0.9789065    
   8.375000      0.8375000       1.004123    
   8.625000      0.8375000       1.029392    
   8.875000      0.8375000       1.054252    
   9.125000      0.8375000       1.079895    
   9.375000      0.8375000       1.103110    
   9.625000      0.8375000       1.128818    
   9.875000      0.8375000       1.143378    
   10.00000      0.8375000       1.000000    
 
  0.0000000E+00  0.8625000      0.0000000E+00
  0.1250000      0.8625000      4.6972413E-02
  0.3750000      0.8625000      0.1208998    
  0.6250000      0.8625000      0.1755545    
  0.8750000      0.8625000      0.2194178    
   1.125000      0.8625000      0.2570088    
   1.375000      0.8625000      0.2907241    
   1.625000      0.8625000      0.3219414    
   1.875000      0.8625000      0.3515030    
   2.125000      0.8625000      0.3799452    
   2.375000      0.8625000      0.4076177    
   2.625000      0.8625000      0.4347569    
   2.875000      0.8625000      0.4615191    
   3.125000      0.8625000      0.4880130    
   3.375000      0.8625000      0.5143100    
   3.625000      0.8625000      0.5404612    
   3.875000      0.8625000      0.5665006    
   4.125000      0.8625000      0.5924536    
   4.375000      0.8625000      0.6183358    
   4.625000      0.8625000      0.6441596    
   4.875000      0.8625000      0.6699350    
   5.125000      0.8625000      0.6956669    
   5.375000      0.8625000      0.7213603    
   5.625000      0.8625000      0.7470182    
   5.875000      0.8625000      0.7726451    
   6.125000      0.8625000      0.7982429    
   6.375000      0.8625000      0.8238110    
   6.625000      0.8625000      0.8493509    
   6.875000      0.8625000      0.8748580    
   7.125000      0.8625000      0.9003302    
   7.375000      0.8625000      0.9257666    
   7.625000      0.8625000      0.9511653    
   7.875000      0.8625000      0.9765142    
   8.125000      0.8625000       1.001825    
   8.375000      0.8625000       1.027041    
   8.625000      0.8625000       1.052291    
   8.875000      0.8625000       1.077173    
   9.125000      0.8625000       1.102718    
   9.375000      0.8625000       1.126062    
   9.625000      0.8625000       1.150968    
   9.875000      0.8625000       1.159623    
   10.00000      0.8625000       1.000000    
 
  0.0000000E+00  0.8875000      0.0000000E+00
  0.1250000      0.8875000      5.9801336E-02
  0.3750000      0.8875000      0.1402252    
  0.6250000      0.8875000      0.1969189    
  0.8750000      0.8875000      0.2416605    
   1.125000      0.8875000      0.2797155    
   1.375000      0.8875000      0.3137052    
   1.625000      0.8875000      0.3450955    
   1.875000      0.8875000      0.3747703    
   2.125000      0.8875000      0.4032886    
   2.375000      0.8875000      0.4310126    
   2.625000      0.8875000      0.4581876    
   2.875000      0.8875000      0.4849746    
   3.125000      0.8875000      0.5114864    
   3.375000      0.8875000      0.5377961    
   3.625000      0.8875000      0.5639569    
   3.875000      0.8875000      0.5900031    
   4.125000      0.8875000      0.6159618    
   4.375000      0.8875000      0.6418481    
   4.625000      0.8875000      0.6676756    
   4.875000      0.8875000      0.6934544    
   5.125000      0.8875000      0.7191887    
   5.375000      0.8875000      0.7448843    
   5.625000      0.8875000      0.7705441    
   5.875000      0.8875000      0.7961732    
   6.125000      0.8875000      0.8217725    
   6.375000      0.8875000      0.8473420    
   6.625000      0.8875000      0.8728831    
   6.875000      0.8875000      0.8983908    
   7.125000      0.8875000      0.9238629    
   7.375000      0.8875000      0.9492984    
   7.625000      0.8875000      0.9746955    
   7.875000      0.8875000       1.000042    
   8.125000      0.8875000       1.025349    
   8.375000      0.8875000       1.050563    
   8.625000      0.8875000       1.075797    
   8.875000      0.8875000       1.100696    
   9.125000      0.8875000       1.126154    
   9.375000      0.8875000       1.149590    
   9.625000      0.8875000       1.173696    
   9.875000      0.8875000       1.175497    
   10.00000      0.8875000       1.000000    
 
  0.0000000E+00  0.9125000      0.0000000E+00
  0.1250000      0.9125000      7.5019233E-02
  0.3750000      0.9125000      0.1611570    
  0.6250000      0.9125000      0.2194157    
  0.8750000      0.9125000      0.2647970    
   1.125000      0.9125000      0.3031825    
   1.375000      0.9125000      0.3373654    
   1.625000      0.9125000      0.3688767    
   1.875000      0.9125000      0.3986306    
   2.125000      0.9125000      0.4272017    
   2.375000      0.9125000      0.4549615    
   2.625000      0.9125000      0.4821613    
   2.875000      0.9125000      0.5089656    
   3.125000      0.9125000      0.5354896    
   3.375000      0.9125000      0.5618082    
   3.625000      0.9125000      0.5879754    
   3.875000      0.9125000      0.6140264    
   4.125000      0.9125000      0.6399890    
   4.375000      0.9125000      0.6658782    
   4.625000      0.9125000      0.6917079    
   4.875000      0.9125000      0.7174891    
   5.125000      0.9125000      0.7432249    
   5.375000      0.9125000      0.7689220    
   5.625000      0.9125000      0.7945830    
   5.875000      0.9125000      0.8202138    
   6.125000      0.9125000      0.8458140    
   6.375000      0.9125000      0.8713847    
   6.625000      0.9125000      0.8969260    
   6.875000      0.9125000      0.9224339    
   7.125000      0.9125000      0.9479057    
   7.375000      0.9125000      0.9733402    
   7.625000      0.9125000      0.9987356    
   7.875000      0.9125000       1.024080    
   8.125000      0.9125000       1.049382    
   8.375000      0.9125000       1.074595    
   8.625000      0.9125000       1.099815    
   8.875000      0.9125000       1.124727    
   9.125000      0.9125000       1.150113    
   9.375000      0.9125000       1.173604    
   9.625000      0.9125000       1.196924    
   9.875000      0.9125000       1.191447    
   10.00000      0.9125000       1.000000    
 
  0.0000000E+00  0.9375000      0.0000000E+00
  0.1250000      0.9375000      9.2761882E-02
  0.3750000      0.9375000      0.1835207    
  0.6250000      0.9375000      0.2428689    
  0.8750000      0.9375000      0.2886723    
   1.125000      0.9375000      0.3272709    
   1.375000      0.9375000      0.3615770    
   1.625000      0.9375000      0.3931648    
   1.875000      0.9375000      0.4229687    
   2.125000      0.9375000      0.4515730    
   2.375000      0.9375000      0.4793550    
   2.625000      0.9375000      0.5065703    
   2.875000      0.9375000      0.5333854    
   3.125000      0.9375000      0.5599170    
   3.375000      0.9375000      0.5862409    
   3.625000      0.9375000      0.6124121    
   3.875000      0.9375000      0.6384661    
   4.125000      0.9375000      0.6644312    
   4.375000      0.9375000      0.6903220    
   4.625000      0.9375000      0.7161533    
   4.875000      0.9375000      0.7419358    
   5.125000      0.9375000      0.7676727    
   5.375000      0.9375000      0.7933704    
   5.625000      0.9375000      0.8190323    
   5.875000      0.9375000      0.8446639    
   6.125000      0.9375000      0.8702646    
   6.375000      0.9375000      0.8958361    
   6.625000      0.9375000      0.9213775    
   6.875000      0.9375000      0.9468852    
   7.125000      0.9375000      0.9723563    
   7.375000      0.9375000      0.9977901    
   7.625000      0.9375000       1.023184    
   7.875000      0.9375000       1.048527    
   8.125000      0.9375000       1.073825    
   8.375000      0.9375000       1.099035    
   8.625000      0.9375000       1.124244    
   8.875000      0.9375000       1.149166    
   9.125000      0.9375000       1.174495    
   9.375000      0.9375000       1.198013    
   9.625000      0.9375000       1.220602    
   9.875000      0.9375000       1.208102    
   10.00000      0.9375000       1.000000    
 
  0.0000000E+00  0.9625000      0.0000000E+00
  0.1250000      0.9625000      0.1130711    
  0.3750000      0.9625000      0.2070781    
  0.6250000      0.9625000      0.2670737    
  0.8750000      0.9625000      0.3131144    
   1.125000      0.9625000      0.3518295    
   1.375000      0.9625000      0.3862020    
   1.625000      0.9625000      0.4178308    
   1.875000      0.9625000      0.4476610    
   2.125000      0.9625000      0.4762828    
   2.375000      0.9625000      0.5040766    
   2.625000      0.9625000      0.5313001    
   2.875000      0.9625000      0.5581208    
   3.125000      0.9625000      0.5846563    
   3.375000      0.9625000      0.6109830    
   3.625000      0.9625000      0.6371562    
   3.875000      0.9625000      0.6632119    
   4.125000      0.9625000      0.6891782    
   4.375000      0.9625000      0.7150698    
   4.625000      0.9625000      0.7409019    
   4.875000      0.9625000      0.7666852    
   5.125000      0.9625000      0.7924224    
   5.375000      0.9625000      0.8181206    
   5.625000      0.9625000      0.8437828    
   5.875000      0.9625000      0.8694148    
   6.125000      0.9625000      0.8950160    
   6.375000      0.9625000      0.9205875    
   6.625000      0.9625000      0.9461289    
   6.875000      0.9625000      0.9716363    
   7.125000      0.9625000      0.9971069    
   7.375000      0.9625000       1.022540    
   7.625000      0.9625000       1.047932    
   7.875000      0.9625000       1.073274    
   8.125000      0.9625000       1.098569    
   8.375000      0.9625000       1.123778    
   8.625000      0.9625000       1.148978    
   8.875000      0.9625000       1.173907    
   9.125000      0.9625000       1.199195    
   9.375000      0.9625000       1.222720    
   9.625000      0.9625000       1.244709    
   9.875000      0.9625000       1.226313    
   10.00000      0.9625000       1.000000    
 
  0.0000000E+00  0.9875000      0.0000000E+00
  0.1250000      0.9875000      0.1358572    
  0.3750000      0.9875000      0.2315315    
  0.6250000      0.9875000      0.2918009    
  0.8750000      0.9875000      0.3379358    
   1.125000      0.9875000      0.3766955    
   1.375000      0.9875000      0.4110929    
   1.625000      0.9875000      0.4427367    
   1.875000      0.9875000      0.4725766    
   2.125000      0.9875000      0.5012046    
   2.375000      0.9875000      0.5290028    
   2.625000      0.9875000      0.5562294    
   2.875000      0.9875000      0.5830520    
   3.125000      0.9875000      0.6095889    
   3.375000      0.9875000      0.6359164    
   3.625000      0.9875000      0.6620904    
   3.875000      0.9875000      0.6881467    
   4.125000      0.9875000      0.7141134    
   4.375000      0.9875000      0.7400053    
   4.625000      0.9875000      0.7658375    
   4.875000      0.9875000      0.7916213    
   5.125000      0.9875000      0.8173584    
   5.375000      0.9875000      0.8430566    
   5.625000      0.9875000      0.8687190    
   5.875000      0.9875000      0.8943512    
   6.125000      0.9875000      0.9199525    
   6.375000      0.9875000      0.9455242    
   6.625000      0.9875000      0.9710653    
   6.875000      0.9875000      0.9965725    
   7.125000      0.9875000       1.022043    
   7.375000      0.9875000       1.047475    
   7.625000      0.9875000       1.072867    
   7.875000      0.9875000       1.098208    
   8.125000      0.9875000       1.123501    
   8.375000      0.9875000       1.148709    
   8.625000      0.9875000       1.173906    
   8.875000      0.9875000       1.198837    
   9.125000      0.9875000       1.224104    
   9.375000      0.9875000       1.247626    
   9.625000      0.9875000       1.269253    
   9.875000      0.9875000       1.247198    
   10.00000      0.9875000       1.000000    
 
  0.0000000E+00   1.000000      0.0000000E+00
  0.1250000       1.000000      0.1358572    
  0.3750000       1.000000      0.2315315    
  0.6250000       1.000000      0.2918009    
  0.8750000       1.000000      0.3379358    
   1.125000       1.000000      0.3766955    
   1.375000       1.000000      0.4110929    
   1.625000       1.000000      0.4427367    
   1.875000       1.000000      0.4725766    
   2.125000       1.000000      0.5012046    
   2.375000       1.000000      0.5290028    
   2.625000       1.000000      0.5562294    
   2.875000       1.000000      0.5830520    
   3.125000       1.000000      0.6095889    
   3.375000       1.000000      0.6359164    
   3.625000       1.000000      0.6620904    
   3.875000       1.000000      0.6881467    
   4.125000       1.000000      0.7141134    
   4.375000       1.000000      0.7400053    
   4.625000       1.000000      0.7658375    
   4.875000       1.000000      0.7916213    
   5.125000       1.000000      0.8173584    
   5.375000       1.000000      0.8430566    
   5.625000       1.000000      0.8687190    
   5.875000       1.000000      0.8943512    
   6.125000       1.000000      0.9199525    
   6.375000       1.000000      0.9455242    
   6.625000       1.000000      0.9710653    
   6.875000       1.000000      0.9965725    
   7.125000       1.000000       1.022043    
   7.375000       1.000000       1.047475    
   7.625000       1.000000       1.072867    
   7.875000       1.000000       1.098208    
   8.125000       1.000000       1.123501    
   8.375000       1.000000       1.148709    
   8.625000       1.000000       1.173906    
   8.875000       1.000000       1.198837    
   9.125000       1.000000       1.224104    
   9.375000       1.000000       1.247626    
   9.625000       1.000000       1.269253    
   9.875000       1.000000       1.247198    
   10.00000       1.000000       1.000000    
 
