  0.0000000E+00  0.0000000E+00  0.0000000E+00
  0.1250000      0.0000000E+00  1.2499999E-02
  0.3750000      0.0000000E+00  3.7499998E-02
  0.6250000      0.0000000E+00  6.2499996E-02
  0.8750000      0.0000000E+00  8.7499991E-02
   1.125000      0.0000000E+00  0.1125000    
   1.375000      0.0000000E+00  0.1375000    
   1.625000      0.0000000E+00  0.1625000    
   1.875000      0.0000000E+00  0.1875000    
   2.125000      0.0000000E+00  0.2125000    
   2.375000      0.0000000E+00  0.2375000    
   2.625000      0.0000000E+00  0.2625000    
   2.875000      0.0000000E+00  0.2875000    
   3.125000      0.0000000E+00  0.3125000    
   3.375000      0.0000000E+00  0.3375000    
   3.625000      0.0000000E+00  0.3625000    
   3.875000      0.0000000E+00  0.3875000    
   4.125000      0.0000000E+00  0.4125000    
   4.375000      0.0000000E+00  0.4375000    
   4.625000      0.0000000E+00  0.4625000    
   4.875000      0.0000000E+00  0.4875000    
   5.125000      0.0000000E+00  0.5125000    
   5.375000      0.0000000E+00  0.5375000    
   5.625000      0.0000000E+00  0.5624999    
   5.875000      0.0000000E+00  0.5875000    
   6.125000      0.0000000E+00  0.6125000    
   6.375000      0.0000000E+00  0.6375000    
   6.625000      0.0000000E+00  0.6625000    
   6.875000      0.0000000E+00  0.6874999    
   7.125000      0.0000000E+00  0.7125000    
   7.375000      0.0000000E+00  0.7375000    
   7.625000      0.0000000E+00  0.7624999    
   7.875000      0.0000000E+00  0.7875000    
   8.125000      0.0000000E+00  0.8124999    
   8.375000      0.0000000E+00  0.8375000    
   8.625000      0.0000000E+00  0.8625000    
   8.875000      0.0000000E+00  0.8874999    
   9.125000      0.0000000E+00  0.9125000    
   9.375000      0.0000000E+00  0.9374999    
   9.625000      0.0000000E+00  0.9624999    
   9.875000      0.0000000E+00  0.9875000    
   10.00000      0.0000000E+00   1.000000    
 
  0.0000000E+00  1.2500000E-02  0.0000000E+00
  0.1250000      1.2500000E-02  1.1545920E-02
  0.3750000      1.2500000E-02  3.5449378E-02
  0.6250000      1.2500000E-02  5.9661590E-02
  0.8750000      1.2500000E-02  8.4084578E-02
   1.125000      1.2500000E-02  0.1086711    
   1.375000      1.2500000E-02  0.1333830    
   1.625000      1.2500000E-02  0.1581879    
   1.875000      1.2500000E-02  0.1830598    
   2.125000      1.2500000E-02  0.2079785    
   2.375000      1.2500000E-02  0.2329300    
   2.625000      1.2500000E-02  0.2579036    
   2.875000      1.2500000E-02  0.2828923    
   3.125000      1.2500000E-02  0.3078907    
   3.375000      1.2500000E-02  0.3328958    
   3.625000      1.2500000E-02  0.3579049    
   3.875000      1.2500000E-02  0.3829163    
   4.125000      1.2500000E-02  0.4079285    
   4.375000      1.2500000E-02  0.4329408    
   4.625000      1.2500000E-02  0.4579518    
   4.875000      1.2500000E-02  0.4829610    
   5.125000      1.2500000E-02  0.5079669    
   5.375000      1.2500000E-02  0.5329690    
   5.625000      1.2500000E-02  0.5579654    
   5.875000      1.2500000E-02  0.5829553    
   6.125000      1.2500000E-02  0.6079372    
   6.375000      1.2500000E-02  0.6329098    
   6.625000      1.2500000E-02  0.6578721    
   6.875000      1.2500000E-02  0.6828232    
   7.125000      1.2500000E-02  0.7077627    
   7.375000      1.2500000E-02  0.7326897    
   7.625000      1.2500000E-02  0.7576052    
   7.875000      1.2500000E-02  0.7825079    
   8.125000      1.2500000E-02  0.8074030    
   8.375000      1.2500000E-02  0.8322792    
   8.625000      1.2500000E-02  0.8571717    
   8.875000      1.2500000E-02  0.8819862    
   9.125000      1.2500000E-02  0.9069932    
   9.375000      1.2500000E-02  0.9314276    
   9.625000      1.2500000E-02  0.9575124    
   9.875000      1.2500000E-02  0.9786082    
   10.00000      1.2500000E-02   1.000000    
 
  0.0000000E+00  3.7500001E-02  0.0000000E+00
  0.1250000      3.7500001E-02  9.6876519E-03
  0.3750000      3.7500001E-02  3.1404421E-02
  0.6250000      3.7500001E-02  5.4042690E-02
  0.8750000      3.7500001E-02  7.7312604E-02
   1.125000      3.7500001E-02  0.1010729    
   1.375000      3.7500001E-02  0.1252092    
   1.625000      3.7500001E-02  0.1496245    
   1.875000      3.7500001E-02  0.1742403    
   2.125000      3.7500001E-02  0.1989971    
   2.375000      3.7500001E-02  0.2238515    
   2.625000      3.7500001E-02  0.2487724    
   2.875000      3.7500001E-02  0.2737386    
   3.125000      3.7500001E-02  0.2987340    
   3.375000      3.7500001E-02  0.3237493    
   3.625000      3.7500001E-02  0.3487765    
   3.875000      3.7500001E-02  0.3738106    
   4.125000      3.7500001E-02  0.3988475    
   4.375000      3.7500001E-02  0.4238841    
   4.625000      3.7500001E-02  0.4489174    
   4.875000      3.7500001E-02  0.4739449    
   5.125000      3.7500001E-02  0.4989630    
   5.375000      3.7500001E-02  0.5239689    
   5.625000      3.7500001E-02  0.5489585    
   5.875000      3.7500001E-02  0.5739285    
   6.125000      3.7500001E-02  0.5988744    
   6.375000      3.7500001E-02  0.6237928    
   6.625000      3.7500001E-02  0.6486802    
   6.875000      3.7500001E-02  0.6735339    
   7.125000      3.7500001E-02  0.6983525    
   7.375000      3.7500001E-02  0.7231343    
   7.625000      3.7500001E-02  0.7478812    
   7.875000      3.7500001E-02  0.7725899    
   8.125000      3.7500001E-02  0.7972758    
   8.375000      3.7500001E-02  0.8219046    
   8.625000      3.7500001E-02  0.8465832    
   8.875000      3.7500001E-02  0.8710246    
   9.125000      3.7500001E-02  0.8960530    
   9.375000      3.7500001E-02  0.9193366    
   9.625000      3.7500001E-02  0.9476509    
   9.875000      3.7500001E-02  0.9607007    
   10.00000      3.7500001E-02   1.000000    
 
  0.0000000E+00  6.2500000E-02  0.0000000E+00
  0.1250000      6.2500000E-02  7.9542901E-03
  0.3750000      6.2500000E-02  2.7510324E-02
  0.6250000      6.2500000E-02  4.8583161E-02
  0.8750000      6.2500000E-02  7.0705473E-02
   1.125000      6.2500000E-02  9.3643792E-02
   1.375000      6.2500000E-02  0.1172080    
   1.625000      6.2500000E-02  0.1412361    
   1.875000      6.2500000E-02  0.1655977    
   2.125000      6.2500000E-02  0.1901937    
   2.375000      6.2500000E-02  0.2149520    
   2.625000      6.2500000E-02  0.2398210    
   2.875000      6.2500000E-02  0.2647649    
   3.125000      6.2500000E-02  0.2897577    
   3.375000      6.2500000E-02  0.3147834    
   3.625000      6.2500000E-02  0.3398288    
   3.875000      6.2500000E-02  0.3648856    
   4.125000      6.2500000E-02  0.3899471    
   4.375000      6.2500000E-02  0.4150083    
   4.625000      6.2500000E-02  0.4400641    
   4.875000      6.2500000E-02  0.4651099    
   5.125000      6.2500000E-02  0.4901406    
   5.375000      6.2500000E-02  0.5151508    
   5.625000      6.2500000E-02  0.5401342    
   5.875000      6.2500000E-02  0.5650846    
   6.125000      6.2500000E-02  0.5899953    
   6.375000      6.2500000E-02  0.6148602    
   6.625000      6.2500000E-02  0.6396737    
   6.875000      6.2500000E-02  0.6644311    
   7.125000      6.2500000E-02  0.6891302    
   7.375000      6.2500000E-02  0.7137680    
   7.625000      6.2500000E-02  0.7383476    
   7.875000      6.2500000E-02  0.7628637    
   8.125000      6.2500000E-02  0.7873419    
   8.375000      6.2500000E-02  0.8117238    
   8.625000      6.2500000E-02  0.8361922    
   8.875000      6.2500000E-02  0.8602553    
   9.125000      6.2500000E-02  0.8853242    
   9.375000      6.2500000E-02  0.9074057    
   9.625000      6.2500000E-02  0.9381077    
   9.875000      6.2500000E-02  0.9425105    
   10.00000      6.2500000E-02   1.000000    
 
  0.0000000E+00  8.7500006E-02  0.0000000E+00
  0.1250000      8.7500006E-02  6.3922564E-03
  0.3750000      8.7500006E-02  2.3839112E-02
  0.6250000      8.7500006E-02  4.3366227E-02
  0.8750000      8.7500006E-02  6.4354219E-02
   1.125000      8.7500006E-02  8.6480930E-02
   1.375000      8.7500006E-02  0.1094810    
   1.625000      8.7500006E-02  0.1331278    
   1.875000      8.7500006E-02  0.1572396    
   2.125000      8.7500006E-02  0.1816779    
   2.375000      8.7500006E-02  0.2063422    
   2.625000      8.7500006E-02  0.2311606    
   2.875000      8.7500006E-02  0.2560833    
   3.125000      8.7500006E-02  0.2810743    
   3.375000      8.7500006E-02  0.3061107    
   3.625000      8.7500006E-02  0.3311746    
   3.875000      8.7500006E-02  0.3562544    
   4.125000      8.7500006E-02  0.3813408    
   4.375000      8.7500006E-02  0.4064266    
   4.625000      8.7500006E-02  0.4315051    
   4.875000      8.7500006E-02  0.4565695    
   5.125000      8.7500006E-02  0.4816130    
   5.375000      8.7500006E-02  0.5066280    
   5.625000      8.7500006E-02  0.5316057    
   5.875000      8.7500006E-02  0.5565375    
   6.125000      8.7500006E-02  0.5814139    
   6.375000      8.7500006E-02  0.6062266    
   6.625000      8.7500006E-02  0.6309677    
   6.875000      8.7500006E-02  0.6556304    
   7.125000      8.7500006E-02  0.6802115    
   7.375000      8.7500006E-02  0.7047071    
   7.625000      8.7500006E-02  0.7291219    
   7.875000      8.7500006E-02  0.7534469    
   8.125000      8.7500006E-02  0.7777199    
   8.375000      8.7500006E-02  0.8018557    
   8.625000      8.7500006E-02  0.8261192    
   8.875000      8.7500006E-02  0.8497964    
   9.125000      8.7500006E-02  0.8749343    
   9.375000      8.7500006E-02  0.8957384    
   9.625000      8.7500006E-02  0.9290596    
   9.875000      8.7500006E-02  0.9239855    
   10.00000      8.7500006E-02   1.000000    
 
  0.0000000E+00  0.1125000      0.0000000E+00
  0.1250000      0.1125000      5.0249794E-03
  0.3750000      0.1125000      2.0442305E-02
  0.6250000      0.1125000      3.8458161E-02
  0.8750000      0.1125000      5.8335844E-02
   1.125000      0.1125000      7.9669662E-02
   1.375000      0.1125000      0.1021199    
   1.625000      0.1125000      0.1253963    
   1.875000      0.1125000      0.1492658    
   2.125000      0.1125000      0.1735519    
   2.375000      0.1125000      0.1981260    
   2.625000      0.1125000      0.2228964    
   2.875000      0.1125000      0.2477996    
   3.125000      0.1125000      0.2727898    
   3.375000      0.1125000      0.2978377    
   3.625000      0.1125000      0.3229207    
   3.875000      0.1125000      0.3480238    
   4.125000      0.1125000      0.3731353    
   4.375000      0.1125000      0.3982460    
   4.625000      0.1125000      0.4233474    
   4.875000      0.1125000      0.4484307    
   5.125000      0.1125000      0.4734874    
   5.375000      0.1125000      0.4985077    
   5.625000      0.1125000      0.5234805    
   5.875000      0.1125000      0.5483944    
   6.125000      0.1125000      0.5732378    
   6.375000      0.1125000      0.5979996    
   6.625000      0.1125000      0.6226699    
   6.875000      0.1125000      0.6472397    
   7.125000      0.1125000      0.6717052    
   7.375000      0.1125000      0.6960609    
   7.625000      0.1125000      0.7203130    
   7.875000      0.1125000      0.7444494    
   8.125000      0.1125000      0.7685202    
   8.375000      0.1125000      0.7924109    
   8.625000      0.1125000      0.8164759    
   8.875000      0.1125000      0.8397583    
   9.125000      0.1125000      0.8650000    
   9.375000      0.1125000      0.8844349    
   9.625000      0.1125000      0.9206575    
   9.875000      0.1125000      0.9051641    
   10.00000      0.1125000       1.000000    
 
  0.0000000E+00  0.1375000      0.0000000E+00
  0.1250000      0.1375000      3.8583060E-03
  0.3750000      0.1375000      1.7353332E-02
  0.6250000      0.1375000      3.3909831E-02
  0.8750000      0.1375000      5.2714422E-02
   1.125000      0.1375000      7.3284455E-02
   1.375000      0.1375000      9.5207229E-02
   1.625000      0.1375000      0.1181296    
   1.875000      0.1375000      0.1417689    
   2.125000      0.1375000      0.1659111    
   2.375000      0.1375000      0.1904006    
   2.625000      0.1375000      0.2151269    
   2.875000      0.1375000      0.2400133    
   3.125000      0.1375000      0.2650045    
   3.375000      0.1375000      0.2900651    
   3.625000      0.1375000      0.3151679    
   3.875000      0.1375000      0.3402948    
   4.125000      0.1375000      0.3654317    
   4.375000      0.1375000      0.3905676    
   4.625000      0.1375000      0.4156921    
   4.875000      0.1375000      0.4407947    
   5.125000      0.1375000      0.4658650    
   5.375000      0.1375000      0.4908911    
   5.625000      0.1375000      0.5158595    
   5.875000      0.1375000      0.5407568    
   6.125000      0.1375000      0.5655683    
   6.375000      0.1375000      0.5902807    
   6.625000      0.1375000      0.6148818    
   6.875000      0.1375000      0.6393610    
   7.125000      0.1375000      0.6637129    
   7.375000      0.1375000      0.6879309    
   7.625000      0.1375000      0.7120231    
   7.875000      0.1375000      0.7359733    
   8.125000      0.1375000      0.7598454    
   8.375000      0.1375000      0.7834922    
   8.625000      0.1375000      0.8073664    
   8.875000      0.1375000      0.8302439    
   9.125000      0.1375000      0.8556284    
   9.375000      0.1375000      0.8735927    
   9.625000      0.1375000      0.9130256    
   9.875000      0.1375000      0.8861635    
   10.00000      0.1375000       1.000000    
 
  0.0000000E+00  0.1625000      0.0000000E+00
  0.1250000      0.1625000      2.8854043E-03
  0.3750000      0.1625000      1.4590137E-02
  0.6250000      0.1625000      2.9758379E-02
  0.8750000      0.1625000      4.7542326E-02
   1.125000      0.1625000      6.7389682E-02
   1.375000      0.1625000      8.8816419E-02
   1.625000      0.1625000      0.1114080    
   1.875000      0.1625000      0.1348336    
   2.125000      0.1625000      0.1588436    
   2.375000      0.1625000      0.1832567    
   2.625000      0.1625000      0.2079444    
   2.875000      0.1625000      0.2328175    
   3.125000      0.1625000      0.2578124    
   3.375000      0.1625000      0.2828871    
   3.625000      0.1625000      0.3080108    
   3.875000      0.1625000      0.3331621    
   4.125000      0.1625000      0.3583249    
   4.375000      0.1625000      0.3834862    
   4.625000      0.1625000      0.4086340    
   4.875000      0.1625000      0.4337562    
   5.125000      0.1625000      0.4588404    
   5.375000      0.1625000      0.4838727    
   5.625000      0.1625000      0.5088374    
   5.875000      0.1625000      0.5337186    
   6.125000      0.1625000      0.5584994    
   6.375000      0.1625000      0.5831637    
   6.625000      0.1625000      0.6076974    
   6.875000      0.1625000      0.6320878    
   7.125000      0.1625000      0.6563284    
   7.375000      0.1625000      0.6804113    
   7.625000      0.1625000      0.7043464    
   7.875000      0.1625000      0.7281132    
   8.125000      0.1625000      0.7517900    
   8.375000      0.1625000      0.7751945    
   8.625000      0.1625000      0.7988856    
   8.875000      0.1625000      0.8213480    
   9.125000      0.1625000      0.8469160    
   9.375000      0.1625000      0.8633063    
   9.625000      0.1625000      0.9062603    
   9.875000      0.1625000      0.8671645    
   10.00000      0.1625000       1.000000    
 
  0.0000000E+00  0.1875000      0.0000000E+00
  0.1250000      0.1875000      2.0909947E-03
  0.3750000      0.1875000      1.2158027E-02
  0.6250000      0.1875000      2.6029233E-02
  0.8750000      0.1875000      4.2861748E-02
   1.125000      0.1875000      6.2040862E-02
   1.375000      0.1875000      8.3013065E-02
   1.625000      0.1875000      0.1053044    
   1.875000      0.1875000      0.1285381    
   2.125000      0.1875000      0.1524311    
   2.375000      0.1875000      0.1767782    
   2.625000      0.1875000      0.2014346    
   2.875000      0.1875000      0.2262992    
   3.125000      0.1875000      0.2513008    
   3.375000      0.1875000      0.2763920    
   3.625000      0.1875000      0.3015378    
   3.875000      0.1875000      0.3267144    
   4.125000      0.1875000      0.3519036    
   4.375000      0.1875000      0.3770906    
   4.625000      0.1875000      0.4022619    
   4.875000      0.1875000      0.4274038    
   5.125000      0.1875000      0.4525021    
   5.375000      0.1875000      0.4775409    
   5.625000      0.1875000      0.5025023    
   5.875000      0.1875000      0.5273682    
   6.125000      0.1875000      0.5521191    
   6.375000      0.1875000      0.5767365    
   6.625000      0.1875000      0.6012041    
   6.875000      0.1875000      0.6255075    
   7.125000      0.1875000      0.6496388    
   7.375000      0.1875000      0.6735890    
   7.625000      0.1875000      0.6973697    
   7.875000      0.1875000      0.7209558    
   8.125000      0.1875000      0.7444411    
   8.375000      0.1875000      0.7676047    
   8.625000      0.1875000      0.7911206    
   8.875000      0.1875000      0.8131585    
   9.125000      0.1875000      0.8389495    
   9.375000      0.1875000      0.8536680    
   9.625000      0.1875000      0.9004299    
   9.875000      0.1875000      0.8484012    
   10.00000      0.1875000       1.000000    
 
  0.0000000E+00  0.2125000      0.0000000E+00
  0.1250000      0.2125000      1.4548100E-03
  0.3750000      0.2125000      1.0052560E-02
  0.6250000      0.2125000      2.2738224E-02
  0.8750000      0.2125000      3.8706336E-02
   1.125000      0.2125000      5.7285812E-02
   1.375000      0.2125000      7.7855662E-02
   1.625000      0.2125000      9.9884905E-02
   1.875000      0.2125000      0.1229540    
   2.125000      0.2125000      0.1467492    
   2.375000      0.2125000      0.1710434    
   2.625000      0.2125000      0.1956771    
   2.875000      0.2125000      0.2205393    
   3.125000      0.2125000      0.2455516    
   3.375000      0.2125000      0.2706617    
   3.625000      0.2125000      0.2958314    
   3.875000      0.2125000      0.3210343    
   4.125000      0.2125000      0.3462504    
   4.375000      0.2125000      0.3714634    
   4.625000      0.2125000      0.3966583    
   4.875000      0.2125000      0.4218200    
   5.125000      0.2125000      0.4469324    
   5.375000      0.2125000      0.4719778    
   5.625000      0.2125000      0.4969362    
   5.875000      0.2125000      0.5217871    
   6.125000      0.2125000      0.5465086    
   6.375000      0.2125000      0.5710799    
   6.625000      0.2125000      0.5954827    
   6.875000      0.2125000      0.6197004    
   7.125000      0.2125000      0.6437243    
   7.375000      0.2125000      0.6675441    
   7.625000      0.2125000      0.6911728    
   7.875000      0.2125000      0.7145807    
   8.125000      0.2125000      0.7378780    
   8.375000      0.2125000      0.7608026    
   8.625000      0.2125000      0.7841509    
   8.875000      0.2125000      0.8057562    
   9.125000      0.2125000      0.8318058    
   9.375000      0.2125000      0.8447682    
   9.625000      0.2125000      0.8955764    
   9.875000      0.2125000      0.8301471    
   10.00000      0.2125000       1.000000    
 
  0.0000000E+00  0.2375000      0.0000000E+00
  0.1250000      0.2375000      9.5431239E-04
  0.3750000      0.2375000      8.2623791E-03
  0.6250000      0.2375000      1.9893890E-02
  0.8750000      0.2375000      3.5102967E-02
   1.125000      0.2375000      5.3166021E-02
   1.375000      0.2375000      7.3396564E-02
   1.625000      0.2375000      9.5209785E-02
   1.875000      0.2375000      0.1181470    
   2.125000      0.2375000      0.1418669    
   2.375000      0.2375000      0.1661239    
   2.625000      0.2375000      0.1907457    
   2.875000      0.2375000      0.2156126    
   3.125000      0.2375000      0.2406403    
   3.375000      0.2375000      0.2657724    
   3.625000      0.2375000      0.2909678    
   3.875000      0.2375000      0.3161981    
   4.125000      0.2375000      0.3414418    
   4.375000      0.2375000      0.3666812    
   4.625000      0.2375000      0.3918998    
   4.875000      0.2375000      0.4170811    
   5.125000      0.2375000      0.4422075    
   5.375000      0.2375000      0.4672593    
   5.625000      0.2375000      0.4922146    
   5.875000      0.2375000      0.5170506    
   6.125000      0.2375000      0.5417429    
   6.375000      0.2375000      0.5662686    
   6.625000      0.2375000      0.5906073    
   6.875000      0.2375000      0.6147406    
   7.125000      0.2375000      0.6386586    
   7.375000      0.2375000      0.6623495    
   7.625000      0.2375000      0.6858287    
   7.875000      0.2375000      0.7090608    
   8.125000      0.2375000      0.7321734    
   8.375000      0.2375000      0.7548610    
   8.625000      0.2375000      0.7780482    
   8.875000      0.2375000      0.7992156    
   9.125000      0.2375000      0.8255523    
   9.375000      0.2375000      0.8366962    
   9.625000      0.2375000      0.8917158    
   9.875000      0.2375000      0.8127025    
   10.00000      0.2375000       1.000000    
 
  0.0000000E+00  0.2625000      0.0000000E+00
  0.1250000      0.2625000      5.6672934E-04
  0.3750000      0.2625000      6.7719449E-03
  0.6250000      0.2625000      1.7499847E-02
  0.8750000      0.2625000      3.2073606E-02
   1.125000      0.2625000      4.9718041E-02
   1.375000      0.2625000      6.9683045E-02
   1.625000      0.2625000      9.1333874E-02
   1.875000      0.2625000      0.1141771    
   2.125000      0.2625000      0.1378482    
   2.375000      0.2625000      0.1620861    
   2.625000      0.2625000      0.1867082    
   2.875000      0.2625000      0.2115879    
   3.125000      0.2625000      0.2366365    
   3.375000      0.2625000      0.2617940    
   3.625000      0.2625000      0.2870173    
   3.875000      0.2625000      0.3122764    
   4.125000      0.2625000      0.3375483    
   4.375000      0.2625000      0.3628142    
   4.625000      0.2625000      0.3880565    
   4.875000      0.2625000      0.4132573    
   5.125000      0.2625000      0.4383973    
   5.375000      0.2625000      0.4634552    
   5.625000      0.2625000      0.4884070    
   5.875000      0.2625000      0.5132276    
   6.125000      0.2625000      0.5378907    
   6.375000      0.2625000      0.5623708    
   6.625000      0.2625000      0.5866456    
   6.875000      0.2625000      0.6106951    
   7.125000      0.2625000      0.6345081    
   7.375000      0.2625000      0.6580717    
   7.625000      0.2625000      0.6814030    
   7.875000      0.2625000      0.7044616    
   8.125000      0.2625000      0.7273925    
   8.375000      0.2625000      0.7498452    
   8.625000      0.2625000      0.7728770    
   8.875000      0.2625000      0.7936041    
   9.125000      0.2625000      0.8202474    
   9.375000      0.2625000      0.8295389    
   9.625000      0.2625000      0.8888422    
   9.875000      0.2625000      0.7963827    
   10.00000      0.2625000       1.000000    
 
  0.0000000E+00  0.2875000      0.0000000E+00
  0.1250000      0.2875000      2.7050084E-04
  0.3750000      0.2875000      5.5641006E-03
  0.6250000      0.2875000      1.5557171E-02
  0.8750000      0.2875000      2.9637272E-02
   1.125000      0.2875000      4.6974957E-02
   1.375000      0.2875000      6.6758335E-02
   1.625000      0.2875000      8.8307448E-02
   1.875000      0.2875000      0.1110995    
   2.125000      0.2875000      0.1347513    
   2.375000      0.2875000      0.1589903    
   2.625000      0.2875000      0.1836266    
   2.875000      0.2875000      0.2085282    
   3.125000      0.2875000      0.2336036    
   3.375000      0.2875000      0.2587904    
   3.625000      0.2875000      0.2840440    
   3.875000      0.2875000      0.3093332    
   4.125000      0.2875000      0.3346341    
   4.375000      0.2875000      0.3599268    
   4.625000      0.2875000      0.3851926    
   4.875000      0.2875000      0.4104125    
   5.125000      0.2875000      0.4355655    
   5.375000      0.2875000      0.4606288    
   5.625000      0.2875000      0.4855764    
   5.875000      0.2875000      0.5103810    
   6.125000      0.2875000      0.5350141    
   6.375000      0.2875000      0.5594481    
   6.625000      0.2875000      0.5836589    
   6.875000      0.2875000      0.6076246    
   7.125000      0.2875000      0.6313331    
   7.375000      0.2875000      0.6547703    
   7.625000      0.2875000      0.6779553    
   7.875000      0.2875000      0.7008421    
   8.125000      0.2875000      0.7235937    
   8.375000      0.2875000      0.7458141    
   8.625000      0.2875000      0.7686945    
   8.875000      0.2875000      0.7889832    
   9.125000      0.2875000      0.8159410    
   9.375000      0.2875000      0.8233813    
   9.625000      0.2875000      0.8869302    
   9.875000      0.2875000      0.7815057    
   10.00000      0.2875000       1.000000    
 
  0.0000000E+00  0.3125000      0.0000000E+00
  0.1250000      0.3125000      4.6264602E-05
  0.3750000      0.3125000      4.6223998E-03
  0.6250000      0.3125000      1.4066749E-02
  0.8750000      0.3125000      2.7811937E-02
   1.125000      0.3125000      4.4967838E-02
   1.375000      0.3125000      6.4662673E-02
   1.625000      0.3125000      8.6176947E-02
   1.875000      0.3125000      0.1089647    
   2.125000      0.3125000      0.1326297    
   2.375000      0.3125000      0.1568919    
   2.625000      0.3125000      0.1815570    
   2.875000      0.3125000      0.2064906    
   3.125000      0.3125000      0.2315993    
   3.375000      0.3125000      0.2568195    
   3.625000      0.3125000      0.2821060    
   3.875000      0.3125000      0.3074269    
   4.125000      0.3125000      0.3327574    
   4.375000      0.3125000      0.3580769    
   4.625000      0.3125000      0.3833659    
   4.875000      0.3125000      0.4086043    
   5.125000      0.3125000      0.4337697    
   5.375000      0.3125000      0.4588373    
   5.625000      0.3125000      0.4837795    
   5.875000      0.3125000      0.5085671    
   6.125000      0.3125000      0.5331691    
   6.375000      0.3125000      0.5575561    
   6.625000      0.3125000      0.5817020    
   6.875000      0.3125000      0.6055835    
   7.125000      0.3125000      0.6291875    
   7.375000      0.3125000      0.6524986    
   7.625000      0.3125000      0.6755381    
   7.875000      0.3125000      0.6982547    
   8.125000      0.3125000      0.7208290    
   8.375000      0.3125000      0.7428200    
   8.625000      0.3125000      0.7655513    
   8.875000      0.3125000      0.7854078    
   9.125000      0.3125000      0.8126745    
   9.375000      0.3125000      0.8183046    
   9.625000      0.3125000      0.8859408    
   9.875000      0.3125000      0.7683804    
   10.00000      0.3125000       1.000000    
 
  0.0000000E+00  0.3375000      0.0000000E+00
  0.1250000      0.3375000     -1.2250435E-04
  0.3750000      0.3375000      3.9332393E-03
  0.6250000      0.3375000      1.3031533E-02
  0.8750000      0.3375000      2.6616396E-02
   1.125000      0.3375000      4.3727059E-02
   1.375000      0.3375000      6.3434176E-02
   1.625000      0.3375000      8.4985539E-02
   1.875000      0.3375000      0.1078191    
   2.125000      0.3375000      0.1315318    
   2.375000      0.3375000      0.1558407    
   2.625000      0.3375000      0.1805505    
   2.875000      0.3375000      0.2055264    
   3.125000      0.3375000      0.2306752    
   3.375000      0.3375000      0.2559332    
   3.625000      0.3375000      0.2812553    
   3.875000      0.3375000      0.3066091    
   4.125000      0.3375000      0.3319699    
   4.375000      0.3375000      0.3573164    
   4.625000      0.3375000      0.3826282    
   4.875000      0.3375000      0.4078842    
   5.125000      0.3375000      0.4330609    
   5.375000      0.3375000      0.4581316    
   5.625000      0.3375000      0.4830669    
   5.875000      0.3375000      0.5078358    
   6.125000      0.3375000      0.5324051    
   6.375000      0.3375000      0.5567436    
   6.625000      0.3375000      0.5808234    
   6.875000      0.3375000      0.6046196    
   7.125000      0.3375000      0.6281184    
   7.375000      0.3375000      0.6513034    
   7.625000      0.3375000      0.6741977    
   7.875000      0.3375000      0.6967453    
   8.125000      0.3375000      0.7191437    
   8.375000      0.3375000      0.7409086    
   8.625000      0.3375000      0.7634909    
   8.875000      0.3375000      0.7829269    
   9.125000      0.3375000      0.8104823    
   9.375000      0.3375000      0.8143858    
   9.625000      0.3375000      0.8858259    
   9.875000      0.3375000      0.7572955    
   10.00000      0.3375000       1.000000    
 
  0.0000000E+00  0.3625000      0.0000000E+00
  0.1250000      0.3625000     -2.4907518E-04
  0.3750000      0.3625000      3.4877690E-03
  0.6250000      0.3625000      1.2458632E-02
  0.8750000      0.3625000      2.6071928E-02
   1.125000      0.3625000      4.3283556E-02
   1.375000      0.3625000      6.3109770E-02
   1.625000      0.3625000      8.4773757E-02
   1.875000      0.3625000      0.1077056    
   2.125000      0.3625000      0.1315017    
   2.375000      0.3625000      0.1558816    
   2.625000      0.3625000      0.1806523    
   2.875000      0.3625000      0.2056813    
   3.125000      0.3625000      0.2308773    
   3.375000      0.3625000      0.2561775    
   3.625000      0.3625000      0.2815376    
   3.875000      0.3625000      0.3069259    
   4.125000      0.3625000      0.3323175    
   4.375000      0.3625000      0.3576908    
   4.625000      0.3625000      0.3830248    
   4.875000      0.3625000      0.4082975    
   5.125000      0.3625000      0.4334840    
   5.375000      0.3625000      0.4585562    
   5.625000      0.3625000      0.4834829    
   5.875000      0.3625000      0.5082309    
   6.125000      0.3625000      0.5327657    
   6.375000      0.3625000      0.5570535    
   6.625000      0.3625000      0.5810652    
   6.875000      0.3625000      0.6047744    
   7.125000      0.3625000      0.6281670    
   7.375000      0.3625000      0.6512251    
   7.625000      0.3625000      0.6739742    
   7.875000      0.3625000      0.6963536    
   8.125000      0.3625000      0.7185768    
   8.375000      0.3625000      0.7401193    
   8.625000      0.3625000      0.7625508    
   8.875000      0.3625000      0.7815830    
   9.125000      0.3625000      0.8093917    
   9.375000      0.3625000      0.8116962    
   9.625000      0.3625000      0.8865339    
   9.875000      0.3625000      0.7485091    
   10.00000      0.3625000       1.000000    
 
  0.0000000E+00  0.3875000      0.0000000E+00
  0.1250000      0.3875000     -3.4315159E-04
  0.3750000      0.3875000      3.2836264E-03
  0.6250000      0.3875000      1.2361214E-02
  0.8750000      0.3875000      2.6203830E-02
   1.125000      0.3875000      4.3669853E-02
   1.375000      0.3875000      6.3725837E-02
   1.625000      0.3875000      8.5579909E-02
   1.875000      0.3875000      0.1086633    
   2.125000      0.3875000      0.1325793    
   2.375000      0.3875000      0.1570545    
   2.625000      0.3875000      0.1819024    
   2.875000      0.3875000      0.2069952    
   3.125000      0.3875000      0.2322453    
   3.375000      0.3875000      0.2575920    
   3.625000      0.3875000      0.2829929    
   3.875000      0.3875000      0.3084169    
   4.125000      0.3875000      0.3338396    
   4.375000      0.3875000      0.3592395    
   4.625000      0.3875000      0.3845949    
   4.875000      0.3875000      0.4098830    
   5.125000      0.3875000      0.4350778    
   5.375000      0.3875000      0.4601495    
   5.625000      0.3875000      0.4850653    
   5.875000      0.3875000      0.5097901    
   6.125000      0.3875000      0.5342876    
   6.375000      0.3875000      0.5585222    
   6.625000      0.3875000      0.5824635    
   6.875000      0.3875000      0.6060836    
   7.125000      0.3875000      0.6293680    
   7.375000      0.3875000      0.6522982    
   7.625000      0.3875000      0.6749012    
   7.875000      0.3875000      0.6971128    
   8.125000      0.3875000      0.7191612    
   8.375000      0.3875000      0.7404854    
   8.625000      0.3875000      0.7627622    
   8.875000      0.3875000      0.7814129    
   9.125000      0.3875000      0.8094246    
   9.375000      0.3875000      0.8102992    
   9.625000      0.3875000      0.8880143    
   9.875000      0.3875000      0.7422408    
   10.00000      0.3875000       1.000000    
 
  0.0000000E+00  0.4125000      0.0000000E+00
  0.1250000      0.4125000     -4.1056843E-04
  0.3750000      0.4125000      3.3265066E-03
  0.6250000      0.4125000      1.2760140E-02
  0.8750000      0.4125000      2.7042601E-02
   1.125000      0.4125000      4.4920821E-02
   1.375000      0.4125000      6.5318659E-02
   1.625000      0.4125000      8.7440379E-02
   1.875000      0.4125000      0.1107282    
   2.125000      0.4125000      0.1347997    
   2.375000      0.4125000      0.1593944    
   2.625000      0.4125000      0.1843355    
   2.875000      0.4125000      0.2095026    
   3.125000      0.4125000      0.2348134    
   3.375000      0.4125000      0.2602107    
   3.625000      0.4125000      0.2856546    
   3.875000      0.4125000      0.3111154    
   4.125000      0.4125000      0.3365696    
   4.375000      0.4125000      0.3619955    
   4.625000      0.4125000      0.3873713    
   4.875000      0.4125000      0.4126734    
   5.125000      0.4125000      0.4378746    
   5.375000      0.4125000      0.4629434    
   5.625000      0.4125000      0.4878457    
   5.875000      0.4125000      0.5125445    
   6.125000      0.4125000      0.5370017    
   6.375000      0.4125000      0.5611801    
   6.625000      0.4125000      0.5850478    
   6.875000      0.4125000      0.6085762    
   7.125000      0.4125000      0.6317501    
   7.375000      0.4125000      0.6545507    
   7.625000      0.4125000      0.6770067    
   7.875000      0.4125000      0.6990507    
   8.125000      0.4125000      0.7209239    
   8.375000      0.4125000      0.7420344    
   8.625000      0.4125000      0.7641509    
   8.875000      0.4125000      0.7824468    
   9.125000      0.4125000      0.8105974    
   9.375000      0.4125000      0.8102493    
   9.625000      0.4125000      0.8902234    
   9.875000      0.4125000      0.7386638    
   10.00000      0.4125000       1.000000    
 
  0.0000000E+00  0.4375000      0.0000000E+00
  0.1250000      0.4375000     -4.5290132E-04
  0.3750000      0.4375000      3.6316053E-03
  0.6250000      0.4375000      1.3685321E-02
  0.8750000      0.4375000      2.8624812E-02
   1.125000      0.4375000      4.7074206E-02
   1.375000      0.4375000      6.7924716E-02
   1.625000      0.4375000      9.0389676E-02
   1.875000      0.4375000      0.1139331    
   2.125000      0.4375000      0.1381945    
   2.375000      0.4375000      0.1629313    
   2.625000      0.4375000      0.1879807    
   2.875000      0.4375000      0.2132320    
   3.125000      0.4375000      0.2386095    
   3.375000      0.4375000      0.2640613    
   3.625000      0.4375000      0.2895502    
   3.875000      0.4375000      0.3150488    
   4.125000      0.4375000      0.3405343    
   4.375000      0.4375000      0.3659856    
   4.625000      0.4375000      0.3913807    
   4.875000      0.4375000      0.4166948    
   5.125000      0.4375000      0.4419002    
   5.375000      0.4375000      0.4669638    
   5.625000      0.4375000      0.4918495    
   5.875000      0.4375000      0.5165190    
   6.125000      0.4375000      0.5409324    
   6.375000      0.4375000      0.5650510    
   6.625000      0.4375000      0.5888419    
   6.875000      0.4375000      0.6122751    
   7.125000      0.4375000      0.6353359    
   7.375000      0.4375000      0.6580047    
   7.625000      0.4375000      0.6803125    
   7.875000      0.4375000      0.7021887    
   8.125000      0.4375000      0.7238860    
   8.375000      0.4375000      0.7447879    
   8.625000      0.4375000      0.7667364    
   8.875000      0.4375000      0.7847090    
   9.125000      0.4375000      0.8129228    
   9.375000      0.4375000      0.8115907    
   9.625000      0.4375000      0.8931276    
   9.875000      0.4375000      0.7378988    
   10.00000      0.4375000       1.000000    
 
  0.0000000E+00  0.4625000      0.0000000E+00
  0.1250000      0.4625000     -4.6691118E-04
  0.3750000      0.4625000      4.2249449E-03
  0.6250000      0.4625000      1.5176713E-02
  0.8750000      0.4625000      3.0993612E-02
   1.125000      0.4625000      5.0170757E-02
   1.375000      0.4625000      7.1580604E-02
   1.625000      0.4625000      9.4460465E-02
   1.875000      0.4625000      0.1183072    
   2.125000      0.4625000      0.1427903    
   2.375000      0.4625000      0.1676904    
   2.625000      0.4625000      0.1928618    
   2.875000      0.4625000      0.2182060    
   3.125000      0.4625000      0.2436560    
   3.375000      0.4625000      0.2691654    
   3.625000      0.4625000      0.2947010    
   3.875000      0.4625000      0.3202379    
   4.125000      0.4625000      0.3457545    
   4.375000      0.4625000      0.3712303    
   4.625000      0.4625000      0.3966430    
   4.875000      0.4625000      0.4219675    
   5.125000      0.4625000      0.4471745    
   5.375000      0.4625000      0.4722299    
   5.625000      0.4625000      0.4970958    
   5.875000      0.4625000      0.5217323    
   6.125000      0.4625000      0.5460981    
   6.375000      0.4625000      0.5701529    
   6.625000      0.4625000      0.5938630    
   6.875000      0.4625000      0.6171977    
   7.125000      0.4625000      0.6401421    
   7.375000      0.4625000      0.6626766    
   7.625000      0.4625000      0.6848342    
   7.875000      0.4625000      0.7065427    
   8.125000      0.4625000      0.7280629    
   8.375000      0.4625000      0.7487615    
   8.625000      0.4625000      0.7705334    
   8.875000      0.4625000      0.7882175    
   9.125000      0.4625000      0.8164092    
   9.375000      0.4625000      0.8143559    
   9.625000      0.4625000      0.8967071    
   9.875000      0.4625000      0.7400109    
   10.00000      0.4625000       1.000000    
 
  0.0000000E+00  0.4875000      0.0000000E+00
  0.1250000      0.4875000     -4.4375533E-04
  0.3750000      0.4875000      5.1445747E-03
  0.6250000      0.4875000      1.7284909E-02
  0.8750000      0.4875000      3.4198746E-02
   1.125000      0.4875000      5.4253951E-02
   1.375000      0.4875000      7.6322854E-02
   1.625000      0.4875000      9.9683195E-02
   1.875000      0.4875000      0.1238765    
   2.125000      0.4875000      0.1486097    
   2.375000      0.4875000      0.1736916    
   2.625000      0.4875000      0.1989970    
   2.875000      0.4875000      0.2244418    
   3.125000      0.4875000      0.2499689    
   3.375000      0.4875000      0.2755385    
   3.625000      0.4875000      0.3011220    
   3.875000      0.4875000      0.3266973    
   4.125000      0.4875000      0.3522445    
   4.375000      0.4875000      0.3777436    
   4.625000      0.4875000      0.4031723    
   4.875000      0.4875000      0.4285048    
   5.125000      0.4875000      0.4537109    
   5.375000      0.4875000      0.4787547    
   5.625000      0.4875000      0.5035973    
   5.875000      0.4875000      0.5281969    
   6.125000      0.4875000      0.5525107    
   6.375000      0.4875000      0.5764975    
   6.625000      0.4875000      0.6001225    
   6.875000      0.4875000      0.6233548    
   7.125000      0.4875000      0.6461794    
   7.375000      0.4875000      0.6685772    
   7.625000      0.4875000      0.6905825    
   7.875000      0.4875000      0.7121228    
   8.125000      0.4875000      0.7334647    
   8.375000      0.4875000      0.7539656    
   8.625000      0.4875000      0.7755513    
   8.875000      0.4875000      0.7929843    
   9.125000      0.4875000      0.8210627    
   9.375000      0.4875000      0.8185651    
   9.625000      0.4875000      0.9009573    
   9.875000      0.4875000      0.7450060    
   10.00000      0.4875000       1.000000    
 
  0.0000000E+00  0.5125000      0.0000000E+00
  0.1250000      0.5125000     -3.6791095E-04
  0.3750000      0.5125000      6.4416258E-03
  0.6250000      0.5125000      2.0071272E-02
  0.8750000      0.5125000      3.8296133E-02
   1.125000      0.5125000      5.9369460E-02
   1.375000      0.5125000      8.2187228E-02
   1.625000      0.5125000      0.1060857    
   1.875000      0.5125000      0.1306629    
   2.125000      0.5125000      0.1556702    
   2.375000      0.5125000      0.1809494    
   2.625000      0.5125000      0.2063989    
   2.875000      0.5125000      0.2319503    
   3.125000      0.5125000      0.2575580    
   3.375000      0.5125000      0.2831897    
   3.625000      0.5125000      0.3088219    
   3.875000      0.5125000      0.3344354    
   4.125000      0.5125000      0.3600122    
   4.375000      0.5125000      0.3855332    
   4.625000      0.5125000      0.4109759    
   4.875000      0.5125000      0.4363140    
   5.125000      0.5125000      0.4615160    
   5.375000      0.5125000      0.4865450    
   5.625000      0.5125000      0.5113603    
   5.875000      0.5125000      0.5359188    
   6.125000      0.5125000      0.5601763    
   6.375000      0.5125000      0.5840905    
   6.625000      0.5125000      0.6076258    
   6.875000      0.5125000      0.6307516    
   7.125000      0.5125000      0.6534528    
   7.375000      0.5125000      0.6757112    
   7.625000      0.5125000      0.6975617    
   7.875000      0.5125000      0.7189336    
   8.125000      0.5125000      0.7400959    
   8.375000      0.5125000      0.7604049    
   8.625000      0.5125000      0.7817944    
   8.875000      0.5125000      0.7990152    
   9.125000      0.5125000      0.8268867    
   9.375000      0.5125000      0.8242261    
   9.625000      0.5125000      0.9058900    
   9.875000      0.5125000      0.7528295    
   10.00000      0.5125000       1.000000    
 
  0.0000000E+00  0.5375000      0.0000000E+00
  0.1250000      0.5375000     -2.1577235E-04
  0.3750000      0.5375000      8.1811352E-03
  0.6250000      0.5375000      2.3607558E-02
  0.8750000      0.5375000      4.3346889E-02
   1.125000      0.5375000      6.5564148E-02
   1.375000      0.5375000      8.9208014E-02
   1.625000      0.5375000      0.1136927    
   1.875000      0.5375000      0.1386838    
   2.125000      0.5375000      0.1639844    
   2.375000      0.5375000      0.1894731    
   2.625000      0.5375000      0.2150740    
   2.875000      0.5375000      0.2407366    
   3.125000      0.5375000      0.2664273    
   3.375000      0.5375000      0.2921222    
   3.625000      0.5375000      0.3178030    
   3.875000      0.5375000      0.3434541    
   4.125000      0.5375000      0.3690593    
   4.375000      0.5375000      0.3946004    
   4.625000      0.5375000      0.4200549    
   4.875000      0.5375000      0.4453958    
   5.125000      0.5375000      0.4705907    
   5.375000      0.5375000      0.4956012    
   5.625000      0.5375000      0.5203851    
   5.875000      0.5375000      0.5448981    
   6.125000      0.5375000      0.5690945    
   6.375000      0.5375000      0.5929315    
   6.625000      0.5375000      0.6163726    
   6.875000      0.5375000      0.6393876    
   7.125000      0.5375000      0.6619617    
   7.375000      0.5375000      0.6840776    
   7.625000      0.5375000      0.7057713    
   7.875000      0.5375000      0.7269747    
   8.125000      0.5375000      0.7479559    
   8.375000      0.5375000      0.7680793    
   8.625000      0.5375000      0.7892627    
   8.875000      0.5375000      0.8063101    
   9.125000      0.5375000      0.8338820    
   9.375000      0.5375000      0.8313341    
   9.625000      0.5375000      0.9115329    
   9.875000      0.5375000      0.7633692    
   10.00000      0.5375000       1.000000    
 
  0.0000000E+00  0.5625000      0.0000000E+00
  0.1250000      0.5625000      4.6095694E-05
  0.3750000      0.5625000      1.0442581E-02
  0.6250000      0.5625000      2.7974915E-02
  0.8750000      0.5625000      4.9415890E-02
   1.125000      0.5625000      7.2884664E-02
   1.375000      0.5625000      9.7416855E-02
   1.625000      0.5625000      0.1225245    
   1.875000      0.5625000      0.1479519    
   2.125000      0.5625000      0.1735594    
   2.375000      0.5625000      0.1992658    
   2.625000      0.5625000      0.2250229    
   2.875000      0.5625000      0.2507993    
   3.125000      0.5625000      0.2765742    
   3.375000      0.5625000      0.3023324    
   3.625000      0.5625000      0.3280612    
   3.875000      0.5625000      0.3537488    
   4.125000      0.5625000      0.3793809    
   4.375000      0.5625000      0.4049400    
   4.625000      0.5625000      0.4304039    
   4.875000      0.5625000      0.4557448    
   5.125000      0.5625000      0.4809292    
   5.375000      0.5625000      0.5059173    
   5.625000      0.5625000      0.5306657    
   5.875000      0.5625000      0.5551285    
   6.125000      0.5625000      0.5792590    
   6.375000      0.5625000      0.6030141    
   6.625000      0.5625000      0.6263565    
   6.875000      0.5625000      0.6492562    
   7.125000      0.5625000      0.6716995    
   7.375000      0.5625000      0.6936703    
   7.625000      0.5625000      0.7152052    
   7.875000      0.5625000      0.7362399    
   8.125000      0.5625000      0.7570391    
   8.375000      0.5625000      0.7769830    
   8.625000      0.5625000      0.7979512    
   8.875000      0.5625000      0.8148629    
   9.125000      0.5625000      0.8420479    
   9.375000      0.5625000      0.8398725    
   9.625000      0.5625000      0.9179277    
   9.875000      0.5625000      0.7764574    
   10.00000      0.5625000       1.000000    
 
  0.0000000E+00  0.5875000      0.0000000E+00
  0.1250000      0.5875000      4.6304057E-04
  0.3750000      0.5875000      1.3319980E-02
  0.6250000      0.5875000      3.3262298E-02
  0.8750000      0.5875000      5.6569818E-02
   1.125000      0.5875000      8.1375852E-02
   1.375000      0.5875000      0.1068416    
   1.625000      0.5875000      0.1325968    
   1.875000      0.5875000      0.1584742    
   2.125000      0.5875000      0.1843963    
   2.375000      0.5875000      0.2103245    
   2.625000      0.5875000      0.2362400    
   2.875000      0.5875000      0.2621309    
   3.125000      0.5875000      0.2879897    
   3.375000      0.5875000      0.3138103    
   3.625000      0.5875000      0.3395860    
   3.875000      0.5875000      0.3653085    
   4.125000      0.5875000      0.3909656    
   4.375000      0.5875000      0.4165405    
   4.625000      0.5875000      0.4420112    
   4.875000      0.5875000      0.4673489    
   5.125000      0.5875000      0.4925192    
   5.375000      0.5875000      0.5174810    
   5.625000      0.5875000      0.5421896    
   5.875000      0.5875000      0.5665977    
   6.125000      0.5875000      0.5906577    
   6.375000      0.5875000      0.6143258    
   6.625000      0.5875000      0.6375649    
   6.875000      0.5875000      0.6603454    
   7.125000      0.5875000      0.6826545    
   7.375000      0.5875000      0.7044775    
   7.625000      0.5875000      0.7258521    
   7.875000      0.5875000      0.7467182    
   8.125000      0.5875000      0.7673349    
   8.375000      0.5875000      0.7871056    
   8.625000      0.5875000      0.8078508    
   8.875000      0.5875000      0.8246626    
   9.125000      0.5875000      0.8513808    
   9.375000      0.5875000      0.8498140    
   9.625000      0.5875000      0.9251273    
   9.875000      0.5875000      0.7918748    
   10.00000      0.5875000       1.000000    
 
  0.0000000E+00  0.6125000      0.0000000E+00
  0.1250000      0.6125000      1.0946997E-03
  0.3750000      0.6125000      1.6921397E-02
  0.6250000      0.6125000      3.9564181E-02
  0.8750000      0.6125000      6.4874768E-02
   1.125000      0.6125000      9.1078766E-02
   1.375000      0.6125000      0.1175047    
   1.625000      0.6125000      0.1439191    
   1.875000      0.6125000      0.1702515    
   2.125000      0.6125000      0.1964897    
   2.375000      0.6125000      0.2226399    
   2.625000      0.6125000      0.2487128    
   2.875000      0.6125000      0.2747170    
   3.125000      0.6125000      0.3006583    
   3.375000      0.6125000      0.3265397    
   3.625000      0.6125000      0.3523603    
   3.875000      0.6125000      0.3781157    
   4.125000      0.6125000      0.4037955    
   4.375000      0.6125000      0.4293837    
   4.625000      0.6125000      0.4548582    
   4.875000      0.6125000      0.4801897    
   5.125000      0.6125000      0.5053425    
   5.375000      0.6125000      0.5302740    
   5.625000      0.6125000      0.5549385    
   5.875000      0.6125000      0.5792873    
   6.125000      0.6125000      0.6032720    
   6.375000      0.6125000      0.6268486    
   6.625000      0.6125000      0.6499801    
   6.875000      0.6125000      0.6726377    
   7.125000      0.6125000      0.6948094    
   7.375000      0.6125000      0.7164825    
   7.625000      0.6125000      0.7376955    
   7.875000      0.6125000      0.7583936    
   8.125000      0.6125000      0.7788280    
   8.375000      0.6125000      0.7984316    
   8.625000      0.6125000      0.8189479    
   8.875000      0.6125000      0.8356920    
   9.125000      0.6125000      0.8618750    
   9.375000      0.6125000      0.8611213    
   9.625000      0.6125000      0.9331924    
   9.875000      0.6125000      0.8093582    
   10.00000      0.6125000       1.000000    
 
  0.0000000E+00  0.6375000      0.0000000E+00
  0.1250000      0.6375000      2.0175863E-03
  0.3750000      0.6375000      2.1367703E-02
  0.6250000      0.6375000      4.6977546E-02
  0.8750000      0.6375000      7.4393466E-02
   1.125000      0.6375000      0.1020286    
   1.375000      0.6375000      0.1294222    
   1.625000      0.6375000      0.1564943    
   1.875000      0.6375000      0.1832774    
   2.125000      0.6375000      0.2098275    
   2.375000      0.6375000      0.2361955    
   2.625000      0.6375000      0.2624226    
   2.875000      0.6375000      0.2885368    
   3.125000      0.6375000      0.3145577    
   3.375000      0.6375000      0.3404973    
   3.625000      0.6375000      0.3663605    
   3.875000      0.6375000      0.3921462    
   4.125000      0.6375000      0.4178462    
   4.375000      0.6375000      0.4434451    
   4.625000      0.6375000      0.4689205    
   4.875000      0.6375000      0.4942425    
   5.125000      0.6375000      0.5193741    
   5.375000      0.6375000      0.5442716    
   5.625000      0.6375000      0.5688877    
   5.875000      0.6375000      0.5931728    
   6.125000      0.6375000      0.6170779    
   6.375000      0.6375000      0.6405587    
   6.625000      0.6375000      0.6635787    
   6.875000      0.6375000      0.6861100    
   7.125000      0.6375000      0.7081415    
   7.375000      0.6375000      0.7296635    
   7.625000      0.6375000      0.7507141    
   7.875000      0.6375000      0.7712455    
   8.125000      0.6375000      0.7914983    
   8.375000      0.6375000      0.8109411    
   8.625000      0.6375000      0.8312246    
   8.875000      0.6375000      0.8479294    
   9.125000      0.6375000      0.8735219    
   9.375000      0.6375000      0.8737493    
   9.625000      0.6375000      0.9421867    
   9.875000      0.6375000      0.8286083    
   10.00000      0.6375000       1.000000    
 
  0.0000000E+00  0.6625000      0.0000000E+00
  0.1250000      0.6625000      3.3277418E-03
  0.3750000      0.6625000      2.6790408E-02
  0.6250000      0.6625000      5.5598255E-02
  0.8750000      0.6625000      8.5182197E-02
   1.125000      0.6625000      0.1142526    
   1.375000      0.6625000      0.1426016    
   1.625000      0.6625000      0.1703169    
   1.875000      0.6625000      0.1975383    
   2.125000      0.6625000      0.2243901    
   2.375000      0.6625000      0.2509680    
   2.625000      0.6625000      0.2773431    
   2.875000      0.6625000      0.3035625    
   3.125000      0.6625000      0.3296591    
   3.375000      0.6625000      0.3556535    
   3.625000      0.6625000      0.3815563    
   3.875000      0.6625000      0.4073695    
   4.125000      0.6625000      0.4330869    
   4.375000      0.6625000      0.4586935    
   4.625000      0.6625000      0.4841669    
   4.875000      0.6625000      0.5094761    
   5.125000      0.6625000      0.5345830    
   5.375000      0.6625000      0.5594426    
   5.625000      0.6625000      0.5840065    
   5.875000      0.6625000      0.6082238    
   6.125000      0.6625000      0.6320452    
   6.375000      0.6625000      0.6554264    
   6.625000      0.6625000      0.6783316    
   6.875000      0.6625000      0.7007338    
   7.125000      0.6625000      0.7226234    
   7.375000      0.6625000      0.7439932    
   7.625000      0.6625000      0.7648817    
   7.875000      0.6625000      0.7852480    
   8.125000      0.6625000      0.8053213    
   8.375000      0.6625000      0.8246095    
   8.625000      0.6625000      0.8446589    
   8.875000      0.6625000      0.8613483    
   9.125000      0.6625000      0.8863098    
   9.375000      0.6625000      0.8876461    
   9.625000      0.6625000      0.9521726    
   9.875000      0.6625000      0.8492993    
   10.00000      0.6625000       1.000000    
 
  0.0000000E+00  0.6875000      0.0000000E+00
  0.1250000      0.6875000      5.1432499E-03
  0.3750000      0.6875000      3.3328410E-02
  0.6250000      0.6875000      6.5516829E-02
  0.8750000      0.6875000      9.7287551E-02
   1.125000      0.6875000      0.1277677    
   1.375000      0.6875000      0.1570409    
   1.625000      0.6875000      0.1853729    
   1.875000      0.6875000      0.2130119    
   2.125000      0.6875000      0.2401502    
   2.375000      0.6875000      0.2669266    
   2.625000      0.6875000      0.2934411    
   2.875000      0.6875000      0.3197594    
   3.125000      0.6875000      0.3459266    
   3.375000      0.6875000      0.3719717    
   3.625000      0.6875000      0.3979106    
   3.875000      0.6875000      0.4237483    
   4.125000      0.6875000      0.4494801    
   4.375000      0.6875000      0.4750915    
   4.625000      0.6875000      0.5005598    
   4.875000      0.6875000      0.5258530    
   5.125000      0.6875000      0.5509319    
   5.375000      0.6875000      0.5757502    
   5.625000      0.6875000      0.6002581    
   5.875000      0.6875000      0.6244040    
   6.125000      0.6875000      0.6481383    
   6.375000      0.6875000      0.6714169    
   6.625000      0.6875000      0.6942044    
   6.875000      0.6875000      0.7164755    
   7.125000      0.6875000      0.7382222    
   7.375000      0.6875000      0.7594399    
   7.625000      0.6875000      0.7801674    
   7.875000      0.6875000      0.8003713    
   8.125000      0.6875000      0.8202679    
   8.375000      0.6875000      0.8394082    
   8.625000      0.6875000      0.8592247    
   8.875000      0.6875000      0.8759182    
   9.125000      0.6875000      0.9002231    
   9.375000      0.6875000      0.9027554    
   9.625000      0.6875000      0.9632064    
   9.875000      0.6875000      0.8710911    
   10.00000      0.6875000       1.000000    
 
  0.0000000E+00  0.7125000      0.0000000E+00
  0.1250000      0.7125000      7.6063103E-03
  0.3750000      0.7125000      4.1123480E-02
  0.6250000      0.7125000      7.6813713E-02
  0.8750000      0.7125000      0.1107433    
   1.125000      0.7125000      0.1425787    
   1.375000      0.7125000      0.1727273    
   1.625000      0.7125000      0.2016384    
   1.875000      0.7125000      0.2296675    
   2.125000      0.7125000      0.2570722    
   2.375000      0.7125000      0.2840329    
   2.625000      0.7125000      0.3106764    
   2.875000      0.7125000      0.3370856    
   3.125000      0.7125000      0.3633176    
   3.375000      0.7125000      0.3894087    
   3.625000      0.7125000      0.4153797    
   3.875000      0.7125000      0.4412386    
   4.125000      0.7125000      0.4669817    
   4.375000      0.7125000      0.4925949    
   4.625000      0.7125000      0.5180552    
   4.875000      0.7125000      0.5433295    
   5.125000      0.7125000      0.5683773    
   5.375000      0.7125000      0.5931510    
   5.625000      0.7125000      0.6175998    
   5.875000      0.7125000      0.6416713    
   6.125000      0.7125000      0.6653158    
   6.375000      0.7125000      0.6884892    
   6.625000      0.7125000      0.7111574    
   6.875000      0.7125000      0.7332967    
   7.125000      0.7125000      0.7549005    
   7.375000      0.7125000      0.7759671    
   7.625000      0.7125000      0.7965358    
   7.875000      0.7125000      0.8165808    
   8.125000      0.7125000      0.8363049    
   8.375000      0.7125000      0.8553037    
   8.625000      0.7125000      0.8748913    
   8.875000      0.7125000      0.8916036    
   9.125000      0.7125000      0.9152424    
   9.375000      0.7125000      0.9190171    
   9.625000      0.7125000      0.9753343    
   9.875000      0.7125000      0.8936399    
   10.00000      0.7125000       1.000000    
 
  0.0000000E+00  0.7375000      0.0000000E+00
  0.1250000      0.7375000      1.0884521E-02
  0.3750000      0.7375000      5.0314482E-02
  0.6250000      0.7375000      8.9554340E-02
  0.8750000      0.7375000      0.1255672    
   1.125000      0.7375000      0.1586763    
   1.375000      0.7375000      0.1896359    
   1.625000      0.7375000      0.2190791    
   1.875000      0.7375000      0.2474649    
   2.125000      0.7375000      0.2751124    
   2.375000      0.7375000      0.3022404    
   2.625000      0.7375000      0.3290008    
   2.875000      0.7375000      0.3554922    
   3.125000      0.7375000      0.3817822    
   3.375000      0.7375000      0.4079142    
   3.625000      0.7375000      0.4339134    
   3.875000      0.7375000      0.4597898    
   4.125000      0.7375000      0.4855412    
   4.375000      0.7375000      0.5111534    
   4.625000      0.7375000      0.5366029    
   4.875000      0.7375000      0.5618554    
   5.125000      0.7375000      0.5868693    
   5.375000      0.7375000      0.6115959    
   5.625000      0.7375000      0.6359829    
   5.875000      0.7375000      0.6599779    
   6.125000      0.7375000      0.6835306    
   6.375000      0.7375000      0.7065976    
   6.625000      0.7375000      0.7291459    
   6.875000      0.7375000      0.7511534    
   7.125000      0.7375000      0.7726156    
   7.375000      0.7375000      0.7935336    
   7.625000      0.7375000      0.8139468    
   7.875000      0.7375000      0.8338373    
   8.125000      0.7375000      0.8533947    
   8.375000      0.7375000      0.8722590    
   8.625000      0.7375000      0.8916246    
   8.875000      0.7375000      0.9083660    
   9.125000      0.7375000      0.9313439    
   9.375000      0.7375000      0.9363689    
   9.625000      0.7375000      0.9885889    
   9.875000      0.7375000      0.9166129    
   10.00000      0.7375000       1.000000    
 
  0.0000000E+00  0.7625000      0.0000000E+00
  0.1250000      0.7625000      1.5170890E-02
  0.3750000      0.7625000      6.1030407E-02
  0.6250000      0.7625000      0.1037841    
  0.8750000      0.7625000      0.1417583    
   1.125000      0.7625000      0.1760359    
   1.375000      0.7625000      0.2077291    
   1.625000      0.7625000      0.2376500    
   1.875000      0.7625000      0.2663545    
   2.125000      0.7625000      0.2942183    
   2.375000      0.7625000      0.3214951    
   2.625000      0.7625000      0.3483590    
   2.875000      0.7625000      0.3749229    
   3.125000      0.7625000      0.4012638    
   3.375000      0.7625000      0.4274313    
   3.625000      0.7625000      0.4534543    
   3.875000      0.7625000      0.4793448    
   4.125000      0.7625000      0.5051014    
   4.375000      0.7625000      0.5307098    
   4.625000      0.7625000      0.5561459    
   4.875000      0.7625000      0.5813742    
   5.125000      0.7625000      0.6063523    
   5.375000      0.7625000      0.6310295    
   5.625000      0.7625000      0.6553532    
   5.875000      0.7625000      0.6792703    
   6.125000      0.7625000      0.7027304    
   6.375000      0.7625000      0.7256908    
   6.625000      0.7625000      0.7481199    
   6.875000      0.7625000      0.7699974    
   7.125000      0.7625000      0.7913206    
   7.375000      0.7625000      0.8120935    
   7.625000      0.7625000      0.8323561    
   7.875000      0.7625000      0.8520981    
   8.125000      0.7625000      0.8714956    
   8.375000      0.7625000      0.8902328    
   8.625000      0.7625000      0.9093858    
   8.875000      0.7625000      0.9261625    
   9.125000      0.7625000      0.9484988    
   9.375000      0.7625000      0.9547474    
   9.625000      0.7625000       1.002987    
   9.875000      0.7625000      0.9397025    
   10.00000      0.7625000       1.000000    
 
  0.0000000E+00  0.7875000      0.0000000E+00
  0.1250000      0.7875000      2.0682044E-02
  0.3750000      0.7875000      7.3382139E-02
  0.6250000      0.7875000      0.1195236    
  0.8750000      0.7875000      0.1592948    
   1.125000      0.7875000      0.1946159    
   1.375000      0.7875000      0.2269558    
   1.625000      0.7875000      0.2572948    
   1.875000      0.7875000      0.2862771    
   2.125000      0.7875000      0.3143288    
   2.375000      0.7875000      0.3417346    
   2.625000      0.7875000      0.3686880    
   2.875000      0.7875000      0.3953142    
   3.125000      0.7875000      0.4216986    
   3.375000      0.7875000      0.4478961    
   3.625000      0.7875000      0.4739385    
   3.875000      0.7875000      0.4998397    
   4.125000      0.7875000      0.5255986    
   4.375000      0.7875000      0.5512009    
   4.625000      0.7875000      0.5766214    
   4.875000      0.7875000      0.6018237    
   5.125000      0.7875000      0.6267641    
   5.375000      0.7875000      0.6513910    
   5.625000      0.7875000      0.6756505    
   5.875000      0.7875000      0.6994893    
   6.125000      0.7875000      0.7228573    
   6.375000      0.7875000      0.7457126    
   6.625000      0.7875000      0.7680246    
   6.875000      0.7875000      0.7897752    
   7.125000      0.7875000      0.8109636    
   7.375000      0.7875000      0.8315967    
   7.625000      0.7875000      0.8517151    
   7.875000      0.7875000      0.8713157    
   8.125000      0.7875000      0.8905618    
   8.375000      0.7875000      0.9091800    
   8.625000      0.7875000      0.9281325    
   8.875000      0.7875000      0.9449471    
   9.125000      0.7875000      0.9666734    
   9.375000      0.7875000      0.9740883    
   9.625000      0.7875000       1.018528    
   9.875000      0.7875000      0.9626412    
   10.00000      0.7875000       1.000000    
 
  0.0000000E+00  0.8125000      0.0000000E+00
  0.1250000      0.8125000      2.7653942E-02
  0.3750000      0.8125000      8.7453529E-02
  0.6250000      0.8125000      0.1367646    
  0.8750000      0.8125000      0.1781326    
   1.125000      0.8125000      0.2143581    
   1.375000      0.8125000      0.2472516    
   1.625000      0.8125000      0.2779460    
   1.875000      0.8125000      0.3071634    
   2.125000      0.8125000      0.3353740    
   2.375000      0.8125000      0.3628883    
   2.625000      0.8125000      0.3899170    
   2.875000      0.8125000      0.4165954    
   3.125000      0.8125000      0.4430159    
   3.375000      0.8125000      0.4692378    
   3.625000      0.8125000      0.4952956    
   3.875000      0.8125000      0.5212042    
   4.125000      0.8125000      0.5469627    
   4.375000      0.8125000      0.5725567    
   4.625000      0.8125000      0.5979601    
   4.875000      0.8125000      0.6231350    
   5.125000      0.8125000      0.6480370    
   5.375000      0.8125000      0.6726131    
   5.625000      0.8125000      0.6968088    
   5.875000      0.8125000      0.7205704    
   6.125000      0.8125000      0.7438483    
   6.375000      0.8125000      0.7666013    
   6.625000      0.8125000      0.7888001    
   6.875000      0.8125000      0.8104289    
   7.125000      0.8125000      0.8314883    
   7.375000      0.8125000      0.8519886    
   7.625000      0.8125000      0.8719709    
   7.875000      0.8125000      0.8914387    
   8.125000      0.8125000      0.9105433    
   8.375000      0.8125000      0.9290512    
   8.625000      0.8125000      0.9478179    
   8.875000      0.8125000      0.9646706    
   9.125000      0.8125000      0.9858288    
   9.375000      0.8125000      0.9943269    
   9.625000      0.8125000       1.035199    
   9.875000      0.8125000      0.9852186    
   10.00000      0.8125000       1.000000    
 
  0.0000000E+00  0.8375000      0.0000000E+00
  0.1250000      0.8375000      3.6334507E-02
  0.3750000      0.8375000      0.1032921    
  0.6250000      0.8375000      0.1554665    
  0.8750000      0.8375000      0.1982039    
   1.125000      0.8375000      0.2351867    
   1.375000      0.8375000      0.2685381    
   1.625000      0.8375000      0.2995248    
   1.875000      0.8375000      0.3289348    
   2.125000      0.8375000      0.3572752    
   2.375000      0.8375000      0.3848781    
   2.625000      0.8375000      0.4119679    
   2.875000      0.8375000      0.4386885    
   3.125000      0.8375000      0.4651378    
   3.375000      0.8375000      0.4913791    
   3.625000      0.8375000      0.5174481    
   3.875000      0.8375000      0.5433611    
   4.125000      0.8375000      0.5691171    
   4.375000      0.8375000      0.5947012    
   4.625000      0.8375000      0.6200862    
   4.875000      0.8375000      0.6452334    
   5.125000      0.8375000      0.6700971    
   5.375000      0.8375000      0.6946232    
   5.625000      0.8375000      0.7187566    
   5.875000      0.8375000      0.7424438    
   6.125000      0.8375000      0.7656352    
   6.375000      0.8375000      0.7882904    
   6.625000      0.8375000      0.8103817    
   6.875000      0.8375000      0.8318955    
   7.125000      0.8375000      0.8528339    
   7.375000      0.8375000      0.8732103    
   7.625000      0.8375000      0.8930661    
   7.875000      0.8375000      0.9124113    
   8.125000      0.8375000      0.9313862    
   8.375000      0.8375000      0.9497933    
   8.625000      0.8375000      0.9683912    
   8.875000      0.8375000      0.9852797    
   9.125000      0.8375000       1.005921    
   9.375000      0.8375000       1.015399    
   9.625000      0.8375000       1.052973    
   9.875000      0.8375000       1.007296    
   10.00000      0.8375000       1.000000    
 
  0.0000000E+00  0.8625000      0.0000000E+00
  0.1250000      0.8625000      4.6972413E-02
  0.3750000      0.8625000      0.1208998    
  0.6250000      0.8625000      0.1755545    
  0.8750000      0.8625000      0.2194178    
   1.125000      0.8625000      0.2570088    
   1.375000      0.8625000      0.2907241    
   1.625000      0.8625000      0.3219414    
   1.875000      0.8625000      0.3515030    
   2.125000      0.8625000      0.3799452    
   2.375000      0.8625000      0.4076173    
   2.625000      0.8625000      0.4347549    
   2.875000      0.8625000      0.4615083    
   3.125000      0.8625000      0.4879798    
   3.375000      0.8625000      0.5142354    
   3.625000      0.8625000      0.5403121    
   3.875000      0.8625000      0.5662271    
   4.125000      0.8625000      0.5919786    
   4.375000      0.8625000      0.6175516    
   4.625000      0.8625000      0.6429180    
   4.875000      0.8625000      0.6680378    
   5.125000      0.8625000      0.6928643    
   5.375000      0.8625000      0.7173428    
   5.625000      0.8625000      0.7414170    
   5.875000      0.8625000      0.7650339    
   6.125000      0.8625000      0.7881442    
   6.375000      0.8625000      0.8107083    
   6.625000      0.8625000      0.8327001    
   6.875000      0.8625000      0.8541079    
   7.125000      0.8625000      0.8749352    
   7.375000      0.8625000      0.8951985    
   7.625000      0.8625000      0.9149393    
   7.875000      0.8625000      0.9341739    
   8.125000      0.8625000      0.9530323    
   8.375000      0.8625000      0.9713494    
   8.625000      0.8625000      0.9897971    
   8.875000      0.8625000       1.006718    
   9.125000      0.8625000       1.026900    
   9.375000      0.8625000       1.037238    
   9.625000      0.8625000       1.071815    
   9.875000      0.8625000       1.028825    
   10.00000      0.8625000       1.000000    
 
  0.0000000E+00  0.8875000      0.0000000E+00
  0.1250000      0.8875000      5.9801336E-02
  0.3750000      0.8875000      0.1402252    
  0.6250000      0.8875000      0.1969189    
  0.8750000      0.8875000      0.2416605    
   1.125000      0.8875000      0.2797155    
   1.375000      0.8875000      0.3137052    
   1.625000      0.8875000      0.3450955    
   1.875000      0.8875000      0.3747703    
   2.125000      0.8875000      0.4032886    
   2.375000      0.8875000      0.4310122    
   2.625000      0.8875000      0.4581851    
   2.875000      0.8875000      0.4849626    
   3.125000      0.8875000      0.5114502    
   3.375000      0.8875000      0.5377157    
   3.625000      0.8875000      0.5637971    
   3.875000      0.8875000      0.5897118    
   4.125000      0.8875000      0.6154578    
   4.375000      0.8875000      0.6410193    
   4.625000      0.8875000      0.6663675    
   4.875000      0.8875000      0.6914614    
   5.125000      0.8875000      0.7162530    
   5.375000      0.8875000      0.7406873    
   5.625000      0.8875000      0.7647073    
   5.875000      0.8875000      0.7882600    
   6.125000      0.8875000      0.8112967    
   6.375000      0.8875000      0.8337784    
   6.625000      0.8875000      0.8556807    
   6.875000      0.8875000      0.8769937    
   7.125000      0.8875000      0.8977222    
   7.375000      0.8875000      0.9178852    
   7.625000      0.8875000      0.9375249    
   7.875000      0.8875000      0.9566625    
   8.125000      0.8875000      0.9754193    
   8.375000      0.8875000      0.9936581    
   8.625000      0.8875000       1.011976    
   8.875000      0.8875000       1.028925    
   9.125000      0.8875000       1.048712    
   9.375000      0.8875000       1.059780    
   9.625000      0.8875000       1.091693    
   9.875000      0.8875000       1.049866    
   10.00000      0.8875000       1.000000    
 
  0.0000000E+00  0.9125000      0.0000000E+00
  0.1250000      0.9125000      7.5019233E-02
  0.3750000      0.9125000      0.1611570    
  0.6250000      0.9125000      0.2194157    
  0.8750000      0.9125000      0.2647970    
   1.125000      0.9125000      0.3031825    
   1.375000      0.9125000      0.3373654    
   1.625000      0.9125000      0.3688767    
   1.875000      0.9125000      0.3986306    
   2.125000      0.9125000      0.4272017    
   2.375000      0.9125000      0.4549610    
   2.625000      0.9125000      0.4821584    
   2.875000      0.9125000      0.5089523    
   3.125000      0.9125000      0.5354506    
   3.375000      0.9125000      0.5617223    
   3.625000      0.9125000      0.5878059    
   3.875000      0.9125000      0.6137190    
   4.125000      0.9125000      0.6394589    
   4.375000      0.9125000      0.6650094    
   4.625000      0.9125000      0.6903407    
   4.875000      0.9125000      0.7154112    
   5.125000      0.9125000      0.7401720    
   5.375000      0.9125000      0.7645670    
   5.625000      0.9125000      0.7885396    
   5.875000      0.9125000      0.8120362    
   6.125000      0.9125000      0.8350088    
   6.375000      0.9125000      0.8574196    
   6.625000      0.9125000      0.8792451    
   6.875000      0.9125000      0.9004766    
   7.125000      0.9125000      0.9211210    
   7.375000      0.9125000      0.9411988    
   7.625000      0.9125000      0.9607530    
   7.875000      0.9125000      0.9798090    
   8.125000      0.9125000      0.9984811    
   8.375000      0.9125000       1.016655    
   8.625000      0.9125000       1.034866    
   8.875000      0.9125000       1.051837    
   9.125000      0.9125000       1.071298    
   9.375000      0.9125000       1.082958    
   9.625000      0.9125000       1.112579    
   9.875000      0.9125000       1.070608    
   10.00000      0.9125000       1.000000    
 
  0.0000000E+00  0.9375000      0.0000000E+00
  0.1250000      0.9375000      9.2761882E-02
  0.3750000      0.9375000      0.1835207    
  0.6250000      0.9375000      0.2428689    
  0.8750000      0.9375000      0.2886723    
   1.125000      0.9375000      0.3272709    
   1.375000      0.9375000      0.3615770    
   1.625000      0.9375000      0.3931648    
   1.875000      0.9375000      0.4229687    
   2.125000      0.9375000      0.4515730    
   2.375000      0.9375000      0.4793545    
   2.625000      0.9375000      0.5065670    
   2.875000      0.9375000      0.5333711    
   3.125000      0.9375000      0.5598757    
   3.375000      0.9375000      0.5861506    
   3.625000      0.9375000      0.6122347    
   3.875000      0.9375000      0.6381452    
   4.125000      0.9375000      0.6638794    
   4.375000      0.9375000      0.6894201    
   4.625000      0.9375000      0.7147370    
   4.875000      0.9375000      0.7397878    
   5.125000      0.9375000      0.7645229    
   5.375000      0.9375000      0.7888858    
   5.625000      0.9375000      0.8128194    
   5.875000      0.9375000      0.8362704    
   6.125000      0.9375000      0.8591911    
   6.375000      0.9375000      0.8815445    
   6.625000      0.9375000      0.9033081    
   6.875000      0.9375000      0.9244745    
   7.125000      0.9375000      0.9450518    
   7.375000      0.9375000      0.9650621    
   7.625000      0.9375000      0.9845488    
   7.875000      0.9375000       1.003540    
   8.125000      0.9375000       1.022146    
   8.375000      0.9375000       1.040269    
   8.625000      0.9375000       1.058397    
   8.875000      0.9375000       1.075386    
   9.125000      0.9375000       1.094594    
   9.375000      0.9375000       1.106704    
   9.625000      0.9375000       1.134461    
   9.875000      0.9375000       1.091393    
   10.00000      0.9375000       1.000000    
 
  0.0000000E+00  0.9625000      0.0000000E+00
  0.1250000      0.9625000      0.1130711    
  0.3750000      0.9625000      0.2070781    
  0.6250000      0.9625000      0.2670737    
  0.8750000      0.9625000      0.3131144    
   1.125000      0.9625000      0.3518295    
   1.375000      0.9625000      0.3862020    
   1.625000      0.9625000      0.4178308    
   1.875000      0.9625000      0.4476610    
   2.125000      0.9625000      0.4762828    
   2.375000      0.9625000      0.5040761    
   2.625000      0.9625000      0.5312964    
   2.875000      0.9625000      0.5581056    
   3.125000      0.9625000      0.5846133    
   3.375000      0.9625000      0.6108894    
   3.625000      0.9625000      0.6369730    
   3.875000      0.9625000      0.6628810    
   4.125000      0.9625000      0.6886104    
   4.375000      0.9625000      0.7141436    
   4.625000      0.9625000      0.7394496    
   4.875000      0.9625000      0.7644859    
   5.125000      0.9625000      0.7892022    
   5.375000      0.9625000      0.8135416    
   5.625000      0.9625000      0.8374471    
   5.875000      0.9625000      0.8608651    
   6.125000      0.9625000      0.8837486    
   6.375000      0.9625000      0.9060611    
   6.625000      0.9625000      0.9277806    
   6.875000      0.9625000      0.9489007    
   7.125000      0.9625000      0.9694304    
   7.375000      0.9625000      0.9893931    
   7.625000      0.9625000       1.008832    
   7.875000      0.9625000       1.027779    
   8.125000      0.9625000       1.046338    
   8.375000      0.9625000       1.064426    
   8.625000      0.9625000       1.082497    
   8.875000      0.9625000       1.099499    
   9.125000      0.9625000       1.118531    
   9.375000      0.9625000       1.130946    
   9.625000      0.9625000       1.157346    
   9.875000      0.9625000       1.112746    
   10.00000      0.9625000       1.000000    
 
  0.0000000E+00  0.9875000      0.0000000E+00
  0.1250000      0.9875000      0.1358572    
  0.3750000      0.9875000      0.2315315    
  0.6250000      0.9875000      0.2918009    
  0.8750000      0.9875000      0.3379358    
   1.125000      0.9875000      0.3766955    
   1.375000      0.9875000      0.4110929    
   1.625000      0.9875000      0.4427367    
   1.875000      0.9875000      0.4725766    
   2.125000      0.9875000      0.5012046    
   2.375000      0.9875000      0.5290023    
   2.625000      0.9875000      0.5562254    
   2.875000      0.9875000      0.5830363    
   3.125000      0.9875000      0.6095449    
   3.375000      0.9875000      0.6358210    
   3.625000      0.9875000      0.6619039    
   3.875000      0.9875000      0.6878101    
   4.125000      0.9875000      0.7135368    
   4.375000      0.9875000      0.7390657    
   4.625000      0.9875000      0.7643657    
   4.875000      0.9875000      0.7893939    
   5.125000      0.9875000      0.8141001    
   5.375000      0.9875000      0.8384269    
   5.625000      0.9875000      0.8623170    
   5.875000      0.9875000      0.8857172    
   6.125000      0.9875000      0.9085807    
   6.375000      0.9875000      0.9308715    
   6.625000      0.9875000      0.9525675    
   6.875000      0.9875000      0.9736629    
   7.125000      0.9875000      0.9941675    
   7.375000      0.9875000       1.014105    
   7.625000      0.9875000       1.033520    
   7.875000      0.9875000       1.052443    
   8.125000      0.9875000       1.070978    
   8.375000      0.9875000       1.089047    
   8.625000      0.9875000       1.107089    
   8.875000      0.9875000       1.124097    
   9.125000      0.9875000       1.143039    
   9.375000      0.9875000       1.155608    
   9.625000      0.9875000       1.181265    
   9.875000      0.9875000       1.135415    
   10.00000      0.9875000       1.000000    
 
  0.0000000E+00   1.000000      0.0000000E+00
  0.1250000       1.000000      0.1358572    
  0.3750000       1.000000      0.2315315    
  0.6250000       1.000000      0.2918009    
  0.8750000       1.000000      0.3379358    
   1.125000       1.000000      0.3766955    
   1.375000       1.000000      0.4110929    
   1.625000       1.000000      0.4427367    
   1.875000       1.000000      0.4725766    
   2.125000       1.000000      0.5012046    
   2.375000       1.000000      0.5290023    
   2.625000       1.000000      0.5562254    
   2.875000       1.000000      0.5830363    
   3.125000       1.000000      0.6095449    
   3.375000       1.000000      0.6358210    
   3.625000       1.000000      0.6619039    
   3.875000       1.000000      0.6878101    
   4.125000       1.000000      0.7135368    
   4.375000       1.000000      0.7390657    
   4.625000       1.000000      0.7643657    
   4.875000       1.000000      0.7893939    
   5.125000       1.000000      0.8141001    
   5.375000       1.000000      0.8384269    
   5.625000       1.000000      0.8623170    
   5.875000       1.000000      0.8857172    
   6.125000       1.000000      0.9085807    
   6.375000       1.000000      0.9308715    
   6.625000       1.000000      0.9525675    
   6.875000       1.000000      0.9736629    
   7.125000       1.000000      0.9941675    
   7.375000       1.000000       1.014105    
   7.625000       1.000000       1.033520    
   7.875000       1.000000       1.052443    
   8.125000       1.000000       1.070978    
   8.375000       1.000000       1.089047    
   8.625000       1.000000       1.107089    
   8.875000       1.000000       1.124097    
   9.125000       1.000000       1.143039    
   9.375000       1.000000       1.155608    
   9.625000       1.000000       1.181265    
   9.875000       1.000000       1.135415    
   10.00000       1.000000       1.000000    
 
