  0.0000000E+00  0.0000000E+00  0.0000000E+00
  0.1250000      0.0000000E+00  1.2499999E-02
  0.3750000      0.0000000E+00  3.7499998E-02
  0.6250000      0.0000000E+00  6.2499996E-02
  0.8750000      0.0000000E+00  8.7499991E-02
   1.125000      0.0000000E+00  0.1125000    
   1.375000      0.0000000E+00  0.1375000    
   1.625000      0.0000000E+00  0.1625000    
   1.875000      0.0000000E+00  0.1875000    
   2.125000      0.0000000E+00  0.2125000    
   2.375000      0.0000000E+00  0.2375000    
   2.625000      0.0000000E+00  0.2625000    
   2.875000      0.0000000E+00  0.2875000    
   3.125000      0.0000000E+00  0.3125000    
   3.375000      0.0000000E+00  0.3375000    
   3.625000      0.0000000E+00  0.3625000    
   3.875000      0.0000000E+00  0.3875000    
   4.125000      0.0000000E+00  0.4125000    
   4.375000      0.0000000E+00  0.4375000    
   4.625000      0.0000000E+00  0.4625000    
   4.875000      0.0000000E+00  0.4875000    
   5.125000      0.0000000E+00  0.5125000    
   5.375000      0.0000000E+00  0.5375000    
   5.625000      0.0000000E+00  0.5624999    
   5.875000      0.0000000E+00  0.5875000    
   6.125000      0.0000000E+00  0.6125000    
   6.375000      0.0000000E+00  0.6375000    
   6.625000      0.0000000E+00  0.6625000    
   6.875000      0.0000000E+00  0.6874999    
   7.125000      0.0000000E+00  0.7125000    
   7.375000      0.0000000E+00  0.7375000    
   7.625000      0.0000000E+00  0.7624999    
   7.875000      0.0000000E+00  0.7875000    
   8.125000      0.0000000E+00  0.8124999    
   8.375000      0.0000000E+00  0.8375000    
   8.625000      0.0000000E+00  0.8625000    
   8.875000      0.0000000E+00  0.8874999    
   9.125000      0.0000000E+00  0.9125000    
   9.375000      0.0000000E+00  0.9374999    
   9.625000      0.0000000E+00  0.9624999    
   9.875000      0.0000000E+00  0.9875000    
   10.00000      0.0000000E+00   1.000000    
 
  0.0000000E+00  1.2500000E-02  0.0000000E+00
  0.1250000      1.2500000E-02  1.1545920E-02
  0.3750000      1.2500000E-02  3.5449378E-02
  0.6250000      1.2500000E-02  5.9661590E-02
  0.8750000      1.2500000E-02  8.4084578E-02
   1.125000      1.2500000E-02  0.1086711    
   1.375000      1.2500000E-02  0.1333830    
   1.625000      1.2500000E-02  0.1581879    
   1.875000      1.2500000E-02  0.1830598    
   2.125000      1.2500000E-02  0.2079785    
   2.375000      1.2500000E-02  0.2329300    
   2.625000      1.2500000E-02  0.2579036    
   2.875000      1.2500000E-02  0.2828923    
   3.125000      1.2500000E-02  0.3078907    
   3.375000      1.2500000E-02  0.3328959    
   3.625000      1.2500000E-02  0.3579052    
   3.875000      1.2500000E-02  0.3829173    
   4.125000      1.2500000E-02  0.4079306    
   4.375000      1.2500000E-02  0.4329450    
   4.625000      1.2500000E-02  0.4579597    
   4.875000      1.2500000E-02  0.4829742    
   5.125000      1.2500000E-02  0.5079885    
   5.375000      1.2500000E-02  0.5330021    
   5.625000      1.2500000E-02  0.5580149    
   5.875000      1.2500000E-02  0.5830268    
   6.125000      1.2500000E-02  0.6080372    
   6.375000      1.2500000E-02  0.6330464    
   6.625000      1.2500000E-02  0.6580534    
   6.875000      1.2500000E-02  0.6830581    
   7.125000      1.2500000E-02  0.7080598    
   7.375000      1.2500000E-02  0.7330580    
   7.625000      1.2500000E-02  0.7580523    
   7.875000      1.2500000E-02  0.7830412    
   8.125000      1.2500000E-02  0.8080263    
   8.375000      1.2500000E-02  0.8330008    
   8.625000      1.2500000E-02  0.8579815    
   8.875000      1.2500000E-02  0.8829194    
   9.125000      1.2500000E-02  0.9079531    
   9.375000      1.2500000E-02  0.9326757    
   9.625000      1.2500000E-02  0.9583306    
   9.875000      1.2500000E-02  0.9809017    
   10.00000      1.2500000E-02   1.000000    
 
  0.0000000E+00  3.7500001E-02  0.0000000E+00
  0.1250000      3.7500001E-02  9.6876519E-03
  0.3750000      3.7500001E-02  3.1404421E-02
  0.6250000      3.7500001E-02  5.4042690E-02
  0.8750000      3.7500001E-02  7.7312604E-02
   1.125000      3.7500001E-02  0.1010729    
   1.375000      3.7500001E-02  0.1252092    
   1.625000      3.7500001E-02  0.1496245    
   1.875000      3.7500001E-02  0.1742403    
   2.125000      3.7500001E-02  0.1989971    
   2.375000      3.7500001E-02  0.2238515    
   2.625000      3.7500001E-02  0.2487724    
   2.875000      3.7500001E-02  0.2737386    
   3.125000      3.7500001E-02  0.2987340    
   3.375000      3.7500001E-02  0.3237495    
   3.625000      3.7500001E-02  0.3487776    
   3.875000      3.7500001E-02  0.3738135    
   4.125000      3.7500001E-02  0.3988538    
   4.375000      3.7500001E-02  0.4238968    
   4.625000      3.7500001E-02  0.4489409    
   4.875000      3.7500001E-02  0.4739845    
   5.125000      3.7500001E-02  0.4990272    
   5.375000      3.7500001E-02  0.5240681    
   5.625000      3.7500001E-02  0.5491067    
   5.875000      3.7500001E-02  0.5741422    
   6.125000      3.7500001E-02  0.5991738    
   6.375000      3.7500001E-02  0.6242012    
   6.625000      3.7500001E-02  0.6492223    
   6.875000      3.7500001E-02  0.6742363    
   7.125000      3.7500001E-02  0.6992417    
   7.375000      3.7500001E-02  0.7242363    
   7.625000      3.7500001E-02  0.7492193    
   7.875000      3.7500001E-02  0.7741863    
   8.125000      3.7500001E-02  0.7991416    
   8.375000      3.7500001E-02  0.8240653    
   8.625000      3.7500001E-02  0.8490082    
   8.875000      3.7500001E-02  0.8738209    
   9.125000      3.7500001E-02  0.8989257    
   9.375000      3.7500001E-02  0.9230822    
   9.625000      3.7500001E-02  0.9500839    
   9.875000      3.7500001E-02  0.9676300    
   10.00000      3.7500001E-02   1.000000    
 
  0.0000000E+00  6.2500000E-02  0.0000000E+00
  0.1250000      6.2500000E-02  7.9542901E-03
  0.3750000      6.2500000E-02  2.7510324E-02
  0.6250000      6.2500000E-02  4.8583161E-02
  0.8750000      6.2500000E-02  7.0705473E-02
   1.125000      6.2500000E-02  9.3643792E-02
   1.375000      6.2500000E-02  0.1172080    
   1.625000      6.2500000E-02  0.1412361    
   1.875000      6.2500000E-02  0.1655977    
   2.125000      6.2500000E-02  0.1901937    
   2.375000      6.2500000E-02  0.2149520    
   2.625000      6.2500000E-02  0.2398210    
   2.875000      6.2500000E-02  0.2647649    
   3.125000      6.2500000E-02  0.2897578    
   3.375000      6.2500000E-02  0.3147836    
   3.625000      6.2500000E-02  0.3398305    
   3.875000      6.2500000E-02  0.3648905    
   4.125000      6.2500000E-02  0.3899578    
   4.375000      6.2500000E-02  0.4150293    
   4.625000      6.2500000E-02  0.4401027    
   4.875000      6.2500000E-02  0.4651754    
   5.125000      6.2500000E-02  0.4902468    
   5.375000      6.2500000E-02  0.5153149    
   5.625000      6.2500000E-02  0.5403793    
   5.875000      6.2500000E-02  0.5654384    
   6.125000      6.2500000E-02  0.5904915    
   6.375000      6.2500000E-02  0.6155370    
   6.625000      6.2500000E-02  0.6405724    
   6.875000      6.2500000E-02  0.6655958    
   7.125000      6.2500000E-02  0.6906052    
   7.375000      6.2500000E-02  0.7155965    
   7.625000      6.2500000E-02  0.7405684    
   7.875000      6.2500000E-02  0.7655137    
   8.125000      6.2500000E-02  0.7904401    
   8.375000      6.2500000E-02  0.8153132    
   8.625000      6.2500000E-02  0.8402199    
   8.875000      6.2500000E-02  0.8649049    
   9.125000      6.2500000E-02  0.8900913    
   9.375000      6.2500000E-02  0.9136533    
   9.625000      6.2500000E-02  0.9420977    
   9.875000      6.2500000E-02  0.9542002    
   10.00000      6.2500000E-02   1.000000    
 
  0.0000000E+00  8.7500006E-02  0.0000000E+00
  0.1250000      8.7500006E-02  6.3922564E-03
  0.3750000      8.7500006E-02  2.3839112E-02
  0.6250000      8.7500006E-02  4.3366227E-02
  0.8750000      8.7500006E-02  6.4354219E-02
   1.125000      8.7500006E-02  8.6480930E-02
   1.375000      8.7500006E-02  0.1094810    
   1.625000      8.7500006E-02  0.1331278    
   1.875000      8.7500006E-02  0.1572396    
   2.125000      8.7500006E-02  0.1816779    
   2.375000      8.7500006E-02  0.2063422    
   2.625000      8.7500006E-02  0.2311606    
   2.875000      8.7500006E-02  0.2560833    
   3.125000      8.7500006E-02  0.2810743    
   3.375000      8.7500006E-02  0.3061110    
   3.625000      8.7500006E-02  0.3311770    
   3.875000      8.7500006E-02  0.3562612    
   4.125000      8.7500006E-02  0.3813556    
   4.375000      8.7500006E-02  0.4064558    
   4.625000      8.7500006E-02  0.4315585    
   4.875000      8.7500006E-02  0.4566604    
   5.125000      8.7500006E-02  0.4817602    
   5.375000      8.7500006E-02  0.5068557    
   5.625000      8.7500006E-02  0.5319458    
   5.875000      8.7500006E-02  0.5570286    
   6.125000      8.7500006E-02  0.5821031    
   6.375000      8.7500006E-02  0.6071667    
   6.625000      8.7500006E-02  0.6322166    
   6.875000      8.7500006E-02  0.6572497    
   7.125000      8.7500006E-02  0.6822633    
   7.375000      8.7500006E-02  0.7072517    
   7.625000      8.7500006E-02  0.7322133    
   7.875000      8.7500006E-02  0.7571372    
   8.125000      8.7500006E-02  0.7820358    
   8.375000      8.7500006E-02  0.8068585    
   8.625000      8.7500006E-02  0.8317315    
   8.875000      8.7500006E-02  0.8562849    
   9.125000      8.7500006E-02  0.8815682    
   9.375000      8.7500006E-02  0.9044940    
   9.625000      8.7500006E-02  0.9345205    
   9.875000      8.7500006E-02  0.9406120    
   10.00000      8.7500006E-02   1.000000    
 
  0.0000000E+00  0.1125000      0.0000000E+00
  0.1250000      0.1125000      5.0249794E-03
  0.3750000      0.1125000      2.0442305E-02
  0.6250000      0.1125000      3.8458161E-02
  0.8750000      0.1125000      5.8335844E-02
   1.125000      0.1125000      7.9669662E-02
   1.375000      0.1125000      0.1021199    
   1.625000      0.1125000      0.1253963    
   1.875000      0.1125000      0.1492658    
   2.125000      0.1125000      0.1735519    
   2.375000      0.1125000      0.1981260    
   2.625000      0.1125000      0.2228964    
   2.875000      0.1125000      0.2477996    
   3.125000      0.1125000      0.2727899    
   3.375000      0.1125000      0.2978381    
   3.625000      0.1125000      0.3229237    
   3.875000      0.1125000      0.3480325    
   4.125000      0.1125000      0.3731540    
   4.375000      0.1125000      0.3982831    
   4.625000      0.1125000      0.4234153    
   4.875000      0.1125000      0.4485461    
   5.125000      0.1125000      0.4736746    
   5.375000      0.1125000      0.4987973    
   5.625000      0.1125000      0.5239131    
   5.875000      0.1125000      0.5490197    
   6.125000      0.1125000      0.5741155    
   6.375000      0.1125000      0.5991975    
   6.625000      0.1125000      0.6242620    
   6.875000      0.1125000      0.6493052    
   7.125000      0.1125000      0.6743232    
   7.375000      0.1125000      0.6993092    
   7.625000      0.1125000      0.7242607    
   7.875000      0.1125000      0.7491641    
   8.125000      0.1125000      0.7740358    
   8.375000      0.1125000      0.7988085    
   8.625000      0.1125000      0.8236508    
   8.875000      0.1125000      0.8480681    
   9.125000      0.1125000      0.8734667    
   9.375000      0.1125000      0.8957059    
   9.625000      0.1125000      0.9274822    
   9.875000      0.1125000      0.9269350    
   10.00000      0.1125000       1.000000    
 
  0.0000000E+00  0.1375000      0.0000000E+00
  0.1250000      0.1375000      3.8583060E-03
  0.3750000      0.1375000      1.7353332E-02
  0.6250000      0.1375000      3.3909831E-02
  0.8750000      0.1375000      5.2714422E-02
   1.125000      0.1375000      7.3284455E-02
   1.375000      0.1375000      9.5207229E-02
   1.625000      0.1375000      0.1181296    
   1.875000      0.1375000      0.1417689    
   2.125000      0.1375000      0.1659111    
   2.375000      0.1375000      0.1904006    
   2.625000      0.1375000      0.2151269    
   2.875000      0.1375000      0.2400133    
   3.125000      0.1375000      0.2650047    
   3.375000      0.1375000      0.2900656    
   3.625000      0.1375000      0.3151716    
   3.875000      0.1375000      0.3403053    
   4.125000      0.1375000      0.3654545    
   4.375000      0.1375000      0.3906124    
   4.625000      0.1375000      0.4157741    
   4.875000      0.1375000      0.4409340    
   5.125000      0.1375000      0.4660910    
   5.375000      0.1375000      0.4912410    
   5.625000      0.1375000      0.5163826    
   5.875000      0.1375000      0.5415130    
   6.125000      0.1375000      0.5666301    
   6.375000      0.1375000      0.5917304    
   6.625000      0.1375000      0.6168098    
   6.875000      0.1375000      0.6418632    
   7.125000      0.1375000      0.6668859    
   7.375000      0.1375000      0.6918698    
   7.625000      0.1375000      0.7168122    
   7.875000      0.1375000      0.7416955    
   8.125000      0.1375000      0.7665414    
   8.375000      0.1375000      0.7912641    
   8.625000      0.1375000      0.8160794    
   8.875000      0.1375000      0.8403555    
   9.125000      0.1375000      0.8658896    
   9.375000      0.1375000      0.8873870    
   9.625000      0.1375000      0.9210933    
   9.875000      0.1375000      0.9132988    
   10.00000      0.1375000       1.000000    
 
  0.0000000E+00  0.1625000      0.0000000E+00
  0.1250000      0.1625000      2.8854043E-03
  0.3750000      0.1625000      1.4590137E-02
  0.6250000      0.1625000      2.9758379E-02
  0.8750000      0.1625000      4.7542326E-02
   1.125000      0.1625000      6.7389682E-02
   1.375000      0.1625000      8.8816419E-02
   1.625000      0.1625000      0.1114080    
   1.875000      0.1625000      0.1348336    
   2.125000      0.1625000      0.1588436    
   2.375000      0.1625000      0.1832567    
   2.625000      0.1625000      0.2079444    
   2.875000      0.1625000      0.2328175    
   3.125000      0.1625000      0.2578125    
   3.375000      0.1625000      0.2828878    
   3.625000      0.1625000      0.3080151    
   3.875000      0.1625000      0.3331744    
   4.125000      0.1625000      0.3583515    
   4.375000      0.1625000      0.3835386    
   4.625000      0.1625000      0.4087298    
   4.875000      0.1625000      0.4339190    
   5.125000      0.1625000      0.4591043    
   5.375000      0.1625000      0.4842814    
   5.625000      0.1625000      0.5094487    
   5.875000      0.1625000      0.5346028    
   6.125000      0.1625000      0.5597413    
   6.375000      0.1625000      0.5848600    
   6.625000      0.1625000      0.6099542    
   6.875000      0.1625000      0.6350181    
   7.125000      0.1625000      0.6600456    
   7.375000      0.1625000      0.6850280    
   7.625000      0.1625000      0.7099615    
   7.875000      0.1625000      0.7348254    
   8.125000      0.1625000      0.7596466    
   8.375000      0.1625000      0.7843195    
   8.625000      0.1625000      0.8091112    
   8.875000      0.1625000      0.8332406    
   9.125000      0.1625000      0.8589310    
   9.375000      0.1625000      0.8796313    
   9.625000      0.1625000      0.9154432    
   9.875000      0.1625000      0.8998815    
   10.00000      0.1625000       1.000000    
 
  0.0000000E+00  0.1875000      0.0000000E+00
  0.1250000      0.1875000      2.0909947E-03
  0.3750000      0.1875000      1.2158027E-02
  0.6250000      0.1875000      2.6029233E-02
  0.8750000      0.1875000      4.2861748E-02
   1.125000      0.1875000      6.2040862E-02
   1.375000      0.1875000      8.3013065E-02
   1.625000      0.1875000      0.1053044    
   1.875000      0.1875000      0.1285381    
   2.125000      0.1875000      0.1524311    
   2.375000      0.1875000      0.1767782    
   2.625000      0.1875000      0.2014346    
   2.875000      0.1875000      0.2262992    
   3.125000      0.1875000      0.2513011    
   3.375000      0.1875000      0.2763927    
   3.625000      0.1875000      0.3015428    
   3.875000      0.1875000      0.3267285    
   4.125000      0.1875000      0.3519340    
   4.375000      0.1875000      0.3771504    
   4.625000      0.1875000      0.4023712    
   4.875000      0.1875000      0.4275897    
   5.125000      0.1875000      0.4528033    
   5.375000      0.1875000      0.4780074    
   5.625000      0.1875000      0.5032002    
   5.875000      0.1875000      0.5283780    
   6.125000      0.1875000      0.5535378    
   6.375000      0.1875000      0.5786747    
   6.625000      0.1875000      0.6037838    
   6.875000      0.1875000      0.6288580    
   7.125000      0.1875000      0.6538906    
   7.375000      0.1875000      0.6788716    
   7.625000      0.1875000      0.7037967    
   7.875000      0.1875000      0.7286416    
   8.125000      0.1875000      0.7534391    
   8.375000      0.1875000      0.7780621    
   8.625000      0.1875000      0.8028334    
   8.875000      0.1875000      0.8268112    
   9.125000      0.1875000      0.8526775    
   9.375000      0.1875000      0.8725299    
   9.625000      0.1875000      0.9106008    
   9.875000      0.1875000      0.8869002    
   10.00000      0.1875000       1.000000    
 
  0.0000000E+00  0.2125000      0.0000000E+00
  0.1250000      0.2125000      1.4548100E-03
  0.3750000      0.2125000      1.0052560E-02
  0.6250000      0.2125000      2.2738224E-02
  0.8750000      0.2125000      3.8706336E-02
   1.125000      0.2125000      5.7285812E-02
   1.375000      0.2125000      7.7855662E-02
   1.625000      0.2125000      9.9884905E-02
   1.875000      0.2125000      0.1229540    
   2.125000      0.2125000      0.1467492    
   2.375000      0.2125000      0.1710434    
   2.625000      0.2125000      0.1956771    
   2.875000      0.2125000      0.2205393    
   3.125000      0.2125000      0.2455520    
   3.375000      0.2125000      0.2706626    
   3.625000      0.2125000      0.2958372    
   3.875000      0.2125000      0.3210501    
   4.125000      0.2125000      0.3462847    
   4.375000      0.2125000      0.3715308    
   4.625000      0.2125000      0.3967811    
   4.875000      0.2125000      0.4220290    
   5.125000      0.2125000      0.4472706    
   5.375000      0.2125000      0.4725017    
   5.625000      0.2125000      0.4977197    
   5.875000      0.2125000      0.5229211    
   6.125000      0.2125000      0.5481018    
   6.375000      0.2125000      0.5732570    
   6.625000      0.2125000      0.5983807    
   6.875000      0.2125000      0.6234652    
   7.125000      0.2125000      0.6485031    
   7.375000      0.2125000      0.6734826    
   7.625000      0.2125000      0.6983995    
   7.875000      0.2125000      0.7232257    
   8.125000      0.2125000      0.7480001    
   8.375000      0.2125000      0.7725733    
   8.625000      0.2125000      0.7973272    
   8.875000      0.2125000      0.8211485    
   9.125000      0.2125000      0.8472075    
   9.375000      0.2125000      0.8661707    
   9.625000      0.2125000      0.9066153    
   9.875000      0.2125000      0.8745995    
   10.00000      0.2125000       1.000000    
 
  0.0000000E+00  0.2375000      0.0000000E+00
  0.1250000      0.2375000      9.5431239E-04
  0.3750000      0.2375000      8.2623791E-03
  0.6250000      0.2375000      1.9893890E-02
  0.8750000      0.2375000      3.5102967E-02
   1.125000      0.2375000      5.3166021E-02
   1.375000      0.2375000      7.3396564E-02
   1.625000      0.2375000      9.5209785E-02
   1.875000      0.2375000      0.1181470    
   2.125000      0.2375000      0.1418669    
   2.375000      0.2375000      0.1661239    
   2.625000      0.2375000      0.1907457    
   2.875000      0.2375000      0.2156126    
   3.125000      0.2375000      0.2406408    
   3.375000      0.2375000      0.2657736    
   3.625000      0.2375000      0.2909744    
   3.875000      0.2375000      0.3162160    
   4.125000      0.2375000      0.3414802    
   4.375000      0.2375000      0.3667563    
   4.625000      0.2375000      0.3920363    
   4.875000      0.2375000      0.4173133    
   5.125000      0.2375000      0.4425829    
   5.375000      0.2375000      0.4678406    
   5.625000      0.2375000      0.4930837    
   5.875000      0.2375000      0.5183082    
   6.125000      0.2375000      0.5435097    
   6.375000      0.2375000      0.5686829    
   6.625000      0.2375000      0.5938210    
   6.875000      0.2375000      0.6189155    
   7.125000      0.2375000      0.6439586    
   7.375000      0.2375000      0.6689364    
   7.625000      0.2375000      0.6938454    
   7.875000      0.2375000      0.7186527    
   8.125000      0.2375000      0.7434046    
   8.375000      0.2375000      0.7679278    
   8.625000      0.2375000      0.7926664    
   8.875000      0.2375000      0.8163278    
   9.125000      0.2375000      0.8425922    
   9.375000      0.2375000      0.8606383    
   9.625000      0.2375000      0.9035170    
   9.875000      0.2375000      0.8632408    
   10.00000      0.2375000       1.000000    
 
  0.0000000E+00  0.2625000      0.0000000E+00
  0.1250000      0.2625000      5.6672934E-04
  0.3750000      0.2625000      6.7719449E-03
  0.6250000      0.2625000      1.7499847E-02
  0.8750000      0.2625000      3.2073606E-02
   1.125000      0.2625000      4.9718041E-02
   1.375000      0.2625000      6.9683045E-02
   1.625000      0.2625000      9.1333874E-02
   1.875000      0.2625000      0.1141771    
   2.125000      0.2625000      0.1378482    
   2.375000      0.2625000      0.1620861    
   2.625000      0.2625000      0.1867082    
   2.875000      0.2625000      0.2115879    
   3.125000      0.2625000      0.2366370    
   3.375000      0.2625000      0.2617956    
   3.625000      0.2625000      0.2870249    
   3.875000      0.2625000      0.3122964    
   4.125000      0.2625000      0.3375910    
   4.375000      0.2625000      0.3628975    
   4.625000      0.2625000      0.3882072    
   4.875000      0.2625000      0.4135132    
   5.125000      0.2625000      0.4388106    
   5.375000      0.2625000      0.4640947    
   5.625000      0.2625000      0.4893624    
   5.875000      0.2625000      0.5146097    
   6.125000      0.2625000      0.5398317    
   6.375000      0.2625000      0.5650223    
   6.625000      0.2625000      0.5901746    
   6.875000      0.2625000      0.6152788    
   7.125000      0.2625000      0.6403264    
   7.375000      0.2625000      0.6653026    
   7.625000      0.2625000      0.6902032    
   7.875000      0.2625000      0.7149917    
   8.125000      0.2625000      0.7397211    
   8.375000      0.2625000      0.7641940    
   8.625000      0.2625000      0.7889189    
   8.875000      0.2625000      0.8124180    
   9.125000      0.2625000      0.8388950    
   9.375000      0.2625000      0.8560141    
   9.625000      0.2625000      0.9013200    
   9.875000      0.2625000      0.8530918    
   10.00000      0.2625000       1.000000    
 
  0.0000000E+00  0.2875000      0.0000000E+00
  0.1250000      0.2875000      2.7050084E-04
  0.3750000      0.2875000      5.5641006E-03
  0.6250000      0.2875000      1.5557171E-02
  0.8750000      0.2875000      2.9637272E-02
   1.125000      0.2875000      4.6974957E-02
   1.375000      0.2875000      6.6758335E-02
   1.625000      0.2875000      8.8307448E-02
   1.875000      0.2875000      0.1110995    
   2.125000      0.2875000      0.1347513    
   2.375000      0.2875000      0.1589903    
   2.625000      0.2875000      0.1836266    
   2.875000      0.2875000      0.2085282    
   3.125000      0.2875000      0.2336043    
   3.375000      0.2875000      0.2587924    
   3.625000      0.2875000      0.2840528    
   3.875000      0.2875000      0.3093556    
   4.125000      0.2875000      0.3346815    
   4.375000      0.2875000      0.3600187    
   4.625000      0.2875000      0.3853582    
   4.875000      0.2875000      0.4106930    
   5.125000      0.2875000      0.4360179    
   5.375000      0.2875000      0.4613281    
   5.625000      0.2875000      0.4866202    
   5.875000      0.2875000      0.5118896    
   6.125000      0.2875000      0.5371315    
   6.375000      0.2875000      0.5623391    
   6.625000      0.2875000      0.5875049    
   6.875000      0.2875000      0.6126183    
   7.125000      0.2875000      0.6376700    
   7.375000      0.2875000      0.6626440    
   7.625000      0.2875000      0.6875358    
   7.875000      0.2875000      0.7123049    
   8.125000      0.2875000      0.7370117    
   8.375000      0.2875000      0.7614341    
   8.625000      0.2875000      0.7861455    
   8.875000      0.2875000      0.8094823    
   9.125000      0.2875000      0.8361717    
   9.375000      0.2875000      0.8523754    
   9.625000      0.2875000      0.9000254    
   9.875000      0.2875000      0.8444159    
   10.00000      0.2875000       1.000000    
 
  0.0000000E+00  0.3125000      0.0000000E+00
  0.1250000      0.3125000      4.6264602E-05
  0.3750000      0.3125000      4.6223998E-03
  0.6250000      0.3125000      1.4066749E-02
  0.8750000      0.3125000      2.7811937E-02
   1.125000      0.3125000      4.4967838E-02
   1.375000      0.3125000      6.4662673E-02
   1.625000      0.3125000      8.6176947E-02
   1.875000      0.3125000      0.1089647    
   2.125000      0.3125000      0.1326297    
   2.375000      0.3125000      0.1568919    
   2.625000      0.3125000      0.1815570    
   2.875000      0.3125000      0.2064906    
   3.125000      0.3125000      0.2316001    
   3.375000      0.3125000      0.2568222    
   3.625000      0.3125000      0.2821161    
   3.875000      0.3125000      0.3074518    
   4.125000      0.3125000      0.3328099    
   4.375000      0.3125000      0.3581781    
   4.625000      0.3125000      0.3835475    
   4.875000      0.3125000      0.4089108    
   5.125000      0.3125000      0.4342627    
   5.375000      0.3125000      0.4595986    
   5.625000      0.3125000      0.4849144    
   5.875000      0.3125000      0.5102056    
   6.125000      0.3125000      0.5354668    
   6.375000      0.3125000      0.5606908    
   6.625000      0.3125000      0.5858694    
   6.875000      0.3125000      0.6109913    
   7.125000      0.3125000      0.6360464    
   7.375000      0.3125000      0.6610172    
   7.625000      0.3125000      0.6858996    
   7.875000      0.3125000      0.7106488    
   8.125000      0.3125000      0.7353323    
   8.375000      0.3125000      0.7597039    
   8.625000      0.3125000      0.7844009    
   8.875000      0.3125000      0.8075773    
   9.125000      0.3125000      0.8344714    
   9.375000      0.3125000      0.8497948    
   9.625000      0.3125000      0.8996246    
   9.875000      0.3125000      0.8374617    
   10.00000      0.3125000       1.000000    
 
  0.0000000E+00  0.3375000      0.0000000E+00
  0.1250000      0.3375000     -1.2250435E-04
  0.3750000      0.3375000      3.9332393E-03
  0.6250000      0.3375000      1.3031533E-02
  0.8750000      0.3375000      2.6616396E-02
   1.125000      0.3375000      4.3727059E-02
   1.375000      0.3375000      6.3434176E-02
   1.625000      0.3375000      8.4985539E-02
   1.875000      0.3375000      0.1078191    
   2.125000      0.3375000      0.1315318    
   2.375000      0.3375000      0.1558407    
   2.625000      0.3375000      0.1805505    
   2.875000      0.3375000      0.2055264    
   3.125000      0.3375000      0.2306762    
   3.375000      0.3375000      0.2559366    
   3.625000      0.3375000      0.2812667    
   3.875000      0.3375000      0.3066371    
   4.125000      0.3375000      0.3320280    
   4.375000      0.3375000      0.3574276    
   4.625000      0.3375000      0.3828269    
   4.875000      0.3375000      0.4082186    
   5.125000      0.3375000      0.4335971    
   5.375000      0.3375000      0.4589580    
   5.625000      0.3375000      0.4842970    
   5.875000      0.3375000      0.5096093    
   6.125000      0.3375000      0.5348889    
   6.375000      0.3375000      0.5601285    
   6.625000      0.3375000      0.5853190    
   6.875000      0.3375000      0.6104486    
   7.125000      0.3375000      0.6355060    
   7.375000      0.3375000      0.6604728    
   7.625000      0.3375000      0.6853448    
   7.875000      0.3375000      0.7100731    
   8.125000      0.3375000      0.7347322    
   8.375000      0.3375000      0.7590528    
   8.625000      0.3375000      0.7837333    
   8.875000      0.3375000      0.8067536    
   9.125000      0.3375000      0.8338364    
   9.375000      0.3375000      0.8483389    
   9.625000      0.3375000      0.9001041    
   9.875000      0.3375000      0.8324537    
   10.00000      0.3375000       1.000000    
 
  0.0000000E+00  0.3625000      0.0000000E+00
  0.1250000      0.3625000     -2.4907518E-04
  0.3750000      0.3625000      3.4877690E-03
  0.6250000      0.3625000      1.2458632E-02
  0.8750000      0.3625000      2.6071928E-02
   1.125000      0.3625000      4.3283556E-02
   1.375000      0.3625000      6.3109770E-02
   1.625000      0.3625000      8.4773757E-02
   1.875000      0.3625000      0.1077056    
   2.125000      0.3625000      0.1315017    
   2.375000      0.3625000      0.1558816    
   2.625000      0.3625000      0.1806523    
   2.875000      0.3625000      0.2056814    
   3.125000      0.3625000      0.2308784    
   3.375000      0.3625000      0.2561815    
   3.625000      0.3625000      0.2815507    
   3.875000      0.3625000      0.3069573    
   4.125000      0.3625000      0.3323818    
   4.375000      0.3625000      0.3578130    
   4.625000      0.3625000      0.3832422    
   4.875000      0.3625000      0.4086618    
   5.125000      0.3625000      0.4340665    
   5.375000      0.3625000      0.4594518    
   5.625000      0.3625000      0.4848132    
   5.875000      0.3625000      0.5101458    
   6.125000      0.3625000      0.5354430    
   6.375000      0.3625000      0.5606973    
   6.625000      0.3625000      0.5858986    
   6.875000      0.3625000      0.6110348    
   7.125000      0.3625000      0.6360934    
   7.375000      0.3625000      0.6610550    
   7.625000      0.3625000      0.6859152    
   7.875000      0.3625000      0.7106215    
   8.125000      0.3625000      0.7352548    
   8.375000      0.3625000      0.7595240    
   8.625000      0.3625000      0.7841847    
   8.875000      0.3625000      0.8070555    
   9.125000      0.3625000      0.8343025    
   9.375000      0.3625000      0.8480679    
   9.625000      0.3625000      0.9014485    
   9.875000      0.3625000      0.8295830    
   10.00000      0.3625000       1.000000    
 
  0.0000000E+00  0.3875000      0.0000000E+00
  0.1250000      0.3875000     -3.4315159E-04
  0.3750000      0.3875000      3.2836264E-03
  0.6250000      0.3875000      1.2361214E-02
  0.8750000      0.3875000      2.6203830E-02
   1.125000      0.3875000      4.3669853E-02
   1.375000      0.3875000      6.3725837E-02
   1.625000      0.3875000      8.5579909E-02
   1.875000      0.3875000      0.1086633    
   2.125000      0.3875000      0.1325793    
   2.375000      0.3875000      0.1570545    
   2.625000      0.3875000      0.1819024    
   2.875000      0.3875000      0.2069954    
   3.125000      0.3875000      0.2322467    
   3.375000      0.3875000      0.2575970    
   3.625000      0.3875000      0.2830079    
   3.875000      0.3875000      0.3084520    
   4.125000      0.3875000      0.3339110    
   4.375000      0.3875000      0.3593740    
   4.625000      0.3875000      0.3848328    
   4.875000      0.3875000      0.4102799    
   5.125000      0.3875000      0.4357102    
   5.375000      0.3875000      0.4611192    
   5.625000      0.3875000      0.4865022    
   5.875000      0.3875000      0.5118541    
   6.125000      0.3875000      0.5371680    
   6.375000      0.3875000      0.5624356    
   6.625000      0.3875000      0.5876468    
   6.875000      0.3875000      0.6127883    
   7.125000      0.3875000      0.6378468    
   7.375000      0.3875000      0.6628017    
   7.625000      0.3875000      0.6876487    
   7.875000      0.3875000      0.7123314    
   8.125000      0.3875000      0.7369370    
   8.375000      0.3875000      0.7611546    
   8.625000      0.3875000      0.7857909    
   8.875000      0.3875000      0.8085210    
   9.125000      0.3875000      0.8358998    
   9.375000      0.3875000      0.8490337    
   9.625000      0.3875000      0.9036453    
   9.875000      0.3875000      0.8290004    
   10.00000      0.3875000       1.000000    
 
  0.0000000E+00  0.4125000      0.0000000E+00
  0.1250000      0.4125000     -4.1056843E-04
  0.3750000      0.4125000      3.3265066E-03
  0.6250000      0.4125000      1.2760140E-02
  0.8750000      0.4125000      2.7042601E-02
   1.125000      0.4125000      4.4920821E-02
   1.375000      0.4125000      6.5318659E-02
   1.625000      0.4125000      8.7440379E-02
   1.875000      0.4125000      0.1107282    
   2.125000      0.4125000      0.1347997    
   2.375000      0.4125000      0.1593944    
   2.625000      0.4125000      0.1843355    
   2.875000      0.4125000      0.2095028    
   3.125000      0.4125000      0.2348151    
   3.375000      0.4125000      0.2602168    
   3.625000      0.4125000      0.2856717    
   3.875000      0.4125000      0.3111549    
   4.125000      0.4125000      0.3366488    
   4.375000      0.4125000      0.3621438    
   4.625000      0.4125000      0.3876318    
   4.875000      0.4125000      0.4131060    
   5.125000      0.4125000      0.4385611    
   5.375000      0.4125000      0.4639929    
   5.625000      0.4125000      0.4893966    
   5.875000      0.4125000      0.5147668    
   6.125000      0.4125000      0.5400963    
   6.375000      0.4125000      0.5653763    
   6.625000      0.4125000      0.5905957    
   6.875000      0.4125000      0.6157411    
   7.125000      0.4125000      0.6407980    
   7.375000      0.4125000      0.6657445    
   7.625000      0.4125000      0.6905763    
   7.875000      0.4125000      0.7152340    
   8.125000      0.4125000      0.7398096    
   8.375000      0.4125000      0.7639752    
   8.625000      0.4125000      0.7885811    
   8.875000      0.4125000      0.8111819    
   9.125000      0.4125000      0.8386528    
   9.375000      0.4125000      0.8512792    
   9.625000      0.4125000      0.9066871    
   9.875000      0.4125000      0.8308103    
   10.00000      0.4125000       1.000000    
 
  0.0000000E+00  0.4375000      0.0000000E+00
  0.1250000      0.4375000     -4.5290132E-04
  0.3750000      0.4375000      3.6316053E-03
  0.6250000      0.4375000      1.3685321E-02
  0.8750000      0.4375000      2.8624812E-02
   1.125000      0.4375000      4.7074206E-02
   1.375000      0.4375000      6.7924716E-02
   1.625000      0.4375000      9.0389676E-02
   1.875000      0.4375000      0.1139331    
   2.125000      0.4375000      0.1381945    
   2.375000      0.4375000      0.1629313    
   2.625000      0.4375000      0.1879807    
   2.875000      0.4375000      0.2132322    
   3.125000      0.4375000      0.2386117    
   3.375000      0.4375000      0.2640685    
   3.625000      0.4375000      0.2895699    
   3.875000      0.4375000      0.3150930    
   4.125000      0.4375000      0.3406225    
   4.375000      0.4375000      0.3661492    
   4.625000      0.4375000      0.3916661    
   4.875000      0.4375000      0.4171666    
   5.125000      0.4375000      0.4426458    
   5.375000      0.4375000      0.4680996    
   5.625000      0.4375000      0.4935230    
   5.875000      0.4375000      0.5189102    
   6.125000      0.4375000      0.5442542    
   6.375000      0.4375000      0.5695450    
   6.625000      0.4375000      0.5947714    
   6.875000      0.4375000      0.6199189    
   7.125000      0.4375000      0.6449724    
   7.375000      0.4375000      0.6699087    
   7.625000      0.4375000      0.6947233    
   7.875000      0.4375000      0.7193542    
   8.125000      0.4375000      0.7438968    
   8.375000      0.4375000      0.7680104    
   8.625000      0.4375000      0.7925791    
   8.875000      0.4375000      0.8150634    
   9.125000      0.4375000      0.8425811    
   9.375000      0.4375000      0.8548377    
   9.625000      0.4375000      0.9105756    
   9.875000      0.4375000      0.8350663    
   10.00000      0.4375000       1.000000    
 
  0.0000000E+00  0.4625000      0.0000000E+00
  0.1250000      0.4625000     -4.6691118E-04
  0.3750000      0.4625000      4.2249449E-03
  0.6250000      0.4625000      1.5176713E-02
  0.8750000      0.4625000      3.0993612E-02
   1.125000      0.4625000      5.0170757E-02
   1.375000      0.4625000      7.1580604E-02
   1.625000      0.4625000      9.4460465E-02
   1.875000      0.4625000      0.1183072    
   2.125000      0.4625000      0.1427903    
   2.375000      0.4625000      0.1676904    
   2.625000      0.4625000      0.1928618    
   2.875000      0.4625000      0.2182064    
   3.125000      0.4625000      0.2436586    
   3.375000      0.4625000      0.2691740    
   3.625000      0.4625000      0.2947238    
   3.875000      0.4625000      0.3202877    
   4.125000      0.4625000      0.3458529    
   4.375000      0.4625000      0.3714111    
   4.625000      0.4625000      0.3969562    
   4.875000      0.4625000      0.4224823    
   5.125000      0.4625000      0.4479847    
   5.375000      0.4625000      0.4734593    
   5.625000      0.4625000      0.4989012    
   5.875000      0.4625000      0.5243044    
   6.125000      0.4625000      0.5496613    
   6.375000      0.4625000      0.5749616    
   6.625000      0.4625000      0.6001934    
   6.875000      0.4625000      0.6253411    
   7.125000      0.4625000      0.6503893    
   7.375000      0.4625000      0.6753135    
   7.625000      0.4625000      0.7001085    
   7.875000      0.4625000      0.7247105    
   8.125000      0.4625000      0.7492172    
   8.375000      0.4625000      0.7732785    
   8.625000      0.4625000      0.7978019    
   8.875000      0.4625000      0.8201842    
   9.125000      0.4625000      0.8476992    
   9.375000      0.4625000      0.8597317    
   9.625000      0.4625000      0.9153219    
   9.875000      0.4625000      0.8417681    
   10.00000      0.4625000       1.000000    
 
  0.0000000E+00  0.4875000      0.0000000E+00
  0.1250000      0.4875000     -4.4375533E-04
  0.3750000      0.4875000      5.1445747E-03
  0.6250000      0.4875000      1.7284909E-02
  0.8750000      0.4875000      3.4198746E-02
   1.125000      0.4875000      5.4253951E-02
   1.375000      0.4875000      7.6322854E-02
   1.625000      0.4875000      9.9683195E-02
   1.875000      0.4875000      0.1238765    
   2.125000      0.4875000      0.1486097    
   2.375000      0.4875000      0.1736916    
   2.625000      0.4875000      0.1989970    
   2.875000      0.4875000      0.2244423    
   3.125000      0.4875000      0.2499720    
   3.375000      0.4875000      0.2755487    
   3.625000      0.4875000      0.3011482    
   3.875000      0.4875000      0.3267536    
   4.125000      0.4875000      0.3523543    
   4.375000      0.4875000      0.3779437    
   4.625000      0.4875000      0.4035163    
   4.875000      0.4875000      0.4290670    
   5.125000      0.4875000      0.4545915    
   5.375000      0.4875000      0.4800859    
   5.625000      0.4875000      0.5055451    
   5.875000      0.4875000      0.5309630    
   6.125000      0.4875000      0.5563314    
   6.375000      0.4875000      0.5816395    
   6.625000      0.4875000      0.6068748    
   6.875000      0.4875000      0.6320210    
   7.125000      0.4875000      0.6570616    
   7.375000      0.4875000      0.6819714    
   7.625000      0.4875000      0.7067443    
   7.875000      0.4875000      0.7313153    
   8.125000      0.4875000      0.7557828    
   8.375000      0.4875000      0.7797915    
   8.625000      0.4875000      0.8042613    
   8.875000      0.4875000      0.8265567    
   9.125000      0.4875000      0.8540173    
   9.375000      0.4875000      0.8659735    
   9.625000      0.4875000      0.9209476    
   9.875000      0.4875000      0.8508600    
   10.00000      0.4875000       1.000000    
 
  0.0000000E+00  0.5125000      0.0000000E+00
  0.1250000      0.5125000     -3.6791095E-04
  0.3750000      0.5125000      6.4416258E-03
  0.6250000      0.5125000      2.0071272E-02
  0.8750000      0.5125000      3.8296133E-02
   1.125000      0.5125000      5.9369460E-02
   1.375000      0.5125000      8.2187228E-02
   1.625000      0.5125000      0.1060857    
   1.875000      0.5125000      0.1306629    
   2.125000      0.5125000      0.1556702    
   2.375000      0.5125000      0.1809494    
   2.625000      0.5125000      0.2063989    
   2.875000      0.5125000      0.2319510    
   3.125000      0.5125000      0.2575619    
   3.375000      0.5125000      0.2832018    
   3.625000      0.5125000      0.3088520    
   3.875000      0.5125000      0.3344989    
   4.125000      0.5125000      0.3601349    
   4.375000      0.5125000      0.3857548    
   4.625000      0.5125000      0.4113542    
   4.875000      0.5125000      0.4369284    
   5.125000      0.5125000      0.4624739    
   5.375000      0.5125000      0.4879868    
   5.625000      0.5125000      0.5134619    
   5.875000      0.5125000      0.5388929    
   6.125000      0.5125000      0.5642713    
   6.375000      0.5125000      0.5895856    
   6.625000      0.5125000      0.6148226    
   6.875000      0.5125000      0.6399651    
   7.125000      0.5125000      0.6649960    
   7.375000      0.5125000      0.6898891    
   7.625000      0.5125000      0.7146373    
   7.875000      0.5125000      0.7391748    
   8.125000      0.5125000      0.7635997    
   8.375000      0.5125000      0.7875553    
   8.625000      0.5125000      0.8119629    
   8.875000      0.5125000      0.8341869    
   9.125000      0.5125000      0.8615408    
   9.375000      0.5125000      0.8735643    
   9.625000      0.5125000      0.9274840    
   9.875000      0.5125000      0.8622316    
   10.00000      0.5125000       1.000000    
 
  0.0000000E+00  0.5375000      0.0000000E+00
  0.1250000      0.5375000     -2.1577235E-04
  0.3750000      0.5375000      8.1811352E-03
  0.6250000      0.5375000      2.3607558E-02
  0.8750000      0.5375000      4.3346889E-02
   1.125000      0.5375000      6.5564148E-02
   1.375000      0.5375000      8.9208014E-02
   1.625000      0.5375000      0.1136927    
   1.875000      0.5375000      0.1386838    
   2.125000      0.5375000      0.1639844    
   2.375000      0.5375000      0.1894731    
   2.625000      0.5375000      0.2150740    
   2.875000      0.5375000      0.2407375    
   3.125000      0.5375000      0.2664321    
   3.375000      0.5375000      0.2921364    
   3.625000      0.5375000      0.3178374    
   3.875000      0.5375000      0.3435258    
   4.125000      0.5375000      0.3691964    
   4.375000      0.5375000      0.3948460    
   4.625000      0.5375000      0.4204709    
   4.875000      0.5375000      0.4460677    
   5.125000      0.5375000      0.4716329    
   5.375000      0.5375000      0.4971630    
   5.625000      0.5375000      0.5226526    
   5.875000      0.5375000      0.5480953    
   6.125000      0.5375000      0.5734819    
   6.375000      0.5375000      0.5988005    
   6.625000      0.5375000      0.6240371    
   6.875000      0.5375000      0.6491739    
   7.125000      0.5375000      0.6741926    
   7.375000      0.5375000      0.6990665    
   7.625000      0.5375000      0.7237873    
   7.875000      0.5375000      0.7482889    
   8.125000      0.5375000      0.7726677    
   8.375000      0.5375000      0.7965696    
   8.625000      0.5375000      0.8209063    
   8.875000      0.5375000      0.8430738    
   9.125000      0.5375000      0.8702710    
   9.375000      0.5375000      0.8824955    
   9.625000      0.5375000      0.9349705    
   9.875000      0.5375000      0.8757204    
   10.00000      0.5375000       1.000000    
 
  0.0000000E+00  0.5625000      0.0000000E+00
  0.1250000      0.5625000      4.6095694E-05
  0.3750000      0.5625000      1.0442581E-02
  0.6250000      0.5625000      2.7974915E-02
  0.8750000      0.5625000      4.9415890E-02
   1.125000      0.5625000      7.2884664E-02
   1.375000      0.5625000      9.7416855E-02
   1.625000      0.5625000      0.1225245    
   1.875000      0.5625000      0.1479519    
   2.125000      0.5625000      0.1735594    
   2.375000      0.5625000      0.1992658    
   2.625000      0.5625000      0.2250230    
   2.875000      0.5625000      0.2508004    
   3.125000      0.5625000      0.2765799    
   3.375000      0.5625000      0.3023489    
   3.625000      0.5625000      0.3281005    
   3.875000      0.5625000      0.3538296    
   4.125000      0.5625000      0.3795339    
   4.375000      0.5625000      0.4052121    
   4.625000      0.5625000      0.4308615    
   4.875000      0.5625000      0.4564795    
   5.125000      0.5625000      0.4820630    
   5.375000      0.5625000      0.5076089    
   5.625000      0.5625000      0.5331115    
   5.875000      0.5625000      0.5585642    
   6.125000      0.5625000      0.5839574    
   6.375000      0.5625000      0.6092785    
   6.625000      0.5625000      0.6345127    
   6.875000      0.5625000      0.6596416    
   7.125000      0.5625000      0.6846458    
   7.375000      0.5625000      0.7094977    
   7.625000      0.5625000      0.7341884    
   7.875000      0.5625000      0.7586516    
   8.125000      0.5625000      0.7829806    
   8.375000      0.5625000      0.8068283    
   8.625000      0.5625000      0.8310856    
   8.875000      0.5625000      0.8532107    
   9.125000      0.5625000      0.8802044    
   9.375000      0.5625000      0.8927486    
   9.625000      0.5625000      0.9434520    
   9.875000      0.5625000      0.8911171    
   10.00000      0.5625000       1.000000    
 
  0.0000000E+00  0.5875000      0.0000000E+00
  0.1250000      0.5875000      4.6304057E-04
  0.3750000      0.5875000      1.3319980E-02
  0.6250000      0.5875000      3.3262298E-02
  0.8750000      0.5875000      5.6569818E-02
   1.125000      0.5875000      8.1375852E-02
   1.375000      0.5875000      0.1068416    
   1.625000      0.5875000      0.1325968    
   1.875000      0.5875000      0.1584742    
   2.125000      0.5875000      0.1843963    
   2.375000      0.5875000      0.2103245    
   2.625000      0.5875000      0.2362401    
   2.875000      0.5875000      0.2621323    
   3.125000      0.5875000      0.2879966    
   3.375000      0.5875000      0.3138297    
   3.625000      0.5875000      0.3396308    
   3.875000      0.5875000      0.3653996    
   4.125000      0.5875000      0.3911364    
   4.375000      0.5875000      0.4168419    
   4.625000      0.5875000      0.4425143    
   4.875000      0.5875000      0.4681521    
   5.125000      0.5875000      0.4937525    
   5.375000      0.5875000      0.5193126    
   5.625000      0.5875000      0.5448267    
   5.875000      0.5875000      0.5702877    
   6.125000      0.5875000      0.5956857    
   6.375000      0.5875000      0.6210073    
   6.625000      0.5875000      0.6462371    
   6.875000      0.5875000      0.6713557    
   7.125000      0.5875000      0.6963428    
   7.375000      0.5875000      0.7211705    
   7.625000      0.5875000      0.7458281    
   7.875000      0.5875000      0.7702503    
   8.125000      0.5875000      0.7945262    
   8.375000      0.5875000      0.8183190    
   8.625000      0.5875000      0.8424888    
   8.875000      0.5875000      0.8645843    
   9.125000      0.5875000      0.8913332    
   9.375000      0.5875000      0.9042971    
   9.625000      0.5875000      0.9529754    
   9.875000      0.5875000      0.9081696    
   10.00000      0.5875000       1.000000    
 
  0.0000000E+00  0.6125000      0.0000000E+00
  0.1250000      0.6125000      1.0946997E-03
  0.3750000      0.6125000      1.6921397E-02
  0.6250000      0.6125000      3.9564181E-02
  0.8750000      0.6125000      6.4874768E-02
   1.125000      0.6125000      9.1078766E-02
   1.375000      0.6125000      0.1175047    
   1.625000      0.6125000      0.1439191    
   1.875000      0.6125000      0.1702515    
   2.125000      0.6125000      0.1964897    
   2.375000      0.6125000      0.2226399    
   2.625000      0.6125000      0.2487129    
   2.875000      0.6125000      0.2747189    
   3.125000      0.6125000      0.3006665    
   3.375000      0.6125000      0.3265622    
   3.625000      0.6125000      0.3524114    
   3.875000      0.6125000      0.3782182    
   4.125000      0.6125000      0.4039860    
   4.375000      0.6125000      0.4297172    
   4.625000      0.6125000      0.4554111    
   4.875000      0.6125000      0.4810672    
   5.125000      0.6125000      0.5066830    
   5.375000      0.6125000      0.5322557    
   5.625000      0.6125000      0.5577797    
   5.875000      0.6125000      0.5832474    
   6.125000      0.6125000      0.6086482    
   6.375000      0.6125000      0.6339684    
   6.625000      0.6125000      0.6591917    
   6.875000      0.6125000      0.6842977    
   7.125000      0.6125000      0.7092654    
   7.375000      0.6125000      0.7340663    
   7.625000      0.6125000      0.7586880    
   7.875000      0.6125000      0.7830667    
   8.125000      0.6125000      0.8072863    
   8.375000      0.6125000      0.8310233    
   8.625000      0.6125000      0.8550985    
   8.875000      0.6125000      0.8771753    
   9.125000      0.6125000      0.9036446    
   9.375000      0.6125000      0.9171066    
   9.625000      0.6125000      0.9635851    
   9.875000      0.6125000      0.9265933    
   10.00000      0.6125000       1.000000    
 
  0.0000000E+00  0.6375000      0.0000000E+00
  0.1250000      0.6375000      2.0175863E-03
  0.3750000      0.6375000      2.1367703E-02
  0.6250000      0.6375000      4.6977546E-02
  0.8750000      0.6375000      7.4393466E-02
   1.125000      0.6375000      0.1020286    
   1.375000      0.6375000      0.1294222    
   1.625000      0.6375000      0.1564943    
   1.875000      0.6375000      0.1832774    
   2.125000      0.6375000      0.2098275    
   2.375000      0.6375000      0.2361955    
   2.625000      0.6375000      0.2624226    
   2.875000      0.6375000      0.2885392    
   3.125000      0.6375000      0.3145675    
   3.375000      0.6375000      0.3405234    
   3.625000      0.6375000      0.3664186    
   3.875000      0.6375000      0.3922614    
   4.125000      0.6375000      0.4180585    
   4.375000      0.6375000      0.4438136    
   4.625000      0.6375000      0.4695274    
   4.875000      0.6375000      0.4952001    
   5.125000      0.6375000      0.5208296    
   5.375000      0.6375000      0.5464136    
   5.625000      0.6375000      0.5719457    
   5.875000      0.6375000      0.5974183    
   6.125000      0.6375000      0.6228202    
   6.375000      0.6375000      0.6481370    
   6.625000      0.6375000      0.6733518    
   6.875000      0.6375000      0.6984429    
   7.125000      0.6375000      0.7233888    
   7.375000      0.6375000      0.7481602    
   7.625000      0.6375000      0.7727436    
   7.875000      0.6375000      0.7970765    
   8.125000      0.6375000      0.8212366    
   8.375000      0.6375000      0.8449170    
   8.625000      0.6375000      0.8688915    
   8.875000      0.6375000      0.8909585    
   9.125000      0.6375000      0.9171206    
   9.375000      0.6375000      0.9311369    
   9.625000      0.6375000      0.9753192    
   9.875000      0.6375000      0.9460790    
   10.00000      0.6375000       1.000000    
 
  0.0000000E+00  0.6625000      0.0000000E+00
  0.1250000      0.6625000      3.3277418E-03
  0.3750000      0.6625000      2.6790408E-02
  0.6250000      0.6625000      5.5598255E-02
  0.8750000      0.6625000      8.5182197E-02
   1.125000      0.6625000      0.1142526    
   1.375000      0.6625000      0.1426016    
   1.625000      0.6625000      0.1703169    
   1.875000      0.6625000      0.1975383    
   2.125000      0.6625000      0.2243901    
   2.375000      0.6625000      0.2509681    
   2.625000      0.6625000      0.2773431    
   2.875000      0.6625000      0.3035655    
   3.125000      0.6625000      0.3296706    
   3.375000      0.6625000      0.3556836    
   3.625000      0.6625000      0.3816221    
   3.875000      0.6625000      0.4074986    
   4.125000      0.6625000      0.4333228    
   4.375000      0.6625000      0.4591002    
   4.625000      0.6625000      0.4848319    
   4.875000      0.6625000      0.5105195    
   5.125000      0.6625000      0.5361613    
   5.375000      0.6625000      0.5617546    
   5.625000      0.6625000      0.5872932    
   5.875000      0.6625000      0.6127691    
   6.125000      0.6625000      0.6381702    
   6.375000      0.6625000      0.6634819    
   6.625000      0.6625000      0.6886860    
   6.875000      0.6625000      0.7137601    
   7.125000      0.6625000      0.7386819    
   7.375000      0.6625000      0.7634216    
   7.625000      0.6625000      0.7879642    
   7.875000      0.6625000      0.8122490    
   8.125000      0.6625000      0.8363470    
   8.375000      0.6625000      0.8599701    
   8.625000      0.6625000      0.8838392    
   8.875000      0.6625000      0.9059029    
   9.125000      0.6625000      0.9317378    
   9.375000      0.6625000      0.9463424    
   9.625000      0.6625000      0.9882043    
   9.875000      0.6625000      0.9663052    
   10.00000      0.6625000       1.000000    
 
  0.0000000E+00  0.6875000      0.0000000E+00
  0.1250000      0.6875000      5.1432499E-03
  0.3750000      0.6875000      3.3328410E-02
  0.6250000      0.6875000      6.5516829E-02
  0.8750000      0.6875000      9.7287551E-02
   1.125000      0.6875000      0.1277677    
   1.375000      0.6875000      0.1570409    
   1.625000      0.6875000      0.1853729    
   1.875000      0.6875000      0.2130119    
   2.125000      0.6875000      0.2401502    
   2.375000      0.6875000      0.2669268    
   2.625000      0.6875000      0.2934414    
   2.875000      0.6875000      0.3197631    
   3.125000      0.6875000      0.3459401    
   3.375000      0.6875000      0.3720062    
   3.625000      0.6875000      0.3979849    
   3.875000      0.6875000      0.4238925    
   4.125000      0.6875000      0.4497415    
   4.375000      0.6875000      0.4755390    
   4.625000      0.6875000      0.5012870    
   4.875000      0.6875000      0.5269878    
   5.125000      0.6875000      0.5526399    
   5.375000      0.6875000      0.5782411    
   5.625000      0.6875000      0.6037846    
   5.875000      0.6875000      0.6292620    
   6.125000      0.6875000      0.6546607    
   6.375000      0.6875000      0.6799652    
   6.625000      0.6875000      0.7051567    
   6.875000      0.6875000      0.7302119    
   7.125000      0.6875000      0.7551074    
   7.375000      0.6875000      0.7798133    
   7.625000      0.6875000      0.8043130    
   7.875000      0.6875000      0.8285479    
   8.125000      0.6875000      0.8525816    
   8.375000      0.6875000      0.8761467    
   8.625000      0.6875000      0.8999070    
   8.875000      0.6875000      0.9219720    
   9.125000      0.6875000      0.9474679    
   9.375000      0.6875000      0.9626735    
   9.625000      0.6875000       1.002253    
   9.875000      0.6875000      0.9869509    
   10.00000      0.6875000       1.000000    
 
  0.0000000E+00  0.7125000      0.0000000E+00
  0.1250000      0.7125000      7.6063103E-03
  0.3750000      0.7125000      4.1123480E-02
  0.6250000      0.7125000      7.6813713E-02
  0.8750000      0.7125000      0.1107433    
   1.125000      0.7125000      0.1425787    
   1.375000      0.7125000      0.1727273    
   1.625000      0.7125000      0.2016384    
   1.875000      0.7125000      0.2296675    
   2.125000      0.7125000      0.2570722    
   2.375000      0.7125000      0.2840331    
   2.625000      0.7125000      0.3106768    
   2.875000      0.7125000      0.3370900    
   3.125000      0.7125000      0.3633332    
   3.375000      0.7125000      0.3894479    
   3.625000      0.7125000      0.4154633    
   3.875000      0.7125000      0.4413992    
   4.125000      0.7125000      0.4672703    
   4.375000      0.7125000      0.4930859    
   4.625000      0.7125000      0.5188483    
   4.875000      0.7125000      0.5445604    
   5.125000      0.7125000      0.5702214    
   5.375000      0.7125000      0.5958288    
   5.625000      0.7125000      0.6213755    
   5.875000      0.7125000      0.6468529    
   6.125000      0.7125000      0.6722475    
   6.375000      0.7125000      0.6975431    
   6.625000      0.7125000      0.7227201    
   6.875000      0.7125000      0.7477546    
   7.125000      0.7125000      0.7726222    
   7.375000      0.7125000      0.7972925    
   7.625000      0.7125000      0.8217474    
   7.875000      0.7125000      0.8459309    
   8.125000      0.7125000      0.8698987    
   8.375000      0.7125000      0.8934052    
   8.625000      0.7125000      0.9170549    
   8.875000      0.7125000      0.9391239    
   9.125000      0.7125000      0.9642761    
   9.375000      0.7125000      0.9800768    
   9.625000      0.7125000       1.017460    
   9.875000      0.7125000       1.007708    
   10.00000      0.7125000       1.000000    
 
  0.0000000E+00  0.7375000      0.0000000E+00
  0.1250000      0.7375000      1.0884521E-02
  0.3750000      0.7375000      5.0314482E-02
  0.6250000      0.7375000      8.9554340E-02
  0.8750000      0.7375000      0.1255672    
   1.125000      0.7375000      0.1586763    
   1.375000      0.7375000      0.1896359    
   1.625000      0.7375000      0.2190791    
   1.875000      0.7375000      0.2474649    
   2.125000      0.7375000      0.2751124    
   2.375000      0.7375000      0.3022408    
   2.625000      0.7375000      0.3290014    
   2.875000      0.7375000      0.3554974    
   3.125000      0.7375000      0.3818003    
   3.375000      0.7375000      0.4079587    
   3.625000      0.7375000      0.4340068    
   3.875000      0.7375000      0.4599678    
   4.125000      0.7375000      0.4858589    
   4.375000      0.7375000      0.5116901    
   4.625000      0.7375000      0.5374649    
   4.875000      0.7375000      0.5631866    
   5.125000      0.7375000      0.5888548    
   5.375000      0.7375000      0.6144668    
   5.625000      0.7375000      0.6400153    
   5.875000      0.7375000      0.6654910    
   6.125000      0.7375000      0.6908799    
   6.375000      0.7375000      0.7161652    
   6.625000      0.7375000      0.7413263    
   6.875000      0.7375000      0.7663385    
   7.125000      0.7375000      0.7911765    
   7.375000      0.7375000      0.8158098    
   7.625000      0.7375000      0.8402187    
   7.875000      0.7375000      0.8643498    
   8.125000      0.7375000      0.8882510    
   8.375000      0.7375000      0.9116985    
   8.625000      0.7375000      0.9352375    
   8.875000      0.7375000      0.9573109    
   9.125000      0.7375000      0.9821224    
   9.375000      0.7375000      0.9984960    
   9.625000      0.7375000       1.033800    
   9.875000      0.7375000       1.028294    
   10.00000      0.7375000       1.000000    
 
  0.0000000E+00  0.7625000      0.0000000E+00
  0.1250000      0.7625000      1.5170890E-02
  0.3750000      0.7625000      6.1030407E-02
  0.6250000      0.7625000      0.1037841    
  0.8750000      0.7625000      0.1417583    
   1.125000      0.7625000      0.1760359    
   1.375000      0.7625000      0.2077291    
   1.625000      0.7625000      0.2376500    
   1.875000      0.7625000      0.2663545    
   2.125000      0.7625000      0.2942183    
   2.375000      0.7625000      0.3214955    
   2.625000      0.7625000      0.3483599    
   2.875000      0.7625000      0.3749290    
   3.125000      0.7625000      0.4012846    
   3.375000      0.7625000      0.4274814    
   3.625000      0.7625000      0.4535583    
   3.875000      0.7625000      0.4795412    
   4.125000      0.7625000      0.5054496    
   4.375000      0.7625000      0.5312942    
   4.625000      0.7625000      0.5570795    
   4.875000      0.7625000      0.5828090    
   5.125000      0.7625000      0.6084829    
   5.375000      0.7625000      0.6340979    
   5.625000      0.7625000      0.6596468    
   5.875000      0.7625000      0.6851195    
   6.125000      0.7625000      0.7105014    
   6.375000      0.7625000      0.7357750    
   6.625000      0.7625000      0.7609189    
   6.875000      0.7625000      0.7859076    
   7.125000      0.7625000      0.8107150    
   7.375000      0.7625000      0.8353102    
   7.625000      0.7625000      0.8596723    
   7.875000      0.7625000      0.8837506    
   8.125000      0.7625000      0.9075851    
   8.375000      0.7625000      0.9309740    
   8.625000      0.7625000      0.9544036    
   8.875000      0.7625000      0.9764810    
   9.125000      0.7625000       1.000961    
   9.375000      0.7625000       1.017872    
   9.625000      0.7625000       1.051230    
   9.875000      0.7625000       1.048474    
   10.00000      0.7625000       1.000000    
 
  0.0000000E+00  0.7875000      0.0000000E+00
  0.1250000      0.7875000      2.0682044E-02
  0.3750000      0.7875000      7.3382139E-02
  0.6250000      0.7875000      0.1195236    
  0.8750000      0.7875000      0.1592948    
   1.125000      0.7875000      0.1946159    
   1.375000      0.7875000      0.2269558    
   1.625000      0.7875000      0.2572948    
   1.875000      0.7875000      0.2862771    
   2.125000      0.7875000      0.3143288    
   2.375000      0.7875000      0.3417349    
   2.625000      0.7875000      0.3686891    
   2.875000      0.7875000      0.3953214    
   3.125000      0.7875000      0.4217223    
   3.375000      0.7875000      0.4479522    
   3.625000      0.7875000      0.4740537    
   3.875000      0.7875000      0.5000553    
   4.125000      0.7875000      0.5259784    
   4.375000      0.7875000      0.5518342    
   4.625000      0.7875000      0.5776281    
   4.875000      0.7875000      0.6033638    
   5.125000      0.7875000      0.6290418    
   5.375000      0.7875000      0.6546586    
   5.625000      0.7875000      0.6802065    
   5.875000      0.7875000      0.7056749    
   6.125000      0.7875000      0.7310487    
   6.375000      0.7875000      0.7563096    
   6.625000      0.7875000      0.7814353    
   6.875000      0.7875000      0.8063996    
   7.125000      0.7875000      0.8311758    
   7.375000      0.7875000      0.8557326    
   7.625000      0.7875000      0.8800480    
   7.875000      0.7875000      0.9040737    
   8.125000      0.7875000      0.9278424    
   8.375000      0.7875000      0.9511734    
   8.625000      0.7875000      0.9744968    
   8.875000      0.7875000      0.9965762    
   9.125000      0.7875000       1.020740    
   9.375000      0.7875000       1.038142    
   9.625000      0.7875000       1.069689    
   9.875000      0.7875000       1.068066    
   10.00000      0.7875000       1.000000    
 
  0.0000000E+00  0.8125000      0.0000000E+00
  0.1250000      0.8125000      2.7653942E-02
  0.3750000      0.8125000      8.7453529E-02
  0.6250000      0.8125000      0.1367646    
  0.8750000      0.8125000      0.1781326    
   1.125000      0.8125000      0.2143581    
   1.375000      0.8125000      0.2472516    
   1.625000      0.8125000      0.2779460    
   1.875000      0.8125000      0.3071634    
   2.125000      0.8125000      0.3353740    
   2.375000      0.8125000      0.3628887    
   2.625000      0.8125000      0.3899183    
   2.875000      0.8125000      0.4166037    
   3.125000      0.8125000      0.4430427    
   3.375000      0.8125000      0.4693002    
   3.625000      0.8125000      0.4954220    
   3.875000      0.8125000      0.5214393    
   4.125000      0.8125000      0.5473745    
   4.375000      0.8125000      0.5732394    
   4.625000      0.8125000      0.5990400    
   4.875000      0.8125000      0.6247805    
   5.125000      0.8125000      0.6504613    
   5.375000      0.8125000      0.6760786    
   5.625000      0.8125000      0.7016244    
   5.875000      0.8125000      0.7270876    
   6.125000      0.8125000      0.7524523    
   6.375000      0.8125000      0.7776997    
   6.625000      0.8125000      0.8028068    
   6.875000      0.8125000      0.8277465    
   7.125000      0.8125000      0.8524914    
   7.375000      0.8125000      0.8770102    
   7.625000      0.8125000      0.9012795    
   7.875000      0.8125000      0.9252536    
   8.125000      0.8125000      0.9489584    
   8.375000      0.8125000      0.9722329    
   8.625000      0.8125000      0.9954553    
   8.875000      0.8125000       1.017534    
   9.125000      0.8125000       1.041402    
   9.375000      0.8125000       1.059241    
   9.625000      0.8125000       1.089103    
   9.875000      0.8125000       1.086967    
   10.00000      0.8125000       1.000000    
 
  0.0000000E+00  0.8375000      0.0000000E+00
  0.1250000      0.8375000      3.6334507E-02
  0.3750000      0.8375000      0.1032921    
  0.6250000      0.8375000      0.1554665    
  0.8750000      0.8375000      0.1982039    
   1.125000      0.8375000      0.2351867    
   1.375000      0.8375000      0.2685381    
   1.625000      0.8375000      0.2995248    
   1.875000      0.8375000      0.3289348    
   2.125000      0.8375000      0.3572752    
   2.375000      0.8375000      0.3848784    
   2.625000      0.8375000      0.4119695    
   2.875000      0.8375000      0.4386980    
   3.125000      0.8375000      0.4651679    
   3.375000      0.8375000      0.4914476    
   3.625000      0.8375000      0.5175860    
   3.875000      0.8375000      0.5436158    
   4.125000      0.8375000      0.5695606    
   4.375000      0.8375000      0.5954326    
   4.625000      0.8375000      0.6212384    
   4.875000      0.8375000      0.6469822    
   5.125000      0.8375000      0.6726646    
   5.375000      0.8375000      0.6982813    
   5.625000      0.8375000      0.7238241    
   5.875000      0.8375000      0.7492814    
   6.125000      0.8375000      0.7746365    
   6.375000      0.8375000      0.7998701    
   6.625000      0.8375000      0.8249586    
   6.875000      0.8375000      0.8498737    
   7.125000      0.8375000      0.8745881    
   7.375000      0.8375000      0.8990699    
   7.625000      0.8375000      0.9232948    
   7.875000      0.8375000      0.9472194    
   8.125000      0.8375000      0.9708635    
   8.375000      0.8375000      0.9940839    
   8.625000      0.8375000       1.017211    
   8.875000      0.8375000       1.039288    
   9.125000      0.8375000       1.062884    
   9.375000      0.8375000       1.081100    
   9.625000      0.8375000       1.109387    
   9.875000      0.8375000       1.105166    
   10.00000      0.8375000       1.000000    
 
  0.0000000E+00  0.8625000      0.0000000E+00
  0.1250000      0.8625000      4.6972413E-02
  0.3750000      0.8625000      0.1208998    
  0.6250000      0.8625000      0.1755545    
  0.8750000      0.8625000      0.2194178    
   1.125000      0.8625000      0.2570088    
   1.375000      0.8625000      0.2907241    
   1.625000      0.8625000      0.3219414    
   1.875000      0.8625000      0.3515030    
   2.125000      0.8625000      0.3799452    
   2.375000      0.8625000      0.4076177    
   2.625000      0.8625000      0.4347569    
   2.875000      0.8625000      0.4615191    
   3.125000      0.8625000      0.4880130    
   3.375000      0.8625000      0.5143100    
   3.625000      0.8625000      0.5404612    
   3.875000      0.8625000      0.5665006    
   4.125000      0.8625000      0.5924530    
   4.375000      0.8625000      0.6183303    
   4.625000      0.8625000      0.6441395    
   4.875000      0.8625000      0.6698857    
   5.125000      0.8625000      0.6955685    
   5.375000      0.8625000      0.7211839    
   5.625000      0.8625000      0.7467229    
   5.875000      0.8625000      0.7721739    
   6.125000      0.8625000      0.7975192    
   6.375000      0.8625000      0.8227392    
   6.625000      0.8625000      0.8478095    
   6.875000      0.8625000      0.8727012    
   7.125000      0.8625000      0.8973864    
   7.375000      0.8625000      0.9218331    
   7.625000      0.8625000      0.9460163    
   7.875000      0.8625000      0.9698943    
   8.125000      0.8625000      0.9934819    
   8.375000      0.8625000       1.016652    
   8.625000      0.8625000       1.039693    
   8.875000      0.8625000       1.061764    
   9.125000      0.8625000       1.085117    
   9.375000      0.8625000       1.103648    
   9.625000      0.8625000       1.130462    
   9.875000      0.8625000       1.122756    
   10.00000      0.8625000       1.000000    
 
  0.0000000E+00  0.8875000      0.0000000E+00
  0.1250000      0.8875000      5.9801336E-02
  0.3750000      0.8875000      0.1402252    
  0.6250000      0.8875000      0.1969189    
  0.8750000      0.8875000      0.2416605    
   1.125000      0.8875000      0.2797155    
   1.375000      0.8875000      0.3137052    
   1.625000      0.8875000      0.3450955    
   1.875000      0.8875000      0.3747703    
   2.125000      0.8875000      0.4032886    
   2.375000      0.8875000      0.4310126    
   2.625000      0.8875000      0.4581876    
   2.875000      0.8875000      0.4849746    
   3.125000      0.8875000      0.5114864    
   3.375000      0.8875000      0.5377961    
   3.625000      0.8875000      0.5639569    
   3.875000      0.8875000      0.5900031    
   4.125000      0.8875000      0.6159609    
   4.375000      0.8875000      0.6418421    
   4.625000      0.8875000      0.6676536    
   4.875000      0.8875000      0.6934007    
   5.125000      0.8875000      0.7190833    
   5.375000      0.8875000      0.7446969    
   5.625000      0.8875000      0.7702318    
   5.875000      0.8875000      0.7956765    
   6.125000      0.8875000      0.8210123    
   6.375000      0.8875000      0.8462193    
   6.625000      0.8875000      0.8712726    
   6.875000      0.8875000      0.8961423    
   7.125000      0.8875000      0.9208006    
   7.375000      0.8875000      0.9452153    
   7.625000      0.8875000      0.9693602    
   7.875000      0.8875000      0.9931962    
   8.125000      0.8875000       1.016733    
   8.375000      0.8875000       1.039857    
   8.625000      0.8875000       1.062821    
   8.875000      0.8875000       1.084886    
   9.125000      0.8875000       1.108027    
   9.375000      0.8875000       1.126810    
   9.625000      0.8875000       1.152251    
   9.875000      0.8875000       1.139965    
   10.00000      0.8875000       1.000000    
 
  0.0000000E+00  0.9125000      0.0000000E+00
  0.1250000      0.9125000      7.5019233E-02
  0.3750000      0.9125000      0.1611570    
  0.6250000      0.9125000      0.2194157    
  0.8750000      0.9125000      0.2647970    
   1.125000      0.9125000      0.3031825    
   1.375000      0.9125000      0.3373654    
   1.625000      0.9125000      0.3688767    
   1.875000      0.9125000      0.3986306    
   2.125000      0.9125000      0.4272017    
   2.375000      0.9125000      0.4549615    
   2.625000      0.9125000      0.4821613    
   2.875000      0.9125000      0.5089656    
   3.125000      0.9125000      0.5354896    
   3.375000      0.9125000      0.5618082    
   3.625000      0.9125000      0.5879754    
   3.875000      0.9125000      0.6140264    
   4.125000      0.9125000      0.6399877    
   4.375000      0.9125000      0.6658713    
   4.625000      0.9125000      0.6916841    
   4.875000      0.9125000      0.7174315    
   5.125000      0.9125000      0.7431133    
   5.375000      0.9125000      0.7687247    
   5.625000      0.9125000      0.7942558    
   5.875000      0.9125000      0.8196942    
   6.125000      0.9125000      0.8450214    
   6.375000      0.9125000      0.8702166    
   6.625000      0.9125000      0.8952545    
   6.875000      0.9125000      0.9201050    
   7.125000      0.9125000      0.9447397    
   7.375000      0.9125000      0.9691264    
   7.625000      0.9125000      0.9932380    
   7.875000      0.9125000       1.017037    
   8.125000      0.9125000       1.040530    
   8.375000      0.9125000       1.063615    
   8.625000      0.9125000       1.086513    
   8.875000      0.9125000       1.108571    
   9.125000      0.9125000       1.131534    
   9.375000      0.9125000       1.150508    
   9.625000      0.9125000       1.174698    
   9.875000      0.9125000       1.157165    
   10.00000      0.9125000       1.000000    
 
  0.0000000E+00  0.9375000      0.0000000E+00
  0.1250000      0.9375000      9.2761882E-02
  0.3750000      0.9375000      0.1835207    
  0.6250000      0.9375000      0.2428689    
  0.8750000      0.9375000      0.2886723    
   1.125000      0.9375000      0.3272709    
   1.375000      0.9375000      0.3615770    
   1.625000      0.9375000      0.3931648    
   1.875000      0.9375000      0.4229687    
   2.125000      0.9375000      0.4515730    
   2.375000      0.9375000      0.4793550    
   2.625000      0.9375000      0.5065703    
   2.875000      0.9375000      0.5333854    
   3.125000      0.9375000      0.5599170    
   3.375000      0.9375000      0.5862409    
   3.625000      0.9375000      0.6124121    
   3.875000      0.9375000      0.6384661    
   4.125000      0.9375000      0.6644294    
   4.375000      0.9375000      0.6903145    
   4.625000      0.9375000      0.7161278    
   4.875000      0.9375000      0.7418750    
   5.125000      0.9375000      0.7675558    
   5.375000      0.9375000      0.7931649    
   5.625000      0.9375000      0.8186924    
   5.875000      0.9375000      0.8441256    
   6.125000      0.9375000      0.8694453    
   6.375000      0.9375000      0.8946307    
   6.625000      0.9375000      0.9196558    
   6.875000      0.9375000      0.9444903    
   7.125000      0.9375000      0.9691057    
   7.375000      0.9375000      0.9934690    
   7.625000      0.9375000       1.017554    
   7.875000      0.9375000       1.041323    
   8.125000      0.9375000       1.064781    
   8.375000      0.9375000       1.087833    
   8.625000      0.9375000       1.110680    
   8.875000      0.9375000       1.132731    
   9.125000      0.9375000       1.155554    
   9.375000      0.9375000       1.174662    
   9.625000      0.9375000       1.197769    
   9.875000      0.9375000       1.174907    
   10.00000      0.9375000       1.000000    
 
  0.0000000E+00  0.9625000      0.0000000E+00
  0.1250000      0.9625000      0.1130711    
  0.3750000      0.9625000      0.2070781    
  0.6250000      0.9625000      0.2670737    
  0.8750000      0.9625000      0.3131144    
   1.125000      0.9625000      0.3518295    
   1.375000      0.9625000      0.3862020    
   1.625000      0.9625000      0.4178308    
   1.875000      0.9625000      0.4476610    
   2.125000      0.9625000      0.4762828    
   2.375000      0.9625000      0.5040766    
   2.625000      0.9625000      0.5313001    
   2.875000      0.9625000      0.5581208    
   3.125000      0.9625000      0.5846563    
   3.375000      0.9625000      0.6109830    
   3.625000      0.9625000      0.6371562    
   3.875000      0.9625000      0.6632119    
   4.125000      0.9625000      0.6891761    
   4.375000      0.9625000      0.7150618    
   4.625000      0.9625000      0.7408751    
   4.875000      0.9625000      0.7666218    
   5.125000      0.9625000      0.7923017    
   5.375000      0.9625000      0.8179088    
   5.625000      0.9625000      0.8434336    
   5.875000      0.9625000      0.8688627    
   6.125000      0.9625000      0.8941769    
   6.375000      0.9625000      0.9193550    
   6.625000      0.9625000      0.9443707    
   6.875000      0.9625000      0.9691936    
   7.125000      0.9625000      0.9937948    
   7.375000      0.9625000       1.018142    
   7.625000      0.9625000       1.042207    
   7.875000      0.9625000       1.065955    
   8.125000      0.9625000       1.089387    
   8.375000      0.9625000       1.112417    
   8.625000      0.9625000       1.135227    
   8.875000      0.9625000       1.157272    
   9.125000      0.9625000       1.179998    
   9.375000      0.9625000       1.199187    
   9.625000      0.9625000       1.221459    
   9.875000      0.9625000       1.193952    
   10.00000      0.9625000       1.000000    
 
  0.0000000E+00  0.9875000      0.0000000E+00
  0.1250000      0.9875000      0.1358572    
  0.3750000      0.9875000      0.2315315    
  0.6250000      0.9875000      0.2918009    
  0.8750000      0.9875000      0.3379358    
   1.125000      0.9875000      0.3766955    
   1.375000      0.9875000      0.4110929    
   1.625000      0.9875000      0.4427367    
   1.875000      0.9875000      0.4725766    
   2.125000      0.9875000      0.5012046    
   2.375000      0.9875000      0.5290028    
   2.625000      0.9875000      0.5562294    
   2.875000      0.9875000      0.5830520    
   3.125000      0.9875000      0.6095889    
   3.375000      0.9875000      0.6359164    
   3.625000      0.9875000      0.6620904    
   3.875000      0.9875000      0.6881467    
   4.125000      0.9875000      0.7141111    
   4.375000      0.9875000      0.7399969    
   4.625000      0.9875000      0.7658100    
   4.875000      0.9875000      0.7915565    
   5.125000      0.9875000      0.8172355    
   5.375000      0.9875000      0.8428416    
   5.625000      0.9875000      0.8683649    
   5.875000      0.9875000      0.8937915    
   6.125000      0.9875000      0.9191027    
   6.375000      0.9875000      0.9442769    
   6.625000      0.9875000      0.9692875    
   6.875000      0.9875000      0.9941039    
   7.125000      0.9875000       1.018698    
   7.375000      0.9875000       1.043035    
   7.625000      0.9875000       1.067090    
   7.875000      0.9875000       1.090827    
   8.125000      0.9875000       1.114246    
   8.375000      0.9875000       1.137263    
   8.625000      0.9875000       1.160053    
   8.875000      0.9875000       1.182095    
   9.125000      0.9875000       1.204769    
   9.375000      0.9875000       1.223997    
   9.625000      0.9875000       1.245786    
   9.875000      0.9875000       1.215312    
   10.00000      0.9875000       1.000000    
 
  0.0000000E+00   1.000000      0.0000000E+00
  0.1250000       1.000000      0.1358572    
  0.3750000       1.000000      0.2315315    
  0.6250000       1.000000      0.2918009    
  0.8750000       1.000000      0.3379358    
   1.125000       1.000000      0.3766955    
   1.375000       1.000000      0.4110929    
   1.625000       1.000000      0.4427367    
   1.875000       1.000000      0.4725766    
   2.125000       1.000000      0.5012046    
   2.375000       1.000000      0.5290028    
   2.625000       1.000000      0.5562294    
   2.875000       1.000000      0.5830520    
   3.125000       1.000000      0.6095889    
   3.375000       1.000000      0.6359164    
   3.625000       1.000000      0.6620904    
   3.875000       1.000000      0.6881467    
   4.125000       1.000000      0.7141111    
   4.375000       1.000000      0.7399969    
   4.625000       1.000000      0.7658100    
   4.875000       1.000000      0.7915565    
   5.125000       1.000000      0.8172355    
   5.375000       1.000000      0.8428416    
   5.625000       1.000000      0.8683649    
   5.875000       1.000000      0.8937915    
   6.125000       1.000000      0.9191027    
   6.375000       1.000000      0.9442769    
   6.625000       1.000000      0.9692875    
   6.875000       1.000000      0.9941039    
   7.125000       1.000000       1.018698    
   7.375000       1.000000       1.043035    
   7.625000       1.000000       1.067090    
   7.875000       1.000000       1.090827    
   8.125000       1.000000       1.114246    
   8.375000       1.000000       1.137263    
   8.625000       1.000000       1.160053    
   8.875000       1.000000       1.182095    
   9.125000       1.000000       1.204769    
   9.375000       1.000000       1.223997    
   9.625000       1.000000       1.245786    
   9.875000       1.000000       1.215312    
   10.00000       1.000000       1.000000    
 
