  0.0000000E+00  0.0000000E+00  0.0000000E+00
  0.1250000      0.0000000E+00  1.2499999E-02
  0.3750000      0.0000000E+00  3.7499998E-02
  0.6250000      0.0000000E+00  6.2499996E-02
  0.8750000      0.0000000E+00  8.7499991E-02
   1.125000      0.0000000E+00  0.1125000    
   1.375000      0.0000000E+00  0.1375000    
   1.625000      0.0000000E+00  0.1625000    
   1.875000      0.0000000E+00  0.1875000    
   2.125000      0.0000000E+00  0.2125000    
   2.375000      0.0000000E+00  0.2375000    
   2.625000      0.0000000E+00  0.2625000    
   2.875000      0.0000000E+00  0.2875000    
   3.125000      0.0000000E+00  0.3125000    
   3.375000      0.0000000E+00  0.3375000    
   3.625000      0.0000000E+00  0.3625000    
   3.875000      0.0000000E+00  0.3875000    
   4.125000      0.0000000E+00  0.4125000    
   4.375000      0.0000000E+00  0.4375000    
   4.625000      0.0000000E+00  0.4625000    
   4.875000      0.0000000E+00  0.4875000    
   5.125000      0.0000000E+00  0.5125000    
   5.375000      0.0000000E+00  0.5375000    
   5.625000      0.0000000E+00  0.5624999    
   5.875000      0.0000000E+00  0.5875000    
   6.125000      0.0000000E+00  0.6125000    
   6.375000      0.0000000E+00  0.6375000    
   6.625000      0.0000000E+00  0.6625000    
   6.875000      0.0000000E+00  0.6874999    
   7.125000      0.0000000E+00  0.7125000    
   7.375000      0.0000000E+00  0.7375000    
   7.625000      0.0000000E+00  0.7624999    
   7.875000      0.0000000E+00  0.7875000    
   8.125000      0.0000000E+00  0.8124999    
   8.375000      0.0000000E+00  0.8375000    
   8.625000      0.0000000E+00  0.8625000    
   8.875000      0.0000000E+00  0.8874999    
   9.125000      0.0000000E+00  0.9125000    
   9.375000      0.0000000E+00  0.9374999    
   9.625000      0.0000000E+00  0.9624999    
   9.875000      0.0000000E+00  0.9875000    
   10.00000      0.0000000E+00   1.000000    
 
  0.0000000E+00  1.2500000E-02  0.0000000E+00
  0.1250000      1.2500000E-02  1.1545920E-02
  0.3750000      1.2500000E-02  3.5449378E-02
  0.6250000      1.2500000E-02  5.9661590E-02
  0.8750000      1.2500000E-02  8.4084578E-02
   1.125000      1.2500000E-02  0.1086711    
   1.375000      1.2500000E-02  0.1333830    
   1.625000      1.2500000E-02  0.1581879    
   1.875000      1.2500000E-02  0.1830598    
   2.125000      1.2500000E-02  0.2079785    
   2.375000      1.2500000E-02  0.2329300    
   2.625000      1.2500000E-02  0.2579036    
   2.875000      1.2500000E-02  0.2828923    
   3.125000      1.2500000E-02  0.3078907    
   3.375000      1.2500000E-02  0.3328959    
   3.625000      1.2500000E-02  0.3579052    
   3.875000      1.2500000E-02  0.3829173    
   4.125000      1.2500000E-02  0.4079306    
   4.375000      1.2500000E-02  0.4329450    
   4.625000      1.2500000E-02  0.4579597    
   4.875000      1.2500000E-02  0.4829742    
   5.125000      1.2500000E-02  0.5079886    
   5.375000      1.2500000E-02  0.5330027    
   5.625000      1.2500000E-02  0.5580161    
   5.875000      1.2500000E-02  0.5830294    
   6.125000      1.2500000E-02  0.6080422    
   6.375000      1.2500000E-02  0.6330543    
   6.625000      1.2500000E-02  0.6580661    
   6.875000      1.2500000E-02  0.6830770    
   7.125000      1.2500000E-02  0.7080879    
   7.375000      1.2500000E-02  0.7330981    
   7.625000      1.2500000E-02  0.7581080    
   7.875000      1.2500000E-02  0.7831171    
   8.125000      1.2500000E-02  0.8081262    
   8.375000      1.2500000E-02  0.8331324    
   8.625000      1.2500000E-02  0.8581439    
   8.875000      1.2500000E-02  0.8831361    
   9.125000      1.2500000E-02  0.9081835    
   9.375000      1.2500000E-02  0.9330488    
   9.625000      1.2500000E-02  0.9585357    
   9.875000      1.2500000E-02  0.9817423    
   10.00000      1.2500000E-02   1.000000    
 
  0.0000000E+00  3.7500001E-02  0.0000000E+00
  0.1250000      3.7500001E-02  9.6876519E-03
  0.3750000      3.7500001E-02  3.1404421E-02
  0.6250000      3.7500001E-02  5.4042690E-02
  0.8750000      3.7500001E-02  7.7312604E-02
   1.125000      3.7500001E-02  0.1010729    
   1.375000      3.7500001E-02  0.1252092    
   1.625000      3.7500001E-02  0.1496245    
   1.875000      3.7500001E-02  0.1742403    
   2.125000      3.7500001E-02  0.1989971    
   2.375000      3.7500001E-02  0.2238515    
   2.625000      3.7500001E-02  0.2487724    
   2.875000      3.7500001E-02  0.2737386    
   3.125000      3.7500001E-02  0.2987340    
   3.375000      3.7500001E-02  0.3237495    
   3.625000      3.7500001E-02  0.3487776    
   3.875000      3.7500001E-02  0.3738135    
   4.125000      3.7500001E-02  0.3988538    
   4.375000      3.7500001E-02  0.4238968    
   4.625000      3.7500001E-02  0.4489409    
   4.875000      3.7500001E-02  0.4739845    
   5.125000      3.7500001E-02  0.4990278    
   5.375000      3.7500001E-02  0.5240699    
   5.625000      3.7500001E-02  0.5491105    
   5.875000      3.7500001E-02  0.5741502    
   6.125000      3.7500001E-02  0.5991884    
   6.375000      3.7500001E-02  0.6242247    
   6.625000      3.7500001E-02  0.6492600    
   6.875000      3.7500001E-02  0.6742934    
   7.125000      3.7500001E-02  0.6993256    
   7.375000      3.7500001E-02  0.7243565    
   7.625000      3.7500001E-02  0.7493860    
   7.875000      3.7500001E-02  0.7744133    
   8.125000      3.7500001E-02  0.7994404    
   8.375000      3.7500001E-02  0.8244590    
   8.625000      3.7500001E-02  0.8494936    
   8.875000      3.7500001E-02  0.8744700    
   9.125000      3.7500001E-02  0.8996142    
   9.375000      3.7500001E-02  0.9242025    
   9.625000      3.7500001E-02  0.9506906    
   9.875000      3.7500001E-02  0.9701684    
   10.00000      3.7500001E-02   1.000000    
 
  0.0000000E+00  6.2500000E-02  0.0000000E+00
  0.1250000      6.2500000E-02  7.9542901E-03
  0.3750000      6.2500000E-02  2.7510324E-02
  0.6250000      6.2500000E-02  4.8583161E-02
  0.8750000      6.2500000E-02  7.0705473E-02
   1.125000      6.2500000E-02  9.3643792E-02
   1.375000      6.2500000E-02  0.1172080    
   1.625000      6.2500000E-02  0.1412361    
   1.875000      6.2500000E-02  0.1655977    
   2.125000      6.2500000E-02  0.1901937    
   2.375000      6.2500000E-02  0.2149520    
   2.625000      6.2500000E-02  0.2398210    
   2.875000      6.2500000E-02  0.2647649    
   3.125000      6.2500000E-02  0.2897578    
   3.375000      6.2500000E-02  0.3147836    
   3.625000      6.2500000E-02  0.3398305    
   3.875000      6.2500000E-02  0.3648905    
   4.125000      6.2500000E-02  0.3899578    
   4.375000      6.2500000E-02  0.4150293    
   4.625000      6.2500000E-02  0.4401027    
   4.875000      6.2500000E-02  0.4651756    
   5.125000      6.2500000E-02  0.4902477    
   5.375000      6.2500000E-02  0.5153180    
   5.625000      6.2500000E-02  0.5403858    
   5.875000      6.2500000E-02  0.5654519    
   6.125000      6.2500000E-02  0.5905155    
   6.375000      6.2500000E-02  0.6155759    
   6.625000      6.2500000E-02  0.6406345    
   6.875000      6.2500000E-02  0.6656905    
   7.125000      6.2500000E-02  0.6907440    
   7.375000      6.2500000E-02  0.7157955    
   7.625000      6.2500000E-02  0.7408445    
   7.875000      6.2500000E-02  0.7658901    
   8.125000      6.2500000E-02  0.7909355    
   8.375000      6.2500000E-02  0.8159661    
   8.625000      6.2500000E-02  0.8410245    
   8.875000      6.2500000E-02  0.8659832    
   9.125000      6.2500000E-02  0.8912302    
   9.375000      6.2500000E-02  0.9155218    
   9.625000      6.2500000E-02  0.9430814    
   9.875000      6.2500000E-02  0.9584796    
   10.00000      6.2500000E-02   1.000000    
 
  0.0000000E+00  8.7500006E-02  0.0000000E+00
  0.1250000      8.7500006E-02  6.3922564E-03
  0.3750000      8.7500006E-02  2.3839112E-02
  0.6250000      8.7500006E-02  4.3366227E-02
  0.8750000      8.7500006E-02  6.4354219E-02
   1.125000      8.7500006E-02  8.6480930E-02
   1.375000      8.7500006E-02  0.1094810    
   1.625000      8.7500006E-02  0.1331278    
   1.875000      8.7500006E-02  0.1572396    
   2.125000      8.7500006E-02  0.1816779    
   2.375000      8.7500006E-02  0.2063422    
   2.625000      8.7500006E-02  0.2311606    
   2.875000      8.7500006E-02  0.2560833    
   3.125000      8.7500006E-02  0.2810743    
   3.375000      8.7500006E-02  0.3061110    
   3.625000      8.7500006E-02  0.3311770    
   3.875000      8.7500006E-02  0.3562612    
   4.125000      8.7500006E-02  0.3813556    
   4.375000      8.7500006E-02  0.4064558    
   4.625000      8.7500006E-02  0.4315585    
   4.875000      8.7500006E-02  0.4566606    
   5.125000      8.7500006E-02  0.4817615    
   5.375000      8.7500006E-02  0.5068599    
   5.625000      8.7500006E-02  0.5319551    
   5.875000      8.7500006E-02  0.5570474    
   6.125000      8.7500006E-02  0.5821362    
   6.375000      8.7500006E-02  0.6072209    
   6.625000      8.7500006E-02  0.6323029    
   6.875000      8.7500006E-02  0.6573814    
   7.125000      8.7500006E-02  0.6824562    
   7.375000      8.7500006E-02  0.7075281    
   7.625000      8.7500006E-02  0.7325967    
   7.875000      8.7500006E-02  0.7576605    
   8.125000      8.7500006E-02  0.7827240    
   8.375000      8.7500006E-02  0.8077667    
   8.625000      8.7500006E-02  0.8328497    
   8.875000      8.7500006E-02  0.8577881    
   9.125000      8.7500006E-02  0.8831463    
   9.375000      8.7500006E-02  0.9071129    
   9.625000      8.7500006E-02  0.9358458    
   9.875000      8.7500006E-02  0.9466937    
   10.00000      8.7500006E-02   1.000000    
 
  0.0000000E+00  0.1125000      0.0000000E+00
  0.1250000      0.1125000      5.0249794E-03
  0.3750000      0.1125000      2.0442305E-02
  0.6250000      0.1125000      3.8458161E-02
  0.8750000      0.1125000      5.8335844E-02
   1.125000      0.1125000      7.9669662E-02
   1.375000      0.1125000      0.1021199    
   1.625000      0.1125000      0.1253963    
   1.875000      0.1125000      0.1492658    
   2.125000      0.1125000      0.1735519    
   2.375000      0.1125000      0.1981260    
   2.625000      0.1125000      0.2228964    
   2.875000      0.1125000      0.2477996    
   3.125000      0.1125000      0.2727899    
   3.375000      0.1125000      0.2978381    
   3.625000      0.1125000      0.3229237    
   3.875000      0.1125000      0.3480325    
   4.125000      0.1125000      0.3731540    
   4.375000      0.1125000      0.3982831    
   4.625000      0.1125000      0.4234153    
   4.875000      0.1125000      0.4485465    
   5.125000      0.1125000      0.4736762    
   5.375000      0.1125000      0.4988028    
   5.625000      0.1125000      0.5239251    
   5.875000      0.1125000      0.5490437    
   6.125000      0.1125000      0.5741577    
   6.375000      0.1125000      0.5992666    
   6.625000      0.1125000      0.6243721    
   6.875000      0.1125000      0.6494728    
   7.125000      0.1125000      0.6745690    
   7.375000      0.1125000      0.6996611    
   7.625000      0.1125000      0.7247493    
   7.875000      0.1125000      0.7498313    
   8.125000      0.1125000      0.7749130    
   8.375000      0.1125000      0.7999674    
   8.625000      0.1125000      0.8250760    
   8.875000      0.1125000      0.8499908    
   9.125000      0.1125000      0.8754707    
   9.375000      0.1125000      0.8990784    
   9.625000      0.1125000      0.9291054    
   9.875000      0.1125000      0.9348916    
   10.00000      0.1125000       1.000000    
 
  0.0000000E+00  0.1375000      0.0000000E+00
  0.1250000      0.1375000      3.8583060E-03
  0.3750000      0.1375000      1.7353332E-02
  0.6250000      0.1375000      3.3909831E-02
  0.8750000      0.1375000      5.2714422E-02
   1.125000      0.1375000      7.3284455E-02
   1.375000      0.1375000      9.5207229E-02
   1.625000      0.1375000      0.1181296    
   1.875000      0.1375000      0.1417689    
   2.125000      0.1375000      0.1659111    
   2.375000      0.1375000      0.1904006    
   2.625000      0.1375000      0.2151269    
   2.875000      0.1375000      0.2400133    
   3.125000      0.1375000      0.2650047    
   3.375000      0.1375000      0.2900656    
   3.625000      0.1375000      0.3151716    
   3.875000      0.1375000      0.3403053    
   4.125000      0.1375000      0.3654545    
   4.375000      0.1375000      0.3906124    
   4.625000      0.1375000      0.4157741    
   4.875000      0.1375000      0.4409344    
   5.125000      0.1375000      0.4660930    
   5.375000      0.1375000      0.4912476    
   5.625000      0.1375000      0.5163971    
   5.875000      0.1375000      0.5415421    
   6.125000      0.1375000      0.5666810    
   6.375000      0.1375000      0.5918142    
   6.625000      0.1375000      0.6169430    
   6.875000      0.1375000      0.6420661    
   7.125000      0.1375000      0.6671833    
   7.375000      0.1375000      0.6922956    
   7.625000      0.1375000      0.7174035    
   7.875000      0.1375000      0.7425033    
   8.125000      0.1375000      0.7676034    
   8.375000      0.1375000      0.7926690    
   8.625000      0.1375000      0.8178045    
   8.875000      0.1375000      0.8426925    
   9.125000      0.1375000      0.8683049    
   9.375000      0.1375000      0.8915173    
   9.625000      0.1375000      0.9229661    
   9.875000      0.1375000      0.9232084    
   10.00000      0.1375000       1.000000    
 
  0.0000000E+00  0.1625000      0.0000000E+00
  0.1250000      0.1625000      2.8854043E-03
  0.3750000      0.1625000      1.4590137E-02
  0.6250000      0.1625000      2.9758379E-02
  0.8750000      0.1625000      4.7542326E-02
   1.125000      0.1625000      6.7389682E-02
   1.375000      0.1625000      8.8816419E-02
   1.625000      0.1625000      0.1114080    
   1.875000      0.1625000      0.1348336    
   2.125000      0.1625000      0.1588436    
   2.375000      0.1625000      0.1832567    
   2.625000      0.1625000      0.2079444    
   2.875000      0.1625000      0.2328175    
   3.125000      0.1625000      0.2578125    
   3.375000      0.1625000      0.2828878    
   3.625000      0.1625000      0.3080151    
   3.875000      0.1625000      0.3331744    
   4.125000      0.1625000      0.3583515    
   4.375000      0.1625000      0.3835386    
   4.625000      0.1625000      0.4087298    
   4.875000      0.1625000      0.4339194    
   5.125000      0.1625000      0.4591067    
   5.375000      0.1625000      0.4842893    
   5.625000      0.1625000      0.5094658    
   5.875000      0.1625000      0.5346370    
   6.125000      0.1625000      0.5598009    
   6.375000      0.1625000      0.5849582    
   6.625000      0.1625000      0.6101104    
   6.875000      0.1625000      0.6352553    
   7.125000      0.1625000      0.6603938    
   7.375000      0.1625000      0.6855263    
   7.625000      0.1625000      0.7106534    
   7.875000      0.1625000      0.7357710    
   8.125000      0.1625000      0.7608896    
   8.375000      0.1625000      0.7859659    
   8.625000      0.1625000      0.8111293    
   8.875000      0.1625000      0.8359869    
   9.125000      0.1625000      0.8617432    
   9.375000      0.1625000      0.8845244    
   9.625000      0.1625000      0.9175152    
   9.875000      0.1625000      0.9118220    
   10.00000      0.1625000       1.000000    
 
  0.0000000E+00  0.1875000      0.0000000E+00
  0.1250000      0.1875000      2.0909947E-03
  0.3750000      0.1875000      1.2158027E-02
  0.6250000      0.1875000      2.6029233E-02
  0.8750000      0.1875000      4.2861748E-02
   1.125000      0.1875000      6.2040862E-02
   1.375000      0.1875000      8.3013065E-02
   1.625000      0.1875000      0.1053044    
   1.875000      0.1875000      0.1285381    
   2.125000      0.1875000      0.1524311    
   2.375000      0.1875000      0.1767782    
   2.625000      0.1875000      0.2014346    
   2.875000      0.1875000      0.2262992    
   3.125000      0.1875000      0.2513011    
   3.375000      0.1875000      0.2763927    
   3.625000      0.1875000      0.3015428    
   3.875000      0.1875000      0.3267285    
   4.125000      0.1875000      0.3519340    
   4.375000      0.1875000      0.3771504    
   4.625000      0.1875000      0.4023712    
   4.875000      0.1875000      0.4275902    
   5.125000      0.1875000      0.4528062    
   5.375000      0.1875000      0.4780166    
   5.625000      0.1875000      0.5032201    
   5.875000      0.1875000      0.5284169    
   6.125000      0.1875000      0.5536061    
   6.375000      0.1875000      0.5787874    
   6.625000      0.1875000      0.6039625    
   6.875000      0.1875000      0.6291292    
   7.125000      0.1875000      0.6542889    
   7.375000      0.1875000      0.6794413    
   7.625000      0.1875000      0.7045876    
   7.875000      0.1875000      0.7297226    
   8.125000      0.1875000      0.7548596    
   8.375000      0.1875000      0.7799462    
   8.625000      0.1875000      0.8051386    
   8.875000      0.1875000      0.8299622    
   9.125000      0.1875000      0.8558729    
   9.375000      0.1875000      0.8781908    
   9.625000      0.1875000      0.9128233    
   9.875000      0.1875000      0.9009447    
   10.00000      0.1875000       1.000000    
 
  0.0000000E+00  0.2125000      0.0000000E+00
  0.1250000      0.2125000      1.4548100E-03
  0.3750000      0.2125000      1.0052560E-02
  0.6250000      0.2125000      2.2738224E-02
  0.8750000      0.2125000      3.8706336E-02
   1.125000      0.2125000      5.7285812E-02
   1.375000      0.2125000      7.7855662E-02
   1.625000      0.2125000      9.9884905E-02
   1.875000      0.2125000      0.1229540    
   2.125000      0.2125000      0.1467492    
   2.375000      0.2125000      0.1710434    
   2.625000      0.2125000      0.1956771    
   2.875000      0.2125000      0.2205393    
   3.125000      0.2125000      0.2455520    
   3.375000      0.2125000      0.2706626    
   3.625000      0.2125000      0.2958372    
   3.875000      0.2125000      0.3210501    
   4.125000      0.2125000      0.3462847    
   4.375000      0.2125000      0.3715308    
   4.625000      0.2125000      0.3967811    
   4.875000      0.2125000      0.4220296    
   5.125000      0.2125000      0.4472740    
   5.375000      0.2125000      0.4725122    
   5.625000      0.2125000      0.4977425    
   5.875000      0.2125000      0.5229648    
   6.125000      0.2125000      0.5481790    
   6.375000      0.2125000      0.5733841    
   6.625000      0.2125000      0.5985820    
   6.875000      0.2125000      0.6237701    
   7.125000      0.2125000      0.6489506    
   7.375000      0.2125000      0.6741229    
   7.625000      0.2125000      0.6992881    
   7.875000      0.2125000      0.7244403    
   8.125000      0.2125000      0.7495958    
   8.375000      0.2125000      0.7746920    
   8.625000      0.2125000      0.7999144    
   8.875000      0.2125000      0.8247008    
   9.125000      0.2125000      0.8507743    
   9.375000      0.2125000      0.8726047    
   9.625000      0.2125000      0.9089435    
   9.875000      0.2125000      0.8908129    
   10.00000      0.2125000       1.000000    
 
  0.0000000E+00  0.2375000      0.0000000E+00
  0.1250000      0.2375000      9.5431239E-04
  0.3750000      0.2375000      8.2623791E-03
  0.6250000      0.2375000      1.9893890E-02
  0.8750000      0.2375000      3.5102967E-02
   1.125000      0.2375000      5.3166021E-02
   1.375000      0.2375000      7.3396564E-02
   1.625000      0.2375000      9.5209785E-02
   1.875000      0.2375000      0.1181470    
   2.125000      0.2375000      0.1418669    
   2.375000      0.2375000      0.1661239    
   2.625000      0.2375000      0.1907457    
   2.875000      0.2375000      0.2156126    
   3.125000      0.2375000      0.2406408    
   3.375000      0.2375000      0.2657736    
   3.625000      0.2375000      0.2909744    
   3.875000      0.2375000      0.3162160    
   4.125000      0.2375000      0.3414802    
   4.375000      0.2375000      0.3667563    
   4.625000      0.2375000      0.3920363    
   4.875000      0.2375000      0.4173141    
   5.125000      0.2375000      0.4425869    
   5.375000      0.2375000      0.4678525    
   5.625000      0.2375000      0.4931093    
   5.875000      0.2375000      0.5183571    
   6.125000      0.2375000      0.5435960    
   6.375000      0.2375000      0.5688246    
   6.625000      0.2375000      0.5940448    
   6.875000      0.2375000      0.6192542    
   7.125000      0.2375000      0.6444554    
   7.375000      0.2375000      0.6696473    
   7.625000      0.2375000      0.6948312    
   7.875000      0.2375000      0.7200001    
   8.125000      0.2375000      0.7451740    
   8.375000      0.2375000      0.7702794    
   8.625000      0.2375000      0.7955322    
   8.875000      0.2375000      0.8202790    
   9.125000      0.2375000      0.8465211    
   9.375000      0.2375000      0.8678502    
   9.625000      0.2375000      0.9059137    
   9.875000      0.2375000      0.8816763    
   10.00000      0.2375000       1.000000    
 
  0.0000000E+00  0.2625000      0.0000000E+00
  0.1250000      0.2625000      5.6672934E-04
  0.3750000      0.2625000      6.7719449E-03
  0.6250000      0.2625000      1.7499847E-02
  0.8750000      0.2625000      3.2073606E-02
   1.125000      0.2625000      4.9718041E-02
   1.375000      0.2625000      6.9683045E-02
   1.625000      0.2625000      9.1333874E-02
   1.875000      0.2625000      0.1141771    
   2.125000      0.2625000      0.1378482    
   2.375000      0.2625000      0.1620861    
   2.625000      0.2625000      0.1867082    
   2.875000      0.2625000      0.2115879    
   3.125000      0.2625000      0.2366370    
   3.375000      0.2625000      0.2617956    
   3.625000      0.2625000      0.2870249    
   3.875000      0.2625000      0.3122964    
   4.125000      0.2625000      0.3375910    
   4.375000      0.2625000      0.3628975    
   4.625000      0.2625000      0.3882072    
   4.875000      0.2625000      0.4135141    
   5.125000      0.2625000      0.4388151    
   5.375000      0.2625000      0.4641080    
   5.625000      0.2625000      0.4893909    
   5.875000      0.2625000      0.5146639    
   6.125000      0.2625000      0.5399272    
   6.375000      0.2625000      0.5651789    
   6.625000      0.2625000      0.5904213    
   6.875000      0.2625000      0.6156517    
   7.125000      0.2625000      0.6408730    
   7.375000      0.2625000      0.6660843    
   7.625000      0.2625000      0.6912867    
   7.875000      0.2625000      0.7164719    
   8.125000      0.2625000      0.7416638    
   8.375000      0.2625000      0.7667781    
   8.625000      0.2625000      0.7920616    
   8.875000      0.2625000      0.8167673    
   9.125000      0.2625000      0.8431799    
   9.375000      0.2625000      0.8640077    
   9.625000      0.2625000      0.9037577    
   9.875000      0.2625000      0.8737879    
   10.00000      0.2625000       1.000000    
 
  0.0000000E+00  0.2875000      0.0000000E+00
  0.1250000      0.2875000      2.7050084E-04
  0.3750000      0.2875000      5.5641006E-03
  0.6250000      0.2875000      1.5557171E-02
  0.8750000      0.2875000      2.9637272E-02
   1.125000      0.2875000      4.6974957E-02
   1.375000      0.2875000      6.6758335E-02
   1.625000      0.2875000      8.8307448E-02
   1.875000      0.2875000      0.1110995    
   2.125000      0.2875000      0.1347513    
   2.375000      0.2875000      0.1589903    
   2.625000      0.2875000      0.1836266    
   2.875000      0.2875000      0.2085282    
   3.125000      0.2875000      0.2336043    
   3.375000      0.2875000      0.2587924    
   3.625000      0.2875000      0.2840528    
   3.875000      0.2875000      0.3093556    
   4.125000      0.2875000      0.3346815    
   4.375000      0.2875000      0.3600187    
   4.625000      0.2875000      0.3853582    
   4.875000      0.2875000      0.4106941    
   5.125000      0.2875000      0.4360230    
   5.375000      0.2875000      0.4613428    
   5.625000      0.2875000      0.4866516    
   5.875000      0.2875000      0.5119495    
   6.125000      0.2875000      0.5372365    
   6.375000      0.2875000      0.5625110    
   6.625000      0.2875000      0.5877751    
   6.875000      0.2875000      0.6130263    
   7.125000      0.2875000      0.6382675    
   7.375000      0.2875000      0.6634976    
   7.625000      0.2875000      0.6887182    
   7.875000      0.2875000      0.7139193    
   8.125000      0.2875000      0.7391289    
   8.375000      0.2875000      0.7642514    
   8.625000      0.2875000      0.7895656    
   8.875000      0.2875000      0.8142299    
   9.125000      0.2875000      0.8408107    
   9.375000      0.2875000      0.8611528    
   9.625000      0.2875000      0.9024884    
   9.875000      0.2875000      0.8673939    
   10.00000      0.2875000       1.000000    
 
  0.0000000E+00  0.3125000      0.0000000E+00
  0.1250000      0.3125000      4.6264602E-05
  0.3750000      0.3125000      4.6223998E-03
  0.6250000      0.3125000      1.4066749E-02
  0.8750000      0.3125000      2.7811937E-02
   1.125000      0.3125000      4.4967838E-02
   1.375000      0.3125000      6.4662673E-02
   1.625000      0.3125000      8.6176947E-02
   1.875000      0.3125000      0.1089647    
   2.125000      0.3125000      0.1326297    
   2.375000      0.3125000      0.1568919    
   2.625000      0.3125000      0.1815570    
   2.875000      0.3125000      0.2064906    
   3.125000      0.3125000      0.2316001    
   3.375000      0.3125000      0.2568222    
   3.625000      0.3125000      0.2821161    
   3.875000      0.3125000      0.3074518    
   4.125000      0.3125000      0.3328099    
   4.375000      0.3125000      0.3581781    
   4.625000      0.3125000      0.3835475    
   4.875000      0.3125000      0.4089122    
   5.125000      0.3125000      0.4342688    
   5.375000      0.3125000      0.4596151    
   5.625000      0.3125000      0.4849493    
   5.875000      0.3125000      0.5102717    
   6.125000      0.3125000      0.5355817    
   6.375000      0.3125000      0.5608786    
   6.625000      0.3125000      0.5861639    
   6.875000      0.3125000      0.6114355    
   7.125000      0.3125000      0.6366962    
   7.375000      0.3125000      0.6619446    
   7.625000      0.3125000      0.6871831    
   7.875000      0.3125000      0.7123998    
   8.125000      0.3125000      0.7376266    
   8.375000      0.3125000      0.7627569    
   8.625000      0.3125000      0.7881008    
   8.875000      0.3125000      0.8127249    
   9.125000      0.3125000      0.8394665    
   9.375000      0.3125000      0.8593559    
   9.625000      0.3125000      0.9021115    
   9.875000      0.3125000      0.8627239    
   10.00000      0.3125000       1.000000    
 
  0.0000000E+00  0.3375000      0.0000000E+00
  0.1250000      0.3375000     -1.2250435E-04
  0.3750000      0.3375000      3.9332393E-03
  0.6250000      0.3375000      1.3031533E-02
  0.8750000      0.3375000      2.6616396E-02
   1.125000      0.3375000      4.3727059E-02
   1.375000      0.3375000      6.3434176E-02
   1.625000      0.3375000      8.4985539E-02
   1.875000      0.3375000      0.1078191    
   2.125000      0.3375000      0.1315318    
   2.375000      0.3375000      0.1558407    
   2.625000      0.3375000      0.1805505    
   2.875000      0.3375000      0.2055264    
   3.125000      0.3375000      0.2306762    
   3.375000      0.3375000      0.2559366    
   3.625000      0.3375000      0.2812667    
   3.875000      0.3375000      0.3066371    
   4.125000      0.3375000      0.3320280    
   4.375000      0.3375000      0.3574276    
   4.625000      0.3375000      0.3828269    
   4.875000      0.3375000      0.4082202    
   5.125000      0.3375000      0.4336040    
   5.375000      0.3375000      0.4589767    
   5.625000      0.3375000      0.4843355    
   5.875000      0.3375000      0.5096820    
   6.125000      0.3375000      0.5350147    
   6.375000      0.3375000      0.5603333    
   6.625000      0.3375000      0.5856393    
   6.875000      0.3375000      0.6109307    
   7.125000      0.3375000      0.6362103    
   7.375000      0.3375000      0.6614766    
   7.625000      0.3375000      0.6867325    
   7.875000      0.3375000      0.7119642    
   8.125000      0.3375000      0.7372075    
   8.375000      0.3375000      0.7623455    
   8.625000      0.3375000      0.7877179    
   8.875000      0.3375000      0.8123043    
   9.125000      0.3375000      0.8391944    
   9.375000      0.3375000      0.8586813    
   9.625000      0.3375000      0.9026285    
   9.875000      0.3375000      0.8599822    
   10.00000      0.3375000       1.000000    
 
  0.0000000E+00  0.3625000      0.0000000E+00
  0.1250000      0.3625000     -2.4907518E-04
  0.3750000      0.3625000      3.4877690E-03
  0.6250000      0.3625000      1.2458632E-02
  0.8750000      0.3625000      2.6071928E-02
   1.125000      0.3625000      4.3283556E-02
   1.375000      0.3625000      6.3109770E-02
   1.625000      0.3625000      8.4773757E-02
   1.875000      0.3625000      0.1077056    
   2.125000      0.3625000      0.1315017    
   2.375000      0.3625000      0.1558816    
   2.625000      0.3625000      0.1806523    
   2.875000      0.3625000      0.2056814    
   3.125000      0.3625000      0.2308784    
   3.375000      0.3625000      0.2561815    
   3.625000      0.3625000      0.2815507    
   3.875000      0.3625000      0.3069573    
   4.125000      0.3625000      0.3323818    
   4.375000      0.3625000      0.3578130    
   4.625000      0.3625000      0.3832422    
   4.875000      0.3625000      0.4086638    
   5.125000      0.3625000      0.4340745    
   5.375000      0.3625000      0.4594728    
   5.625000      0.3625000      0.4848559    
   5.875000      0.3625000      0.5102258    
   6.125000      0.3625000      0.5355806    
   6.375000      0.3625000      0.5609202    
   6.625000      0.3625000      0.5862463    
   6.875000      0.3625000      0.6115571    
   7.125000      0.3625000      0.6368549    
   7.375000      0.3625000      0.6621386    
   7.625000      0.3625000      0.6874113    
   7.875000      0.3625000      0.7126575    
   8.125000      0.3625000      0.7379166    
   8.375000      0.3625000      0.7630622    
   8.625000      0.3625000      0.7884611    
   8.875000      0.3625000      0.8130139    
   9.125000      0.3625000      0.8400351    
   9.375000      0.3625000      0.8591855    
   9.625000      0.3625000      0.9040404    
   9.875000      0.3625000      0.8593377    
   10.00000      0.3625000       1.000000    
 
  0.0000000E+00  0.3875000      0.0000000E+00
  0.1250000      0.3875000     -3.4315159E-04
  0.3750000      0.3875000      3.2836264E-03
  0.6250000      0.3875000      1.2361214E-02
  0.8750000      0.3875000      2.6203830E-02
   1.125000      0.3875000      4.3669853E-02
   1.375000      0.3875000      6.3725837E-02
   1.625000      0.3875000      8.5579909E-02
   1.875000      0.3875000      0.1086633    
   2.125000      0.3875000      0.1325793    
   2.375000      0.3875000      0.1570545    
   2.625000      0.3875000      0.1819024    
   2.875000      0.3875000      0.2069954    
   3.125000      0.3875000      0.2322467    
   3.375000      0.3875000      0.2575970    
   3.625000      0.3875000      0.2830079    
   3.875000      0.3875000      0.3084520    
   4.125000      0.3875000      0.3339110    
   4.375000      0.3875000      0.3593741    
   4.625000      0.3875000      0.3848329    
   4.875000      0.3875000      0.4102824    
   5.125000      0.3875000      0.4357195    
   5.375000      0.3875000      0.4611427    
   5.625000      0.3875000      0.4865496    
   5.875000      0.3875000      0.5119420    
   6.125000      0.3875000      0.5373182    
   6.375000      0.3875000      0.5626784    
   6.625000      0.3875000      0.5880240    
   6.875000      0.3875000      0.6133534    
   7.125000      0.3875000      0.6386691    
   7.375000      0.3875000      0.6639693    
   7.625000      0.3875000      0.6892582    
   7.875000      0.3875000      0.7145181    
   8.125000      0.3875000      0.7397924    
   8.375000      0.3875000      0.7649456    
   8.625000      0.3875000      0.7903686    
   8.875000      0.3875000      0.8148929    
   9.125000      0.3875000      0.8420233    
   9.375000      0.3875000      0.8609174    
   9.625000      0.3875000      0.9063512    
   9.875000      0.3875000      0.8609186    
   10.00000      0.3875000       1.000000    
 
  0.0000000E+00  0.4125000      0.0000000E+00
  0.1250000      0.4125000     -4.1056843E-04
  0.3750000      0.4125000      3.3265066E-03
  0.6250000      0.4125000      1.2760140E-02
  0.8750000      0.4125000      2.7042601E-02
   1.125000      0.4125000      4.4920821E-02
   1.375000      0.4125000      6.5318659E-02
   1.625000      0.4125000      8.7440379E-02
   1.875000      0.4125000      0.1107282    
   2.125000      0.4125000      0.1347997    
   2.375000      0.4125000      0.1593944    
   2.625000      0.4125000      0.1843355    
   2.875000      0.4125000      0.2095028    
   3.125000      0.4125000      0.2348151    
   3.375000      0.4125000      0.2602168    
   3.625000      0.4125000      0.2856717    
   3.875000      0.4125000      0.3111549    
   4.125000      0.4125000      0.3366488    
   4.375000      0.4125000      0.3621439    
   4.625000      0.4125000      0.3876321    
   4.875000      0.4125000      0.4131091    
   5.125000      0.4125000      0.4385718    
   5.375000      0.4125000      0.4640194    
   5.625000      0.4125000      0.4894492    
   5.875000      0.4125000      0.5148635    
   6.125000      0.4125000      0.5402604    
   6.375000      0.4125000      0.5656403    
   6.625000      0.4125000      0.5910049    
   6.875000      0.4125000      0.6163521    
   7.125000      0.4125000      0.6416850    
   7.375000      0.4125000      0.6670011    
   7.625000      0.4125000      0.6923053    
   7.875000      0.4125000      0.7175785    
   8.125000      0.4125000      0.7428671    
   8.375000      0.4125000      0.7680278    
   8.625000      0.4125000      0.7934718    
   8.875000      0.4125000      0.8179745    
   9.125000      0.4125000      0.8451881    
   9.375000      0.4125000      0.8639169    
   9.625000      0.4125000      0.9095706    
   9.875000      0.4125000      0.8648057    
   10.00000      0.4125000       1.000000    
 
  0.0000000E+00  0.4375000      0.0000000E+00
  0.1250000      0.4375000     -4.5290132E-04
  0.3750000      0.4375000      3.6316053E-03
  0.6250000      0.4375000      1.3685321E-02
  0.8750000      0.4375000      2.8624812E-02
   1.125000      0.4375000      4.7074206E-02
   1.375000      0.4375000      6.7924716E-02
   1.625000      0.4375000      9.0389676E-02
   1.875000      0.4375000      0.1139331    
   2.125000      0.4375000      0.1381945    
   2.375000      0.4375000      0.1629313    
   2.625000      0.4375000      0.1879807    
   2.875000      0.4375000      0.2132322    
   3.125000      0.4375000      0.2386117    
   3.375000      0.4375000      0.2640685    
   3.625000      0.4375000      0.2895699    
   3.875000      0.4375000      0.3150930    
   4.125000      0.4375000      0.3406225    
   4.375000      0.4375000      0.3661495    
   4.625000      0.4375000      0.3916667    
   4.875000      0.4375000      0.4171704    
   5.125000      0.4375000      0.4426582    
   5.375000      0.4375000      0.4681294    
   5.625000      0.4375000      0.4935814    
   5.875000      0.4375000      0.5190167    
   6.125000      0.4375000      0.5444334    
   6.375000      0.4375000      0.5698324    
   6.625000      0.4375000      0.5952150    
   6.875000      0.4375000      0.6205794    
   7.125000      0.4375000      0.6459287    
   7.375000      0.4375000      0.6712601    
   7.625000      0.4375000      0.6965789    
   7.875000      0.4375000      0.7218647    
   8.125000      0.4375000      0.7471665    
   8.375000      0.4375000      0.7723348    
   8.625000      0.4375000      0.7977964    
   8.875000      0.4375000      0.8222851    
   9.125000      0.4375000      0.8495537    
   9.375000      0.4375000      0.8682138    
   9.625000      0.4375000      0.9137158    
   9.875000      0.4375000      0.8710288    
   10.00000      0.4375000       1.000000    
 
  0.0000000E+00  0.4625000      0.0000000E+00
  0.1250000      0.4625000     -4.6691118E-04
  0.3750000      0.4625000      4.2249449E-03
  0.6250000      0.4625000      1.5176713E-02
  0.8750000      0.4625000      3.0993612E-02
   1.125000      0.4625000      5.0170757E-02
   1.375000      0.4625000      7.1580604E-02
   1.625000      0.4625000      9.4460465E-02
   1.875000      0.4625000      0.1183072    
   2.125000      0.4625000      0.1427903    
   2.375000      0.4625000      0.1676904    
   2.625000      0.4625000      0.1928618    
   2.875000      0.4625000      0.2182064    
   3.125000      0.4625000      0.2436586    
   3.375000      0.4625000      0.2691740    
   3.625000      0.4625000      0.2947238    
   3.875000      0.4625000      0.3202877    
   4.125000      0.4625000      0.3458529    
   4.375000      0.4625000      0.3714113    
   4.625000      0.4625000      0.3969570    
   4.875000      0.4625000      0.4224869    
   5.125000      0.4625000      0.4479990    
   5.375000      0.4625000      0.4734930    
   5.625000      0.4625000      0.4989663    
   5.875000      0.4625000      0.5244218    
   6.125000      0.4625000      0.5498575    
   6.375000      0.4625000      0.5752746    
   6.625000      0.4625000      0.6006742    
   6.875000      0.4625000      0.6260552    
   7.125000      0.4625000      0.6514202    
   7.375000      0.4625000      0.6767660    
   7.625000      0.4625000      0.7020984    
   7.875000      0.4625000      0.7273962    
   8.125000      0.4625000      0.7527100    
   8.375000      0.4625000      0.7778862    
   8.625000      0.4625000      0.8033617    
   8.875000      0.4625000      0.8278443    
   9.125000      0.4625000      0.8551379    
   9.375000      0.4625000      0.8738281    
   9.625000      0.4625000      0.9188120    
   9.875000      0.4625000      0.8795643    
   10.00000      0.4625000       1.000000    
 
  0.0000000E+00  0.4875000      0.0000000E+00
  0.1250000      0.4875000     -4.4375533E-04
  0.3750000      0.4875000      5.1445747E-03
  0.6250000      0.4875000      1.7284909E-02
  0.8750000      0.4875000      3.4198746E-02
   1.125000      0.4875000      5.4253951E-02
   1.375000      0.4875000      7.6322854E-02
   1.625000      0.4875000      9.9683195E-02
   1.875000      0.4875000      0.1238765    
   2.125000      0.4875000      0.1486097    
   2.375000      0.4875000      0.1736916    
   2.625000      0.4875000      0.1989970    
   2.875000      0.4875000      0.2244423    
   3.125000      0.4875000      0.2499720    
   3.375000      0.4875000      0.2755487    
   3.625000      0.4875000      0.3011482    
   3.875000      0.4875000      0.3267536    
   4.125000      0.4875000      0.3523543    
   4.375000      0.4875000      0.3779439    
   4.625000      0.4875000      0.4035174    
   4.875000      0.4875000      0.4290726    
   5.125000      0.4875000      0.4546081    
   5.375000      0.4875000      0.4801238    
   5.625000      0.4875000      0.5056177    
   5.875000      0.4875000      0.5310923    
   6.125000      0.4875000      0.5565462    
   6.375000      0.4875000      0.5819804    
   6.625000      0.4875000      0.6073962    
   6.875000      0.4875000      0.6327929    
   7.125000      0.4875000      0.6581728    
   7.375000      0.4875000      0.6835323    
   7.625000      0.4875000      0.7088773    
   7.875000      0.4875000      0.7341864    
   8.125000      0.4875000      0.7595111    
   8.375000      0.4875000      0.7846952    
   8.625000      0.4875000      0.8101805    
   8.875000      0.4875000      0.8346655    
   9.125000      0.4875000      0.8619540    
   9.375000      0.4875000      0.8807699    
   9.625000      0.4875000      0.9248933    
   9.875000      0.4875000      0.8903332    
   10.00000      0.4875000       1.000000    
 
  0.0000000E+00  0.5125000      0.0000000E+00
  0.1250000      0.5125000     -3.6791095E-04
  0.3750000      0.5125000      6.4416258E-03
  0.6250000      0.5125000      2.0071272E-02
  0.8750000      0.5125000      3.8296133E-02
   1.125000      0.5125000      5.9369460E-02
   1.375000      0.5125000      8.2187228E-02
   1.625000      0.5125000      0.1060857    
   1.875000      0.5125000      0.1306629    
   2.125000      0.5125000      0.1556702    
   2.375000      0.5125000      0.1809494    
   2.625000      0.5125000      0.2063989    
   2.875000      0.5125000      0.2319510    
   3.125000      0.5125000      0.2575619    
   3.375000      0.5125000      0.2832018    
   3.625000      0.5125000      0.3088520    
   3.875000      0.5125000      0.3344989    
   4.125000      0.5125000      0.3601349    
   4.375000      0.5125000      0.3857551    
   4.625000      0.5125000      0.4113556    
   4.875000      0.5125000      0.4369352    
   5.125000      0.5125000      0.4624931    
   5.375000      0.5125000      0.4880295    
   5.625000      0.5125000      0.5135429    
   5.875000      0.5125000      0.5390356    
   6.125000      0.5125000      0.5645066    
   6.375000      0.5125000      0.5899572    
   6.625000      0.5125000      0.6153882    
   6.875000      0.5125000      0.6407998    
   7.125000      0.5125000      0.6661934    
   7.375000      0.5125000      0.6915658    
   7.625000      0.5125000      0.7169225    
   7.875000      0.5125000      0.7422422    
   8.125000      0.5125000      0.7675763    
   8.375000      0.5125000      0.7927686    
   8.625000      0.5125000      0.8182599    
   8.875000      0.5125000      0.8427556    
   9.125000      0.5125000      0.8700094    
   9.375000      0.5125000      0.8890388    
   9.625000      0.5125000      0.9320006    
   9.875000      0.5125000      0.9032030    
   10.00000      0.5125000       1.000000    
 
  0.0000000E+00  0.5375000      0.0000000E+00
  0.1250000      0.5375000     -2.1577235E-04
  0.3750000      0.5375000      8.1811352E-03
  0.6250000      0.5375000      2.3607558E-02
  0.8750000      0.5375000      4.3346889E-02
   1.125000      0.5375000      6.5564148E-02
   1.375000      0.5375000      8.9208014E-02
   1.625000      0.5375000      0.1136927    
   1.875000      0.5375000      0.1386838    
   2.125000      0.5375000      0.1639844    
   2.375000      0.5375000      0.1894731    
   2.625000      0.5375000      0.2150740    
   2.875000      0.5375000      0.2407375    
   3.125000      0.5375000      0.2664321    
   3.375000      0.5375000      0.2921364    
   3.625000      0.5375000      0.3178374    
   3.875000      0.5375000      0.3435258    
   4.125000      0.5375000      0.3691964    
   4.375000      0.5375000      0.3948463    
   4.625000      0.5375000      0.4204729    
   4.875000      0.5375000      0.4460757    
   5.125000      0.5375000      0.4716550    
   5.375000      0.5375000      0.4972111    
   5.625000      0.5375000      0.5227428    
   5.875000      0.5375000      0.5482524    
   6.125000      0.5375000      0.5737396    
   6.375000      0.5375000      0.5992056    
   6.625000      0.5375000      0.6246508    
   6.875000      0.5375000      0.6500763    
   7.125000      0.5375000      0.6754827    
   7.375000      0.5375000      0.7008673    
   7.625000      0.5375000      0.7262347    
   7.875000      0.5375000      0.7515641    
   8.125000      0.5375000      0.7769065    
   8.375000      0.5375000      0.8021069    
   8.625000      0.5375000      0.8276002    
   8.875000      0.5375000      0.8521144    
   9.125000      0.5375000      0.8793066    
   9.375000      0.5375000      0.8986251    
   9.625000      0.5375000      0.9401802    
   9.875000      0.5375000      0.9179907    
   10.00000      0.5375000       1.000000    
 
  0.0000000E+00  0.5625000      0.0000000E+00
  0.1250000      0.5625000      4.6095694E-05
  0.3750000      0.5625000      1.0442581E-02
  0.6250000      0.5625000      2.7974915E-02
  0.8750000      0.5625000      4.9415890E-02
   1.125000      0.5625000      7.2884664E-02
   1.375000      0.5625000      9.7416855E-02
   1.625000      0.5625000      0.1225245    
   1.875000      0.5625000      0.1479519    
   2.125000      0.5625000      0.1735594    
   2.375000      0.5625000      0.1992658    
   2.625000      0.5625000      0.2250230    
   2.875000      0.5625000      0.2508004    
   3.125000      0.5625000      0.2765799    
   3.375000      0.5625000      0.3023489    
   3.625000      0.5625000      0.3281005    
   3.875000      0.5625000      0.3538296    
   4.125000      0.5625000      0.3795339    
   4.375000      0.5625000      0.4052125    
   4.625000      0.5625000      0.4308641    
   4.875000      0.5625000      0.4564890    
   5.125000      0.5625000      0.4820886    
   5.375000      0.5625000      0.5076632    
   5.625000      0.5625000      0.5332118    
   5.875000      0.5625000      0.5587374    
   6.125000      0.5625000      0.5842397    
   6.375000      0.5625000      0.6097198    
   6.625000      0.5625000      0.6351784    
   6.875000      0.5625000      0.6606169    
   7.125000      0.5625000      0.6860352    
   7.375000      0.5625000      0.7114310    
   7.625000      0.5625000      0.7368079    
   7.875000      0.5625000      0.7621465    
   8.125000      0.5625000      0.7874956    
   8.375000      0.5625000      0.8127044    
   8.625000      0.5625000      0.8381955    
   8.875000      0.5625000      0.8627354    
   9.125000      0.5625000      0.8898420    
   9.375000      0.5625000      0.9095108    
   9.625000      0.5625000      0.9494797    
   9.875000      0.5625000      0.9344675    
   10.00000      0.5625000       1.000000    
 
  0.0000000E+00  0.5875000      0.0000000E+00
  0.1250000      0.5875000      4.6304057E-04
  0.3750000      0.5875000      1.3319980E-02
  0.6250000      0.5875000      3.3262298E-02
  0.8750000      0.5875000      5.6569818E-02
   1.125000      0.5875000      8.1375852E-02
   1.375000      0.5875000      0.1068416    
   1.625000      0.5875000      0.1325968    
   1.875000      0.5875000      0.1584742    
   2.125000      0.5875000      0.1843963    
   2.375000      0.5875000      0.2103245    
   2.625000      0.5875000      0.2362401    
   2.875000      0.5875000      0.2621323    
   3.125000      0.5875000      0.2879966    
   3.375000      0.5875000      0.3138297    
   3.625000      0.5875000      0.3396308    
   3.875000      0.5875000      0.3653996    
   4.125000      0.5875000      0.3911364    
   4.375000      0.5875000      0.4168423    
   4.625000      0.5875000      0.4425176    
   4.875000      0.5875000      0.4681634    
   5.125000      0.5875000      0.4937820    
   5.375000      0.5875000      0.5193738    
   5.625000      0.5875000      0.5449383    
   5.875000      0.5875000      0.5704787    
   6.125000      0.5875000      0.5959951    
   6.375000      0.5875000      0.6214882    
   6.625000      0.5875000      0.6469589    
   6.875000      0.5875000      0.6724097    
   7.125000      0.5875000      0.6978389    
   7.375000      0.5875000      0.7232448    
   7.625000      0.5875000      0.7486302    
   7.875000      0.5875000      0.7739769    
   8.125000      0.5875000      0.7993316    
   8.375000      0.5875000      0.8245486    
   8.625000      0.5875000      0.8500339    
   8.875000      0.5875000      0.8746057    
   9.125000      0.5875000      0.9016067    
   9.375000      0.5875000      0.9216697    
   9.625000      0.5875000      0.9599447    
   9.875000      0.5875000      0.9523658    
   10.00000      0.5875000       1.000000    
 
  0.0000000E+00  0.6125000      0.0000000E+00
  0.1250000      0.6125000      1.0946997E-03
  0.3750000      0.6125000      1.6921397E-02
  0.6250000      0.6125000      3.9564181E-02
  0.8750000      0.6125000      6.4874768E-02
   1.125000      0.6125000      9.1078766E-02
   1.375000      0.6125000      0.1175047    
   1.625000      0.6125000      0.1439191    
   1.875000      0.6125000      0.1702515    
   2.125000      0.6125000      0.1964897    
   2.375000      0.6125000      0.2226399    
   2.625000      0.6125000      0.2487129    
   2.875000      0.6125000      0.2747189    
   3.125000      0.6125000      0.3006665    
   3.375000      0.6125000      0.3265622    
   3.625000      0.6125000      0.3524114    
   3.875000      0.6125000      0.3782182    
   4.125000      0.6125000      0.4039860    
   4.375000      0.6125000      0.4297178    
   4.625000      0.6125000      0.4554152    
   4.875000      0.6125000      0.4810806    
   5.125000      0.6125000      0.5067167    
   5.375000      0.6125000      0.5323246    
   5.625000      0.6125000      0.5579038    
   5.875000      0.6125000      0.5834575    
   6.125000      0.6125000      0.6089870    
   6.375000      0.6125000      0.6344920    
   6.625000      0.6125000      0.6599742    
   6.875000      0.6125000      0.6854358    
   7.125000      0.6125000      0.7108752    
   7.375000      0.6125000      0.7362899    
   7.625000      0.6125000      0.7616829    
   7.875000      0.6125000      0.7870368    
   8.125000      0.6125000      0.8123959    
   8.375000      0.6125000      0.8376210    
   8.625000      0.6125000      0.8630974    
   8.875000      0.6125000      0.8877057    
   9.125000      0.6125000      0.9145852    
   9.375000      0.6125000      0.9350696    
   9.625000      0.6125000      0.9716142    
   9.875000      0.6125000      0.9713875    
   10.00000      0.6125000       1.000000    
 
  0.0000000E+00  0.6375000      0.0000000E+00
  0.1250000      0.6375000      2.0175863E-03
  0.3750000      0.6375000      2.1367703E-02
  0.6250000      0.6375000      4.6977546E-02
  0.8750000      0.6375000      7.4393466E-02
   1.125000      0.6375000      0.1020286    
   1.375000      0.6375000      0.1294222    
   1.625000      0.6375000      0.1564943    
   1.875000      0.6375000      0.1832774    
   2.125000      0.6375000      0.2098275    
   2.375000      0.6375000      0.2361955    
   2.625000      0.6375000      0.2624226    
   2.875000      0.6375000      0.2885392    
   3.125000      0.6375000      0.3145675    
   3.375000      0.6375000      0.3405234    
   3.625000      0.6375000      0.3664186    
   3.875000      0.6375000      0.3922614    
   4.125000      0.6375000      0.4180585    
   4.375000      0.6375000      0.4438143    
   4.625000      0.6375000      0.4695325    
   4.875000      0.6375000      0.4952160    
   5.125000      0.6375000      0.5208681    
   5.375000      0.6375000      0.5464906    
   5.625000      0.6375000      0.5720832    
   5.875000      0.6375000      0.5976492    
   6.125000      0.6375000      0.6231905    
   6.375000      0.6375000      0.6487065    
   6.625000      0.6375000      0.6741992    
   6.875000      0.6375000      0.6996706    
   7.125000      0.6375000      0.7251189    
   7.375000      0.6375000      0.7505414    
   7.625000      0.6375000      0.7759411    
   7.875000      0.6375000      0.8013014    
   8.125000      0.6375000      0.8266636    
   8.375000      0.6375000      0.8518962    
   8.625000      0.6375000      0.8773609    
   8.875000      0.6375000      0.9020094    
   9.125000      0.6375000      0.9287563    
   9.375000      0.6375000      0.9496719    
   9.625000      0.6375000      0.9845162    
   9.875000      0.6375000      0.9912147    
   10.00000      0.6375000       1.000000    
 
  0.0000000E+00  0.6625000      0.0000000E+00
  0.1250000      0.6625000      3.3277418E-03
  0.3750000      0.6625000      2.6790408E-02
  0.6250000      0.6625000      5.5598255E-02
  0.8750000      0.6625000      8.5182197E-02
   1.125000      0.6625000      0.1142526    
   1.375000      0.6625000      0.1426016    
   1.625000      0.6625000      0.1703169    
   1.875000      0.6625000      0.1975383    
   2.125000      0.6625000      0.2243901    
   2.375000      0.6625000      0.2509681    
   2.625000      0.6625000      0.2773431    
   2.875000      0.6625000      0.3035655    
   3.125000      0.6625000      0.3296706    
   3.375000      0.6625000      0.3556836    
   3.625000      0.6625000      0.3816221    
   3.875000      0.6625000      0.4074986    
   4.125000      0.6625000      0.4333228    
   4.375000      0.6625000      0.4591009    
   4.625000      0.6625000      0.4848380    
   4.875000      0.6625000      0.5105382    
   5.125000      0.6625000      0.5362049    
   5.375000      0.6625000      0.5618407    
   5.625000      0.6625000      0.5874453    
   5.875000      0.6625000      0.6130224    
   6.125000      0.6625000      0.6385745    
   6.375000      0.6625000      0.6641002    
   6.625000      0.6625000      0.6896025    
   6.875000      0.6625000      0.7150827    
   7.125000      0.6625000      0.7405389    
   7.375000      0.6625000      0.7659682    
   7.625000      0.6625000      0.7913736    
   7.875000      0.6625000      0.8167393    
   8.125000      0.6625000      0.8421034    
   8.375000      0.6625000      0.8673432    
   8.625000      0.6625000      0.8927936    
   8.875000      0.6625000      0.9174844    
   9.125000      0.6625000      0.9440919    
   9.375000      0.6625000      0.9654334    
   9.625000      0.6625000      0.9986634    
   9.875000      0.6625000       1.011522    
   10.00000      0.6625000       1.000000    
 
  0.0000000E+00  0.6875000      0.0000000E+00
  0.1250000      0.6875000      5.1432499E-03
  0.3750000      0.6875000      3.3328410E-02
  0.6250000      0.6875000      6.5516829E-02
  0.8750000      0.6875000      9.7287551E-02
   1.125000      0.6875000      0.1277677    
   1.375000      0.6875000      0.1570409    
   1.625000      0.6875000      0.1853729    
   1.875000      0.6875000      0.2130119    
   2.125000      0.6875000      0.2401502    
   2.375000      0.6875000      0.2669268    
   2.625000      0.6875000      0.2934414    
   2.875000      0.6875000      0.3197631    
   3.125000      0.6875000      0.3459401    
   3.375000      0.6875000      0.3720062    
   3.625000      0.6875000      0.3979849    
   3.875000      0.6875000      0.4238925    
   4.125000      0.6875000      0.4497415    
   4.375000      0.6875000      0.4755400    
   4.625000      0.6875000      0.5012943    
   4.875000      0.6875000      0.5270095    
   5.125000      0.6875000      0.5526892    
   5.375000      0.6875000      0.5783368    
   5.625000      0.6875000      0.6039524    
   5.875000      0.6875000      0.6295395    
   6.125000      0.6875000      0.6551011    
   6.375000      0.6875000      0.6806354    
   6.625000      0.6875000      0.7061462    
   6.875000      0.6875000      0.7316341    
   7.125000      0.6875000      0.7570972    
   7.375000      0.6875000      0.7825323    
   7.625000      0.6875000      0.8079423    
   7.875000      0.6875000      0.8333126    
   8.125000      0.6875000      0.8586775    
   8.375000      0.6875000      0.8839238    
   8.625000      0.6875000      0.9093583    
   8.875000      0.6875000      0.9340922    
   9.125000      0.6875000      0.9605575    
   9.375000      0.6875000      0.9823062    
   9.625000      0.6875000       1.014049    
   9.875000      0.6875000       1.031989    
   10.00000      0.6875000       1.000000    
 
  0.0000000E+00  0.7125000      0.0000000E+00
  0.1250000      0.7125000      7.6063103E-03
  0.3750000      0.7125000      4.1123480E-02
  0.6250000      0.7125000      7.6813713E-02
  0.8750000      0.7125000      0.1107433    
   1.125000      0.7125000      0.1425787    
   1.375000      0.7125000      0.1727273    
   1.625000      0.7125000      0.2016384    
   1.875000      0.7125000      0.2296675    
   2.125000      0.7125000      0.2570722    
   2.375000      0.7125000      0.2840331    
   2.625000      0.7125000      0.3106768    
   2.875000      0.7125000      0.3370900    
   3.125000      0.7125000      0.3633332    
   3.375000      0.7125000      0.3894479    
   3.625000      0.7125000      0.4154633    
   3.875000      0.7125000      0.4413992    
   4.125000      0.7125000      0.4672703    
   4.375000      0.7125000      0.4930873    
   4.625000      0.7125000      0.5188570    
   4.875000      0.7125000      0.5445856    
   5.125000      0.7125000      0.5702767    
   5.375000      0.7125000      0.5959349    
   5.625000      0.7125000      0.6215599    
   5.875000      0.7125000      0.6471560    
   6.125000      0.7125000      0.6727256    
   6.375000      0.7125000      0.6982678    
   6.625000      0.7125000      0.7237860    
   6.875000      0.7125000      0.7492808    
   7.125000      0.7125000      0.7747496    
   7.375000      0.7125000      0.8001897    
   7.625000      0.7125000      0.8256037    
   7.875000      0.7125000      0.8509773    
   8.125000      0.7125000      0.8763422    
   8.375000      0.7125000      0.9015942    
   8.625000      0.7125000      0.9270113    
   8.875000      0.7125000      0.9517877    
   9.125000      0.7125000      0.9781118    
   9.375000      0.7125000       1.000239    
   9.625000      0.7125000       1.030646    
   9.875000      0.7125000       1.052314    
   10.00000      0.7125000       1.000000    
 
  0.0000000E+00  0.7375000      0.0000000E+00
  0.1250000      0.7375000      1.0884521E-02
  0.3750000      0.7375000      5.0314482E-02
  0.6250000      0.7375000      8.9554340E-02
  0.8750000      0.7375000      0.1255672    
   1.125000      0.7375000      0.1586763    
   1.375000      0.7375000      0.1896359    
   1.625000      0.7375000      0.2190791    
   1.875000      0.7375000      0.2474649    
   2.125000      0.7375000      0.2751124    
   2.375000      0.7375000      0.3022408    
   2.625000      0.7375000      0.3290014    
   2.875000      0.7375000      0.3554974    
   3.125000      0.7375000      0.3818003    
   3.375000      0.7375000      0.4079587    
   3.625000      0.7375000      0.4340068    
   3.875000      0.7375000      0.4599678    
   4.125000      0.7375000      0.4858589    
   4.375000      0.7375000      0.5116920    
   4.625000      0.7375000      0.5374752    
   4.875000      0.7375000      0.5632155    
   5.125000      0.7375000      0.5889166    
   5.375000      0.7375000      0.6145840    
   5.625000      0.7375000      0.6402174    
   5.875000      0.7375000      0.6658209    
   6.125000      0.7375000      0.6913977    
   6.375000      0.7375000      0.7169467    
   6.625000      0.7375000      0.7424712    
   6.875000      0.7375000      0.7679718    
   7.125000      0.7375000      0.7934453    
   7.375000      0.7375000      0.8188897    
   7.625000      0.7375000      0.8443066    
   7.875000      0.7375000      0.8696828    
   8.125000      0.7375000      0.8950467    
   8.375000      0.7375000      0.9203036    
   8.625000      0.7375000      0.9457027    
   8.875000      0.7375000      0.9705201    
   9.125000      0.7375000      0.9967067    
   9.375000      0.7375000       1.019176    
   9.625000      0.7375000       1.048403    
   9.875000      0.7375000       1.072231    
   10.00000      0.7375000       1.000000    
 
  0.0000000E+00  0.7625000      0.0000000E+00
  0.1250000      0.7625000      1.5170890E-02
  0.3750000      0.7625000      6.1030407E-02
  0.6250000      0.7625000      0.1037841    
  0.8750000      0.7625000      0.1417583    
   1.125000      0.7625000      0.1760359    
   1.375000      0.7625000      0.2077291    
   1.625000      0.7625000      0.2376500    
   1.875000      0.7625000      0.2663545    
   2.125000      0.7625000      0.2942183    
   2.375000      0.7625000      0.3214955    
   2.625000      0.7625000      0.3483599    
   2.875000      0.7625000      0.3749290    
   3.125000      0.7625000      0.4012846    
   3.375000      0.7625000      0.4274814    
   3.625000      0.7625000      0.4535583    
   3.875000      0.7625000      0.4795412    
   4.125000      0.7625000      0.5054496    
   4.375000      0.7625000      0.5312968    
   4.625000      0.7625000      0.5570914    
   4.875000      0.7625000      0.5828419    
   5.125000      0.7625000      0.6085516    
   5.375000      0.7625000      0.6342269    
   5.625000      0.7625000      0.6598673    
   5.875000      0.7625000      0.6854774    
   6.125000      0.7625000      0.7110603    
   6.375000      0.7625000      0.7366148    
   6.625000      0.7625000      0.7621447    
   6.875000      0.7625000      0.7876502    
   7.125000      0.7625000      0.8131275    
   7.375000      0.7625000      0.8385751    
   7.625000      0.7625000      0.8639941    
   7.875000      0.7625000      0.8893722    
   8.125000      0.7625000      0.9147342    
   8.375000      0.7625000      0.9399953    
   8.625000      0.7625000      0.9653760    
   8.875000      0.7625000      0.9902319    
   9.125000      0.7625000       1.016287    
   9.375000      0.7625000       1.039057    
   9.625000      0.7625000       1.067248    
   9.875000      0.7625000       1.091523    
   10.00000      0.7625000       1.000000    
 
  0.0000000E+00  0.7875000      0.0000000E+00
  0.1250000      0.7875000      2.0682044E-02
  0.3750000      0.7875000      7.3382139E-02
  0.6250000      0.7875000      0.1195236    
  0.8750000      0.7875000      0.1592948    
   1.125000      0.7875000      0.1946159    
   1.375000      0.7875000      0.2269558    
   1.625000      0.7875000      0.2572948    
   1.875000      0.7875000      0.2862771    
   2.125000      0.7875000      0.3143288    
   2.375000      0.7875000      0.3417349    
   2.625000      0.7875000      0.3686891    
   2.875000      0.7875000      0.3953214    
   3.125000      0.7875000      0.4217223    
   3.375000      0.7875000      0.4479522    
   3.625000      0.7875000      0.4740537    
   3.875000      0.7875000      0.5000553    
   4.125000      0.7875000      0.5259784    
   4.375000      0.7875000      0.5518374    
   4.625000      0.7875000      0.5776418    
   4.875000      0.7875000      0.6034007    
   5.125000      0.7875000      0.6291177    
   5.375000      0.7875000      0.6547995    
   5.625000      0.7875000      0.6804457    
   5.875000      0.7875000      0.7060615    
   6.125000      0.7875000      0.7316494    
   6.375000      0.7875000      0.7572086    
   6.625000      0.7875000      0.7827431    
   6.875000      0.7875000      0.8082525    
   7.125000      0.7875000      0.8337329    
   7.375000      0.7875000      0.8591828    
   7.625000      0.7875000      0.8846030    
   7.875000      0.7875000      0.9099821    
   8.125000      0.7875000      0.9353417    
   8.375000      0.7875000      0.9606062    
   8.625000      0.7875000      0.9859685    
   8.875000      0.7875000       1.010860    
   9.125000      0.7875000       1.036792    
   9.375000      0.7875000       1.059818    
   9.625000      0.7875000       1.087092    
   9.875000      0.7875000       1.110040    
   10.00000      0.7875000       1.000000    
 
  0.0000000E+00  0.8125000      0.0000000E+00
  0.1250000      0.8125000      2.7653942E-02
  0.3750000      0.8125000      8.7453529E-02
  0.6250000      0.8125000      0.1367646    
  0.8750000      0.8125000      0.1781326    
   1.125000      0.8125000      0.2143581    
   1.375000      0.8125000      0.2472516    
   1.625000      0.8125000      0.2779460    
   1.875000      0.8125000      0.3071634    
   2.125000      0.8125000      0.3353740    
   2.375000      0.8125000      0.3628887    
   2.625000      0.8125000      0.3899183    
   2.875000      0.8125000      0.4166037    
   3.125000      0.8125000      0.4430427    
   3.375000      0.8125000      0.4693002    
   3.625000      0.8125000      0.4954220    
   3.875000      0.8125000      0.5214393    
   4.125000      0.8125000      0.5473747    
   4.375000      0.8125000      0.5732434    
   4.625000      0.8125000      0.5990559    
   4.875000      0.8125000      0.6248216    
   5.125000      0.8125000      0.6505447    
   5.375000      0.8125000      0.6762314    
   5.625000      0.8125000      0.7018825    
   5.875000      0.8125000      0.7275029    
   6.125000      0.8125000      0.7530950    
   6.375000      0.8125000      0.7786580    
   6.625000      0.8125000      0.8041962    
   6.875000      0.8125000      0.8297087    
   7.125000      0.8125000      0.8551912    
   7.375000      0.8125000      0.8806428    
   7.625000      0.8125000      0.9060636    
   7.875000      0.8125000      0.9314433    
   8.125000      0.8125000      0.9567999    
   8.375000      0.8125000      0.9820665    
   8.625000      0.8125000       1.007411    
   8.875000      0.8125000       1.032334    
   9.125000      0.8125000       1.058152    
   9.375000      0.8125000       1.081391    
   9.625000      0.8125000       1.107828    
   9.875000      0.8125000       1.127716    
   10.00000      0.8125000       1.000000    
 
  0.0000000E+00  0.8375000      0.0000000E+00
  0.1250000      0.8375000      3.6334507E-02
  0.3750000      0.8375000      0.1032921    
  0.6250000      0.8375000      0.1554665    
  0.8750000      0.8375000      0.1982039    
   1.125000      0.8375000      0.2351867    
   1.375000      0.8375000      0.2685381    
   1.625000      0.8375000      0.2995248    
   1.875000      0.8375000      0.3289348    
   2.125000      0.8375000      0.3572752    
   2.375000      0.8375000      0.3848784    
   2.625000      0.8375000      0.4119695    
   2.875000      0.8375000      0.4386980    
   3.125000      0.8375000      0.4651679    
   3.375000      0.8375000      0.4914476    
   3.625000      0.8375000      0.5175860    
   3.875000      0.8375000      0.5436158    
   4.125000      0.8375000      0.5695611    
   4.375000      0.8375000      0.5954373    
   4.625000      0.8375000      0.6212563    
   4.875000      0.8375000      0.6470276    
   5.125000      0.8375000      0.6727555    
   5.375000      0.8375000      0.6984462    
   5.625000      0.8375000      0.7241011    
   5.875000      0.8375000      0.7497252    
   6.125000      0.8375000      0.7753205    
   6.375000      0.8375000      0.8008865    
   6.625000      0.8375000      0.8264276    
   6.875000      0.8375000      0.8519422    
   7.125000      0.8375000      0.8774261    
   7.375000      0.8375000      0.9028790    
   7.625000      0.8375000      0.9282997    
   7.875000      0.8375000      0.9536794    
   8.125000      0.8375000      0.9790327    
   8.375000      0.8375000       1.004301    
   8.625000      0.8375000       1.029629    
   8.875000      0.8375000       1.054579    
   9.125000      0.8375000       1.080294    
   9.375000      0.8375000       1.103700    
   9.625000      0.8375000       1.129346    
   9.875000      0.8375000       1.144583    
   10.00000      0.8375000       1.000000    
 
  0.0000000E+00  0.8625000      0.0000000E+00
  0.1250000      0.8625000      4.6972413E-02
  0.3750000      0.8625000      0.1208998    
  0.6250000      0.8625000      0.1755545    
  0.8750000      0.8625000      0.2194178    
   1.125000      0.8625000      0.2570088    
   1.375000      0.8625000      0.2907241    
   1.625000      0.8625000      0.3219414    
   1.875000      0.8625000      0.3515030    
   2.125000      0.8625000      0.3799452    
   2.375000      0.8625000      0.4076177    
   2.625000      0.8625000      0.4347569    
   2.875000      0.8625000      0.4615191    
   3.125000      0.8625000      0.4880130    
   3.375000      0.8625000      0.5143100    
   3.625000      0.8625000      0.5404612    
   3.875000      0.8625000      0.5665006    
   4.125000      0.8625000      0.5924536    
   4.375000      0.8625000      0.6183358    
   4.625000      0.8625000      0.6441596    
   4.875000      0.8625000      0.6699350    
   5.125000      0.8625000      0.6956669    
   5.375000      0.8625000      0.7213603    
   5.625000      0.8625000      0.7470182    
   5.875000      0.8625000      0.7726451    
   6.125000      0.8625000      0.7982429    
   6.375000      0.8625000      0.8238110    
   6.625000      0.8625000      0.8493541    
   6.875000      0.8625000      0.8748703    
   7.125000      0.8625000      0.9003553    
   7.375000      0.8625000      0.9258086    
   7.625000      0.8625000      0.9512290    
   7.875000      0.8625000      0.9766080    
   8.125000      0.8625000       1.001958    
   8.375000      0.8625000       1.027227    
   8.625000      0.8625000       1.052539    
   8.875000      0.8625000       1.077513    
   9.125000      0.8625000       1.103135    
   9.375000      0.8625000       1.126667    
   9.625000      0.8625000       1.151536    
   9.875000      0.8625000       1.160791    
   10.00000      0.8625000       1.000000    
 
  0.0000000E+00  0.8875000      0.0000000E+00
  0.1250000      0.8875000      5.9801336E-02
  0.3750000      0.8875000      0.1402252    
  0.6250000      0.8875000      0.1969189    
  0.8750000      0.8875000      0.2416605    
   1.125000      0.8875000      0.2797155    
   1.375000      0.8875000      0.3137052    
   1.625000      0.8875000      0.3450955    
   1.875000      0.8875000      0.3747703    
   2.125000      0.8875000      0.4032886    
   2.375000      0.8875000      0.4310126    
   2.625000      0.8875000      0.4581876    
   2.875000      0.8875000      0.4849746    
   3.125000      0.8875000      0.5114864    
   3.375000      0.8875000      0.5377961    
   3.625000      0.8875000      0.5639569    
   3.875000      0.8875000      0.5900031    
   4.125000      0.8875000      0.6159618    
   4.375000      0.8875000      0.6418481    
   4.625000      0.8875000      0.6676756    
   4.875000      0.8875000      0.6934544    
   5.125000      0.8875000      0.7191887    
   5.375000      0.8875000      0.7448843    
   5.625000      0.8875000      0.7705441    
   5.875000      0.8875000      0.7961732    
   6.125000      0.8875000      0.8217725    
   6.375000      0.8875000      0.8473420    
   6.625000      0.8875000      0.8728867    
   6.875000      0.8875000      0.8984039    
   7.125000      0.8875000      0.9238896    
   7.375000      0.8875000      0.9493427    
   7.625000      0.8875000      0.9747624    
   7.875000      0.8875000       1.000141    
   8.125000      0.8875000       1.025487    
   8.375000      0.8875000       1.050756    
   8.625000      0.8875000       1.076055    
   8.875000      0.8875000       1.101048    
   9.125000      0.8875000       1.126589    
   9.375000      0.8875000       1.150208    
   9.625000      0.8875000       1.174298    
   9.875000      0.8875000       1.176629    
   10.00000      0.8875000       1.000000    
 
  0.0000000E+00  0.9125000      0.0000000E+00
  0.1250000      0.9125000      7.5019233E-02
  0.3750000      0.9125000      0.1611570    
  0.6250000      0.9125000      0.2194157    
  0.8750000      0.9125000      0.2647970    
   1.125000      0.9125000      0.3031825    
   1.375000      0.9125000      0.3373654    
   1.625000      0.9125000      0.3688767    
   1.875000      0.9125000      0.3986306    
   2.125000      0.9125000      0.4272017    
   2.375000      0.9125000      0.4549615    
   2.625000      0.9125000      0.4821613    
   2.875000      0.9125000      0.5089656    
   3.125000      0.9125000      0.5354896    
   3.375000      0.9125000      0.5618082    
   3.625000      0.9125000      0.5879754    
   3.875000      0.9125000      0.6140264    
   4.125000      0.9125000      0.6399890    
   4.375000      0.9125000      0.6658782    
   4.625000      0.9125000      0.6917079    
   4.875000      0.9125000      0.7174891    
   5.125000      0.9125000      0.7432249    
   5.375000      0.9125000      0.7689220    
   5.625000      0.9125000      0.7945830    
   5.875000      0.9125000      0.8202138    
   6.125000      0.9125000      0.8458140    
   6.375000      0.9125000      0.8713847    
   6.625000      0.9125000      0.8969300    
   6.875000      0.9125000      0.9224478    
   7.125000      0.9125000      0.9479340    
   7.375000      0.9125000      0.9733865    
   7.625000      0.9125000      0.9988055    
   7.875000      0.9125000       1.024183    
   8.125000      0.9125000       1.049526    
   8.375000      0.9125000       1.074795    
   8.625000      0.9125000       1.100082    
   8.875000      0.9125000       1.125089    
   9.125000      0.9125000       1.150564    
   9.375000      0.9125000       1.174235    
   9.625000      0.9125000       1.197556    
   9.875000      0.9125000       1.192544    
   10.00000      0.9125000       1.000000    
 
  0.0000000E+00  0.9375000      0.0000000E+00
  0.1250000      0.9375000      9.2761882E-02
  0.3750000      0.9375000      0.1835207    
  0.6250000      0.9375000      0.2428689    
  0.8750000      0.9375000      0.2886723    
   1.125000      0.9375000      0.3272709    
   1.375000      0.9375000      0.3615770    
   1.625000      0.9375000      0.3931648    
   1.875000      0.9375000      0.4229687    
   2.125000      0.9375000      0.4515730    
   2.375000      0.9375000      0.4793550    
   2.625000      0.9375000      0.5065703    
   2.875000      0.9375000      0.5333854    
   3.125000      0.9375000      0.5599170    
   3.375000      0.9375000      0.5862409    
   3.625000      0.9375000      0.6124121    
   3.875000      0.9375000      0.6384661    
   4.125000      0.9375000      0.6644312    
   4.375000      0.9375000      0.6903220    
   4.625000      0.9375000      0.7161533    
   4.875000      0.9375000      0.7419358    
   5.125000      0.9375000      0.7676727    
   5.375000      0.9375000      0.7933704    
   5.625000      0.9375000      0.8190323    
   5.875000      0.9375000      0.8446639    
   6.125000      0.9375000      0.8702646    
   6.375000      0.9375000      0.8958361    
   6.625000      0.9375000      0.9213815    
   6.875000      0.9375000      0.9468995    
   7.125000      0.9375000      0.9723859    
   7.375000      0.9375000      0.9978379    
   7.625000      0.9375000       1.023256    
   7.875000      0.9375000       1.048632    
   8.125000      0.9375000       1.073973    
   8.375000      0.9375000       1.099241    
   8.625000      0.9375000       1.124519    
   8.875000      0.9375000       1.149537    
   9.125000      0.9375000       1.174958    
   9.375000      0.9375000       1.198653    
   9.625000      0.9375000       1.221257    
   9.875000      0.9375000       1.209168    
   10.00000      0.9375000       1.000000    
 
  0.0000000E+00  0.9625000      0.0000000E+00
  0.1250000      0.9625000      0.1130711    
  0.3750000      0.9625000      0.2070781    
  0.6250000      0.9625000      0.2670737    
  0.8750000      0.9625000      0.3131144    
   1.125000      0.9625000      0.3518295    
   1.375000      0.9625000      0.3862020    
   1.625000      0.9625000      0.4178308    
   1.875000      0.9625000      0.4476610    
   2.125000      0.9625000      0.4762828    
   2.375000      0.9625000      0.5040766    
   2.625000      0.9625000      0.5313001    
   2.875000      0.9625000      0.5581208    
   3.125000      0.9625000      0.5846563    
   3.375000      0.9625000      0.6109830    
   3.625000      0.9625000      0.6371562    
   3.875000      0.9625000      0.6632119    
   4.125000      0.9625000      0.6891782    
   4.375000      0.9625000      0.7150698    
   4.625000      0.9625000      0.7409019    
   4.875000      0.9625000      0.7666852    
   5.125000      0.9625000      0.7924224    
   5.375000      0.9625000      0.8181206    
   5.625000      0.9625000      0.8437828    
   5.875000      0.9625000      0.8694148    
   6.125000      0.9625000      0.8950160    
   6.375000      0.9625000      0.9205875    
   6.625000      0.9625000      0.9461329    
   6.875000      0.9625000      0.9716512    
   7.125000      0.9625000      0.9971375    
   7.375000      0.9625000       1.022589    
   7.625000      0.9625000       1.048006    
   7.875000      0.9625000       1.073381    
   8.125000      0.9625000       1.098721    
   8.375000      0.9625000       1.123988    
   8.625000      0.9625000       1.149258    
   8.875000      0.9625000       1.174284    
   9.125000      0.9625000       1.199667    
   9.375000      0.9625000       1.223367    
   9.625000      0.9625000       1.245380    
   9.875000      0.9625000       1.227355    
   10.00000      0.9625000       1.000000    
 
  0.0000000E+00  0.9875000      0.0000000E+00
  0.1250000      0.9875000      0.1358572    
  0.3750000      0.9875000      0.2315315    
  0.6250000      0.9875000      0.2918009    
  0.8750000      0.9875000      0.3379358    
   1.125000      0.9875000      0.3766955    
   1.375000      0.9875000      0.4110929    
   1.625000      0.9875000      0.4427367    
   1.875000      0.9875000      0.4725766    
   2.125000      0.9875000      0.5012046    
   2.375000      0.9875000      0.5290028    
   2.625000      0.9875000      0.5562294    
   2.875000      0.9875000      0.5830520    
   3.125000      0.9875000      0.6095889    
   3.375000      0.9875000      0.6359164    
   3.625000      0.9875000      0.6620904    
   3.875000      0.9875000      0.6881467    
   4.125000      0.9875000      0.7141134    
   4.375000      0.9875000      0.7400053    
   4.625000      0.9875000      0.7658375    
   4.875000      0.9875000      0.7916213    
   5.125000      0.9875000      0.8173584    
   5.375000      0.9875000      0.8430566    
   5.625000      0.9875000      0.8687190    
   5.875000      0.9875000      0.8943512    
   6.125000      0.9875000      0.9199525    
   6.375000      0.9875000      0.9455242    
   6.625000      0.9875000      0.9710695    
   6.875000      0.9875000      0.9965877    
   7.125000      0.9875000       1.022074    
   7.375000      0.9875000       1.047525    
   7.625000      0.9875000       1.072942    
   7.875000      0.9875000       1.098316    
   8.125000      0.9875000       1.123655    
   8.375000      0.9875000       1.148921    
   8.625000      0.9875000       1.174188    
   8.875000      0.9875000       1.199217    
   9.125000      0.9875000       1.224580    
   9.375000      0.9875000       1.248278    
   9.625000      0.9875000       1.269932    
   9.875000      0.9875000       1.248226    
   10.00000      0.9875000       1.000000    
 
  0.0000000E+00   1.000000      0.0000000E+00
  0.1250000       1.000000      0.1358572    
  0.3750000       1.000000      0.2315315    
  0.6250000       1.000000      0.2918009    
  0.8750000       1.000000      0.3379358    
   1.125000       1.000000      0.3766955    
   1.375000       1.000000      0.4110929    
   1.625000       1.000000      0.4427367    
   1.875000       1.000000      0.4725766    
   2.125000       1.000000      0.5012046    
   2.375000       1.000000      0.5290028    
   2.625000       1.000000      0.5562294    
   2.875000       1.000000      0.5830520    
   3.125000       1.000000      0.6095889    
   3.375000       1.000000      0.6359164    
   3.625000       1.000000      0.6620904    
   3.875000       1.000000      0.6881467    
   4.125000       1.000000      0.7141134    
   4.375000       1.000000      0.7400053    
   4.625000       1.000000      0.7658375    
   4.875000       1.000000      0.7916213    
   5.125000       1.000000      0.8173584    
   5.375000       1.000000      0.8430566    
   5.625000       1.000000      0.8687190    
   5.875000       1.000000      0.8943512    
   6.125000       1.000000      0.9199525    
   6.375000       1.000000      0.9455242    
   6.625000       1.000000      0.9710695    
   6.875000       1.000000      0.9965877    
   7.125000       1.000000       1.022074    
   7.375000       1.000000       1.047525    
   7.625000       1.000000       1.072942    
   7.875000       1.000000       1.098316    
   8.125000       1.000000       1.123655    
   8.375000       1.000000       1.148921    
   8.625000       1.000000       1.174188    
   8.875000       1.000000       1.199217    
   9.125000       1.000000       1.224580    
   9.375000       1.000000       1.248278    
   9.625000       1.000000       1.269932    
   9.875000       1.000000       1.248226    
   10.00000       1.000000       1.000000    
 
