  0.0000000E+00  0.0000000E+00
  1.6304348E-02  0.4317813    
  4.8913043E-02  0.8226460    
  8.1521735E-02   2.292065    
  0.1141304       3.754403    
  0.1467391       5.103214    
  0.1793478       6.328063    
  0.2119565       7.427925    
  0.2445652       8.402699    
  0.2771739       9.252378    
  0.3097826       9.976960    
  0.3423913       10.57645    
  0.3750000       11.05083    
  0.4076087       11.40012    
  0.4402174       11.62431    
  0.4728261       11.72341    
  0.5054348       11.69751    
  0.5380435       11.54714    
  0.5706521       11.27652    
  0.6032609       10.91807    
  0.6358696       10.60740    
  0.6684783       10.35782    
  0.7010870       10.17061    
  0.7336956       10.04576    
  0.7663044       9.982415    
  0.7989130       9.974049    
  0.8315217       9.970894    
  0.8641305       9.967972    
  0.8967392       9.964648    
  0.9293479       9.960655    
  0.9619566       9.955678    
  0.9945652       9.949293    
   1.027174       9.940936    
   1.059783       9.929873    
   1.092391       9.915164    
   1.125000       9.895649    
   1.157609       9.869907    
   1.190217       9.836265    
   1.222826       9.792773    
   1.255435       9.737255    
   1.288043       9.667459    
   1.320652       9.582224    
   1.353261       9.490952    
   1.385870       9.492749    
   1.418478       10.43877    
   1.451087       19.45304    
   1.483696       95.75312    
   1.500000       95.75312    
