   3.33333351E-02  0.999972641    
  0.100000009      0.999999523    
  0.166666687       1.00000358    
  0.233333349      0.999999702    
  0.300000012       1.00000358    
  0.366666675      0.999998748    
  0.433333367       1.00000012    
  0.500000000       1.00000083    
  0.566666722       1.00000930    
  0.633333325       1.00001657    
  0.700000048      0.999997675    
  0.766666710       1.00001693    
  0.833333373       1.00000131    
  0.900000095      0.999998569    
  0.966666698      0.999998748    
   1.03333330      0.999999583    
   1.10000014       1.00000119    
   1.16666675       1.00000155    
   1.23333335       1.00000238    
   1.30000007      0.999999642    
   1.96666670      0.999999642    
