   3.33333351E-02   6.68126345E-03
  0.100000009       6.67357445E-03
  0.166666687       6.67488575E-03
  0.233333349       6.67959452E-03
  0.300000012       6.68781996E-03
  0.366666675       6.69759512E-03
  0.433333367       6.70784712E-03
  0.500000000       6.72006607E-03
  0.566666722       6.73460960E-03
  0.633333325       6.74957037E-03
  0.700000048       6.77287579E-03
  0.766666710       6.79779053E-03
  0.833333373       6.82753325E-03
  0.900000095       6.87634945E-03
  0.966666698       7.25960732E-03
   1.03333330      -7.26222992E-03
   1.10000014      -7.04240799E-03
