   3.33333351E-02   6.97666407E-03
  0.100000009       6.96921349E-03
  0.166666687       6.97022676E-03
  0.233333349       6.97284937E-03
  0.300000012       6.98208809E-03
  0.366666675       6.98947906E-03
  0.433333367       7.00002909E-03
  0.500000000       7.01212883E-03
  0.566666722       7.02512264E-03
  0.633333325       7.04091787E-03
  0.700000048       7.06309080E-03
  0.766666710       7.08681345E-03
  0.833333373       7.11584091E-03
  0.900000095       7.16406107E-03
  0.966666698       7.54696131E-03
   1.03333330      -6.98268414E-03
   1.10000014      -6.76393509E-03
