   3.33333351E-02  0.986697674    
  0.100000009      0.986703694    
  0.166666687      0.986702681    
  0.233333349      0.986696839    
  0.300000012      0.986689091    
  0.366666675      0.986678839    
  0.433333367      0.986661375    
  0.500000000      0.986646116    
  0.566666722      0.986636043    
  0.633333325      0.986629069    
  0.700000048      0.986633122    
  0.766666710      0.986652195    
  0.833333373      0.986719310    
  0.900000095      0.986945808    
  0.966666698      0.988223851    
   3.33333351E-02  0.986426413    
  0.100000009      0.986429393    
  0.166666687      0.986422002    
  0.233333349      0.986406565    
  0.300000012      0.986384690    
  0.366666675      0.986355364    
  0.433333367      0.986311376    
  0.500000000      0.986261368    
  0.566666722      0.986203194    
  0.633333325      0.986127853    
  0.700000048      0.986031055    
  0.766666710      0.985887587    
  0.833333373      0.985656321    
  0.900000095      0.985168099    
  0.966666698      0.983140647    
