   3.33333351E-02  0.993023336    
  0.100000009      0.993030787    
  0.166666687      0.993029773    
  0.233333349      0.993027151    
  0.300000012      0.993017912    
  0.366666675      0.993010521    
  0.433333367      0.992999971    
  0.500000000      0.992987871    
  0.566666722      0.992974877    
  0.633333325      0.992959082    
  0.700000048      0.992936909    
  0.766666710      0.992913187    
  0.833333373      0.992884159    
  0.900000095      0.992835939    
  0.966666698      0.992453039    
   1.03333330       1.00698268    
   1.10000014       1.00676394    
