   3.33333351E-02  0.923332334    
  0.100000009      0.947755337    
  0.166666687      0.957904875    
  0.233333349      0.964405179    
  0.300000012      0.969290078    
  0.366666675      0.973280370    
  0.433333367      0.976729810    
  0.500000000      0.979846776    
  0.566666722      0.982775331    
  0.633333325      0.985642731    
  0.700000048      0.988570750    
  0.766666710      0.991719782    
  0.833333373      0.995358407    
  0.900000095       1.00008774    
  0.966666698       1.00821376    
   3.33333351E-02  0.930946410    
  0.100000009      0.948072553    
  0.166666687      0.957775891    
  0.233333349      0.964194894    
  0.300000012      0.969040632    
  0.366666675      0.972997308    
  0.433333367      0.976409853    
  0.500000000      0.979481757    
  0.566666722      0.982351601    
  0.633333325      0.985138357    
  0.700000048      0.987950027    
  0.766666710      0.990914404    
  0.833333373      0.994216204    
  0.900000095      0.998125792    
  0.966666698       1.00252783    
