   3.33333351E-02  0.921676040    
  0.100000009      0.946182013    
  0.166666687      0.956391454    
  0.233333349      0.962957680    
  0.300000012      0.967920482    
  0.366666675      0.972003043    
  0.433333367      0.975557625    
  0.500000000      0.978789985    
  0.566666722      0.981843293    
  0.633333325      0.984846950    
  0.700000048      0.987913251    
  0.766666710      0.991203308    
  0.833333373      0.994987667    
  0.900000095      0.999857366    
  0.966666698       1.00811672    
   3.33333351E-02  0.929241061    
  0.100000009      0.946438432    
  0.166666687      0.956202984    
  0.233333349      0.962690353    
  0.300000012      0.967617333    
  0.366666675      0.971670330    
  0.433333367      0.975192666    
  0.500000000      0.978384674    
  0.566666722      0.981384575    
  0.633333325      0.984313548    
  0.700000048      0.987269342    
  0.766666710      0.990381181    
  0.833333373      0.993834317    
  0.900000095      0.997889936    
  0.966666698       1.00241816    
