   3.33333351E-02  0.921662927    
  0.100000009      0.946170509    
  0.166666687      0.956380904    
  0.233333349      0.962949216    
  0.300000012      0.967910707    
  0.366666675      0.971993148    
  0.433333367      0.975548506    
  0.500000000      0.978780508    
  0.566666722      0.981835246    
  0.633333325      0.984838188    
  0.700000048      0.987904429    
  0.766666710      0.991196811    
  0.833333373      0.994980454    
  0.900000095      0.999852061    
  0.966666698       1.00811148    
   3.33333351E-02  0.929227352    
  0.100000009      0.946426451    
  0.166666687      0.956191897    
  0.233333349      0.962681592    
  0.300000012      0.967607319    
  0.366666675      0.971659780    
  0.433333367      0.975182950    
  0.500000000      0.978374779    
  0.566666722      0.981376112    
  0.633333325      0.984304488    
  0.700000048      0.987260163    
  0.766666710      0.990374088    
  0.833333373      0.993826628    
  0.900000095      0.997884214    
  0.966666698       1.00241220    
