   3.33333351E-02  0.922445178    
  0.100000009      0.946932018    
  0.166666687      0.957132578    
  0.233333349      0.963691056    
  0.300000012      0.968643904    
  0.366666675      0.972716093    
  0.433333367      0.976253867    
  0.500000000      0.979467273    
  0.566666722      0.982505620    
  0.633333325      0.985483527    
  0.700000048      0.988527298    
  0.766666710      0.991799951    
  0.833333373      0.995561957    
  0.900000095       1.00041413    
  0.966666698       1.00865579    
   3.33333351E-02  0.930022895    
  0.100000009      0.947208643    
  0.166666687      0.956964791    
  0.233333349      0.963444173    
  0.300000012      0.968360662    
  0.366666675      0.972402155    
  0.433333367      0.975906014    
  0.500000000      0.979078114    
  0.566666722      0.982061327    
  0.633333325      0.984963119    
  0.700000048      0.987894654    
  0.766666710      0.990986943    
  0.833333373      0.994416356    
  0.900000095      0.998453796    
  0.966666698       1.00296879    
