   3.33333351E-02  0.921816170    
  0.100000009      0.946328282    
  0.166666687      0.956541836    
  0.233333349      0.963115156    
  0.300000012      0.968085647    
  0.366666675      0.972172737    
  0.433333367      0.975732982    
  0.500000000      0.978972197    
  0.566666722      0.982031107    
  0.633333325      0.985039175    
  0.700000048      0.988112211    
  0.766666710      0.991411924    
  0.833333373      0.995202303    
  0.900000095       1.00008106    
  0.966666698       1.00834990    
   3.33333351E-02  0.929381132    
  0.100000009      0.946587026    
  0.166666687      0.956356406    
  0.233333349      0.962851048    
  0.300000012      0.967785776    
  0.366666675      0.971843302    
  0.433333367      0.975371361    
  0.500000000      0.978570640    
  0.566666722      0.981576025    
  0.633333325      0.984509647    
  0.700000048      0.987471938    
  0.766666710      0.990593493    
  0.833333373      0.994053066    
  0.900000095      0.998117924    
  0.966666698       1.00265646    
