   3.33333351E-02   4.58811992E-04
  0.100000009       9.23437008E-04
  0.166666687       1.39902998E-03
  0.233333349       1.89128099E-03
  0.300000012       2.40685209E-03
  0.366666675       2.95454916E-03
  0.433333367       3.54596740E-03
  0.500000000       4.19643847E-03
  0.566666722       4.92726592E-03
  0.633333325       5.77286445E-03
  0.700000048       6.78953528E-03
  0.766666710       8.07904918E-03
  0.833333373       9.87094827E-03
  0.900000095       1.29139656E-02
  0.966666698       2.32503545E-02
   1.03333330       1.30665936E-02
   1.10000014       9.97975282E-03
