   3.33333351E-02   4.12444904E-04
  0.100000009       8.31113197E-04
  0.166666687       1.26232510E-03
  0.233333349       1.71041349E-03
  0.300000012       2.18449696E-03
  0.366666675       2.69289385E-03
  0.433333367       3.24779423E-03
  0.500000000       3.86498449E-03
  0.566666722       4.56657028E-03
  0.633333325       5.38581889E-03
  0.700000048       6.37963600E-03
  0.766666710       7.65147153E-03
  0.833333373       9.43092257E-03
  0.900000095       1.24652851E-02
  0.966666698       2.27942578E-02
   1.03333330       1.26099419E-02
   1.10000014       9.52946115E-03
