   3.33333351E-02  0.986779332    
  0.100000009      0.986784577    
  0.166666687      0.986784041    
  0.233333349      0.986777842    
  0.300000012      0.986772120    
  0.366666675      0.986760318    
  0.433333367      0.986744285    
  0.500000000      0.986729085    
  0.566666722      0.986717463    
  0.633333325      0.986711323    
  0.700000048      0.986714542    
  0.766666710      0.986731350    
  0.833333373      0.986799479    
  0.900000095      0.987023056    
  0.966666698      0.988299012    
   3.33333351E-02  0.986506820    
  0.100000009      0.986508965    
  0.166666687      0.986502051    
  0.233333349      0.986486077    
  0.300000012      0.986466289    
  0.366666675      0.986435294    
  0.433333367      0.986392975    
  0.500000000      0.986342728    
  0.566666722      0.986283004    
  0.633333325      0.986208558    
  0.700000048      0.986110747    
  0.766666710      0.985965133    
  0.833333373      0.985734582    
  0.900000095      0.985243499    
  0.966666698      0.983213961    
