   3.33333351E-02  0.986495733    
  0.100000009      0.986502528    
  0.166666687      0.986502707    
  0.233333349      0.986496687    
  0.300000012      0.986488521    
  0.366666675      0.986480534    
  0.433333367      0.986463010    
  0.500000000      0.986448586    
  0.566666722      0.986437619    
  0.633333325      0.986429095    
  0.700000048      0.986431539    
  0.766666710      0.986449599    
  0.833333373      0.986515939    
  0.900000095      0.986740530    
  0.966666698      0.988017201    
   3.33333351E-02  0.986219585    
  0.100000009      0.986223161    
  0.166666687      0.986217022    
  0.233333349      0.986201346    
  0.300000012      0.986178696    
  0.366666675      0.986151993    
  0.433333367      0.986107826    
  0.500000000      0.986058533    
  0.566666722      0.985999703    
  0.633333325      0.985922813    
  0.700000048      0.985823989    
  0.766666710      0.985679746    
  0.833333373      0.985447168    
  0.900000095      0.984956741    
  0.966666698      0.982926965    
