   3.50000001E-02  0.227183104    
  0.105000004      0.227570355    
  0.174999997      0.228237927    
  0.245000005      0.227161765    
  0.314999998      0.221554697    
  0.384999990      0.210618675    
  0.454999983      0.195128381    
  0.524999976      0.176260889    
  0.595000029      0.154967308    
  0.664999962      0.131775081    
  0.734999955      0.106740057    
  0.804999948       7.91897178E-02
  0.875000000       4.84410524E-02
  0.944999993      -3.87380123E-02
   1.01499999      -4.33795452E-02
   1.08500004      -4.57717180E-02
