   3.50000001E-02  0.209449768    
  0.105000004      0.209857404    
  0.174999997      0.210542023    
  0.245000005      0.209526956    
  0.314999998      0.204091668    
  0.384999990      0.193467438    
  0.454999983      0.178439617    
  0.524999976      0.160154998    
  0.595000029      0.139541626    
  0.664999962      0.117100537    
  0.734999955       9.28402543E-02
  0.804999948       6.61669374E-02
  0.875000000       3.59036326E-02
  0.944999993      -4.89299297E-02
   1.01499999      -5.13637066E-02
   1.08500004      -5.21482229E-02
