   3.50000001E-02  0.772849143    
  0.105000004      0.772459269    
  0.174999997      0.771799564    
  0.245000005      0.772912323    
  0.314999998      0.778586030    
  0.384999990      0.789567411    
  0.454999983      0.805247724    
  0.524999976      0.823882937    
  0.595000029      0.846135378    
  0.664999962      0.867582858    
  0.734999955      0.894901454    
  0.804999948      0.921496391    
  0.875000000      0.951416969    
  0.944999993       1.04009104    
   1.01499999       1.04566252    
   1.08500004       1.04755282    
   1.15499997       1.04826486    
   1.22500002       1.04895413    
   1.29499996       1.04960001    
   1.99500000       1.04960001    
