   3.50000001E-02   1.93827040E-02
  0.105000004       3.97914834E-02
  0.174999997       6.29388094E-02
  0.245000005       8.91763791E-02
  0.314999998      0.116436265    
  0.384999990      0.142456964    
  0.454999983      0.165930599    
  0.524999976      0.186508939    
  0.595000029      0.204168767    
  0.664999962      0.219666854    
  0.734999955      0.233213797    
  0.804999948      0.246158764    
  0.875000000      0.270579904    
  0.944999993      0.209272832    
   1.01499999      0.180811286    
   1.08500004      0.161904335    
