   3.50000001E-02   9.22002085E-03
  0.105000004       1.94487739E-02
  0.174999997       3.22554149E-02
  0.245000005       4.79823984E-02
  0.314999998       6.48723468E-02
  0.384999990       8.10455978E-02
  0.454999983       9.54984799E-02
  0.524999976      0.107997857    
  0.595000029      0.118737876    
  0.664999962      0.128101796    
  0.734999955      0.136606351    
  0.804999948      0.145250082    
  0.875000000      0.162036121    
  0.944999993       9.91470888E-02
   1.01499999       7.28075728E-02
   1.08500004       5.66707589E-02
