   3.50000001E-02  0.772844255    
  0.105000004      0.772456050    
  0.174999997      0.771796703    
  0.245000005      0.772907197    
  0.314999998      0.778568804    
  0.384999990      0.789582670    
  0.454999983      0.805156529    
  0.524999976      0.823858082    
  0.595000029      0.846252322    
  0.664999962      0.867691994    
  0.734999955      0.894866824    
  0.804999948      0.921405196    
  0.875000000      0.951382935    
  0.944999993       1.04011047    
   1.01499999       1.04569113    
   1.08500004       1.04756606    
   1.15499997       1.04826534    
   1.22500002       1.04894602    
   1.29499996       1.04959011    
   1.99500000       1.04959011    
