   3.50000001E-02   1.92315001E-02
  0.105000004       3.94909605E-02
  0.174999997       6.24925531E-02
  0.245000005       8.85815397E-02
  0.314999998      0.115662783    
  0.384999990      0.141589597    
  0.454999983      0.164639592    
  0.524999976      0.184766710    
  0.595000029      0.202239394    
  0.664999962      0.217423111    
  0.734999955      0.230902418    
  0.804999948      0.243852854    
  0.875000000      0.267834872    
  0.944999993      0.206099346    
   1.01499999      0.177464589    
   1.08500004      0.158446267    
