   3.50000001E-02   1.91891771E-02
  0.105000004       3.94053198E-02
  0.174999997       6.23592921E-02
  0.245000005       8.83963257E-02
  0.314999998      0.115451373    
  0.384999990      0.141274825    
  0.454999983      0.164535373    
  0.524999976      0.184964269    
  0.595000029      0.202405140    
  0.664999962      0.217795819    
  0.734999955      0.231206596    
  0.804999948      0.244280905    
  0.875000000      0.268268496    
  0.944999993      0.207075968    
   1.01499999      0.178610876    
   1.08500004      0.160486713    
