   3.50000001E-02   1.94023401E-02
  0.105000004       3.98311354E-02
  0.174999997       6.29964620E-02
  0.245000005       8.92480388E-02
  0.314999998      0.116533950    
  0.384999990      0.142619818    
  0.454999983      0.166052818    
  0.524999976      0.187248662    
  0.595000029      0.205389693    
  0.664999962      0.219847560    
  0.734999955      0.232364252    
  0.804999948      0.244753912    
  0.875000000      0.268665850    
  0.944999993      0.207239047    
   1.01499999      0.179107398    
   1.08500004      0.160550028    
