   0.00000000       0.00000000       0.00000000    
   1.25000002E-02   0.00000000       0.00000000    
   3.75000015E-02   0.00000000       0.00000000    
   6.25000000E-02   0.00000000       0.00000000    
   8.75000060E-02   0.00000000       0.00000000    
  0.112499997       0.00000000       0.00000000    
  0.137500003       0.00000000       0.00000000    
  0.162499994       0.00000000       0.00000000    
  0.187500000       0.00000000       0.00000000    
  0.212500006       0.00000000       0.00000000    
  0.237500012       0.00000000       0.00000000    
  0.262499988       0.00000000       0.00000000    
  0.287500024       0.00000000       0.00000000    
  0.312500000       0.00000000       0.00000000    
  0.337500006       0.00000000       0.00000000    
  0.362500012       0.00000000       0.00000000    
  0.387499988       0.00000000       0.00000000    
  0.412500024       0.00000000       0.00000000    
  0.437500000       0.00000000       0.00000000    
  0.462500006       0.00000000       0.00000000    
  0.487500012       0.00000000       0.00000000    
  0.512500048       0.00000000       0.00000000    
  0.537500024       0.00000000       0.00000000    
  0.562500000       0.00000000       0.00000000    
  0.587499976       0.00000000       0.00000000    
  0.612500012       0.00000000       0.00000000    
  0.637500048       0.00000000       0.00000000    
  0.662500024       0.00000000       0.00000000    
  0.687500000       0.00000000       0.00000000    
  0.712499976       0.00000000       0.00000000    
  0.737500012       0.00000000       0.00000000    
  0.762500048       0.00000000       0.00000000    
  0.787500024       0.00000000       0.00000000    
  0.812500000       0.00000000       0.00000000    
  0.837499976       0.00000000       0.00000000    
  0.862500012       0.00000000       0.00000000    
  0.887500048       0.00000000       0.00000000    
  0.912500024       0.00000000       0.00000000    
  0.937500000       0.00000000       0.00000000    
  0.962499976       0.00000000       0.00000000    
  0.987500012       0.00000000       0.00000000    
   1.00000000       0.00000000       0.00000000    
 
   0.00000000       1.25000002E-02   1.26372121E-04
   1.25000002E-02   1.25000002E-02   1.26372121E-04
   3.75000015E-02   1.25000002E-02   1.67084567E-04
   6.25000000E-02   1.25000002E-02   2.52851954E-04
   8.75000060E-02   1.25000002E-02   3.91448644E-04
  0.112499997       1.25000002E-02   5.92935190E-04
  0.137500003       1.25000002E-02   8.68253235E-04
  0.162499994       1.25000002E-02   1.22787291E-03
  0.187500000       1.25000002E-02   1.68072968E-03
  0.212500006       1.25000002E-02   2.23356392E-03
  0.237500012       1.25000002E-02   2.89066439E-03
  0.262499988       1.25000002E-02   3.65392445E-03
  0.287500024       1.25000002E-02   4.52310080E-03
  0.312500000       1.25000002E-02   5.49615081E-03
  0.337500006       1.25000002E-02   6.56957878E-03
  0.362500012       1.25000002E-02   7.73871876E-03
  0.387499988       1.25000002E-02   8.99797212E-03
  0.412500024       1.25000002E-02   1.03409579E-02
  0.437500000       1.25000002E-02   1.17605915E-02
  0.462500006       1.25000002E-02   1.32491523E-02
  0.487500012       1.25000002E-02   1.47982668E-02
  0.512500048       1.25000002E-02   1.63989030E-02
  0.537500024       1.25000002E-02   1.80413462E-02
  0.562500000       1.25000002E-02   1.97151676E-02
  0.587499976       1.25000002E-02   2.14091949E-02
  0.612500012       1.25000002E-02   2.31115222E-02
  0.637500048       1.25000002E-02   2.48095207E-02
  0.662500024       1.25000002E-02   2.64898743E-02
  0.687500000       1.25000002E-02   2.81386711E-02
  0.712499976       1.25000002E-02   2.97415238E-02
  0.737500012       1.25000002E-02   3.12836990E-02
  0.762500048       1.25000002E-02   3.27503309E-02
  0.787500024       1.25000002E-02   3.41266133E-02
  0.812500000       1.25000002E-02   3.53980958E-02
  0.837499976       1.25000002E-02   3.65509503E-02
  0.862500012       1.25000002E-02   3.75722498E-02
  0.887500048       1.25000002E-02   3.84503379E-02
  0.912500024       1.25000002E-02   3.91751900E-02
  0.937500000       1.25000002E-02   3.97388749E-02
  0.962499976       1.25000002E-02   4.01364826E-02
  0.987500012       1.25000002E-02   4.03784290E-02
   1.00000000       1.25000002E-02   4.03784290E-02
 
   0.00000000       3.75000015E-02   3.81573191E-04
   1.25000002E-02   3.75000015E-02   3.81573191E-04
   3.75000015E-02   3.75000015E-02   5.04140102E-04
   6.25000000E-02   3.75000015E-02   7.62124197E-04
   8.75000060E-02   3.75000015E-02   1.17864250E-03
  0.112499997       3.75000015E-02   1.78355875E-03
  0.137500003       3.75000015E-02   2.60922988E-03
  0.162499994       3.75000015E-02   3.68643040E-03
  0.187500000       3.75000015E-02   5.04115690E-03
  0.212500006       3.75000015E-02   6.69266284E-03
  0.237500012       3.75000015E-02   8.65271315E-03
  0.262499988       3.75000015E-02   1.09258061E-02
  0.287500024       3.75000015E-02   1.35100074E-02
  0.312500000       3.75000015E-02   1.63980182E-02
  0.337500006       3.75000015E-02   1.95782892E-02
  0.362500012       3.75000015E-02   2.30359603E-02
  0.387499988       3.75000015E-02   2.67535802E-02
  0.412500024       3.75000015E-02   3.07116415E-02
  0.437500000       3.75000015E-02   3.48888710E-02
  0.462500006       3.75000015E-02   3.92624103E-02
  0.487500012       3.75000015E-02   4.38078158E-02
  0.512500048       3.75000015E-02   4.84989956E-02
  0.537500024       3.75000015E-02   5.33081330E-02
  0.562500000       3.75000015E-02   5.82055375E-02
  0.587499976       3.75000015E-02   6.31594583E-02
  0.612500012       3.75000015E-02   6.81361631E-02
  0.637500048       3.75000015E-02   7.30997324E-02
  0.662500024       3.75000015E-02   7.80122429E-02
  0.687500000       3.75000015E-02   8.28338489E-02
  0.712499976       3.75000015E-02   8.75230953E-02
  0.737500012       3.75000015E-02   9.20372754E-02
  0.762500048       3.75000015E-02   9.63330045E-02
  0.787500024       3.75000015E-02  0.100366801    
  0.812500000       3.75000015E-02  0.104095921    
  0.837499976       3.75000015E-02  0.107479148    
  0.862500012       3.75000015E-02  0.110477805    
  0.887500048       3.75000015E-02  0.113056667    
  0.912500024       3.75000015E-02  0.115185209    
  0.937500000       3.75000015E-02  0.116838641    
  0.962499976       3.75000015E-02  0.117999479    
  0.987500012       3.75000015E-02  0.118680805    
   1.00000000       3.75000015E-02  0.118680805    
 
   0.00000000       6.25000000E-02   6.32575888E-04
   1.25000002E-02   6.25000000E-02   6.32575888E-04
   3.75000015E-02   6.25000000E-02   8.34507344E-04
   6.25000000E-02   6.25000000E-02   1.25920121E-03
   8.75000060E-02   6.25000000E-02   1.94419327E-03
  0.112499997       6.25000000E-02   2.93789618E-03
  0.137500003       6.25000000E-02   4.29258356E-03
  0.162499994       6.25000000E-02   6.05768338E-03
  0.187500000       6.25000000E-02   8.27452168E-03
  0.212500006       6.25000000E-02   1.09731238E-02
  0.237500012       6.25000000E-02   1.41710350E-02
  0.262499988       6.25000000E-02   1.78737808E-02
  0.287500024       6.25000000E-02   2.20763106E-02
  0.312500000       6.25000000E-02   2.67649312E-02
  0.337500006       6.25000000E-02   3.19192484E-02
  0.362500012       6.25000000E-02   3.75138558E-02
  0.387499988       6.25000000E-02   4.35196869E-02
  0.412500024       6.25000000E-02   4.99049388E-02
  0.437500000       6.25000000E-02   5.66356480E-02
  0.462500006       6.25000000E-02   6.36760369E-02
  0.487500012       6.25000000E-02   7.09884018E-02
  0.512500048       6.25000000E-02   7.85330683E-02
  0.537500024       6.25000000E-02   8.62680227E-02
  0.562500000       6.25000000E-02   9.41485763E-02
  0.587499976       6.25000000E-02  0.102126904    
  0.612500012       6.25000000E-02  0.110151708    
  0.637500048       6.25000000E-02  0.118167967    
  0.662500024       6.25000000E-02  0.126116738    
  0.687500000       6.25000000E-02  0.133935198    
  0.712499976       6.25000000E-02  0.141556993    
  0.737500012       6.25000000E-02  0.148912475    
  0.762500048       6.25000000E-02  0.155929878    
  0.787500024       6.25000000E-02  0.162536040    
  0.812500000       6.25000000E-02  0.168657973    
  0.837499976       6.25000000E-02  0.174224332    
  0.862500012       6.25000000E-02  0.179167137    
  0.887500048       6.25000000E-02  0.183423847    
  0.912500024       6.25000000E-02  0.186939374    
  0.937500000       6.25000000E-02  0.189667955    
  0.962499976       6.25000000E-02  0.191575304    
  0.987500012       6.25000000E-02  0.192669243    
   1.00000000       6.25000000E-02  0.192669243    
 
   0.00000000       8.75000060E-02   8.75665515E-04
   1.25000002E-02   8.75000060E-02   8.75665515E-04
   3.75000015E-02   8.75000060E-02   1.15256256E-03
   6.25000000E-02   8.75000060E-02   1.73436035E-03
   8.75000060E-02   8.75000060E-02   2.67153047E-03
  0.112499997       8.75000060E-02   4.02901415E-03
  0.137500003       8.75000060E-02   5.87660633E-03
  0.162499994       8.75000060E-02   8.27976782E-03
  0.187500000       8.75000060E-02   1.12924557E-02
  0.212500006       8.75000060E-02   1.49527714E-02
  0.237500012       8.75000060E-02   1.92814544E-02
  0.262499988       8.75000060E-02   2.42826380E-02
  0.287500024       8.75000060E-02   2.99460627E-02
  0.312500000       8.75000060E-02   3.62499431E-02
  0.337500006       8.75000060E-02   4.31639217E-02
  0.362500012       8.75000060E-02   5.06516360E-02
  0.387499988       8.75000060E-02   5.86728342E-02
  0.412500024       8.75000060E-02   6.71848506E-02
  0.437500000       8.75000060E-02   7.61435032E-02
  0.462500006       8.75000060E-02   8.55036080E-02
  0.487500012       8.75000060E-02   9.52188522E-02
  0.512500048       8.75000060E-02  0.105241470    
  0.537500024       8.75000060E-02  0.115521543    
  0.562500000       8.75000060E-02  0.126006186    
  0.587499976       8.75000060E-02  0.136638612    
  0.612500012       8.75000060E-02  0.147357047    
  0.637500048       8.75000060E-02  0.158093989    
  0.662500024       8.75000060E-02  0.168775335    
  0.687500000       8.75000060E-02  0.179320097    
  0.712499976       8.75000060E-02  0.189640313    
  0.737500012       8.75000060E-02  0.199641362    
  0.762500048       8.75000060E-02  0.209223047    
  0.787500024       8.75000060E-02  0.218280703    
  0.812500000       8.75000060E-02  0.226707861    
  0.837499976       8.75000060E-02  0.234398231    
  0.862500012       8.75000060E-02  0.241248608    
  0.887500048       8.75000060E-02  0.247162625    
  0.912500024       8.75000060E-02  0.252053946    
  0.937500000       8.75000060E-02  0.255849600    
  0.962499976       8.75000060E-02  0.258493036    
  0.987500012       8.75000060E-02  0.259980559    
   1.00000000       8.75000060E-02  0.259980559    
 
   0.00000000      0.112499997       1.10723695E-03
   1.25000002E-02  0.112499997       1.10723695E-03
   3.75000015E-02  0.112499997       1.45294738E-03
   6.25000000E-02  0.112499997       2.17848481E-03
   8.75000060E-02  0.112499997       3.34529532E-03
  0.112499997      0.112499997       5.03217801E-03
  0.137500003      0.112499997       7.32330186E-03
  0.162499994      0.112499997       1.02967555E-02
  0.187500000      0.112499997       1.40156383E-02
  0.212500006      0.112499997       1.85227059E-02
  0.237500012      0.112499997       2.38386430E-02
  0.262499988      0.112499997       2.99632382E-02
  0.287500024      0.112499997       3.68784405E-02
  0.312500000      0.112499997       4.45524193E-02
  0.337500006      0.112499997       5.29435761E-02
  0.362500012      0.112499997       6.20042980E-02
  0.387499988      0.112499997       7.16839582E-02
  0.412500024      0.112499997       8.19311067E-02
  0.437500000      0.112499997       9.26947370E-02
  0.462500006      0.112499997      0.103925072    
  0.487500012      0.112499997      0.115573250    
  0.512500048      0.112499997      0.127590790    
  0.537500024      0.112499997      0.139928207    
  0.562500000      0.112499997      0.152533486    
  0.587499976      0.112499997      0.165350229    
  0.612500012      0.112499997      0.178315595    
  0.637500048      0.112499997      0.191358194    
  0.662500024      0.112499997      0.204396680    
  0.687500000      0.112499997      0.217338204    
  0.712499976      0.112499997      0.230077580    
  0.737500012      0.112499997      0.242497399    
  0.762500048      0.112499997      0.254468918    
  0.787500024      0.112499997      0.265853375    
  0.812500000      0.112499997      0.276505738    
  0.837499976      0.112499997      0.286277413    
  0.862500012      0.112499997      0.295021623    
  0.887500048      0.112499997      0.302598327    
  0.912500024      0.112499997      0.308880240    
  0.937500000      0.112499997      0.313758016    
  0.962499976      0.112499997      0.317145348    
  0.987500012      0.112499997      0.319019109    
   1.00000000      0.112499997      0.319019109    
 
   0.00000000      0.137500003       1.32389867E-03
   1.25000002E-02  0.137500003       1.32389867E-03
   3.75000015E-02  0.137500003       1.73073111E-03
   6.25000000E-02  0.137500003       2.58336798E-03
   8.75000060E-02  0.137500003       3.95189691E-03
  0.112499997      0.137500003       5.92580950E-03
  0.137500003      0.137500003       8.59994255E-03
  0.162499994      0.137500003       1.20610483E-02
  0.187500000      0.137500003       1.63773689E-02
  0.212500006      0.137500003       2.15924587E-02
  0.237500012      0.137500003       2.77233552E-02
  0.262499988      0.137500003       3.47622856E-02
  0.287500024      0.137500003       4.26807813E-02
  0.312500000      0.137500003       5.14349788E-02
  0.337500006      0.137500003       6.09710179E-02
  0.362500012      0.137500003       7.12300986E-02
  0.387499988      0.137500003       8.21524709E-02
  0.412500024      0.137500003       9.36806723E-02
  0.437500000      0.137500003      0.105761208    
  0.462500006      0.137500003      0.118345462    
  0.487500012      0.137500003      0.131389439    
  0.512500048      0.137500003      0.144852653    
  0.537500024      0.137500003      0.158695847    
  0.562500000      0.137500003      0.172878519    
  0.587499976      0.137500003      0.187355578    
  0.612500012      0.137500003      0.202074006    
  0.637500048      0.137500003      0.216969013    
  0.662500024      0.137500003      0.231960982    
  0.687500000      0.137500003      0.246952683    
  0.712499976      0.137500003      0.261826992    
  0.737500012      0.137500003      0.276445985    
  0.762500048      0.137500003      0.290651590    
  0.787500024      0.137500003      0.304267466    
  0.812500000      0.137500003      0.317102969    
  0.837499976      0.137500003      0.328957915    
  0.862500012      0.137500003      0.339630157    
  0.887500048      0.137500003      0.348923177    
  0.912500024      0.137500003      0.356655180    
  0.937500000      0.137500003      0.362668276    
  0.962499976      0.137500003      0.366836041    
  0.987500012      0.137500003      0.369106472    
   1.00000000      0.137500003      0.369106472    
 
   0.00000000      0.162499994       1.52254687E-03
   1.25000002E-02  0.162499994       1.52254687E-03
   3.75000015E-02  0.162499994       1.98153872E-03
   6.25000000E-02  0.162499994       2.94196047E-03
   8.75000060E-02  0.162499994       4.47996054E-03
  0.112499997      0.162499994       6.69224886E-03
  0.137500003      0.162499994       9.68029909E-03
  0.162499994      0.162499994       1.35352788E-02
  0.187500000      0.162499994       1.83263626E-02
  0.212500006      0.162499994       2.40939446E-02
  0.237500012      0.162499994       3.08478475E-02
  0.262499988      0.162499994       3.85697298E-02
  0.287500024      0.162499994       4.72183339E-02
  0.312500000      0.162499994       5.67362122E-02
  0.337500006      0.162499994       6.70566782E-02
  0.362500012      0.162499994       7.81103373E-02
  0.387499988      0.162499994       8.98304284E-02
  0.412500024      0.162499994      0.102156788    
  0.437500000      0.162499994      0.115038440    
  0.462500006      0.162499994      0.128434613    
  0.487500012      0.162499994      0.142314136    
  0.512500048      0.162499994      0.156653851    
  0.537500024      0.162499994      0.171435282    
  0.562500000      0.162499994      0.186640665    
  0.587499976      0.162499994      0.202248037    
  0.612500012      0.162499994      0.218225688    
  0.637500048      0.162499994      0.234526455    
  0.662500024      0.162499994      0.251082420    
  0.687500000      0.162499994      0.267799795    
  0.712499976      0.162499994      0.284554839    
  0.737500012      0.162499994      0.301191866    
  0.762500048      0.162499994      0.317522794    
  0.787500024      0.162499994      0.333328575    
  0.812500000      0.162499994      0.348364860    
  0.837499976      0.162499994      0.362368196    
  0.862500012      0.162499994      0.375066400    
  0.887500048      0.162499994      0.386190534    
  0.912500024      0.162499994      0.395487905    
  0.937500000      0.162499994      0.402736008    
  0.962499976      0.162499994      0.407755166    
  0.987500012      0.162499994      0.410453439    
   1.00000000      0.162499994      0.410453439    
 
   0.00000000      0.187500000       1.70043530E-03
   1.25000002E-02  0.187500000       1.70043530E-03
   3.75000015E-02  0.187500000       2.20166077E-03
   6.25000000E-02  0.187500000       3.24856443E-03
   8.75000060E-02  0.187500000       4.92067542E-03
  0.112499997      0.187500000       7.31833745E-03
  0.137500003      0.187500000       1.05455499E-02
  0.162499994      0.187500000       1.46936411E-02
  0.187500000      0.187500000       1.98286436E-02
  0.212500006      0.187500000       2.59840954E-02
  0.237500012      0.187500000       3.31594609E-02
  0.262499988      0.187500000       4.13233489E-02
  0.287500024      0.187500000       5.04200198E-02
  0.312500000      0.187500000       6.03776611E-02
  0.337500006      0.187500000       7.11169913E-02
  0.362500012      0.187500000       8.25594291E-02
  0.387499988      0.187500000       9.46338028E-02
  0.412500024      0.187500000      0.107281379    
  0.437500000      0.187500000      0.120459065    
  0.462500006      0.187500000      0.134140596    
  0.487500012      0.187500000      0.148315772    
  0.512500048      0.187500000      0.162987918    
  0.537500024      0.187500000      0.178169519    
  0.562500000      0.187500000      0.193876371    
  0.587499976      0.187500000      0.210120827    
  0.612500012      0.187500000      0.226903826    
  0.637500048      0.187500000      0.244206667    
  0.662500024      0.187500000      0.261982799    
  0.687500000      0.187500000      0.280149966    
  0.712499976      0.187500000      0.298583716    
  0.737500012      0.187500000      0.317113161    
  0.762500048      0.187500000      0.335519165    
  0.787500024      0.187500000      0.353535533    
  0.812500000      0.187500000      0.370854616    
  0.837499976      0.187500000      0.387136698    
  0.862500012      0.187500000      0.402023375    
  0.887500048      0.187500000      0.415154368    
  0.912500024      0.187500000      0.426186770    
  0.937500000      0.187500000      0.434814930    
  0.962499976      0.187500000      0.440790206    
  0.987500012      0.187500000      0.443967551    
   1.00000000      0.187500000      0.443967551    
 
   0.00000000      0.212500006       1.85523275E-03
   1.25000002E-02  0.212500006       1.85523275E-03
   3.75000015E-02  0.212500006       2.38813926E-03
   6.25000000E-02  0.212500006       3.49898404E-03
   8.75000060E-02  0.212500006       5.26803872E-03
  0.112499997      0.212500006       7.79577764E-03
  0.137500003      0.212500006       1.11847995E-02
  0.162499994      0.212500006       1.55226309E-02
  0.187500000      0.212500006       2.08684988E-02
  0.212500006      0.212500006       2.72459984E-02
  0.237500012      0.212500006       3.46418358E-02
  0.262499988      0.212500006       4.30100039E-02
  0.287500024      0.212500006       5.22795543E-02
  0.312500000      0.212500006       6.23644777E-02
  0.337500006      0.212500006       7.31741786E-02
  0.362500012      0.212500006       8.46230611E-02
  0.387499988      0.212500006       9.66387987E-02
  0.412500024      0.212500006      0.109168410    
  0.437500000      0.212500006      0.122181997    
  0.462500006      0.212500006      0.135674134    
  0.487500012      0.212500006      0.149662763    
  0.512500048      0.212500006      0.164185718    
  0.537500024      0.212500006      0.179295093    
  0.562500000      0.212500006      0.195049629    
  0.587499976      0.212500006      0.211505666    
  0.612500012      0.212500006      0.228706777    
  0.637500048      0.212500006      0.246672466    
  0.662500024      0.212500006      0.265386462    
  0.687500000      0.212500006      0.284786224    
  0.712499976      0.212500006      0.304752469    
  0.737500012      0.212500006      0.325102597    
  0.762500048      0.212500006      0.345586091    
  0.787500024      0.212500006      0.365885317    
  0.812500000      0.212500006      0.385620743    
  0.837499976      0.212500006      0.404363096    
  0.862500012      0.212500006      0.421650410    
  0.887500048      0.212500006      0.437011093    
  0.912500024      0.212500006      0.449990302    
  0.937500000      0.212500006      0.460178763    
  0.962499976      0.212500006      0.467240632    
  0.987500012      0.212500006      0.470964521    
   1.00000000      0.212500006      0.470964521    
 
   0.00000000      0.237500012       1.98507216E-03
   1.25000002E-02  0.237500012       1.98507216E-03
   3.75000015E-02  0.237500012       2.53883190E-03
   6.25000000E-02  0.237500012       3.69061483E-03
   8.75000060E-02  0.237500012       5.51896868E-03
  0.112499997      0.237500012       8.12127627E-03
  0.137500003      0.237500012       1.15952073E-02
  0.162499994      0.237500012       1.60210580E-02
  0.187500000      0.237500012       2.14483067E-02
  0.212500006      0.237500012       2.78883427E-02
  0.237500012      0.237500012       3.53137553E-02
  0.262499988      0.237500012       4.36634123E-02
  0.287500024      0.237500012       5.28515987E-02
  0.312500000      0.237500012       6.27794862E-02
  0.337500006      0.237500012       7.33472258E-02
  0.362500012      0.237500012       8.44651982E-02
  0.387499988      0.237500012       9.60635021E-02
  0.412500024      0.237500012      0.108099058    
  0.437500000      0.237500012      0.120559894    
  0.462500006      0.237500012      0.133466631    
  0.487500012      0.237500012      0.146870777    
  0.512500048      0.237500012      0.160850614    
  0.537500024      0.237500012      0.175504148    
  0.562500000      0.237500012      0.190939963    
  0.587499976      0.237500012      0.207265824    
  0.612500012      0.237500012      0.224575549    
  0.637500048      0.237500012      0.242934942    
  0.662500024      0.237500012      0.262366414    
  0.687500000      0.237500012      0.282834411    
  0.712499976      0.237500012      0.304231852    
  0.737500012      0.237500012      0.326368481    
  0.762500048      0.237500012      0.348964006    
  0.787500024      0.237500012      0.371646613    
  0.812500000      0.237500012      0.393958002    
  0.837499976      0.237500012      0.415367126    
  0.862500012      0.237500012      0.435291797    
  0.887500048      0.237500012      0.453128815    
  0.912500024      0.237500012      0.468289196    
  0.937500000      0.237500012      0.480237573    
  0.962499976      0.237500012      0.488531321    
  0.987500012      0.237500012      0.492878318    
   1.00000000      0.237500012      0.492878318    
 
   0.00000000      0.262499988       2.08858843E-03
   1.25000002E-02  0.262499988       2.08858843E-03
   3.75000015E-02  0.262499988       2.65244883E-03
   6.25000000E-02  0.262499988       3.82246799E-03
   8.75000060E-02  0.262499988       5.67329582E-03
  0.112499997      0.262499988       8.29644501E-03
  0.137500003      0.262499988       1.17817009E-02
  0.162499994      0.262499988       1.61994416E-02
  0.187500000      0.262499988       2.15873159E-02
  0.212500006      0.262499988       2.79432945E-02
  0.237500012      0.262499988       3.52255851E-02
  0.262499988      0.262499988       4.33586463E-02
  0.287500024      0.262499988       5.22436164E-02
  0.312500000      0.262499988       6.17711879E-02
  0.337500006      0.262499988       7.18352273E-02
  0.362500012      0.262499988       8.23453963E-02
  0.387499988      0.262499988       9.32378396E-02
  0.412500024      0.262499988      0.104483023    
  0.437500000      0.262499988      0.116090320    
  0.462500006      0.262499988      0.128109843    
  0.487500012      0.262499988      0.140629858    
  0.512500048      0.262499988      0.153772324    
  0.537500024      0.262499988      0.167684585    
  0.562500000      0.262499988      0.182528704    
  0.587499976      0.262499988      0.198468313    
  0.612500012      0.262499988      0.215652898    
  0.637500048      0.262499988      0.234200686    
  0.662500024      0.262499988      0.254180014    
  0.687500000      0.262499988      0.275589913    
  0.712499976      0.262499988      0.298342198    
  0.737500012      0.262499988      0.322245389    
  0.762500048      0.262499988      0.346993148    
  0.787500024      0.262499988      0.372159511    
  0.812500000      0.262499988      0.397203118    
  0.837499976      0.262499988      0.421481252    
  0.862500012      0.262499988      0.444276690    
  0.887500048      0.262499988      0.464834988    
  0.912500024      0.262499988      0.482410997    
  0.937500000      0.262499988      0.496320784    
  0.962499976      0.262499988      0.505994201    
  0.987500012      0.262499988      0.511043429    
   1.00000000      0.262499988      0.511043429    
 
   0.00000000      0.287500024       2.16494035E-03
   1.25000002E-02  0.287500024       2.16494035E-03
   3.75000015E-02  0.287500024       2.72856094E-03
   6.25000000E-02  0.287500024       3.89513629E-03
   8.75000060E-02  0.287500024       5.73363341E-03
  0.112499997      0.287500024       8.32747016E-03
  0.137500003      0.287500024       1.17562963E-02
  0.162499994      0.287500024       1.60787441E-02
  0.187500000      0.287500024       2.13195272E-02
  0.212500006      0.287500024       2.74630506E-02
  0.237500012      0.287500024       3.44539918E-02
  0.262499988      0.287500024       4.22042385E-02
  0.287500024      0.287500024       5.06043918E-02
  0.312500000      0.287500024       5.95378540E-02
  0.337500006      0.287500024       6.88956603E-02
  0.362500012      0.287500024       7.85902217E-02
  0.387499988      0.287500024       8.85668024E-02
  0.412500024      0.287500024       9.88120735E-02
  0.437500000      0.287500024      0.109358788    
  0.462500006      0.287500024      0.120287552    
  0.487500012      0.287500024      0.131724268    
  0.512500048      0.287500024      0.143834710    
  0.537500024      0.287500024      0.156815782    
  0.562500000      0.287500024      0.170883700    
  0.587499976      0.287500024      0.186259359    
  0.612500012      0.287500024      0.203150719    
  0.637500048      0.287500024      0.221733004    
  0.662500024      0.287500024      0.242126167    
  0.687500000      0.287500024      0.264371276    
  0.712499976      0.287500024      0.288407475    
  0.737500012      0.287500024      0.314049602    
  0.762500048      0.287500024      0.340971559    
  0.787500024      0.287500024      0.368696630    
  0.812500000      0.287500024      0.396599203    
  0.837499976      0.287500024      0.423918664    
  0.862500012      0.287500024      0.449790299    
  0.887500048      0.287500024      0.473291367    
  0.912500024      0.287500024      0.493498832    
  0.937500000      0.287500024      0.509557903    
  0.962499976      0.287500024      0.520750642    
  0.987500012      0.287500024      0.526577473    
   1.00000000      0.287500024      0.526577473    
 
   0.00000000      0.312500000       2.21382594E-03
   1.25000002E-02  0.312500000       2.21382594E-03
   3.75000015E-02  0.312500000       2.76758266E-03
   6.25000000E-02  0.312500000       3.91069986E-03
   8.75000060E-02  0.312500000       5.70512004E-03
  0.112499997      0.312500000       8.22456926E-03
  0.137500003      0.312500000       1.15371011E-02
  0.162499994      0.312500000       1.56886466E-02
  0.187500000      0.312500000       2.06908472E-02
  0.212500006      0.312500000       2.65153944E-02
  0.237500012      0.312500000       3.30952778E-02
  0.262499988      0.312500000       4.03325632E-02
  0.287500024      0.312500000       4.81106676E-02
  0.312500000      0.312500000       5.63093834E-02
  0.337500006      0.312500000       6.48205280E-02
  0.362500012      0.312500000       7.35623837E-02
  0.387499988      0.312500000       8.24917927E-02
  0.412500024      0.312500000       9.16128457E-02
  0.437500000      0.312500000      0.100982033    
  0.462500006      0.312500000      0.110709511    
  0.487500012      0.312500000      0.120956853    
  0.512500048      0.312500000      0.131931186    
  0.537500024      0.312500000      0.143876344    
  0.562500000      0.312500000      0.157060444    
  0.587499976      0.312500000      0.171760529    
  0.612500012      0.312500000      0.188243702    
  0.637500048      0.312500000      0.206744522    
  0.662500024      0.312500000      0.227439776    
  0.687500000      0.312500000      0.250419796    
  0.712499976      0.312500000      0.275659651    
  0.737500012      0.312500000      0.302990019    
  0.762500048      0.312500000      0.332073957    
  0.787500024      0.312500000      0.362390488    
  0.812500000      0.312500000      0.393232077    
  0.837499976      0.312500000      0.423717350    
  0.862500012      0.312500000      0.452825457    
  0.887500048      0.312500000      0.479450375    
  0.912500024      0.312500000      0.502472162    
  0.937500000      0.312500000      0.520843625    
  0.962499976      0.312500000      0.533678412    
  0.987500012      0.312500000      0.540349960    
   1.00000000      0.312500000      0.540349960    
 
   0.00000000      0.337500006       2.23547546E-03
   1.25000002E-02  0.337500006       2.23547546E-03
   3.75000015E-02  0.337500006       2.77072075E-03
   6.25000000E-02  0.337500006       3.87257105E-03
   8.75000060E-02  0.337500006       5.59507497E-03
  0.112499997      0.337500006       8.00131448E-03
  0.137500003      0.337500006       1.11470651E-02
  0.162499994      0.337500006       1.50654502E-02
  0.187500000      0.337500006       1.97557807E-02
  0.212500006      0.337500006       2.51786951E-02
  0.237500012      0.337500006       3.12581435E-02
  0.262499988      0.337500006       3.78896706E-02
  0.287500024      0.337500006       4.49532941E-02
  0.312500000      0.337500006       5.23290038E-02
  0.337500006      0.337500006       5.99127896E-02
  0.362500012      0.337500006       6.76314086E-02
  0.387499988      0.337500006       7.54546821E-02
  0.412500024      0.337500006       8.34042430E-02
  0.437500000      0.337500006       9.15587470E-02
  0.462500006      0.337500006      0.100055158    
  0.487500012      0.337500006      0.109086700    
  0.512500048      0.337500006      0.118897140    
  0.537500024      0.337500006      0.129772246    
  0.562500000      0.337500006      0.142027736    
  0.587499976      0.337500006      0.155993715    
  0.612500012      0.337500006      0.171994865    
  0.637500048      0.337500006      0.190326571    
  0.662500024      0.337500006      0.211226150    
  0.687500000      0.337500006      0.234839931    
  0.712499976      0.337500006      0.261187762    
  0.737500012      0.337500006      0.290126950    
  0.762500048      0.337500006      0.321320117    
  0.787500024      0.337500006      0.354211420    
  0.812500000      0.337500006      0.388017058    
  0.837499976      0.337500006      0.421736032    
  0.862500012      0.337500006      0.454186112    
  0.887500048      0.337500006      0.484066069    
  0.912500024      0.337500006      0.510042727    
  0.937500000      0.337500006      0.530856848    
  0.962499976      0.337500006      0.545434177    
  0.987500012      0.337500006      0.553005993    
   1.00000000      0.337500006      0.553005993    
 
   0.00000000      0.362500012       2.23063631E-03
   1.25000002E-02  0.362500012       2.23063631E-03
   3.75000015E-02  0.362500012       2.73991004E-03
   6.25000000E-02  0.362500012       3.78530566E-03
   8.75000060E-02  0.362500012       5.41257160E-03
  0.112499997      0.362500012       7.67382700E-03
  0.137500003      0.362500012       1.06125958E-02
  0.162499994      0.362500012       1.42498380E-02
  0.187500000      0.362500012       1.85739715E-02
  0.212500006      0.362500012       2.35368814E-02
  0.237500012      0.362500012       2.90565267E-02
  0.262499988      0.362500012       3.50255705E-02
  0.287500024      0.362500012       4.13244329E-02
  0.312500000      0.362500012       4.78368811E-02
  0.337500006      0.362500012       5.44660017E-02
  0.362500012      0.362500012       6.11488745E-02
  0.387499988      0.362500012       6.78687170E-02
  0.412500024      0.362500012       7.46635944E-02
  0.437500000      0.362500012       8.16315264E-02
  0.462500006      0.362500012       8.89320150E-02
  0.487500012      0.362500012       9.67844501E-02
  0.512500048      0.362500012      0.105463050    
  0.537500024      0.362500012      0.115289286    
  0.562500000      0.362500012      0.126620650    
  0.587499976      0.362500012      0.139835551    
  0.612500012      0.362500012      0.155313835    
  0.637500048      0.362500012      0.173411399    
  0.662500024      0.362500012      0.194428906    
  0.687500000      0.362500012      0.218574241    
  0.712499976      0.362500012      0.245920837    
  0.737500012      0.362500012      0.276363105    
  0.762500048      0.362500012      0.309575021    
  0.787500024      0.362500012      0.344976723    
  0.812500000      0.362500012      0.381716877    
  0.837499976      0.362500012      0.418679148    
  0.862500012      0.362500012      0.454518139    
  0.887500048      0.362500012      0.487730026    
  0.912500024      0.362500012      0.516754806    
  0.937500000      0.362500012      0.540103972    
  0.962499976      0.362500012      0.556498528    
  0.987500012      0.362500012      0.565012932    
   1.00000000      0.362500012      0.565012932    
 
   0.00000000      0.387499988       2.20054621E-03
   1.25000002E-02  0.387499988       2.20054621E-03
   3.75000015E-02  0.387499988       2.67772307E-03
   6.25000000E-02  0.387499988       3.65437893E-03
   8.75000060E-02  0.387499988       5.16798301E-03
  0.112499997      0.387499988       7.25992722E-03
  0.137500003      0.387499988       9.96213220E-03
  0.162499994      0.387499988       1.32846283E-02
  0.187500000      0.387499988       1.72068737E-02
  0.212500006      0.387499988       2.16746423E-02
  0.237500012      0.387499988       2.66031437E-02
  0.262499988      0.387499988       3.18856984E-02
  0.287500024      0.387499988       3.74066904E-02
  0.312500000      0.387499988       4.30567376E-02
  0.337500006      0.387499988       4.87482958E-02
  0.362500012      0.387499988       5.44297807E-02
  0.387499988      0.387499988       6.00973889E-02
  0.412500024      0.387499988       6.58035055E-02
  0.437500000      0.387499988       7.16618896E-02
  0.462500006      0.387499988       7.78495371E-02
  0.487500012      0.387499988       8.46058056E-02
  0.512500048      0.387499988       9.22286436E-02
  0.537500024      0.387499988      0.101068221    
  0.562500000      0.387499988      0.111517288    
  0.587499976      0.387499988      0.123997420    
  0.612500012      0.387499988      0.138939872    
  0.637500048      0.387499988      0.156759679    
  0.662500024      0.387499988      0.177822202    
  0.687500000      0.387499988      0.202401340    
  0.712499976      0.387499988      0.230631307    
  0.737500012      0.387499988      0.262453347    
  0.762500048      0.387499988      0.297564328    
  0.787500024      0.387499988      0.335372031    
  0.812500000      0.387499988      0.374968350    
  0.837499976      0.387499988      0.415128499    
  0.862500012      0.387499988      0.454346299    
  0.887500048      0.387499988      0.490911424    
  0.912500024      0.387499988      0.523027718    
  0.937500000      0.387499988      0.548964083    
  0.962499976      0.387499988      0.567221761    
  0.987500012      0.387499988      0.576706290    
   1.00000000      0.387499988      0.576706290    
 
   0.00000000      0.412500024       2.14688899E-03
   1.25000002E-02  0.412500024       2.14688899E-03
   3.75000015E-02  0.412500024       2.58726627E-03
   6.25000000E-02  0.412500024       3.48594319E-03
   8.75000060E-02  0.412500024       4.87249577E-03
  0.112499997      0.412500024       6.77829143E-03
  0.137500003      0.412500024       9.22477152E-03
  0.162499994      0.412500024       1.22126872E-02
  0.187500000      0.412500024       1.57147478E-02
  0.212500006      0.412500024       1.96733624E-02
  0.237500012      0.412500024       2.40040738E-02
  0.262499988      0.412500024       2.86041126E-02
  0.287500024      0.412500024       3.33648212E-02
  0.312500000      0.412500024       3.81861515E-02
  0.337500006      0.412500024       4.29913737E-02
  0.362500012      0.412500024       4.77405749E-02
  0.387499988      0.412500024       5.24417907E-02
  0.412500024      0.412500024       5.71591295E-02
  0.437500000      0.412500024       6.20180666E-02
  0.462500006      0.412500024       6.72079027E-02
  0.487500012      0.412500024       7.29818121E-02
  0.512500048      0.412500024       7.96547607E-02
  0.537500024      0.412500024       8.75988975E-02
  0.562500000      0.412500024       9.72358882E-02
  0.587499976      0.412500024      0.109024800    
  0.612500012      0.412500024      0.123444133    
  0.637500048      0.412500024      0.140965596    
  0.662500024      0.412500024      0.162019119    
  0.687500000      0.412500024      0.186946943    
  0.712499976      0.412500024      0.215949252    
  0.737500012      0.412500024      0.249022037    
  0.762500048      0.412500024      0.285895199    
  0.787500024      0.412500024      0.325975806    
  0.812500000      0.412500024      0.368309975    
  0.837499976      0.412500024      0.411574125    
  0.862500012      0.412500024      0.454107046    
  0.887500048      0.412500024      0.493992656    
  0.912500024      0.412500024      0.529193521    
  0.937500000      0.412500024      0.557726800    
  0.962499976      0.412500024      0.577862978    
  0.987500012      0.412500024      0.588329256    
   1.00000000      0.412500024      0.588329256    
 
   0.00000000      0.437500000       2.07174593E-03
   1.25000002E-02  0.437500000       2.07174593E-03
   3.75000015E-02  0.437500000       2.47206446E-03
   6.25000000E-02  0.437500000       3.28657613E-03
   8.75000060E-02  0.437500000       4.53763781E-03
  0.112499997      0.437500000       6.24763872E-03
  0.137500003      0.437500000       8.42900481E-03
  0.162499994      0.437500000       1.10750888E-02
  0.187500000      0.437500000       1.41541259E-02
  0.212500006      0.437500000       1.76077671E-02
  0.237500012      0.437500000       2.13546455E-02
  0.262499988      0.437500000       2.52985992E-02
  0.287500024      0.437500000       2.93402784E-02
  0.312500000      0.437500000       3.33906449E-02
  0.337500006      0.437500000       3.73846367E-02
  0.362500012      0.437500000       4.12936546E-02
  0.387499988      0.437500000       4.51360345E-02
  0.412500024      0.437500000       4.89848815E-02
  0.437500000      0.437500000       5.29735088E-02
  0.462500006      0.437500000       5.72986677E-02
  0.487500012      0.437500000       6.22219294E-02
  0.512500048      0.437500000       6.80693761E-02
  0.537500024      0.437500000       7.52290711E-02
  0.562500000      0.437500000       8.41457620E-02
  0.587499976      0.437500000       9.53107104E-02
  0.612500012      0.437500000      0.109245047    
  0.637500048      0.437500000      0.126473829    
  0.662500024      0.437500000      0.147489503    
  0.687500000      0.437500000      0.172702834    
  0.712499976      0.437500000      0.202382296    
  0.737500012      0.437500000      0.236583844    
  0.762500048      0.437500000      0.275078058    
  0.787500024      0.437500000      0.317281336    
  0.812500000      0.437500000      0.362205446    
  0.837499976      0.437500000      0.408438921    
  0.862500012      0.437500000      0.454174280    
  0.887500048      0.437500000      0.497295082    
  0.912500024      0.437500000      0.535523176    
  0.937500000      0.437500000      0.566620052    
  0.962499976      0.437500000      0.588618636    
  0.987500012      0.437500000      0.600061178    
   1.00000000      0.437500000      0.600061178    
 
   0.00000000      0.462500006       1.97753659E-03
   1.25000002E-02  0.462500006       1.97753659E-03
   3.75000015E-02  0.462500006       2.33594817E-03
   6.25000000E-02  0.462500006       3.06304521E-03
   8.75000060E-02  0.462500006       4.17484716E-03
  0.112499997      0.462500006       5.68604190E-03
  0.137500003      0.462500006       7.60167697E-03
  0.162499994      0.462500006       9.90964565E-03
  0.187500000      0.462500006       1.25758937E-02
  0.212500006      0.462500006       1.55435856E-02
  0.237500012      0.462500006       1.87367331E-02
  0.262499988      0.462500006       2.20678039E-02
  0.287500024      0.462500006       2.54483875E-02
  0.312500000      0.462500006       2.88014375E-02
  0.337500006      0.462500006       3.20737176E-02
  0.362500012      0.462500006       3.52472588E-02
  0.387499988      0.462500006       3.83489989E-02
  0.412500024      0.462500006       4.14584838E-02
  0.437500000      0.462500006       4.47135754E-02
  0.462500006      0.462500006       4.83145453E-02
  0.487500012      0.462500006       5.25269397E-02
  0.512500048      0.462500006       5.76832555E-02
  0.537500024      0.462500006       6.41826913E-02
  0.562500000      0.462500006       7.24881664E-02
  0.587499976      0.462500006       8.31182599E-02
  0.612500012      0.462500006       9.66319740E-02
  0.637500048      0.462500006      0.113603398    
  0.662500024      0.462500006      0.134583771    
  0.687500000      0.462500006      0.160049796    
  0.712499976      0.462500006      0.190337449    
  0.737500012      0.462500006      0.225564212    
  0.762500048      0.462500006      0.265545815    
  0.787500024      0.462500006      0.309715629    
  0.812500000      0.462500006      0.357061595    
  0.837499976      0.462500006      0.406096101    
  0.862500012      0.462500006      0.454877496    
  0.887500048      0.462500006      0.501098633    
  0.912500024      0.462500006      0.542246699    
  0.937500000      0.462500006      0.575829387    
  0.962499976      0.462500006      0.599641621    
  0.987500012      0.462500006      0.612037301    
   1.00000000      0.462500006      0.612037301    
 
   0.00000000      0.487500012       1.86695694E-03
   1.25000002E-02  0.487500012       1.86695694E-03
   3.75000015E-02  0.487500012       2.18293513E-03
   6.25000000E-02  0.487500012       2.82208831E-03
   8.75000060E-02  0.487500012       3.79508920E-03
  0.112499997      0.487500012       5.11031970E-03
  0.137500003      0.487500012       6.76712533E-03
  0.162499994      0.487500012       8.74981191E-03
  0.187500000      0.487500012       1.10239582E-02
  0.212500006      0.487500012       1.35361273E-02
  0.237500012      0.487500012       1.62173640E-02
  0.262499988      0.487500012       1.89901441E-02
  0.287500024      0.487500012       2.17778962E-02
  0.312500000      0.487500012       2.45159268E-02
  0.337500006      0.487500012       2.71625575E-02
  0.362500012      0.487500012       2.97094993E-02
  0.387499988      0.487500012       3.21908034E-02
  0.412500024      0.487500012       3.46903801E-02
  0.437500000      0.487500012       3.73481661E-02
  0.462500006      0.487500012       4.03651595E-02
  0.487500012      0.487500012       4.40079421E-02
  0.512500048      0.487500012       4.86122109E-02
  0.537500024      0.487500012       5.45848683E-02
  0.562500000      0.487500012       6.24032058E-02
  0.587499976      0.487500012       7.26088881E-02
  0.612500012      0.487500012       8.57940912E-02
  0.637500048      0.487500012      0.102576509    
  0.662500024      0.487500012      0.123560734    
  0.687500000      0.487500012      0.149283886    
  0.712499976      0.487500012      0.180145025    
  0.737500012      0.487500012      0.216320843    
  0.762500048      0.487500012      0.257672876    
  0.787500024      0.487500012      0.303656191    
  0.812500000      0.487500012      0.353243440    
  0.837499976      0.487500012      0.404883504    
  0.862500012      0.487500012      0.456514865    
  0.887500048      0.487500012      0.505653620    
  0.912500024      0.487500012      0.549564660    
  0.937500000      0.487500012      0.585511446    
  0.962499976      0.487500012      0.611054242    
  0.987500012      0.487500012      0.624362111    
   1.00000000      0.487500012      0.624362111    
 
   0.00000000      0.512500048       1.74291374E-03
   1.25000002E-02  0.512500048       1.74291374E-03
   3.75000015E-02  0.512500048       2.01712269E-03
   6.25000000E-02  0.512500048       2.57021282E-03
   8.75000060E-02  0.512500048       3.40854446E-03
  0.112499997      0.512500048       4.53558890E-03
  0.137500003      0.512500048       5.94660779E-03
  0.162499994      0.512500048       7.62399565E-03
  0.187500000      0.512500048       9.53456108E-03
  0.212500006      0.512500048       1.16296606E-02
  0.237500012      0.512500048       1.38484761E-02
  0.262499988      0.512500048       1.61241982E-02
  0.287500024      0.512500048       1.83923971E-02
  0.312500000      0.512500048       2.06005964E-02
  0.337500006      0.512500048       2.27181241E-02
  0.362500012      0.512500048       2.47454513E-02
  0.387499988      0.512500048       2.67225746E-02
  0.412500024      0.512500048       2.87364405E-02
  0.437500000      0.512500048       3.09276190E-02
  0.462500006      0.512500048       3.34964469E-02
  0.487500012      0.512500048       3.67090367E-02
  0.512500048      0.512500048       4.09026891E-02
  0.537500024      0.512500048       4.64900099E-02
  0.562500000      0.512500048       5.39600700E-02
  0.587499976      0.512500048       6.38739839E-02
  0.612500012      0.512500048       7.68521577E-02
  0.637500048      0.512500048       9.35497135E-02
  0.662500024      0.512500048      0.114617087    
  0.687500000      0.512500048      0.140643373    
  0.712499976      0.512500048      0.172082797    
  0.737500012      0.512500048      0.209164619    
  0.762500048      0.512500048      0.251792818    
  0.787500024      0.512500048      0.299445212    
  0.812500000      0.512500048      0.351086050    
  0.837499976      0.512500048      0.405113041    
  0.862500012      0.512500048      0.459361166    
  0.887500048      0.512500048      0.511188924    
  0.912500024      0.512500048      0.557657361    
  0.937500000      0.512500048      0.595800877    
  0.962499976      0.512500048      0.622957289    
  0.987500012      0.512500048      0.637117326    
   1.00000000      0.512500048      0.637117326    
 
   0.00000000      0.537500024       1.60847302E-03
   1.25000002E-02  0.537500024       1.60847302E-03
   3.75000015E-02  0.537500024       1.84260379E-03
   6.25000000E-02  0.537500024       2.31355825E-03
   8.75000060E-02  0.537500024       3.02438950E-03
  0.112499997      0.537500024       3.97497974E-03
  0.137500003      0.537500024       5.15797082E-03
  0.162499994      0.537500024       6.55526808E-03
  0.187500000      0.537500024       8.13614577E-03
  0.212500006      0.537500024       9.85767134E-03
  0.237500012      0.537500024       1.16677321E-02
  0.262499988      0.537500024       1.35104191E-02
  0.287500024      0.537500024       1.53332613E-02
  0.312500000      0.537500024       1.70955509E-02
  0.337500006      0.537500024       1.87769867E-02
  0.362500012      0.537500024       2.03861110E-02
  0.387499988      0.537500024       2.19682064E-02
  0.412500024      0.537500024       2.36127991E-02
  0.437500000      0.537500024       2.54608449E-02
  0.462500006      0.537500024       2.77119800E-02
  0.487500012      0.537500024       3.06318775E-02
  0.512500048      0.537500024       3.45593393E-02
  0.537500024      0.537500024       3.99120338E-02
  0.562500000      0.537500024       4.71890941E-02
  0.587499976      0.537500024       5.69679514E-02
  0.612500012      0.537500024       6.98921233E-02
  0.637500048      0.537500024       8.66467357E-02
  0.662500024      0.537500024      0.107918404    
  0.687500000      0.537500024      0.134337306    
  0.712499976      0.537500024      0.166400954    
  0.737500012      0.537500024      0.204380542    
  0.762500048      0.537500024      0.248215109    
  0.787500024      0.537500024      0.297402948    
  0.812500000      0.537500024      0.350904733    
  0.837499976      0.537500024      0.407078445    
  0.862500012      0.537500024      0.463674754    
  0.887500048      0.537500024      0.517917871    
  0.912500024      0.537500024      0.566689134    
  0.937500000      0.537500024      0.606816530    
  0.962499976      0.537500024      0.635434330    
  0.987500012      0.537500024      0.650367737    
   1.00000000      0.537500024      0.650367737    
 
   0.00000000      0.562500000       1.46684994E-03
   1.25000002E-02  0.562500000       1.46684994E-03
   3.75000015E-02  0.562500000       1.66343746E-03
   6.25000000E-02  0.562500000       2.05783476E-03
   8.75000060E-02  0.562500000       2.65071378E-03
  0.112499997      0.562500000       3.43955494E-03
  0.137500003      0.562500000       4.41563828E-03
  0.162499994      0.562500000       5.56151941E-03
  0.187500000      0.562500000       6.84981607E-03
  0.212500006      0.562500000       8.24383087E-03
  0.237500012      0.562500000       9.70027968E-03
  0.262499988      0.562500000       1.11739412E-02
  0.287500024      0.562500000       1.26238549E-02
  0.312500000      0.562500000       1.40205147E-02
  0.337500006      0.562500000       1.53534720E-02
  0.362500012      0.562500000       1.66390166E-02
  0.387499988      0.562500000       1.79277863E-02
  0.412500024      0.562500000       1.93123501E-02
  0.437500000      0.562500000       2.09350083E-02
  0.462500006      0.562500000       2.29959656E-02
  0.487500012      0.562500000       2.57618781E-02
  0.512500048      0.562500000       2.95741707E-02
  0.537500024      0.562500000       3.48559506E-02
  0.562500000      0.562500000       4.21153679E-02
  0.587499976      0.562500000       5.19430265E-02
  0.612500012      0.562500000       6.49998412E-02
  0.637500048      0.562500000       8.19922239E-02
  0.662500024      0.562500000      0.103631392    
  0.687500000      0.562500000      0.130574450    
  0.712499976      0.562500000      0.163347274    
  0.737500012      0.562500000      0.202248648    
  0.762500048      0.562500000      0.247241691    
  0.787500024      0.562500000      0.297839999    
  0.812500000      0.562500000      0.353002906    
  0.837499976      0.562500000      0.411061108    
  0.862500012      0.562500000      0.469701350    
  0.887500048      0.562500000      0.526040435    
  0.912500024      0.562500000      0.576811075    
  0.937500000      0.562500000      0.618664324    
  0.962499976      0.562500000      0.648556173    
  0.987500012      0.562500000      0.664164782    
   1.00000000      0.562500000      0.664164782    
 
   0.00000000      0.587499976       1.32156676E-03
   1.25000002E-02  0.587499976       1.32156676E-03
   3.75000015E-02  0.587499976       1.48380583E-03
   6.25000000E-02  0.587499976       1.80849119E-03
   8.75000060E-02  0.587499976       2.29472737E-03
  0.112499997      0.587499976       2.93861190E-03
  0.137500003      0.587499976       3.73109919E-03
  0.162499994      0.587499976       4.65627341E-03
  0.187500000      0.587499976       5.69066405E-03
  0.212500006      0.587499976       6.80401595E-03
  0.237500012      0.587499976       7.96172675E-03
  0.262499988      0.587499976       9.12885368E-03
  0.287500024      0.587499976       1.02754263E-02
  0.312500000      0.587499976       1.13826571E-02
  0.337500006      0.587499976       1.24497628E-02
  0.362500012      0.587499976       1.35010406E-02
  0.387499988      0.587499976       1.45933069E-02
  0.412500024      0.587499976       1.58236455E-02
  0.437500000      0.587499976       1.73377395E-02
  0.462500006      0.587499976       1.93387996E-02
  0.487500012      0.587499976       2.20969468E-02
  0.512500048      0.587499976       2.59582400E-02
  0.537500024      0.587499976       3.13520245E-02
  0.562500000      0.587499976       3.87945324E-02
  0.587499976      0.587499976       4.88859117E-02
  0.612500012      0.587499976       6.22976199E-02
  0.637500048      0.587499976       7.97470137E-02
  0.662500024      0.587499976      0.101956017    
  0.687500000      0.587499976      0.129592240    
  0.712499976      0.587499976      0.163191780    
  0.737500012      0.587499976      0.203063935    
  0.762500048      0.587499976      0.249182180    
  0.787500024      0.587499976      0.301067829    
  0.812500000      0.587499976      0.357680351    
  0.837499976      0.587499976      0.417334944    
  0.862500012      0.587499976      0.477676600    
  0.887500048      0.587499976      0.535745800    
  0.912500024      0.587499976      0.588162959    
  0.937500000      0.587499976      0.631438613    
  0.962499976      0.587499976      0.662382483    
  0.987500012      0.587499976      0.678549290    
   1.00000000      0.587499976      0.678549290    
 
   0.00000000      0.612500012       1.17717520E-03
   1.25000002E-02  0.612500012       1.17717520E-03
   3.75000015E-02  0.612500012       1.30877120E-03
   6.25000000E-02  0.612500012       1.57154514E-03
   8.75000060E-02  0.612500012       1.96372741E-03
  0.112499997      0.612500012       2.48088525E-03
  0.137500003      0.612500012       3.11448146E-03
  0.162499994      0.612500012       3.85078788E-03
  0.187500000      0.612500012       4.67061345E-03
  0.212500006      0.612500012       5.55018941E-03
  0.237500012      0.612500012       6.46335771E-03
  0.262499988      0.612500012       7.38505693E-03
  0.287500024      0.612500012       8.29592627E-03
  0.312500000      0.612500012       9.18778684E-03
  0.337500006      0.612500012       1.00698220E-02
  0.362500012      0.612500012       1.09753022E-02
  0.387499988      0.612500012       1.19688837E-02
  0.412500024      0.612500012       1.31545616E-02
  0.437500000      0.612500012       1.46843698E-02
  0.462500006      0.612500012       1.67677775E-02
  0.487500012      0.612500012       1.96814016E-02
  0.512500048      0.612500012       2.37781536E-02
  0.537500024      0.612500012       2.94942968E-02
  0.562500000      0.612500012       3.73523869E-02
  0.587499976      0.612500012       4.79573235E-02
  0.612500012      0.612500012       6.19826280E-02
  0.637500048      0.612500012       8.01441669E-02
  0.662500024      0.612500012      0.103158616    
  0.687500000      0.612500012      0.131685257    
  0.712499976      0.612500012      0.166250497    
  0.737500012      0.612500012      0.207155079    
  0.762500048      0.612500012      0.254367411    
  0.787500024      0.612500012      0.307408005    
  0.812500000      0.612500012      0.365237385    
  0.837499976      0.612500012      0.426167578    
  0.862500012      0.612500012      0.487826109    
  0.887500048      0.612500012      0.547211885    
  0.912500024      0.612500012      0.600873411    
  0.937500000      0.612500012      0.645223141    
  0.962499976      0.612500012      0.676962793    
  0.987500012      0.612500012      0.693552315    
   1.00000000      0.612500012      0.693552315    
 
   0.00000000      0.637500048       1.04181352E-03
   1.25000002E-02  0.637500048       1.04181352E-03
   3.75000015E-02  0.637500048       1.14692154E-03
   6.25000000E-02  0.637500048       1.35642628E-03
   8.75000060E-02  0.637500048       1.66827231E-03
  0.112499997      0.637500048       2.07821140E-03
  0.137500003      0.637500048       2.57891067E-03
  0.162499994      0.637500048       3.15936841E-03
  0.187500000      0.637500048       3.80498054E-03
  0.212500006      0.637500048       4.49852319E-03
  0.237500012      0.637500048       5.22217108E-03
  0.262499988      0.637500048       5.96060837E-03
  0.287500024      0.637500048       6.70511369E-03
  0.312500000      0.637500048       7.45853549E-03
  0.337500006      0.637500048       8.24102759E-03
  0.362500012      0.637500048       9.09653399E-03
  0.387499988      0.637500048       1.01000126E-02
  0.412500024      0.637500048       1.13654872E-02
  0.437500000      0.637500048       1.30548663E-02
  0.462500006      0.637500048       1.53873684E-02
  0.487500012      0.637500048       1.86490100E-02
  0.512500048      0.637500048       2.32011378E-02
  0.537500024      0.637500048       2.94864550E-02
  0.562500000      0.637500048       3.80304828E-02
  0.587499976      0.637500048       4.94360477E-02
  0.612500012      0.637500048       6.43680096E-02
  0.637500048      0.637500048       8.35262313E-02
  0.662500024      0.637500048      0.107604131    
  0.687500000      0.637500048      0.137232482    
  0.712499976      0.637500048      0.172906935    
  0.737500012      0.637500048      0.214900240    
  0.762500048      0.637500048      0.263160259    
  0.787500024      0.637500048      0.317198634    
  0.812500000      0.637500048      0.375978649    
  0.837499976      0.637500048      0.437822342    
  0.862500012      0.637500048      0.500366092    
  0.887500048      0.637500048      0.560604393    
  0.912500024      0.637500048      0.615058780    
  0.937500000      0.637500048      0.660091043    
  0.962499976      0.637500048      0.692337930    
  0.987500012      0.637500048      0.709196985    
   1.00000000      0.637500048      0.709196985    
 
   0.00000000      0.662500024       9.35198390E-04
   1.25000002E-02  0.662500024       9.35198390E-04
   3.75000015E-02  0.662500024       1.01857597E-03
   6.25000000E-02  0.662500024       1.18462113E-03
   8.75000060E-02  0.662500024       1.43151532E-03
  0.112499997      0.662500024       1.75584515E-03
  0.137500003      0.662500024       2.15213886E-03
  0.162499994      0.662500024       2.61268718E-03
  0.187500000      0.662500024       3.12789553E-03
  0.212500006      0.662500024       3.68737080E-03
  0.237500012      0.662500024       4.28187335E-03
  0.262499988      0.662500024       4.90618404E-03
  0.287500024      0.662500024       5.56286657E-03
  0.312500000      0.662500024       6.26690639E-03
  0.337500006      0.662500024       7.05115404E-03
  0.362500012      0.662500024       7.97262136E-03
  0.387499988      0.662500024       9.11957026E-03
  0.412500024      0.662500024       1.06194392E-02
  0.437500000      0.662500024       1.26474351E-02
  0.462500006      0.662500024       1.54354461E-02
  0.487500012      0.662500024       1.92806628E-02
  0.512500048      0.662500024       2.45527774E-02
  0.537500024      0.662500024       3.16982120E-02
  0.562500000      0.662500024       4.12395671E-02
  0.587499976      0.662500024       5.37680462E-02
  0.612500012      0.662500024       6.99266791E-02
  0.637500048      0.662500024       9.03826207E-02
  0.662500024      0.662500024      0.115786880    
  0.687500000      0.662500024      0.146720916    
  0.712499976      0.662500024      0.183629200    
  0.737500012      0.662500024      0.226738304    
  0.762500048      0.662500024      0.275962114    
  0.787500024      0.662500024      0.330796957    
  0.812500000      0.662500024      0.390212387    
  0.837499976      0.662500024      0.452555925    
  0.862500012      0.662500024      0.515500128    
  0.887500048      0.662500024      0.576074660    
  0.912500024      0.662500024      0.630821884    
  0.937500000      0.662500024      0.676103532    
  0.962499976      0.662500024      0.708538055    
  0.987500012      0.662500024      0.725497484    
   1.00000000      0.662500024      0.725497484    
 
   0.00000000      0.687500000       9.11324925E-04
   1.25000002E-02  0.687500000       9.11324925E-04
   3.75000015E-02  0.687500000       9.78907337E-04
   6.25000000E-02  0.687500000       1.11365120E-03
   8.75000060E-02  0.687500000       1.31450209E-03
  0.112499997      0.687500000       1.57956558E-03
  0.137500003      0.687500000       1.90598750E-03
  0.162499994      0.687500000       2.29010661E-03
  0.187500000      0.687500000       2.72806315E-03
  0.212500006      0.687500000       3.21702217E-03
  0.237500012      0.687500000       3.75712919E-03
  0.262499988      0.687500000       4.35426179E-03
  0.287500024      0.687500000       5.02360379E-03
  0.312500000      0.687500000       5.79405809E-03
  0.337500006      0.687500000       6.71344856E-03
  0.362500012      0.687500000       7.85456505E-03
  0.387499988      0.687500000       9.32194665E-03
  0.412500024      0.687500000       1.12593500E-02
  0.437500000      0.687500000       1.38576301E-02
  0.462500006      0.687500000       1.73625872E-02
  0.487500012      0.687500000       2.20820494E-02
  0.512500048      0.687500000       2.83910986E-02
  0.537500024      0.687500000       3.67339961E-02
  0.562500000      0.687500000       4.76212464E-02
  0.587499976      0.687500000       6.16198927E-02
  0.612500012      0.687500000       7.93355033E-02
  0.637500048      0.687500000      0.101384610    
  0.662500024      0.687500000      0.128356323    
  0.687500000      0.687500000      0.160763294    
  0.712499976      0.687500000      0.198980793    
  0.737500012      0.687500000      0.243174151    
  0.762500048      0.687500000      0.293213606    
  0.787500024      0.687500000      0.348577231    
  0.812500000      0.687500000      0.408247352    
  0.837499976      0.687500000      0.470613986    
  0.862500012      0.687500000      0.533415496    
  0.887500048      0.687500000      0.593756497    
  0.912500024      0.687500000      0.648249567    
  0.937500000      0.687500000      0.693309188    
  0.962499976      0.687500000      0.725584388    
  0.987500012      0.687500000      0.742460489    
   1.00000000      0.687500000      0.742460489    
 
   0.00000000      0.712499976       1.11666869E-03
   1.25000002E-02  0.712499976       1.11666869E-03
   3.75000015E-02  0.712499976       1.17686426E-03
   6.25000000E-02  0.712499976       1.29744341E-03
   8.75000060E-02  0.712499976       1.47871603E-03
  0.112499997      0.712499976       1.72112952E-03
  0.137500003      0.712499976       2.02542543E-03
  0.162499994      0.712499976       2.39307154E-03
  0.187500000      0.712499976       2.82710302E-03
  0.212500006      0.712499976       3.33349383E-03
  0.237500012      0.712499976       3.92316096E-03
  0.262499988      0.712499976       4.61466750E-03
  0.287500024      0.712499976       5.43765677E-03
  0.312500000      0.712499976       6.43703435E-03
  0.337500006      0.712499976       7.67786987E-03
  0.362500012      0.712499976       9.25101247E-03
  0.387499988      0.712499976       1.12792561E-02
  0.412500024      0.712499976       1.39239421E-02
  0.437500000      0.712499976       1.73916258E-02
  0.462500006      0.712499976       2.19402965E-02
  0.487500012      0.712499976       2.78844014E-02
  0.512500048      0.712499976       3.55976634E-02
  0.537500024      0.712499976       4.55125012E-02
  0.562500000      0.712499976       5.81147000E-02
  0.587499976      0.712499976       7.39319921E-02
  0.612500012      0.712499976       9.35154855E-02
  0.637500048      0.712499976      0.117412992    
  0.662500024      0.712499976      0.146133974    
  0.687500000      0.712499976      0.180105984    
  0.712499976      0.712499976      0.219621450    
  0.737500012      0.712499976      0.264774799    
  0.762500048      0.712499976      0.315388024    
  0.787500024      0.712499976      0.370922953    
  0.812500000      0.712499976      0.430384398    
  0.837499976      0.712499976      0.492224157    
  0.862500012      0.712499976      0.554276288    
  0.887500048      0.712499976      0.613760948    
  0.912500024      0.712499976      0.667409301    
  0.937500000      0.712499976      0.711741567    
  0.962499976      0.712499976      0.743487597    
  0.987500012      0.712499976      0.760084331    
   1.00000000      0.712499976      0.760084331    
 
   0.00000000      0.737500012       1.92340068E-03
   1.25000002E-02  0.737500012       1.92340068E-03
   3.75000015E-02  0.737500012       1.98935182E-03
   6.25000000E-02  0.737500012       2.12242152E-03
   8.75000060E-02  0.737500012       2.32498767E-03
  0.112499997      0.737500012       2.60083168E-03
  0.137500003      0.737500012       2.95550795E-03
  0.162499994      0.737500012       3.39699956E-03
  0.187500000      0.737500012       3.93674430E-03
  0.212500006      0.737500012       4.59113298E-03
  0.237500012      0.737500012       5.38353203E-03
  0.262499988      0.737500012       6.34691166E-03
  0.287500024      0.737500012       7.52707850E-03
  0.312500000      0.737500012       8.98651965E-03
  0.337500006      0.737500012       1.08088031E-02
  0.362500012      0.737500012       1.31034805E-02
  0.387499988      0.737500012       1.60112809E-02
  0.412500024      0.737500012       1.97094269E-02
  0.437500000      0.737500012       2.44166292E-02
  0.462500006      0.737500012       3.03972885E-02
  0.487500012      0.737500012       3.79641801E-02
  0.512500048      0.737500012       4.74788174E-02
  0.537500024      0.737500012       5.93484864E-02
  0.562500000      0.737500012       7.40189776E-02
  0.587499976      0.737500012       9.19622555E-02
  0.612500012      0.737500012      0.113658175    
  0.637500048      0.737500012      0.139570057    
  0.662500024      0.737500012      0.170113906    
  0.687500000      0.737500012      0.205621123    
  0.712499976      0.737500012      0.246294051    
  0.737500012      0.737500012      0.292153567    
  0.762500048      0.737500012      0.342975080    
  0.787500024      0.737500012      0.398211628    
  0.812500000      0.737500012      0.456903517    
  0.837499976      0.737500012      0.517585754    
  0.862500012      0.737500012      0.578217089    
  0.887500048      0.737500012      0.636171579    
  0.912500024      0.737500012      0.688346505    
  0.937500000      0.737500012      0.731418610    
  0.962499976      0.737500012      0.762246966    
  0.987500012      0.737500012      0.778359532    
   1.00000000      0.737500012      0.778359532    
 
   0.00000000      0.762500048       4.19695489E-03
   1.25000002E-02  0.762500048       4.19695489E-03
   3.75000015E-02  0.762500048       4.28955862E-03
   6.25000000E-02  0.762500048       4.47729090E-03
   8.75000060E-02  0.762500048       4.76532057E-03
  0.112499997      0.762500048       5.16177341E-03
  0.137500003      0.762500048       5.67824347E-03
  0.162499994      0.762500048       6.33058697E-03
  0.187500000      0.762500048       7.14004878E-03
  0.212500006      0.762500048       8.13477486E-03
  0.237500012      0.762500048       9.35176760E-03
  0.262499988      0.762500048       1.08392993E-02
  0.287500024      0.762500048       1.26597825E-02
  0.312500000      0.762500048       1.48930559E-02
  0.337500006      0.762500048       1.76400337E-02
  0.362500012      0.762500048       2.10265759E-02
  0.387499988      0.762500048       2.52073966E-02
  0.412500024      0.762500048       3.03697437E-02
  0.437500000      0.762500048       3.67364995E-02
  0.462500006      0.762500048       4.45682928E-02
  0.487500012      0.762500048       5.41638173E-02
  0.512500048      0.762500048       6.58581033E-02
  0.537500024      0.762500048       8.00178051E-02
  0.562500000      0.762500048       9.70327109E-02
  0.587499976      0.762500048      0.117303573    
  0.612500012      0.762500048      0.141225174    
  0.637500048      0.762500048      0.169165149    
  0.662500024      0.762500048      0.201438382    
  0.687500000      0.762500048      0.238276690    
  0.712499976      0.762500048      0.279793143    
  0.737500012      0.762500048      0.325939745    
  0.762500048      0.762500048      0.376454055    
  0.787500024      0.762500048      0.430791974    
  0.812500000      0.762500048      0.488046199    
  0.837499976      0.762500048      0.546855688    
  0.862500012      0.762500048      0.605331719    
  0.887500048      0.762500048      0.661038280    
  0.912500024      0.762500048      0.711080670    
  0.937500000      0.762500048      0.752339482    
  0.962499976      0.762500048      0.781850278    
  0.987500012      0.762500048      0.797268152    
   1.00000000      0.762500048      0.797268152    
 
   0.00000000      0.787500024       9.75563284E-03
   1.25000002E-02  0.787500024       9.75563284E-03
   3.75000015E-02  0.787500024       9.90600977E-03
   6.25000000E-02  0.787500024       1.02109024E-02
   8.75000060E-02  0.787500024       1.06787356E-02
  0.112499997      0.787500024       1.13226064E-02
  0.137500003      0.787500024       1.21608116E-02
  0.162499994      0.787500024       1.32176774E-02
  0.187500000      0.787500024       1.45246247E-02
  0.212500006      0.787500024       1.61215644E-02
  0.237500012      0.787500024       1.80585925E-02
  0.262499988      0.787500024       2.03979965E-02
  0.287500024      0.787500024       2.32165437E-02
  0.312500000      0.787500024       2.66079791E-02
  0.337500006      0.787500024       3.06856912E-02
  0.362500012      0.787500024       3.55853140E-02
  0.387499988      0.787500024       4.14671637E-02
  0.412500024      0.787500024       4.85182405E-02
  0.437500000      0.787500024       5.69534525E-02
  0.462500006      0.787500024       6.70158118E-02
  0.487500012      0.787500024       7.89749697E-02
  0.512500048      0.787500024       9.31239501E-02
  0.537500024      0.787500024      0.109773561    
  0.562500000      0.787500024      0.129243746    
  0.587499976      0.787500024      0.151852638    
  0.612500012      0.787500024      0.177901804    
  0.637500048      0.787500024      0.207659334    
  0.662500024      0.787500024      0.241339535    
  0.687500000      0.787500024      0.279079527    
  0.712499976      0.787500024      0.320912272    
  0.737500012      0.787500024      0.366732746    
  0.762500048      0.787500024      0.416255087    
  0.787500024      0.787500024      0.468954444    
  0.812500000      0.787500024      0.523992896    
  0.837499976      0.787500024      0.580133438    
  0.862500012      0.787500024      0.635664105    
  0.887500048      0.787500024      0.688369751    
  0.912500024      0.787500024      0.735600770    
  0.937500000      0.787500024      0.774483860    
  0.962499976      0.787500024      0.802271962    
  0.987500012      0.787500024      0.816783309    
   1.00000000      0.787500024      0.816783309    
 
   0.00000000      0.812500000       2.20142175E-02
   1.25000002E-02  0.812500000       2.20142175E-02
   3.75000015E-02  0.812500000       2.22627576E-02
   6.25000000E-02  0.812500000       2.27655061E-02
   8.75000060E-02  0.812500000       2.35339683E-02
  0.112499997      0.812500000       2.45858114E-02
  0.137500003      0.812500000       2.59453375E-02
  0.162499994      0.812500000       2.76441835E-02
  0.187500000      0.812500000       2.97221914E-02
  0.212500006      0.812500000       3.22284959E-02
  0.237500012      0.812500000       3.52227353E-02
  0.262499988      0.812500000       3.87765393E-02
  0.287500024      0.812500000       4.29749861E-02
  0.312500000      0.812500000       4.79182564E-02
  0.337500006      0.812500000       5.37231266E-02
  0.362500012      0.812500000       6.05243072E-02
  0.387499988      0.812500000       6.84754774E-02
  0.412500024      0.812500000       7.77498335E-02
  0.437500000      0.812500000       8.85397196E-02
  0.462500006      0.812500000      0.101055562    
  0.487500012      0.812500000      0.115523256    
  0.512500048      0.812500000      0.132180303    
  0.537500024      0.812500000      0.151270121    
  0.562500000      0.812500000      0.173034534    
  0.587499976      0.812500000      0.197704360    
  0.612500012      0.812500000      0.225487962    
  0.637500048      0.812500000      0.256558657    
  0.662500024      0.812500000      0.291039377    
  0.687500000      0.812500000      0.328986079    
  0.712499976      0.812500000      0.370367527    
  0.737500012      0.812500000      0.415039897    
  0.762500048      0.812500000      0.462711602    
  0.787500024      0.812500000      0.512894630    
  0.812500000      0.812500000      0.564836979    
  0.837499976      0.812500000      0.617443144    
  0.862500012      0.812500000      0.669197142    
  0.887500048      0.812500000      0.718127966    
  0.912500024      0.812500000      0.761862874    
  0.937500000      0.812500000      0.797809243    
  0.962499976      0.812500000      0.823474705    
  0.987500012      0.812500000      0.836870790    
   1.00000000      0.812500000      0.836870790    
 
   0.00000000      0.837499976       4.66338769E-02
   1.25000002E-02  0.837499976       4.66338769E-02
   3.75000015E-02  0.837499976       4.70220819E-02
   6.25000000E-02  0.837499976       4.78050932E-02
   8.75000060E-02  0.837499976       4.89962511E-02
  0.112499997      0.837499976       5.06159514E-02
  0.137500003      0.837499976       5.26917987E-02
  0.162499994      0.837499976       5.52591868E-02
  0.187500000      0.837499976       5.83617873E-02
  0.212500006      0.837499976       6.20522276E-02
  0.237500012      0.837499976       6.63927495E-02
  0.262499988      0.837499976       7.14560375E-02
  0.287500024      0.837499976       7.73258805E-02
  0.312500000      0.837499976       8.40979815E-02
  0.337500006      0.837499976       9.18803364E-02
  0.362500012      0.837499976      0.100793615    
  0.387499988      0.837499976      0.110971026    
  0.412500024      0.837499976      0.122557931    
  0.437500000      0.837499976      0.135710448    
  0.462500006      0.837499976      0.150593862    
  0.487500012      0.837499976      0.167379528    
  0.512500048      0.837499976      0.186241403    
  0.537500024      0.837499976      0.207351029    
  0.562500000      0.837499976      0.230871513    
  0.587499976      0.837499976      0.256950557    
  0.612500012      0.837499976      0.285712212    
  0.637500048      0.837499976      0.317248046    
  0.662500024      0.837499976      0.351606876    
  0.687500000      0.837499976      0.388782859    
  0.712499976      0.837499976      0.428701818    
  0.737500012      0.837499976      0.471201360    
  0.762500048      0.837499976      0.516003728    
  0.787500024      0.837499976      0.562673628    
  0.812500000      0.837499976      0.610558927    
  0.837499976      0.837499976      0.658717155    
  0.862500012      0.837499976      0.705841601    
  0.887500048      0.837499976      0.750223041    
  0.912500024      0.837499976      0.789786935    
  0.937500000      0.837499976      0.822250783    
  0.962499976      0.837499976      0.845407188    
  0.987500012      0.837499976      0.857486963    
   1.00000000      0.837499976      0.857486963    
 
   0.00000000      0.862500012       9.17511135E-02
   1.25000002E-02  0.862500012       9.17511135E-02
   3.75000015E-02  0.862500012       9.23040733E-02
   6.25000000E-02  0.862500012       9.34164673E-02
   8.75000060E-02  0.862500012       9.51013118E-02
  0.112499997      0.862500012       9.73784178E-02
  0.137500003      0.862500012      0.100274295    
  0.162499994      0.862500012      0.103822477    
  0.187500000      0.862500012      0.108063661    
  0.212500006      0.862500012      0.113045894    
  0.237500012      0.862500012      0.118824974    
  0.262499988      0.862500012      0.125464439    
  0.287500024      0.862500012      0.133035675    
  0.312500000      0.862500012      0.141617998    
  0.337500006      0.862500012      0.151298583    
  0.362500012      0.862500012      0.162171856    
  0.387499988      0.862500012      0.174338982    
  0.412500024      0.862500012      0.187906891    
  0.437500000      0.862500012      0.202986538    
  0.462500006      0.862500012      0.219691575    
  0.487500012      0.862500012      0.238135338    
  0.512500048      0.862500012      0.258428305    
  0.537500024      0.862500012      0.280674100    
  0.562500000      0.862500012      0.304965556    
  0.587499976      0.862500012      0.331379741    
  0.612500012      0.862500012      0.359972745    
  0.637500048      0.862500012      0.390774161    
  0.662500024      0.862500012      0.423780084    
  0.687500000      0.862500012      0.458945960    
  0.712499976      0.862500012      0.496176302    
  0.737500012      0.862500012      0.535310805    
  0.762500048      0.862500012      0.576101661    
  0.787500024      0.862500012      0.618179321    
  0.812500000      0.862500012      0.661000013    
  0.837499976      0.862500012      0.703780174    
  0.862500012      0.862500012      0.745429039    
  0.887500048      0.862500012      0.784507632    
  0.912500024      0.862500012      0.819254994    
  0.937500000      0.862500012      0.847720385    
  0.962499976      0.862500012      0.868004799    
  0.987500012      0.862500012      0.878580928    
   1.00000000      0.862500012      0.878580928    
 
   0.00000000      0.887500048      0.167182997    
   1.25000002E-02  0.887500048      0.167182997    
   3.75000015E-02  0.887500048      0.167886108    
   6.25000000E-02  0.887500048      0.169297397    
   8.75000060E-02  0.887500048      0.171427220    
  0.112499997      0.887500048      0.174291104    
  0.137500003      0.887500048      0.177909806    
  0.162499994      0.887500048      0.182309046    
  0.187500000      0.887500048      0.187519848    
  0.212500006      0.887500048      0.193578094    
  0.237500012      0.887500048      0.200524703    
  0.262499988      0.887500048      0.208405316    
  0.287500024      0.887500048      0.217270151    
  0.312500000      0.887500048      0.227173567    
  0.337500006      0.887500048      0.238173604    
  0.362500012      0.887500048      0.250331581    
  0.387499988      0.887500048      0.263710976    
  0.412500024      0.887500048      0.278376788    
  0.437500000      0.887500048      0.294393808    
  0.462500006      0.887500048      0.311825901    
  0.487500012      0.887500048      0.330733508    
  0.512500048      0.887500048      0.351172268    
  0.537500024      0.887500048      0.373190045    
  0.562500000      0.887500048      0.396824867    
  0.587499976      0.887500048      0.422101736    
  0.612500012      0.887500048      0.449029535    
  0.637500048      0.887500048      0.477598220    
  0.662500024      0.887500048      0.507773876    
  0.687500000      0.887500048      0.539494634    
  0.712499976      0.887500048      0.572663903    
  0.737500012      0.887500048      0.607139051    
  0.762500048      0.887500048      0.642714739    
  0.787500024      0.887500048      0.679093540    
  0.812500000      0.887500048      0.715843022    
  0.837499976      0.887500048      0.752338648    
  0.862500012      0.887500048      0.787704706    
  0.887500048      0.887500048      0.820774734    
  0.912500024      0.887500048      0.850110650    
  0.937500000      0.887500048      0.874106169    
  0.962499976      0.887500048      0.891190052    
  0.987500012      0.887500048      0.900092721    
   1.00000000      0.887500048      0.900092721    
 
   0.00000000      0.912500024      0.282169163    
   1.25000002E-02  0.912500024      0.282169163    
   3.75000015E-02  0.912500024      0.282949895    
   6.25000000E-02  0.912500024      0.284514427    
   8.75000060E-02  0.912500024      0.286868840    
  0.112499997      0.912500024      0.290021986    
  0.137500003      0.912500024      0.293986171    
  0.162499994      0.912500024      0.298775852    
  0.187500000      0.912500024      0.304408520    
  0.212500006      0.912500024      0.310904086    
  0.237500012      0.912500024      0.318284780    
  0.262499988      0.912500024      0.326574922    
  0.287500024      0.912500024      0.335800618    
  0.312500000      0.912500024      0.345989317    
  0.337500006      0.912500024      0.357169479    
  0.362500012      0.912500024      0.369370133    
  0.387499988      0.912500024      0.382619888    
  0.412500024      0.912500024      0.396946937    
  0.437500000      0.912500024      0.412377506    
  0.462500006      0.912500024      0.428935528    
  0.487500012      0.912500024      0.446641475    
  0.512500048      0.912500024      0.465510994    
  0.537500024      0.912500024      0.485553920    
  0.562500000      0.912500024      0.506772578    
  0.587499976      0.912500024      0.529160559    
  0.612500012      0.912500024      0.552700818    
  0.637500048      0.912500024      0.577364564    
  0.662500024      0.912500024      0.603107631    
  0.687500000      0.912500024      0.629868448    
  0.712499976      0.912500024      0.657562971    
  0.737500012      0.912500024      0.686077654    
  0.762500048      0.912500024      0.715254784    
  0.787500024      0.912500024      0.744870722    
  0.812500000      0.912500024      0.774601460    
  0.837499976      0.912500024      0.803975761    
  0.862500012      0.912500024      0.832327247    
  0.887500048      0.912500024      0.858760178    
  0.912500024      0.912500024      0.882160306    
  0.937500000      0.912500024      0.901274920    
  0.962499976      0.912500024      0.914872944    
  0.987500012      0.912500024      0.921955943    
   1.00000000      0.912500024      0.921955943    
 
   0.00000000      0.937500000      0.441880882    
   1.25000002E-02  0.937500000      0.441880882    
   3.75000015E-02  0.937500000      0.442611188    
   6.25000000E-02  0.937500000      0.444072872    
   8.75000060E-02  0.937500000      0.446267903    
  0.112499997      0.937500000      0.449199021    
  0.137500003      0.937500000      0.452870309    
  0.162499994      0.937500000      0.457285911    
  0.187500000      0.937500000      0.462451279    
  0.212500006      0.937500000      0.468372196    
  0.237500012      0.937500000      0.475054830    
  0.262499988      0.937500000      0.482505828    
  0.287500024      0.937500000      0.490731716    
  0.312500000      0.937500000      0.499739140    
  0.337500006      0.937500000      0.509533942    
  0.362500012      0.937500000      0.520121992    
  0.387499988      0.937500000      0.531507492    
  0.412500024      0.937500000      0.543693841    
  0.437500000      0.937500000      0.556682467    
  0.462500006      0.937500000      0.570473194    
  0.487500012      0.937500000      0.585062623    
  0.512500048      0.937500000      0.600444794    
  0.537500024      0.937500000      0.616609871    
  0.562500000      0.937500000      0.633543670    
  0.587499976      0.937500000      0.651227057    
  0.612500012      0.937500000      0.669635355    
  0.637500048      0.937500000      0.688736975    
  0.662500024      0.937500000      0.708492100    
  0.687500000      0.937500000      0.728851259    
  0.712499976      0.937500000      0.749751270    
  0.737500012      0.937500000      0.771112144    
  0.762500048      0.937500000      0.792824209    
  0.787500024      0.937500000      0.814734519    
  0.812500000      0.937500000      0.836620331    
  0.837499976      0.937500000      0.858155489    
  0.862500012      0.937500000      0.878874540    
  0.887500048      0.937500000      0.898145258    
  0.912500024      0.937500000      0.915176511    
  0.937500000      0.937500000      0.929073095    
  0.962499976      0.937500000      0.938952744    
  0.987500012      0.937500000      0.944096744    
   1.00000000      0.937500000      0.944096744    
 
   0.00000000      0.962499976      0.643907070    
   1.25000002E-02  0.962499976      0.643907070    
   3.75000015E-02  0.962499976      0.644434333    
   6.25000000E-02  0.962499976      0.645488620    
   8.75000060E-02  0.962499976      0.647069633    
  0.112499997      0.962499976      0.649176836    
  0.137500003      0.962499976      0.651809335    
  0.162499994      0.962499976      0.654965997    
  0.187500000      0.962499976      0.658645451    
  0.212500006      0.962499976      0.662846088    
  0.237500012      0.962499976      0.667565644    
  0.262499988      0.962499976      0.672801971    
  0.287500024      0.962499976      0.678551853    
  0.312500000      0.962499976      0.684811711    
  0.337500006      0.962499976      0.691577435    
  0.362500012      0.962499976      0.698844135    
  0.387499988      0.962499976      0.706605911    
  0.412500024      0.962499976      0.714856088    
  0.437500000      0.962499976      0.723587155    
  0.462500006      0.962499976      0.732790470    
  0.487500012      0.962499976      0.742455661    
  0.512500048      0.962499976      0.752571106    
  0.537500024      0.962499976      0.763123214    
  0.562500000      0.962499976      0.774096906    
  0.587499976      0.962499976      0.785474658    
  0.612500012      0.962499976      0.797236085    
  0.637500048      0.962499976      0.809358597    
  0.662500024      0.962499976      0.821815312    
  0.687500000      0.962499976      0.834574580    
  0.712499976      0.962499976      0.847598314    
  0.737500012      0.962499976      0.860839486    
  0.762500048      0.962499976      0.874234259    
  0.787500024      0.962499976      0.887694716    
  0.812500000      0.962499976      0.901091874    
  0.837499976      0.962499976      0.914235234    
  0.862500012      0.962499976      0.926850498    
  0.887500048      0.962499976      0.938563406    
  0.912500024      0.962499976      0.948901534    
  0.937500000      0.962499976      0.957330227    
  0.962499976      0.962499976      0.963319302    
  0.987500012      0.962499976      0.966436565    
   1.00000000      0.962499976      0.966436565    
 
   0.00000000      0.987500012      0.876558363    
   1.25000002E-02  0.987500012      0.876558363    
   3.75000015E-02  0.987500012      0.876757383    
   6.25000000E-02  0.987500012      0.877155602    
   8.75000060E-02  0.987500012      0.877752066    
  0.112499997      0.987500012      0.878546059    
  0.137500003      0.987500012      0.879536510    
  0.162499994      0.987500012      0.880721390    
  0.187500000      0.987500012      0.882099092    
  0.212500006      0.987500012      0.883667469    
  0.237500012      0.987500012      0.885424376    
  0.262499988      0.987500012      0.887366772    
  0.287500024      0.987500012      0.889491796    
  0.312500000      0.987500012      0.891796052    
  0.337500006      0.987500012      0.894276142    
  0.362500012      0.987500012      0.896927774    
  0.387499988      0.987500012      0.899746597    
  0.412500024      0.987500012      0.902728260    
  0.437500000      0.987500012      0.905868232    
  0.462500006      0.987500012      0.909160972    
  0.487500012      0.987500012      0.912600994    
  0.512500048      0.987500012      0.916182339    
  0.537500024      0.987500012      0.919898689    
  0.562500000      0.987500012      0.923743248    
  0.587499976      0.987500012      0.927708685    
  0.612500012      0.987500012      0.931787074    
  0.637500048      0.987500012      0.935970128    
  0.662500024      0.987500012      0.940247834    
  0.687500000      0.987500012      0.944609463    
  0.712499976      0.987500012      0.949042261    
  0.737500012      0.987500012      0.953531444    
  0.762500048      0.987500012      0.958055913    
  0.787500024      0.987500012      0.962587476    
  0.812500000      0.987500012      0.967084885    
  0.837499976      0.987500012      0.971486330    
  0.862500012      0.987500012      0.975702345    
  0.887500048      0.987500012      0.979610384    
  0.912500024      0.987500012      0.983055711    
  0.937500000      0.987500012      0.985862494    
  0.962499976      0.987500012      0.987855732    
  0.987500012      0.987500012      0.988892853    
   1.00000000      0.987500012      0.988892853    
 
   0.00000000       1.00000000       1.00000000    
   1.25000002E-02   1.00000000       1.00000000    
   3.75000015E-02   1.00000000       1.00000000    
   6.25000000E-02   1.00000000       1.00000000    
   8.75000060E-02   1.00000000       1.00000000    
  0.112499997       1.00000000       1.00000000    
  0.137500003       1.00000000       1.00000000    
  0.162499994       1.00000000       1.00000000    
  0.187500000       1.00000000       1.00000000    
  0.212500006       1.00000000       1.00000000    
  0.237500012       1.00000000       1.00000000    
  0.262499988       1.00000000       1.00000000    
  0.287500024       1.00000000       1.00000000    
  0.312500000       1.00000000       1.00000000    
  0.337500006       1.00000000       1.00000000    
  0.362500012       1.00000000       1.00000000    
  0.387499988       1.00000000       1.00000000    
  0.412500024       1.00000000       1.00000000    
  0.437500000       1.00000000       1.00000000    
  0.462500006       1.00000000       1.00000000    
  0.487500012       1.00000000       1.00000000    
  0.512500048       1.00000000       1.00000000    
  0.537500024       1.00000000       1.00000000    
  0.562500000       1.00000000       1.00000000    
  0.587499976       1.00000000       1.00000000    
  0.612500012       1.00000000       1.00000000    
  0.637500048       1.00000000       1.00000000    
  0.662500024       1.00000000       1.00000000    
  0.687500000       1.00000000       1.00000000    
  0.712499976       1.00000000       1.00000000    
  0.737500012       1.00000000       1.00000000    
  0.762500048       1.00000000       1.00000000    
  0.787500024       1.00000000       1.00000000    
  0.812500000       1.00000000       1.00000000    
  0.837499976       1.00000000       1.00000000    
  0.862500012       1.00000000       1.00000000    
  0.887500048       1.00000000       1.00000000    
  0.912500024       1.00000000       1.00000000    
  0.937500000       1.00000000       1.00000000    
  0.962499976       1.00000000       1.00000000    
  0.987500012       1.00000000       1.00000000    
   1.00000000       1.00000000       1.00000000    
 
