   9.99999978E-03  -5.96046448E-06
   2.99999993E-02  -1.31130219E-06
   4.99999970E-02  -3.57627869E-07
   7.00000003E-02  -4.76837158E-07
   8.99999961E-02  -4.76837158E-07
  0.109999999       1.31130219E-06
  0.129999995      -3.57627869E-07
  0.150000006      -2.38418579E-07
  0.169999987      -2.38418579E-07
  0.189999998       1.01327896E-06
  0.209999993      -1.19209290E-07
  0.229999989      -4.76837158E-07
  0.250000000      -2.38418579E-07
  0.269999981      -1.19209290E-07
  0.289999992       0.00000000    
  0.310000002      -2.38418579E-07
  0.329999983      -2.38418579E-07
  0.349999994       2.20537186E-06
  0.370000005       1.13248825E-06
  0.389999986      -3.57627869E-07
  0.409999967       1.96695328E-06
  0.430000007      -4.76837158E-07
  0.449999988      -2.38418579E-07
  0.469999969       4.76837158E-07
  0.490000010      -1.19209290E-06
  0.509999990      -4.76837158E-07
  0.529999971       3.57627869E-07
  0.549999952      -4.76837158E-07
  0.569999993      -4.76837158E-07
  0.589999974       3.57627869E-07
  0.610000014       1.78813934E-07
  0.629999995       8.94069672E-07
  0.649999976       3.57627869E-07
  0.669999957       1.01327896E-06
  0.689999998      -1.54972076E-06
  0.709999979      -4.76837158E-07
  0.730000019      -2.38418579E-07
  0.750000000       4.17232513E-07
  0.769999981       5.36441803E-07
  0.789999962      -1.19209290E-07
  0.809999943      -4.76837158E-07
  0.829999983      -2.38418579E-07
  0.849999964       4.76837158E-07
  0.870000005      -2.38418579E-07
  0.889999986      -4.76837158E-07
  0.909999967      -3.57627869E-07
  0.929999948       7.15255737E-07
  0.949999988      -2.38418579E-07
  0.969999969      -3.57627869E-07
  0.990000010      -2.38418579E-07
   1.00999999      -3.57627869E-07
   1.02999997      -2.38418579E-07
