   9.99999978E-03  -5.24520874E-06
   2.99999993E-02  -2.14576721E-06
   4.99999970E-02   8.34465027E-07
   7.00000003E-02   9.53674316E-07
   8.99999961E-02   4.17232513E-07
  0.109999999       1.72853470E-06
  0.129999995      -7.15255737E-07
  0.150000006      -1.07288361E-06
  0.169999987      -2.38418579E-07
  0.189999998       2.98023224E-07
  0.209999993       3.57627869E-07
  0.229999989       1.13248825E-06
  0.250000000       7.74860382E-07
  0.269999981       1.19209290E-06
  0.289999992       5.96046448E-08
  0.310000002       2.38418579E-07
  0.329999983       9.53674316E-07
  0.349999994      -2.38418579E-07
  0.370000005       6.55651093E-07
  0.389999986       3.57627869E-07
  0.409999967       6.55651093E-07
  0.430000007       6.55651093E-07
  0.449999988       6.55651093E-07
  0.469999969       6.55651093E-07
  0.490000010      -5.96046448E-07
  0.509999990      -9.53674316E-07
  0.529999971       1.37090683E-06
  0.549999952       5.36441803E-07
  0.569999993      -5.96046448E-07
  0.589999974      -8.34465027E-07
  0.610000014      -1.19209290E-07
  0.629999995      -4.76837158E-07
  0.649999976       1.78813934E-07
  0.669999957      -1.19209290E-07
  0.689999998       1.13248825E-06
  0.709999979       3.57627869E-07
  0.730000019      -3.57627869E-07
  0.750000000      -2.38418579E-07
  0.769999981       9.53674316E-07
  0.789999962      -4.76837158E-07
  0.809999943      -2.38418579E-07
  0.829999983      -3.57627869E-07
  0.849999964       2.38418579E-07
  0.870000005      -4.76837158E-07
  0.889999986      -5.96046448E-07
  0.909999967       0.00000000    
  0.929999948       5.36441803E-07
  0.949999988      -5.96046448E-07
  0.969999969      -2.38418579E-07
  0.990000010      -4.76837158E-07
   1.00999999      -2.38418579E-07
   1.02999997      -2.38418579E-07
