   9.99999978E-03  -5.84125519E-06
   2.99999993E-02  -2.98023224E-06
   4.99999970E-02  -1.90734863E-06
   7.00000003E-02  -1.07288361E-06
   8.99999961E-02   1.19209290E-07
  0.109999999      -5.96046448E-07
  0.129999995      -1.19209290E-06
  0.150000006      -1.43051147E-06
  0.169999987      -5.96046448E-07
  0.189999998       5.96046448E-08
  0.209999993      -2.26497650E-06
  0.229999989      -1.90734863E-06
  0.250000000      -4.76837158E-07
  0.269999981      -5.96046448E-07
  0.289999992      -9.53674316E-07
  0.310000002      -1.66893005E-06
  0.329999983      -4.76837158E-07
  0.349999994      -1.43051147E-06
  0.370000005      -1.43051147E-06
  0.389999986      -1.54972076E-06
  0.409999967      -1.43051147E-06
  0.430000007      -1.31130219E-06
  0.449999988      -3.57627869E-07
  0.469999969      -4.76837158E-07
  0.490000010      -1.66893005E-06
  0.509999990      -8.34465027E-07
  0.529999971       1.78813934E-07
  0.549999952      -7.15255737E-07
  0.569999993      -4.76837158E-07
  0.589999974      -7.15255737E-07
  0.610000014       1.01327896E-06
  0.629999995       9.53674316E-07
  0.649999976      -1.19209290E-07
  0.669999957       1.78813934E-07
  0.689999998      -9.53674316E-07
  0.709999979      -8.34465027E-07
  0.730000019      -5.96046448E-07
  0.750000000      -7.15255737E-07
  0.769999981      -1.07288361E-06
  0.789999962      -8.34465027E-07
  0.809999943      -9.53674316E-07
  0.829999983      -5.96046448E-07
  0.849999964      -5.96046448E-07
  0.870000005      -5.96046448E-07
  0.889999986      -5.96046448E-07
  0.909999967       4.17232513E-07
  0.929999948      -4.76837158E-07
  0.949999988      -1.19209290E-07
  0.969999969      -3.57627869E-07
  0.990000010      -3.57627869E-07
   1.00999999      -4.76837158E-07
   1.02999997      -2.38418579E-07
