   9.99999978E-03   2.68946792E-07
   2.99999993E-02   2.08502886E-08
   4.99999970E-02   6.03919375E-07
   7.00000003E-02   4.12259766E-07
   8.99999961E-02   3.59018514E-07
  0.109999999       2.40628538E-07
  0.129999995       3.91404654E-07
  0.150000006       4.38881472E-07
  0.169999987       1.38901299E-08
  0.189999998       2.43469145E-07
  0.209999993       3.75640127E-07
  0.229999989       5.02826936E-07
  0.250000000       2.67345001E-07
  0.269999981       8.01245932E-08
  0.289999992       1.02841383E-07
  0.310000002       8.48053361E-08
  0.329999983       6.62582181E-07
  0.349999994       1.76980194E-07
  0.370000005       1.36730478E-07
  0.389999986      -3.21950644E-09
  0.409999967       2.51851787E-07
  0.430000007       2.06127027E-07
  0.449999988      -7.09576469E-08
  0.469999969       1.61709181E-07
  0.490000010       1.48281565E-08
  0.509999990      -1.06674264E-07
  0.529999971      -4.59097365E-08
  0.549999952      -1.04956193E-07
  0.569999993       1.32251010E-09
  0.589999974       9.66535652E-08
  0.610000014      -2.68238466E-07
  0.629999995      -1.49754214E-07
  0.649999976       3.56133938E-07
  0.669999957       3.13401003E-08
  0.689999998       2.71582401E-08
  0.709999979      -4.61154656E-07
  0.730000019      -1.77090797E-07
  0.750000000      -1.47779929E-07
  0.769999981      -5.65754981E-08
  0.789999962      -5.14213411E-07
  0.809999943       1.66902353E-07
  0.829999983      -5.63482345E-08
  0.849999964       8.74531452E-08
  0.870000005      -1.55570461E-07
  0.889999986       4.25639939E-07
  0.909999967       1.95957568E-07
  0.929999948       9.08035958E-09
  0.949999988       1.93983325E-07
  0.969999969       1.06490411E-07
  0.990000010       2.75093726E-07
   1.00999999       5.85579230E-08
   1.02999997       2.16290928E-07
