   9.99999978E-03   1.28749463E-07
   2.99999993E-02   1.70971703E-07
   4.99999970E-02   2.09242756E-07
   7.00000003E-02   1.53945280E-07
   8.99999961E-02   1.08894127E-07
  0.109999999       9.15017608E-08
  0.129999995      -9.53355581E-08
  0.150000006       5.54496182E-09
  0.169999987      -2.60001745E-08
  0.189999998      -3.32497052E-07
  0.209999993       1.10860306E-07
  0.229999989      -2.56650935E-07
  0.250000000      -4.34754327E-07
  0.269999981      -3.95235304E-07
  0.289999992       8.18009553E-08
  0.310000002      -5.75048489E-08
  0.329999983      -2.59394341E-07
  0.349999994       1.14237395E-07
  0.370000005       5.52747167E-07
  0.389999986       1.85981008E-07
  0.409999967       8.41816785E-08
  0.430000007       1.33966481E-07
  0.449999988       1.07659595E-07
  0.469999969      -6.17800424E-08
  0.490000010      -1.77961368E-07
  0.509999990       1.73176957E-08
  0.529999971       4.36415917E-08
  0.549999952      -1.30612008E-07
  0.569999993       2.70774905E-08
  0.589999974      -1.08013509E-08
  0.610000014       1.46962194E-07
  0.629999995       1.26000828E-07
  0.649999976       1.58007687E-08
  0.669999957      -8.42694448E-08
  0.689999998       7.15113941E-08
  0.709999979       5.92065305E-07
  0.730000019       3.41577163E-07
  0.750000000       4.12185273E-07
  0.769999981       3.08192995E-07
  0.789999962       4.86663367E-08
  0.809999943       3.78846096E-07
  0.829999983       8.58610463E-07
  0.849999964       3.87872319E-07
  0.870000005       3.71656085E-07
  0.889999986       3.47783129E-07
  0.909999967       3.12290524E-07
  0.929999948       3.82623625E-07
  0.949999988       2.25333494E-07
  0.969999969      -1.19968355E-08
  0.990000010      -2.88203239E-07
   1.00999999       2.32036484E-07
   1.02999997       3.42792248E-08
