   9.99999978E-03   1.00000465    
   2.99999993E-02   1.00000119    
   4.99999970E-02  0.999999940    
   7.00000003E-02   1.00000024    
   8.99999961E-02  0.999998391    
  0.109999999      0.999997616    
  0.129999995      0.999998331    
  0.150000006      0.999998450    
  0.169999987      0.999998689    
  0.189999998      0.999999344    
  0.209999993      0.999998093    
  0.229999989      0.999998629    
  0.250000000      0.999998569    
  0.269999981      0.999998569    
  0.289999992      0.999998927    
  0.310000002      0.999998748    
  0.329999983      0.999997795    
  0.349999994      0.999998868    
  0.370000005      0.999998868    
  0.389999986      0.999999404    
  0.409999967      0.999999642    
  0.430000007      0.999998748    
  0.449999988      0.999998629    
  0.469999969      0.999998927    
  0.490000010      0.999998927    
  0.509999990      0.999998808    
  0.529999971      0.999999225    
  0.549999952      0.999998569    
  0.569999993      0.999998927    
  0.589999974      0.999999642    
  0.610000014      0.999998868    
  0.629999995      0.999999344    
  0.649999976      0.999999106    
  0.669999957      0.999998987    
  0.689999998      0.999999642    
  0.709999979      0.999999404    
  0.730000019      0.999999642    
  0.750000000      0.999999821    
  0.769999981      0.999999225    
  0.789999962       1.00000024    
  0.809999943       1.00000024    
  0.829999983       1.00000060    
  0.849999964       1.00000036    
  0.870000005       1.00000036    
  0.889999986       1.00000095    
  0.909999967       1.00000036    
  0.929999948       1.00000024    
  0.949999988       1.00000048    
  0.969999969       1.00000024    
  0.990000010       1.00000024    
   1.00999999       1.00000048    
   1.02999997      0.999999464    
   1.04999995       1.00000060    
   1.06999993       1.00000072    
   1.08999991       1.00000048    
   1.28999996       1.00000048    
