   9.99999978E-03   1.32374552E-07
   2.99999993E-02   3.59312793E-07
   4.99999970E-02   3.40697596E-07
   7.00000003E-02   3.97726694E-07
   8.99999961E-02   2.27080662E-07
  0.109999999       3.98776365E-07
  0.129999995       1.49864633E-07
  0.150000006       4.41204094E-07
  0.169999987       2.11612971E-07
  0.189999998       3.34883126E-08
  0.209999993       1.42722001E-07
  0.229999989      -5.22414666E-07
  0.250000000       1.59017812E-08
  0.269999981      -4.00444868E-08
  0.289999992       5.63736542E-08
  0.310000002       1.04585659E-07
  0.329999983       4.34082637E-09
  0.349999994       2.32190445E-07
  0.370000005       1.41178340E-08
  0.389999986       1.07997330E-07
  0.409999967      -5.59585338E-08
  0.430000007       1.70089550E-07
  0.449999988       7.36046459E-08
  0.469999969       5.62233993E-07
  0.490000010      -1.40757408E-07
  0.509999990       1.74808733E-07
  0.529999971      -6.82418673E-08
  0.549999952       1.33960498E-07
  0.569999993       2.92887364E-07
  0.589999974      -6.57017722E-07
  0.610000014      -6.42310567E-07
  0.629999995      -4.93876996E-07
  0.649999976      -2.08608011E-08
  0.669999957       3.75442255E-09
  0.689999998      -2.23314629E-08
  0.709999979       2.21353616E-07
  0.730000019      -2.65093746E-07
  0.750000000      -9.51683887E-09
  0.769999981       1.02354420E-07
  0.789999962       2.37574667E-07
  0.809999943       5.47308389E-07
  0.829999983       3.98112149E-07
  0.849999964      -8.50856807E-08
  0.870000005       7.64224239E-08
  0.889999986       1.60932046E-07
  0.909999967       9.87484370E-08
  0.929999948      -5.24621733E-08
  0.949999988       2.15314401E-07
  0.969999969       1.07232019E-07
  0.990000010      -1.33326978E-07
   1.00999999      -3.30250742E-08
   1.02999997       5.50618267E-07
