   9.99999978E-03   1.47318090E-07
   2.99999993E-02  -5.75567292E-08
   4.99999970E-02   3.89736670E-07
   7.00000003E-02   6.16367288E-07
   8.99999961E-02  -4.54533620E-07
  0.109999999      -2.47381244E-08
  0.129999995      -1.46454752E-07
  0.150000006      -3.01803766E-07
  0.169999987       2.80221485E-07
  0.189999998       5.47839477E-07
  0.209999993       3.05603947E-07
  0.229999989       1.01073240E-07
  0.250000000       2.46005186E-07
  0.269999981       1.11376508E-07
  0.289999992      -4.37834125E-08
  0.310000002       2.81667070E-07
  0.329999983      -3.48092499E-07
  0.349999994      -7.22252594E-07
  0.370000005       3.04688655E-07
  0.389999986      -7.68320945E-08
  0.409999967       8.68981189E-08
  0.430000007      -5.55691372E-07
  0.449999988      -8.30931185E-07
  0.469999969       3.06053494E-09
  0.490000010      -2.26315436E-07
  0.509999990      -7.15184171E-07
  0.529999971      -4.64425739E-07
  0.549999952      -4.93385073E-07
  0.569999993      -1.56872261E-07
  0.589999974       1.38419324E-07
  0.610000014       9.75418359E-08
  0.629999995      -2.45017930E-07
  0.649999976      -2.53888857E-07
  0.669999957      -4.73409841E-07
  0.689999998      -4.34391779E-07
  0.709999979      -5.39269308E-07
  0.730000019      -7.66090011E-07
  0.750000000      -5.73062550E-07
  0.769999981      -1.44418124E-07
  0.789999962      -3.47559677E-07
  0.809999943      -4.25055163E-07
  0.829999983      -3.80823593E-07
  0.849999964      -3.71742530E-08
  0.870000005      -1.54218213E-07
  0.889999986      -7.56703429E-08
  0.909999967      -1.34063347E-08
  0.929999948       2.30504057E-07
  0.949999988      -1.94859240E-07
  0.969999969      -3.98569199E-07
  0.990000010      -2.69855349E-07
   1.00999999      -1.75867171E-07
   1.02999997      -1.84130812E-07
