   9.99999978E-03   5.07935908E-07
   2.99999993E-02   3.76202223E-07
   4.99999970E-02   3.39560586E-07
   7.00000003E-02   2.21969287E-07
   8.99999961E-02   2.05261927E-07
  0.109999999       4.00650578E-07
  0.129999995       2.81195412E-07
  0.150000006       1.87881682E-07
  0.169999987      -7.56047655E-07
  0.189999998       2.82739506E-07
  0.209999993       5.23536926E-07
  0.229999989       2.95779159E-07
  0.250000000       5.06074286E-07
  0.269999981       2.95912059E-07
  0.289999992       4.32905523E-07
  0.310000002       3.44159218E-07
  0.329999983       4.63595200E-07
  0.349999994       5.12306258E-07
  0.370000005       2.39477629E-07
  0.389999986       2.94722433E-08
  0.409999967      -1.27600927E-07
  0.430000007      -9.87393349E-08
  0.449999988      -1.03967139E-07
  0.469999969      -3.01560050E-07
  0.490000010      -1.76109353E-07
  0.509999990       1.00196971E-07
  0.529999971       2.78504132E-07
  0.549999952       3.98968410E-07
  0.569999993       3.46426248E-07
  0.589999974       1.16794851E-07
  0.610000014      -1.93609438E-07
  0.629999995       9.35133357E-08
  0.649999976       1.17385632E-07
  0.669999957       1.80360885E-07
  0.689999998       2.31111898E-07
  0.709999979       3.19956399E-07
  0.730000019       3.58629791E-07
  0.750000000       8.30532656E-08
  0.769999981       5.71388732E-08
  0.789999962       1.14328856E-07
  0.809999943       2.86273121E-07
  0.829999983       1.49728493E-07
  0.849999964       7.41224540E-08
  0.870000005       1.61608597E-07
  0.889999986       1.89827105E-07
  0.909999967       2.57726811E-07
  0.929999948       9.74879839E-08
  0.949999988      -1.49659087E-07
  0.969999969      -1.57353782E-07
  0.990000010      -9.31203843E-08
   1.00999999       5.76760151E-08
   1.02999997       3.66423023E-07
