   0.00000000       0.00000000       0.00000000    
   1.25000002E-02   0.00000000       0.00000000    
   3.75000015E-02   0.00000000       0.00000000    
   6.25000000E-02   0.00000000       0.00000000    
   8.75000060E-02   0.00000000       0.00000000    
  0.112499997       0.00000000       0.00000000    
  0.137500003       0.00000000       0.00000000    
  0.162499994       0.00000000       0.00000000    
  0.187500000       0.00000000       0.00000000    
  0.212500006       0.00000000       0.00000000    
  0.237500012       0.00000000       0.00000000    
  0.262499988       0.00000000       0.00000000    
  0.287500024       0.00000000       0.00000000    
  0.312500000       0.00000000       0.00000000    
  0.337500006       0.00000000       0.00000000    
  0.362500012       0.00000000       0.00000000    
  0.387499988       0.00000000       0.00000000    
  0.412500024       0.00000000       0.00000000    
  0.437500000       0.00000000       0.00000000    
  0.462500006       0.00000000       0.00000000    
  0.487500012       0.00000000       0.00000000    
  0.512500048       0.00000000       0.00000000    
  0.537500024       0.00000000       0.00000000    
  0.562500000       0.00000000       0.00000000    
  0.587499976       0.00000000       0.00000000    
  0.612500012       0.00000000       0.00000000    
  0.637500048       0.00000000       0.00000000    
  0.662500024       0.00000000       0.00000000    
  0.687500000       0.00000000       0.00000000    
  0.712499976       0.00000000       0.00000000    
  0.737500012       0.00000000       0.00000000    
  0.762500048       0.00000000       0.00000000    
  0.787500024       0.00000000       0.00000000    
  0.812500000       0.00000000       0.00000000    
  0.837499976       0.00000000       0.00000000    
  0.862500012       0.00000000       0.00000000    
  0.887500048       0.00000000       0.00000000    
  0.912500024       0.00000000       0.00000000    
  0.937500000       0.00000000       0.00000000    
  0.962499976       0.00000000       0.00000000    
  0.987500012       0.00000000       0.00000000    
   1.00000000       0.00000000       0.00000000    
 
   0.00000000       1.25000002E-02   1.42432638E-02
   1.25000002E-02   1.25000002E-02   1.42432638E-02
   3.75000015E-02   1.25000002E-02   1.94425993E-02
   6.25000000E-02   1.25000002E-02   2.62065809E-02
   8.75000060E-02   1.25000002E-02   3.30950357E-02
  0.112499997       1.25000002E-02   3.97699438E-02
  0.137500003       1.25000002E-02   4.62175421E-02
  0.162499994       1.25000002E-02   5.24788871E-02
  0.187500000       1.25000002E-02   5.85909411E-02
  0.212500006       1.25000002E-02   6.45811558E-02
  0.237500012       1.25000002E-02   7.04707354E-02
  0.262499988       1.25000002E-02   7.62774646E-02
  0.287500024       1.25000002E-02   8.20179135E-02
  0.312500000       1.25000002E-02   8.77091065E-02
  0.337500006       1.25000002E-02   9.33701918E-02
  0.362500012       1.25000002E-02   9.90236998E-02
  0.387499988       1.25000002E-02  0.104697466    
  0.412500024       1.25000002E-02  0.110426724    
  0.437500000       1.25000002E-02  0.116256580    
  0.462500006       1.25000002E-02  0.122245923    
  0.487500012       1.25000002E-02  0.128471836    
  0.512500048       1.25000002E-02  0.135036319    
  0.537500024       1.25000002E-02  0.141730756    
  0.562500000       1.25000002E-02  0.148273140    
  0.587499976       1.25000002E-02  0.154647499    
  0.612500012       1.25000002E-02  0.160854727    
  0.637500048       1.25000002E-02  0.166895881    
  0.662500024       1.25000002E-02  0.172770634    
  0.687500000       1.25000002E-02  0.178476453    
  0.712499976       1.25000002E-02  0.184007838    
  0.737500012       1.25000002E-02  0.189355820    
  0.762500048       1.25000002E-02  0.194506451    
  0.787500024       1.25000002E-02  0.199440777    
  0.812500000       1.25000002E-02  0.204133138    
  0.837499976       1.25000002E-02  0.208550185    
  0.862500012       1.25000002E-02  0.212649718    
  0.887500048       1.25000002E-02  0.216378763    
  0.912500024       1.25000002E-02  0.219670191    
  0.937500000       1.25000002E-02  0.222439289    
  0.962499976       1.25000002E-02  0.224569112    
  0.987500012       1.25000002E-02  0.225872681    
   1.00000000       1.25000002E-02  0.225872681    
 
   0.00000000       3.75000015E-02   3.93245295E-02
   1.25000002E-02   3.75000015E-02   3.93245295E-02
   3.75000015E-02   3.75000015E-02   5.35266623E-02
   6.25000000E-02   3.75000015E-02   7.19456971E-02
   8.75000060E-02   3.75000015E-02   9.05984566E-02
  0.112499997       3.75000015E-02  0.108539410    
  0.137500003       3.75000015E-02  0.125720099    
  0.162499994       3.75000015E-02  0.142243549    
  0.187500000       3.75000015E-02  0.158199459    
  0.212500006       3.75000015E-02  0.173647895    
  0.237500012       3.75000015E-02  0.188627213    
  0.262499988       3.75000015E-02  0.203160927    
  0.287500024       3.75000015E-02  0.217262715    
  0.312500000       3.75000015E-02  0.230938181    
  0.337500006       3.75000015E-02  0.244187623    
  0.362500012       3.75000015E-02  0.257006258    
  0.387499988       3.75000015E-02  0.269385546    
  0.412500024       3.75000015E-02  0.281313002    
  0.437500000       3.75000015E-02  0.292772442    
  0.462500006       3.75000015E-02  0.303744555    
  0.487500012       3.75000015E-02  0.314205736    
  0.512500048       3.75000015E-02  0.324127853    
  0.537500024       3.75000015E-02  0.333558112    
  0.562500000       3.75000015E-02  0.342626721    
  0.587499976       3.75000015E-02  0.351413548    
  0.612500012       3.75000015E-02  0.359985679    
  0.637500048       3.75000015E-02  0.368400782    
  0.662500024       3.75000015E-02  0.376705974    
  0.687500000       3.75000015E-02  0.384937286    
  0.712499976       3.75000015E-02  0.393119156    
  0.737500012       3.75000015E-02  0.401262134    
  0.762500048       3.75000015E-02  0.409361720    
  0.787500024       3.75000015E-02  0.417394817    
  0.812500000       3.75000015E-02  0.425317585    
  0.837499976       3.75000015E-02  0.433061540    
  0.862500012       3.75000015E-02  0.440528750    
  0.887500048       3.75000015E-02  0.447586447    
  0.912500024       3.75000015E-02  0.454057872    
  0.937500000       3.75000015E-02  0.459709853    
  0.962499976       3.75000015E-02  0.464219213    
  0.987500012       3.75000015E-02  0.467078060    
   1.00000000       3.75000015E-02  0.467078060    
 
   0.00000000       6.25000000E-02   6.01185858E-02
   1.25000002E-02   6.25000000E-02   6.01185858E-02
   3.75000015E-02   6.25000000E-02   8.14167708E-02
   6.25000000E-02   6.25000000E-02  0.108852483    
   8.75000060E-02   6.25000000E-02  0.136290669    
  0.112499997       6.25000000E-02  0.162233680    
  0.137500003       6.25000000E-02  0.186569884    
  0.162499994       6.25000000E-02  0.209429055    
  0.187500000       6.25000000E-02  0.230926722    
  0.212500006       6.25000000E-02  0.251140177    
  0.237500012       6.25000000E-02  0.270119429    
  0.262499988       6.25000000E-02  0.287899584    
  0.287500024       6.25000000E-02  0.304506660    
  0.312500000       6.25000000E-02  0.319963038    
  0.337500006       6.25000000E-02  0.334289461    
  0.362500012       6.25000000E-02  0.347507179    
  0.387499988       6.25000000E-02  0.359638453    
  0.412500024       6.25000000E-02  0.370706677    
  0.437500000       6.25000000E-02  0.380737096    
  0.462500006       6.25000000E-02  0.389755785    
  0.487500012       6.25000000E-02  0.397789240    
  0.512500048       6.25000000E-02  0.404863894    
  0.537500024       6.25000000E-02  0.411375970    
  0.562500000       6.25000000E-02  0.417812914    
  0.587499976       6.25000000E-02  0.424322069    
  0.612500012       6.25000000E-02  0.431007743    
  0.637500048       6.25000000E-02  0.437955379    
  0.662500024       6.25000000E-02  0.445235610    
  0.687500000       6.25000000E-02  0.452901989    
  0.712499976       6.25000000E-02  0.460991204    
  0.737500012       6.25000000E-02  0.469521612    
  0.762500048       6.25000000E-02  0.478486896    
  0.787500024       6.25000000E-02  0.487853557    
  0.812500000       6.25000000E-02  0.497552842    
  0.837499976       6.25000000E-02  0.507472098    
  0.862500012       6.25000000E-02  0.517444015    
  0.887500048       6.25000000E-02  0.527234316    
  0.912500024       6.25000000E-02  0.536522925    
  0.937500000       6.25000000E-02  0.544881940    
  0.962499976       6.25000000E-02  0.551721334    
  0.987500012       6.25000000E-02  0.556141734    
   1.00000000       6.25000000E-02  0.556141734    
 
   0.00000000       8.75000060E-02   7.81141296E-02
   1.25000002E-02   8.75000060E-02   7.81141296E-02
   3.75000015E-02   8.75000060E-02  0.105070822    
   6.25000000E-02   8.75000060E-02  0.139472142    
   8.75000060E-02   8.75000060E-02  0.173271447    
  0.112499997       8.75000060E-02  0.204443857    
  0.137500003       8.75000060E-02  0.232801735    
  0.162499994       8.75000060E-02  0.258498847    
  0.187500000       8.75000060E-02  0.281692445    
  0.212500006       8.75000060E-02  0.302510470    
  0.237500012       8.75000060E-02  0.321066111    
  0.262499988       8.75000060E-02  0.337472767    
  0.287500024       8.75000060E-02  0.351851314    
  0.312500000       8.75000060E-02  0.364335597    
  0.337500006       8.75000060E-02  0.375072777    
  0.362500012       8.75000060E-02  0.384223342    
  0.387499988       8.75000060E-02  0.391959012    
  0.412500024       8.75000060E-02  0.398460299    
  0.437500000       8.75000060E-02  0.403911859    
  0.462500006       8.75000060E-02  0.408498347    
  0.487500012       8.75000060E-02  0.412398577    
  0.512500048       8.75000060E-02  0.415781379    
  0.537500024       8.75000060E-02  0.419120371    
  0.562500000       8.75000060E-02  0.422889322    
  0.587499976       8.75000060E-02  0.427225888    
  0.612500012       8.75000060E-02  0.432225645    
  0.637500048       8.75000060E-02  0.437968999    
  0.662500024       8.75000060E-02  0.444525033    
  0.687500000       8.75000060E-02  0.451951236    
  0.712499976       8.75000060E-02  0.460290998    
  0.737500012       8.75000060E-02  0.469570965    
  0.762500048       8.75000060E-02  0.479791999    
  0.787500024       8.75000060E-02  0.490921557    
  0.812500000       8.75000060E-02  0.502878249    
  0.837499976       8.75000060E-02  0.515517056    
  0.862500012       8.75000060E-02  0.528605044    
  0.887500048       8.75000060E-02  0.541797638    
  0.912500024       8.75000060E-02  0.554604888    
  0.937500000       8.75000060E-02  0.566349268    
  0.962499976       8.75000060E-02  0.576094091    
  0.987500012       8.75000060E-02  0.582437873    
   1.00000000       8.75000060E-02  0.582437873    
 
   0.00000000      0.112499997       9.39618871E-02
   1.25000002E-02  0.112499997       9.39618871E-02
   3.75000015E-02  0.112499997      0.125371009    
   6.25000000E-02  0.112499997      0.165022835    
   8.75000060E-02  0.112499997      0.203160405    
  0.112499997      0.112499997      0.237274662    
  0.137500003      0.112499997      0.267130703    
  0.162499994      0.112499997      0.292953670    
  0.187500000      0.112499997      0.315011173    
  0.212500006      0.112499997      0.333565950    
  0.237500012      0.112499997      0.348888963    
  0.262499988      0.112499997      0.361270517    
  0.287500024      0.112499997      0.371023327    
  0.312500000      0.112499997      0.378480136    
  0.337500006      0.112499997      0.383987606    
  0.362500012      0.112499997      0.387898356    
  0.387499988      0.112499997      0.390562385    
  0.412500024      0.112499997      0.392317206    
  0.437500000      0.112499997      0.393480420    
  0.462500006      0.112499997      0.394341677    
  0.487500012      0.112499997      0.395156831    
  0.512500048      0.112499997      0.396143287    
  0.537500024      0.112499997      0.397659838    
  0.562500000      0.112499997      0.400013268    
  0.587499976      0.112499997      0.403301448    
  0.612500012      0.112499997      0.407600075    
  0.637500048      0.112499997      0.412981838    
  0.662500024      0.112499997      0.419519424    
  0.687500000      0.112499997      0.427284688    
  0.712499976      0.112499997      0.436345398    
  0.737500012      0.112499997      0.446759164    
  0.762500048      0.112499997      0.458562911    
  0.787500024      0.112499997      0.471757382    
  0.812500000      0.112499997      0.486284584    
  0.837499976      0.112499997      0.501999855    
  0.862500012      0.112499997      0.518631756    
  0.887500048      0.112499997      0.535735667    
  0.912500024      0.112499997      0.552638292    
  0.937500000      0.112499997      0.568365753    
  0.962499976      0.112499997      0.581543624    
  0.987500012      0.112499997      0.590144396    
   1.00000000      0.112499997      0.590144396    
 
   0.00000000      0.137500003      0.108029306    
   1.25000002E-02  0.137500003      0.108029306    
   3.75000015E-02  0.137500003      0.142850384    
   6.25000000E-02  0.137500003      0.186309785    
   8.75000060E-02  0.137500003      0.227138728    
  0.112499997      0.137500003      0.262410700    
  0.137500003      0.137500003      0.291905582    
  0.162499994      0.137500003      0.316000462    
  0.187500000      0.137500003      0.335165083    
  0.212500006      0.137500003      0.349892437    
  0.237500012      0.137500003      0.360700339    
  0.262499988      0.137500003      0.368129909    
  0.287500024      0.137500003      0.372736901    
  0.312500000      0.137500003      0.375076920    
  0.337500006      0.137500003      0.375689656    
  0.362500012      0.137500003      0.375082970    
  0.387499988      0.137500003      0.373721302    
  0.412500024      0.137500003      0.372014105    
  0.437500000      0.137500003      0.370312274    
  0.462500006      0.137500003      0.368906170    
  0.487500012      0.137500003      0.368027210    
  0.512500048      0.137500003      0.367854029    
  0.537500024      0.137500003      0.368588835    
  0.562500000      0.137500003      0.370381892    
  0.587499976      0.137500003      0.373297542    
  0.612500012      0.137500003      0.377400637    
  0.637500048      0.137500003      0.382766753    
  0.662500024      0.137500003      0.389485598    
  0.687500000      0.137500003      0.397658706    
  0.712499976      0.137500003      0.407398611    
  0.737500012      0.137500003      0.418819010    
  0.762500048      0.137500003      0.432023764    
  0.787500024      0.137500003      0.447084635    
  0.812500000      0.137500003      0.464010268    
  0.837499976      0.137500003      0.482701063    
  0.862500012      0.137500003      0.502888739    
  0.887500048      0.137500003      0.524056673    
  0.912500024      0.137500003      0.545346498    
  0.937500000      0.137500003      0.565446198    
  0.962499976      0.137500003      0.582450032    
  0.987500012      0.137500003      0.593564570    
   1.00000000      0.137500003      0.593564570    
 
   0.00000000      0.162499994      0.120562851    
   1.25000002E-02  0.162499994      0.120562851    
   3.75000015E-02  0.162499994      0.157895505    
   6.25000000E-02  0.162499994      0.203964949    
   8.75000060E-02  0.162499994      0.246190935    
  0.112499997      0.162499994      0.281310827    
  0.137500003      0.162499994      0.309195399    
  0.162499994      0.162499994      0.330458611    
  0.187500000      0.162499994      0.345857024    
  0.212500006      0.162499994      0.356186032    
  0.237500012      0.162499994      0.362260163    
  0.262499988      0.162499994      0.364893407    
  0.287500024      0.162499994      0.364875585    
  0.312500000      0.162499994      0.362946510    
  0.337500006      0.162499994      0.359774649    
  0.362500012      0.162499994      0.355940968    
  0.387499988      0.162499994      0.351932049    
  0.412500024      0.162499994      0.348138511    
  0.437500000      0.162499994      0.344862133    
  0.462500006      0.162499994      0.342326194    
  0.487500012      0.162499994      0.340690017    
  0.512500048      0.162499994      0.340064168    
  0.537500024      0.162499994      0.340526253    
  0.562500000      0.162499994      0.342120945    
  0.587499976      0.162499994      0.344892144    
  0.612500012      0.162499994      0.348901868    
  0.637500048      0.162499994      0.354235560    
  0.662500024      0.162499994      0.361005455    
  0.687500000      0.162499994      0.369351327    
  0.712499976      0.162499994      0.379440010    
  0.737500012      0.162499994      0.391458184    
  0.762500048      0.162499994      0.405600160    
  0.787500024      0.162499994      0.422042310    
  0.812500000      0.162499994      0.440902770    
  0.837499976      0.162499994      0.462178618    
  0.862500012      0.162499994      0.485657245    
  0.887500048      0.162499994      0.510794222    
  0.912500024      0.162499994      0.536562622    
  0.937500000      0.162499994      0.561279893    
  0.962499976      0.162499994      0.582410097    
  0.987500012      0.162499994      0.596242785    
   1.00000000      0.162499994      0.596242785    
 
   0.00000000      0.187500000      0.131747514    
   1.25000002E-02  0.187500000      0.131747514    
   3.75000015E-02  0.187500000      0.170817882    
   6.25000000E-02  0.187500000      0.218521789    
   8.75000060E-02  0.187500000      0.261166424    
  0.112499997      0.187500000      0.295235902    
  0.137500003      0.187500000      0.320763111    
  0.162499994      0.187500000      0.338668287    
  0.187500000      0.187500000      0.350052148    
  0.212500006      0.187500000      0.356046438    
  0.237500012      0.187500000      0.357767552    
  0.262499988      0.187500000      0.356278390    
  0.287500024      0.187500000      0.352551728    
  0.312500000      0.187500000      0.347442001    
  0.337500006      0.187500000      0.341666013    
  0.362500012      0.187500000      0.335797936    
  0.387499988      0.187500000      0.330274820    
  0.412500024      0.187500000      0.325412065    
  0.437500000      0.187500000      0.321423680    
  0.462500006      0.187500000      0.318446755    
  0.487500012      0.187500000      0.316563725    
  0.512500048      0.187500000      0.315823585    
  0.537500024      0.187500000      0.316221416    
  0.562500000      0.187500000      0.317738086    
  0.587499976      0.187500000      0.320404083    
  0.612500012      0.187500000      0.324279606    
  0.637500048      0.187500000      0.329458445    
  0.662500024      0.187500000      0.336072057    
  0.687500000      0.187500000      0.344295442    
  0.712499976      0.187500000      0.354349494    
  0.737500012      0.187500000      0.366499245    
  0.762500048      0.187500000      0.381042719    
  0.787500024      0.187500000      0.398286074    
  0.812500000      0.187500000      0.418495923    
  0.837499976      0.187500000      0.441819429    
  0.862500012      0.187500000      0.468162179    
  0.887500048      0.187500000      0.497012466    
  0.912500024      0.187500000      0.527212739    
  0.937500000      0.187500000      0.556691825    
  0.962499976      0.187500000      0.582186759    
  0.987500012      0.187500000      0.598905623    
   1.00000000      0.187500000      0.598905623    
 
   0.00000000      0.212500006      0.141733065    
   1.25000002E-02  0.212500006      0.141733065    
   3.75000015E-02  0.212500006      0.181881875    
   6.25000000E-02  0.212500006      0.230440721    
   8.75000060E-02  0.212500006      0.272797048    
  0.112499997      0.212500006      0.305254042    
  0.137500003      0.212500006      0.328059316    
  0.162499994      0.212500006      0.342483580    
  0.187500000      0.212500006      0.349996299    
  0.212500006      0.212500006      0.352063686    
  0.237500012      0.212500006      0.350075275    
  0.262499988      0.212500006      0.345290929    
  0.287500024      0.212500006      0.338800609    
  0.312500000      0.212500006      0.331501484    
  0.337500006      0.212500006      0.324091822    
  0.362500012      0.212500006      0.317083687    
  0.387499988      0.212500006      0.310827315    
  0.412500024      0.212500006      0.305542111    
  0.437500000      0.212500006      0.301350474    
  0.462500006      0.212500006      0.298309982    
  0.487500012      0.212500006      0.296439737    
  0.512500048      0.212500006      0.295742661    
  0.537500024      0.212500006      0.296164274    
  0.562500000      0.212500006      0.297647804    
  0.587499976      0.212500006      0.300212294    
  0.612500012      0.212500006      0.303912431    
  0.637500048      0.212500006      0.308841854    
  0.662500024      0.212500006      0.315141469    
  0.687500000      0.212500006      0.323009878    
  0.712499976      0.212500006      0.332712501    
  0.737500012      0.212500006      0.344586849    
  0.762500048      0.212500006      0.359037608    
  0.787500024      0.212500006      0.376515299    
  0.812500000      0.212500006      0.397466600    
  0.837499976      0.212500006      0.422239125    
  0.862500012      0.212500006      0.450924695    
  0.887500048      0.212500006      0.483119547    
  0.912500024      0.212500006      0.517594337    
  0.937500000      0.212500006      0.551894546    
  0.962499976      0.212500006      0.581942379    
  0.987500012      0.212500006      0.601686716    
   1.00000000      0.212500006      0.601686716    
 
   0.00000000      0.237500012      0.150646314    
   1.25000002E-02  0.237500012      0.150646314    
   3.75000015E-02  0.237500012      0.191316634    
   6.25000000E-02  0.237500012      0.240120903    
   8.75000060E-02  0.237500012      0.281705886    
  0.112499997      0.237500012      0.312248886    
  0.137500003      0.237500012      0.332242221    
  0.162499994      0.237500012      0.343322843    
  0.187500000      0.237500012      0.347323418    
  0.212500006      0.237500012      0.346017629    
  0.237500012      0.237500012      0.341020197    
  0.262499988      0.237500012      0.333728164    
  0.287500024      0.237500012      0.325286210    
  0.312500000      0.237500012      0.316576719    
  0.337500006      0.237500012      0.308235884    
  0.362500012      0.237500012      0.300686628    
  0.387499988      0.237500012      0.294181049    
  0.412500024      0.237500012      0.288845807    
  0.437500000      0.237500012      0.284724414    
  0.462500006      0.237500012      0.281811506    
  0.487500012      0.237500012      0.280080020    
  0.512500048      0.237500012      0.279500872    
  0.537500024      0.237500012      0.279992431    
  0.562500000      0.237500012      0.281478822    
  0.587499976      0.237500012      0.283966362    
  0.612500012      0.237500012      0.287497342    
  0.637500048      0.237500012      0.292154253    
  0.662500024      0.237500012      0.298072994    
  0.687500000      0.237500012      0.305459291    
  0.712499976      0.237500012      0.314606160    
  0.737500012      0.237500012      0.325909048    
  0.762500048      0.237500012      0.339871198    
  0.787500024      0.237500012      0.357090861    
  0.812500000      0.237500012      0.378214806    
  0.837499976      0.237500012      0.403834134    
  0.862500012      0.237500012      0.434294432    
  0.887500048      0.237500012      0.469385624    
  0.912500024      0.237500012      0.507886946    
  0.937500000      0.237500012      0.546990216    
  0.962499976      0.237500012      0.581728458    
  0.987500012      0.237500012      0.604612768    
   1.00000000      0.237500012      0.604612768    
 
   0.00000000      0.262499988      0.158597156    
   1.25000002E-02  0.262499988      0.158597156    
   3.75000015E-02  0.262499988      0.199322730    
   6.25000000E-02  0.262499988      0.247905761    
   8.75000060E-02  0.262499988      0.288415462    
  0.112499997      0.262499988      0.316938281    
  0.137500003      0.262499988      0.334215730    
  0.162499994      0.262499988      0.342241257    
  0.187500000      0.262499988      0.343185484    
  0.212500006      0.262499988      0.339085907    
  0.237500012      0.262499988      0.331729859    
  0.262499988      0.262499988      0.322596282    
  0.287500024      0.262499988      0.312833250    
  0.312500000      0.262499988      0.303271800    
  0.337500006      0.262499988      0.294463426    
  0.362500012      0.262499988      0.286734551    
  0.387499988      0.262499988      0.280245453    
  0.412500024      0.262499988      0.275044322    
  0.437500000      0.262499988      0.271113783    
  0.462500006      0.262499988      0.268404931    
  0.487500012      0.262499988      0.266860396    
  0.512500048      0.262499988      0.266431004    
  0.537500024      0.262499988      0.267024726    
  0.562500000      0.262499988      0.268558860    
  0.587499976      0.262499988      0.271025091    
  0.612500012      0.262499988      0.274445385    
  0.637500048      0.262499988      0.278879344    
  0.662500024      0.262499988      0.284442037    
  0.687500000      0.262499988      0.291327029    
  0.712499976      0.262499988      0.299834251    
  0.737500012      0.262499988      0.310396194    
  0.762500048      0.262499988      0.323597133    
  0.787500024      0.262499988      0.340174973    
  0.812500000      0.262499988      0.360983700    
  0.837499976      0.262499988      0.386888921    
  0.862500012      0.262499988      0.418550611    
  0.887500048      0.262499988      0.456040949    
  0.912500024      0.262499988      0.498245597    
  0.937500000      0.262499988      0.542061150    
  0.962499976      0.262499988      0.581578851    
  0.987500012      0.262499988      0.607691884    
   1.00000000      0.262499988      0.607691884    
 
   0.00000000      0.287500024      0.165682539    
   1.25000002E-02  0.287500024      0.165682539    
   3.75000015E-02  0.287500024      0.206075951    
   6.25000000E-02  0.287500024      0.254088134    
   8.75000060E-02  0.287500024      0.293358028    
  0.112499997      0.287500024      0.319894969    
  0.137500003      0.287500024      0.334671199    
  0.162499994      0.287500024      0.340008289    
  0.187500000      0.287500024      0.338373929    
  0.212500006      0.287500024      0.332022280    
  0.237500012      0.287500024      0.322862953    
  0.262499988      0.287500024      0.312410563    
  0.287500024      0.287500024      0.301783115    
  0.312500000      0.287500024      0.291739076    
  0.337500006      0.287500024      0.282738566    
  0.362500012      0.287500024      0.275017262    
  0.387499988      0.287500024      0.268656820    
  0.412500024      0.287500024      0.263645351    
  0.437500000      0.287500024      0.259924293    
  0.462500006      0.287500024      0.257419020    
  0.487500012      0.287500024      0.256058156    
  0.512500048      0.287500024      0.255783528    
  0.537500024      0.287500024      0.256505042    
  0.562500000      0.287500024      0.258140981    
  0.587499976      0.287500024      0.260665625    
  0.612500012      0.287500024      0.264073759    
  0.637500048      0.287500024      0.268390566    
  0.662500024      0.287500024      0.273694754    
  0.687500000      0.287500024      0.280149579    
  0.712499976      0.287500024      0.288039297    
  0.737500012      0.287500024      0.297809929    
  0.762500048      0.287500024      0.310103565    
  0.787500024      0.287500024      0.325778991    
  0.812500000      0.287500024      0.345891654    
  0.837499976      0.287500024      0.371596783    
  0.862500012      0.287500024      0.403916329    
  0.887500048      0.287500024      0.443289697    
  0.912500024      0.287500024      0.488817662    
  0.937500000      0.287500024      0.537186325    
  0.962499976      0.287500024      0.581523299    
  0.987500012      0.287500024      0.610930085    
   1.00000000      0.287500024      0.610930085    
 
   0.00000000      0.312500000      0.171988621    
   1.25000002E-02  0.312500000      0.171988621    
   3.75000015E-02  0.312500000      0.211729154    
   6.25000000E-02  0.312500000      0.258915424    
   8.75000060E-02  0.312500000      0.296886265    
  0.112499997      0.312500000      0.321568906    
  0.137500003      0.312500000      0.334129691    
  0.162499994      0.312500000      0.337173969    
  0.187500000      0.312500000      0.333420604    
  0.212500006      0.312500000      0.325292945    
  0.237500012      0.312500000      0.314779967    
  0.262499988      0.312500000      0.303399473    
  0.287500024      0.312500000      0.292218357    
  0.312500000      0.312500000      0.281914383    
  0.337500006      0.312500000      0.272859871    
  0.362500012      0.312500000      0.265210778    
  0.387499988      0.312500000      0.258986592    
  0.412500024      0.312500000      0.254134178    
  0.437500000      0.312500000      0.250572264    
  0.462500006      0.312500000      0.248218432    
  0.487500012      0.312500000      0.247002661    
  0.512500048      0.312500000      0.246869385    
  0.537500024      0.312500000      0.247739717    
  0.562500000      0.312500000      0.249535844    
  0.587499976      0.312500000      0.252211720    
  0.612500012      0.312500000      0.255728245    
  0.637500048      0.312500000      0.260066301    
  0.662500024      0.312500000      0.265255719    
  0.687500000      0.312500000      0.271412879    
  0.712499976      0.312500000      0.278786868    
  0.737500012      0.312500000      0.287812889    
  0.762500048      0.312500000      0.299165249    
  0.787500024      0.312500000      0.313798517    
  0.812500000      0.312500000      0.332951456    
  0.837499976      0.312500000      0.358068019    
  0.862500012      0.312500000      0.390561849    
  0.887500048      0.312500000      0.431311041    
  0.912500024      0.312500000      0.479744017    
  0.937500000      0.312500000      0.532445312    
  0.962499976      0.312500000      0.581589103    
  0.987500012      0.312500000      0.614333332    
   1.00000000      0.312500000      0.614333332    
 
   0.00000000      0.337500006      0.177591965    
   1.25000002E-02  0.337500006      0.177591965    
   3.75000015E-02  0.337500006      0.216415599    
   6.25000000E-02  0.337500006      0.262594193    
   8.75000060E-02  0.337500006      0.299283206    
  0.112499997      0.337500006      0.322308183    
  0.137500003      0.337500006      0.332976401    
  0.162499994      0.337500006      0.334124833    
  0.187500000      0.337500006      0.328674525    
  0.212500006      0.337500006      0.319175065    
  0.237500012      0.337500006      0.307661682    
  0.262499988      0.337500006      0.295633674    
  0.287500024      0.337500006      0.284097463    
  0.312500000      0.337500006      0.273651212    
  0.337500006      0.337500006      0.264587730    
  0.362500012      0.337500006      0.256996900    
  0.387499988      0.337500006      0.250851780    
  0.412500024      0.337500006      0.246074423    
  0.437500000      0.337500006      0.242578477    
  0.462500006      0.337500006      0.240291119    
  0.487500012      0.337500006      0.239158735    
  0.512500048      0.337500006      0.239142761    
  0.537500024      0.337500006      0.240179762    
  0.562500000      0.337500006      0.242193565    
  0.587499976      0.337500006      0.245114759    
  0.612500012      0.337500006      0.248863399    
  0.637500048      0.337500006      0.253368974    
  0.662500024      0.337500006      0.258603662    
  0.687500000      0.337500006      0.264625072    
  0.712499976      0.337500006      0.271631390    
  0.737500012      0.337500006      0.280026525    
  0.762500048      0.337500006      0.290491432    
  0.787500024      0.337500006      0.304048240    
  0.812500000      0.337500006      0.322092444    
  0.837499976      0.337500006      0.346340448    
  0.862500012      0.337500006      0.378606111    
  0.887500048      0.337500006      0.420259148    
  0.912500024      0.337500006      0.471159339    
  0.937500000      0.337500006      0.527917087    
  0.962499976      0.337500006      0.581804156    
  0.987500012      0.337500006      0.617908239    
   1.00000000      0.337500006      0.617908239    
 
   0.00000000      0.362500012      0.182560995    
   1.25000002E-02  0.362500012      0.182560995    
   3.75000015E-02  0.362500012      0.220250636    
   6.25000000E-02  0.362500012      0.265294850    
   8.75000060E-02  0.362500012      0.300772935    
  0.112499997      0.362500012      0.322376847    
  0.137500003      0.362500012      0.331491709    
  0.162499994      0.362500012      0.331127435    
  0.187500000      0.362500012      0.324358940    
  0.212500006      0.362500012      0.313825697    
  0.237500012      0.362500012      0.301585585    
  0.262499988      0.362500012      0.289107174    
  0.287500024      0.362500012      0.277335495    
  0.312500000      0.362500012      0.266795814    
  0.337500006      0.362500012      0.257712901    
  0.362500012      0.362500012      0.250122875    
  0.387499988      0.362500012      0.243966579    
  0.412500024      0.362500012      0.239154935    
  0.437500000      0.362500012      0.235611141    
  0.462500006      0.362500012      0.233288005    
  0.487500012      0.362500012      0.232165843    
  0.512500048      0.362500012      0.232237533    
  0.537500024      0.362500012      0.233457312    
  0.562500000      0.362500012      0.235742778    
  0.587499976      0.362500012      0.238994330    
  0.612500012      0.362500012      0.243086308    
  0.637500048      0.362500012      0.247891590    
  0.662500024      0.362500012      0.253320456    
  0.687500000      0.362500012      0.259366244    
  0.712499976      0.362500012      0.266166389    
  0.737500012      0.362500012      0.274078071    
  0.762500048      0.362500012      0.283766985    
  0.787500024      0.362500012      0.296295136    
  0.812500000      0.362500012      0.313183457    
  0.837499976      0.362500012      0.336391866    
  0.862500012      0.362500012      0.368122190    
  0.887500048      0.362500012      0.410262346    
  0.912500024      0.362500012      0.463191509    
  0.937500000      0.362500012      0.523681998    
  0.962499976      0.362500012      0.582194746    
  0.987500012      0.362500012      0.621662080    
   1.00000000      0.362500012      0.621662080    
 
   0.00000000      0.387499988      0.186956897    
   1.25000002E-02  0.387499988      0.186956897    
   3.75000015E-02  0.387499988      0.223333389    
   6.25000000E-02  0.387499988      0.267156273    
   8.75000060E-02  0.387499988      0.301528454    
  0.112499997      0.387499988      0.321970493    
  0.137500003      0.387499988      0.329874337    
  0.162499994      0.387499988      0.328360468    
  0.187500000      0.387499988      0.320612073    
  0.212500006      0.387499988      0.309328437    
  0.237500012      0.387499988      0.296573848    
  0.262499988      0.387499988      0.283783615    
  0.287500024      0.387499988      0.271845877    
  0.312500000      0.387499988      0.261223644    
  0.337500006      0.387499988      0.252085447    
  0.362500012      0.387499988      0.244425833    
  0.387499988      0.387499988      0.238162607    
  0.412500024      0.387499988      0.233205676    
  0.437500000      0.387499988      0.229498908    
  0.462500006      0.387499988      0.227034777    
  0.487500012      0.387499988      0.225845933    
  0.512500048      0.387499988      0.225974768    
  0.537500024      0.387499988      0.227392957    
  0.562500000      0.387499988      0.229997128    
  0.587499976      0.387499988      0.233648017    
  0.612500012      0.387499988      0.238167971    
  0.637500048      0.387499988      0.243373096    
  0.662500024      0.387499988      0.249112025    
  0.687500000      0.387499988      0.255314767    
  0.712499976      0.387499988      0.262054741    
  0.737500012      0.387499988      0.269633681    
  0.762500048      0.387499988      0.278685689    
  0.787500024      0.387499988      0.290288627    
  0.812500000      0.387499988      0.306055993    
  0.837499976      0.387499988      0.328154385    
  0.862500012      0.387499988      0.359142423    
  0.887500048      0.387499988      0.401424378    
  0.912500024      0.387499988      0.455960423    
  0.937500000      0.387499988      0.519820213    
  0.962499976      0.387499988      0.582786322    
  0.987500012      0.387499988      0.625603557    
   1.00000000      0.387499988      0.625603557    
 
   0.00000000      0.412500024      0.190834299    
   1.25000002E-02  0.412500024      0.190834299    
   3.75000015E-02  0.412500024      0.225749135    
   6.25000000E-02  0.412500024      0.268289447    
   8.75000060E-02  0.412500024      0.301679641    
  0.112499997      0.412500024      0.321228653    
  0.137500003      0.412500024      0.328259021    
  0.162499994      0.412500024      0.325937897    
  0.187500000      0.412500024      0.317514151    
  0.212500006      0.412500024      0.305721730    
  0.237500012      0.412500024      0.292623192    
  0.262499988      0.412500024      0.279622138    
  0.287500024      0.412500024      0.267560929    
  0.312500000      0.412500024      0.256852537    
  0.337500006      0.412500024      0.247621879    
  0.362500012      0.412500024      0.239831537    
  0.387499988      0.412500024      0.233383626    
  0.412500024      0.412500024      0.228190839    
  0.437500000      0.412500024      0.224222720    
  0.462500006      0.412500024      0.221521780    
  0.487500012      0.412500024      0.220190972    
  0.512500048      0.412500024      0.220348284    
  0.537500024      0.412500024      0.221982464    
  0.562500000      0.412500024      0.224943295    
  0.587499976      0.412500024      0.229037702    
  0.612500012      0.412500024      0.234032586    
  0.637500048      0.412500024      0.239690527    
  0.662500024      0.412500024      0.245806471    
  0.687500000      0.412500024      0.252252400    
  0.712499976      0.412500024      0.259041101    
  0.737500012      0.412500024      0.266416728    
  0.762500048      0.412500024      0.274972588    
  0.787500024      0.412500024      0.285783201    
  0.812500000      0.412500024      0.300524741    
  0.837499976      0.412500024      0.321529329    
  0.862500012      0.412500024      0.351666510    
  0.887500048      0.412500024      0.393826604    
  0.912500024      0.412500024      0.449578583    
  0.937500000      0.412500024      0.516412258    
  0.962499976      0.412500024      0.583603501    
  0.987500012      0.412500024      0.629743159    
   1.00000000      0.412500024      0.629743159    
 
   0.00000000      0.437500000      0.194242135    
   1.25000002E-02  0.437500000      0.194242135    
   3.75000015E-02  0.437500000      0.227570623    
   6.25000000E-02  0.437500000      0.268781692    
   8.75000060E-02  0.437500000      0.301319659    
  0.112499997      0.437500000      0.320243597    
  0.137500003      0.437500000      0.326729298    
  0.162499994      0.437500000      0.323925644    
  0.187500000      0.437500000      0.315105259    
  0.212500006      0.437500000      0.303017646    
  0.237500012      0.437500000      0.289718628    
  0.262499988      0.437500000      0.276588410    
  0.287500024      0.437500000      0.264435828    
  0.312500000      0.437500000      0.253639638    
  0.337500006      0.437500000      0.244294181    
  0.362500012      0.437500000      0.236339360    
  0.387499988      0.437500000      0.229665026    
  0.412500024      0.437500000      0.224186659    
  0.437500000      0.437500000      0.219895929    
  0.462500006      0.437500000      0.216886744    
  0.487500012      0.437500000      0.215348139    
  0.512500048      0.437500000      0.215509325    
  0.537500024      0.437500000      0.217376888    
  0.562500000      0.437500000      0.220716059    
  0.587499976      0.437500000      0.225262821    
  0.612500012      0.437500000      0.230729699    
  0.637500048      0.437500000      0.236836106    
  0.662500024      0.437500000      0.243335530    
  0.687500000      0.437500000      0.250053257    
  0.712499976      0.437500000      0.256949544    
  0.737500012      0.437500000      0.264214069    
  0.762500048      0.437500000      0.272396415    
  0.787500024      0.437500000      0.282555938    
  0.812500000      0.437500000      0.296406060    
  0.837499976      0.437500000      0.316402942    
  0.862500012      0.437500000      0.345670193    
  0.887500048      0.437500000      0.387530237    
  0.912500024      0.437500000      0.444150537    
  0.937500000      0.437500000      0.513538897    
  0.962499976      0.437500000      0.584669232    
  0.987500012      0.437500000      0.634093106    
   1.00000000      0.437500000      0.634093106    
 
   0.00000000      0.462500006      0.197224572    
   1.25000002E-02  0.462500006      0.197224572    
   3.75000015E-02  0.462500006      0.228861198    
   6.25000000E-02  0.462500006      0.268700153    
   8.75000060E-02  0.462500006      0.300509572    
  0.112499997      0.462500006      0.319067687    
  0.137500003      0.462500006      0.325326025    
  0.162499994      0.462500006      0.322349906    
  0.187500000      0.462500006      0.313395470    
  0.212500006      0.462500006      0.301209658    
  0.237500012      0.462500006      0.287841052    
  0.262499988      0.462500006      0.274656266    
  0.287500024      0.462500006      0.262446165    
  0.312500000      0.462500006      0.251571923    
  0.337500006      0.462500006      0.242112055    
  0.362500012      0.462500006      0.233993992    
  0.387499988      0.462500006      0.227099463    
  0.412500024      0.462500006      0.221343488    
  0.437500000      0.462500006      0.216729939    
  0.462500006      0.462500006      0.213391379    
  0.487500012      0.462500006      0.211603969    
  0.512500048      0.462500006      0.211751655    
  0.537500024      0.462500006      0.213862717    
  0.562500000      0.462500006      0.217566803    
  0.587499976      0.462500006      0.222520724    
  0.612500012      0.462500006      0.228394285    
  0.637500048      0.462500006      0.234880492    
  0.662500024      0.462500006      0.241706476    
  0.687500000      0.462500006      0.248663932    
  0.712499976      0.462500006      0.255670965    
  0.737500012      0.462500006      0.262871563    
  0.762500048      0.462500006      0.270774066    
  0.787500024      0.462500006      0.280416727    
  0.812500000      0.462500006      0.293531328    
  0.837499976      0.462500006      0.312658757    
  0.862500012      0.462500006      0.341115892    
  0.887500048      0.462500006      0.382580817    
  0.912500024      0.462500006      0.439772606    
  0.937500000      0.462500006      0.511280775    
  0.962499976      0.462500006      0.586005926    
  0.987500012      0.462500006      0.638667881    
   1.00000000      0.462500006      0.638667881    
 
   0.00000000      0.487500012      0.199828297    
   1.25000002E-02  0.487500012      0.199828297    
   3.75000015E-02  0.487500012      0.229684383    
   6.25000000E-02  0.487500012      0.268098861    
   8.75000060E-02  0.487500012      0.299279779    
  0.112499997      0.487500012      0.317709446    
  0.137500003      0.487500012      0.324042201    
  0.162499994      0.487500012      0.321193099    
  0.187500000      0.487500012      0.312360346    
  0.212500006      0.487500012      0.300270647    
  0.237500012      0.487500012      0.286964655    
  0.262499988      0.487500012      0.273805439    
  0.287500024      0.487500012      0.261582464    
  0.312500000      0.487500012      0.250656873    
  0.337500006      0.487500012      0.241107509    
  0.362500012      0.487500012      0.232861266    
  0.387499988      0.487500012      0.225800425    
  0.412500024      0.487500012      0.219839916    
  0.437500000      0.487500012      0.214987352    
  0.462500006      0.487500012      0.211390972    
  0.487500012      0.487500012      0.209383354    
  0.512500048      0.487500012      0.209519610    
  0.537500024      0.487500012      0.211842000    
  0.562500000      0.487500012      0.215822786    
  0.587499976      0.487500012      0.221058145    
  0.612500012      0.487500012      0.227200240    
  0.637500048      0.487500012      0.233932078    
  0.662500024      0.487500012      0.240967602    
  0.687500000      0.487500012      0.248075977    
  0.712499976      0.487500012      0.255145222    
  0.737500012      0.487500012      0.262284189    
  0.762500048      0.487500012      0.269967914    
  0.787500024      0.487500012      0.279213369    
  0.812500000      0.487500012      0.291757137    
  0.837499976      0.487500012      0.310190827    
  0.862500012      0.487500012      0.337961078    
  0.887500048      0.487500012      0.379012704    
  0.912500024      0.487500012      0.436533570    
  0.937500000      0.487500012      0.509717524    
  0.962499976      0.487500012      0.587632895    
  0.987500012      0.487500012      0.643485904    
   1.00000000      0.487500012      0.643485904    
 
   0.00000000      0.512500048      0.202176601    
   1.25000002E-02  0.512500048      0.202176601    
   3.75000015E-02  0.512500048      0.230214909    
   6.25000000E-02  0.512500048      0.267067134    
   8.75000060E-02  0.512500048      0.297590941    
  0.112499997      0.512500048      0.316034615    
  0.137500003      0.512500048      0.322699875    
  0.162499994      0.512500048      0.320275307    
  0.187500000      0.512500048      0.311845392    
  0.212500006      0.512500048      0.300085813    
  0.237500012      0.512500048      0.287019253    
  0.262499988      0.512500048      0.274009407    
  0.287500024      0.512500048      0.261857182    
  0.312500000      0.512500048      0.250940502    
  0.337500006      0.512500048      0.241356343    
  0.362500012      0.512500048      0.233048990    
  0.387499988      0.512500048      0.225915685    
  0.412500024      0.512500048      0.219883621    
  0.437500000      0.512500048      0.214971662    
  0.462500006      0.512500048      0.211334035    
  0.487500012      0.512500048      0.209298849    
  0.512500048      0.512500048      0.209434822    
  0.537500024      0.512500048      0.211786315    
  0.562500000      0.512500048      0.215817109    
  0.587499976      0.512500048      0.221108347    
  0.612500012      0.512500048      0.227307931    
  0.637500048      0.512500048      0.234094620    
  0.662500024      0.512500048      0.241173327    
  0.687500000      0.512500048      0.248298928    
  0.712499976      0.512500048      0.255339950    
  0.737500012      0.512500048      0.262382537    
  0.762500048      0.512500048      0.269880027    
  0.787500024      0.512500048      0.278832406    
  0.812500000      0.512500048      0.290972501    
  0.837499976      0.512500048      0.308912724    
  0.862500012      0.512500048      0.336168587    
  0.887500048      0.512500048      0.376853913    
  0.912500024      0.512500048      0.434515059    
  0.937500000      0.512500048      0.508927405    
  0.962499976      0.512500048      0.589567840    
  0.987500012      0.512500048      0.648568988    
   1.00000000      0.512500048      0.648568988    
 
   0.00000000      0.537500024      0.204369143    
   1.25000002E-02  0.537500024      0.204369143    
   3.75000015E-02  0.537500024      0.230595082    
   6.25000000E-02  0.537500024      0.265694588    
   8.75000060E-02  0.537500024      0.295421988    
  0.112499997      0.537500024      0.313921809    
  0.137500003      0.537500024      0.321119964    
  0.162499994      0.537500024      0.319402218    
  0.187500000      0.537500024      0.311672151    
  0.212500006      0.537500024      0.300511807    
  0.237500012      0.537500024      0.287905157    
  0.262499988      0.537500024      0.275213271    
  0.287500024      0.537500024      0.263255775    
  0.312500000      0.537500024      0.252441406    
  0.337500006      0.537500024      0.242902756    
  0.362500012      0.537500024      0.234618977    
  0.387499988      0.537500024      0.227518439    
  0.412500024      0.537500024      0.221554384    
  0.437500000      0.537500024      0.216762811    
  0.462500006      0.537500024      0.213294640    
  0.487500012      0.537500024      0.211425394    
  0.512500048      0.537500024      0.211569771    
  0.537500024      0.537500024      0.213763610    
  0.562500000      0.537500024      0.217610478    
  0.587499976      0.537500024      0.222730875    
  0.612500012      0.537500024      0.228778020    
  0.637500048      0.537500024      0.235426173    
  0.662500024      0.537500024      0.242371872    
  0.687500000      0.537500024      0.249360904    
  0.712499976      0.537500024      0.256252408    
  0.737500012      0.537500024      0.263123959    
  0.762500048      0.537500024      0.270421535    
  0.787500024      0.537500024      0.279139221    
  0.812500000      0.537500024      0.291007370    
  0.837499976      0.537500024      0.308643490    
  0.862500012      0.537500024      0.335588813    
  0.887500048      0.537500024      0.376045793    
  0.912500024      0.537500024      0.433809310    
  0.937500000      0.537500024      0.509162664    
  0.962499976      0.537500024      0.592116177    
  0.987500012      0.537500024      0.654111624    
   1.00000000      0.537500024      0.654111624    
 
   0.00000000      0.562500000      0.206417784    
   1.25000002E-02  0.562500000      0.206417784    
   3.75000015E-02  0.562500000      0.230835035    
   6.25000000E-02  0.562500000      0.264023185    
   8.75000060E-02  0.562500000      0.292810112    
  0.112499997      0.562500000      0.311368972    
  0.137500003      0.562500000      0.319252700    
  0.162499994      0.562500000      0.318487108    
  0.187500000      0.562500000      0.311733067    
  0.212500006      0.562500000      0.301435769    
  0.237500012      0.562500000      0.289517552    
  0.262499988      0.562500000      0.277328044    
  0.287500024      0.562500000      0.265709311    
  0.312500000      0.562500000      0.255110204    
  0.337500006      0.562500000      0.245710924    
  0.362500012      0.562500000      0.237538040    
  0.387499988      0.562500000      0.230560243    
  0.412500024      0.562500000      0.224760503    
  0.437500000      0.562500000      0.220185637    
  0.462500006      0.562500000      0.216963470    
  0.487500012      0.562500000      0.215291709    
  0.512500048      0.562500000      0.215440288    
  0.537500024      0.562500000      0.217435837    
  0.562500000      0.562500000      0.221001238    
  0.587499976      0.562500000      0.225818828    
  0.612500012      0.562500000      0.231564716    
  0.637500048      0.562500000      0.237917140    
  0.662500024      0.562500000      0.244571209    
  0.687500000      0.562500000      0.251271963    
  0.712499976      0.562500000      0.257880479    
  0.737500012      0.562500000      0.264480650    
  0.762500048      0.562500000      0.271528035    
  0.787500024      0.562500000      0.280027449    
  0.812500000      0.562500000      0.291717768    
  0.837499976      0.562500000      0.309218466    
  0.862500012      0.562500000      0.336071014    
  0.887500048      0.562500000      0.376509517    
  0.912500024      0.562500000      0.434482664    
  0.937500000      0.562500000      0.510680199    
  0.962499976      0.562500000      0.595642149    
  0.987500012      0.562500000      0.660347402    
   1.00000000      0.562500000      0.660347402    
 
   0.00000000      0.587499976      0.208331838    
   1.25000002E-02  0.587499976      0.208331838    
   3.75000015E-02  0.587499976      0.230945528    
   6.25000000E-02  0.587499976      0.262094021    
   8.75000060E-02  0.587499976      0.289793491    
  0.112499997      0.587499976      0.308371246    
  0.137500003      0.587499976      0.317037195    
  0.162499994      0.587499976      0.317420423    
  0.187500000      0.587499976      0.311887860    
  0.212500006      0.587499976      0.302706361    
  0.237500012      0.587499976      0.291709661    
  0.262499988      0.587499976      0.280223876    
  0.287500024      0.587499976      0.269109845    
  0.312500000      0.587499976      0.258860111    
  0.337500006      0.587499976      0.249708980    
  0.362500012      0.587499976      0.241736770    
  0.387499988      0.587499976      0.234956771    
  0.412500024      0.587499976      0.229380205    
  0.437500000      0.587499976      0.225056797    
  0.462500006      0.587499976      0.222083718    
  0.487500012      0.587499976      0.220588490    
  0.512500048      0.587499976      0.220736921    
  0.537500024      0.587499976      0.222538874    
  0.562500000      0.587499976      0.225791186    
  0.587499976      0.587499976      0.230231881    
  0.612500012      0.587499976      0.235567689    
  0.637500048      0.587499976      0.241492972    
  0.662500024      0.587499976      0.247712418    
  0.687500000      0.587499976      0.253981858    
  0.712499976      0.587499976      0.260178775    
  0.737500012      0.587499976      0.266410559    
  0.762500048      0.587499976      0.273161292    
  0.787500024      0.587499976      0.281464696    
  0.812500000      0.587499976      0.293078929    
  0.837499976      0.587499976      0.310623467    
  0.862500012      0.587499976      0.337616563    
  0.887500048      0.587499976      0.378269076    
  0.912500024      0.587499976      0.436592430    
  0.937500000      0.587499976      0.513573945    
  0.962499976      0.587499976      0.600252867    
  0.987500012      0.587499976      0.667350471    
   1.00000000      0.587499976      0.667350471    
 
   0.00000000      0.612500012      0.210119292    
   1.25000002E-02  0.612500012      0.210119292    
   3.75000015E-02  0.612500012      0.230937645    
   6.25000000E-02  0.612500012      0.259946704    
   8.75000060E-02  0.612500012      0.286411315    
  0.112499997      0.612500012      0.304925025    
  0.137500003      0.612500012      0.314406604    
  0.162499994      0.612500012      0.316076279    
  0.187500000      0.612500012      0.311969072    
  0.212500006      0.612500012      0.304134637    
  0.237500012      0.612500012      0.294290483    
  0.262499988      0.612500012      0.283721209    
  0.287500024      0.612500012      0.273297697    
  0.312500000      0.612500012      0.263553202    
  0.337500006      0.612500012      0.254776388    
  0.362500012      0.612500012      0.247102365    
  0.387499988      0.612500012      0.240589008    
  0.412500024      0.612500012      0.235273957    
  0.437500000      0.612500012      0.231207669    
  0.462500006      0.612500012      0.228460044    
  0.487500012      0.612500012      0.227107957    
  0.512500048      0.612500012      0.227243677    
  0.537500024      0.612500012      0.228854507    
  0.562500000      0.612500012      0.231778234    
  0.587499976      0.612500012      0.235792562    
  0.612500012      0.612500012      0.240635231    
  0.637500048      0.612500012      0.246023417    
  0.662500024      0.612500012      0.251682639    
  0.687500000      0.612500012      0.257393628    
  0.712499976      0.612500012      0.263066798    
  0.737500012      0.612500012      0.268851906    
  0.762500048      0.612500012      0.275281578    
  0.787500024      0.612500012      0.283435345    
  0.812500000      0.612500012      0.295100361    
  0.837499976      0.612500012      0.312891424    
  0.862500012      0.612500012      0.340278298    
  0.887500048      0.612500012      0.381394058    
  0.912500024      0.612500012      0.440223247    
  0.937500000      0.612500012      0.517940879    
  0.962499976      0.612500012      0.606043220    
  0.987500012      0.612500012      0.675187051    
   1.00000000      0.612500012      0.675187051    
 
   0.00000000      0.637500048      0.211785898    
   1.25000002E-02  0.637500048      0.211785898    
   3.75000015E-02  0.637500048      0.230822712    
   6.25000000E-02  0.637500048      0.257619381    
   8.75000060E-02  0.637500048      0.282704175    
  0.112499997      0.637500048      0.301031560    
  0.137500003      0.637500048      0.311295867    
  0.162499994      0.637500048      0.314320743    
  0.187500000      0.637500048      0.311787605    
  0.212500006      0.637500048      0.305497497    
  0.237500012      0.637500048      0.297023118    
  0.262499988      0.637500048      0.287586063    
  0.287500024      0.637500048      0.278052926    
  0.312500000      0.637500048      0.268988192    
  0.337500006      0.637500048      0.260729462    
  0.362500012      0.637500048      0.253463238    
  0.387499988      0.637500048      0.247289971    
  0.412500024      0.637500048      0.242272407    
  0.437500000      0.637500048      0.238464326    
  0.462500006      0.637500048      0.235917598    
  0.487500012      0.637500048      0.234675378    
  0.512500048      0.637500048      0.234776482    
  0.537500024      0.637500048      0.236183167    
  0.562500000      0.637500048      0.238754958    
  0.587499976      0.637500048      0.242296770    
  0.612500012      0.637500048      0.246573329    
  0.637500048      0.637500048      0.251329243    
  0.662500024      0.637500048      0.256321251    
  0.687500000      0.637500048      0.261369139    
  0.712499976      0.637500048      0.266433686    
  0.737500012      0.637500048      0.271727026    
  0.762500048      0.637500048      0.277849734    
  0.787500024      0.637500048      0.285941690    
  0.812500000      0.637500048      0.297825217    
  0.837499976      0.637500048      0.316100985    
  0.862500012      0.637500048      0.344160199    
  0.887500048      0.637500048      0.386002034    
  0.912500024      0.637500048      0.445496619    
  0.937500000      0.637500048      0.523900867    
  0.962499976      0.637500048      0.613118052    
  0.987500012      0.637500048      0.683926642    
   1.00000000      0.637500048      0.683926642    
 
   0.00000000      0.662500024      0.213336125    
   1.25000002E-02  0.662500024      0.213336125    
   3.75000015E-02  0.662500024      0.230611965    
   6.25000000E-02  0.662500024      0.255148888    
   8.75000060E-02  0.662500024      0.278714985    
  0.112499997      0.662500024      0.296699345    
  0.137500003      0.662500024      0.307647794    
  0.162499994      0.662500024      0.312021285    
  0.187500000      0.662500024      0.311143488    
  0.212500006      0.662500024      0.306545317    
  0.237500012      0.662500024      0.299628437    
  0.262499988      0.662500024      0.291528285    
  0.287500024      0.662500024      0.283087730    
  0.312500000      0.662500024      0.274888307    
  0.337500006      0.662500024      0.267305970    
  0.362500012      0.662500024      0.260571212    
  0.387499988      0.662500024      0.254823148    
  0.412500024      0.662500024      0.250149190    
  0.437500000      0.662500024      0.246609822    
  0.462500006      0.662500024      0.244248822    
  0.487500012      0.662500024      0.243089035    
  0.512500048      0.662500024      0.243127435    
  0.537500024      0.662500024      0.244302198    
  0.562500000      0.662500024      0.246485502    
  0.587499976      0.662500024      0.249502450    
  0.612500012      0.662500024      0.253143072    
  0.637500048      0.662500024      0.257183909    
  0.662500024      0.662500024      0.261422932    
  0.687500000      0.662500024      0.265733451    
  0.712499976      0.662500024      0.270145148    
  0.737500012      0.662500024      0.274951905    
  0.762500048      0.662500024      0.280838847    
  0.787500024      0.662500024      0.289017767    
  0.812500000      0.662500024      0.301344514    
  0.837499976      0.662500024      0.320389330    
  0.862500012      0.662500024      0.349428117    
  0.887500048      0.662500024      0.392267257    
  0.912500024      0.662500024      0.452578932    
  0.937500000      0.662500024      0.531601131    
  0.962499976      0.662500024      0.621595204    
  0.987500012      0.662500024      0.693646550    
   1.00000000      0.662500024      0.693646550    
 
   0.00000000      0.687500000      0.214773193    
   1.25000002E-02  0.687500000      0.214773193    
   3.75000015E-02  0.687500000      0.230316356    
   6.25000000E-02  0.687500000      0.252570242    
   8.75000060E-02  0.687500000      0.274488807    
  0.112499997      0.687500000      0.291946650    
  0.137500003      0.687500000      0.303419739    
  0.162499994      0.687500000      0.309056282    
  0.187500000      0.687500000      0.309836686    
  0.212500006      0.687500000      0.307012141    
  0.237500012      0.687500000      0.301793218    
  0.262499988      0.687500000      0.295205384    
  0.287500024      0.687500000      0.288046211    
  0.312500000      0.687500000      0.280895948    
  0.337500006      0.687500000      0.274154365    
  0.362500012      0.687500000      0.268085599    
  0.387499988      0.687500000      0.262860715    
  0.412500024      0.687500000      0.258590162    
  0.437500000      0.687500000      0.255344927    
  0.462500006      0.687500000      0.253167391    
  0.487500012      0.687500000      0.252070487    
  0.512500048      0.687500000      0.252017140    
  0.537500024      0.687500000      0.252923369    
  0.562500000      0.687500000      0.254672915    
  0.587499976      0.687500000      0.257109255    
  0.612500012      0.687500000      0.260050386    
  0.637500048      0.687500000      0.263311088    
  0.662500024      0.687500000      0.266741633    
  0.687500000      0.687500000      0.270285279    
  0.712499976      0.687500000      0.274058908    
  0.737500012      0.687500000      0.278455317    
  0.762500048      0.687500000      0.284257710    
  0.787500024      0.687500000      0.292753130    
  0.812500000      0.687500000      0.305820793    
  0.837499976      0.687500000      0.325973511    
  0.862500012      0.687500000      0.356327295    
  0.887500048      0.687500000      0.400434375    
  0.912500024      0.687500000      0.461689711    
  0.937500000      0.687500000      0.541222274    
  0.962499976      0.687500000      0.631609678    
  0.987500012      0.687500000      0.704432189    
   1.00000000      0.687500000      0.704432189    
 
   0.00000000      0.712499976      0.216098905    
   1.25000002E-02  0.712499976      0.216098905    
   3.75000015E-02  0.712499976      0.229946464    
   6.25000000E-02  0.712499976      0.249916747    
   8.75000060E-02  0.712499976      0.270073324    
  0.112499997      0.712499976      0.286803782    
  0.137500003      0.712499976      0.298588574    
  0.162499994      0.712499976      0.305325627    
  0.187500000      0.712499976      0.307681829    
  0.212500006      0.712499976      0.306632847    
  0.237500012      0.712499976      0.303185344    
  0.262499988      0.712499976      0.298235446    
  0.287500024      0.712499976      0.292513072    
  0.312500000      0.712499976      0.286576331    
  0.337500006      0.712499976      0.280831784    
  0.362500012      0.712499976      0.275564015    
  0.387499988      0.712499976      0.270967275    
  0.412500024      0.712499976      0.267171085    
  0.437500000      0.712499976      0.264258176    
  0.462500006      0.712499976      0.262274235    
  0.487500012      0.712499976      0.261228561    
  0.512500048      0.712499976      0.261057556    
  0.537500024      0.712499976      0.261659592    
  0.562500000      0.712499976      0.262932003    
  0.587499976      0.712499976      0.264740676    
  0.612500012      0.712499976      0.266937226    
  0.637500048      0.712499976      0.269385010    
  0.662500024      0.712499976      0.272001117    
  0.687500000      0.712499976      0.274815887    
  0.712499976      0.712499976      0.278051019    
  0.737500012      0.712499976      0.282212675    
  0.762500048      0.712499976      0.288187921    
  0.787500024      0.712499976      0.297331959    
  0.812500000      0.712499976      0.311524153    
  0.837499976      0.712499976      0.333180815    
  0.862500012      0.712499976      0.365205646    
  0.887500048      0.712499976      0.410834044    
  0.912500024      0.712499976      0.473112136    
  0.937500000      0.712499976      0.552983999    
  0.962499976      0.712499976      0.643315077    
  0.987500012      0.712499976      0.716377735    
   1.00000000      0.712499976      0.716377735    
 
   0.00000000      0.737500012      0.217313662    
   1.25000002E-02  0.737500012      0.217313662    
   3.75000015E-02  0.737500012      0.229511514    
   6.25000000E-02  0.737500012      0.247219697    
   8.75000060E-02  0.737500012      0.265517980    
  0.112499997      0.737500012      0.281313390    
  0.137500003      0.737500012      0.293155968    
  0.162499994      0.737500012      0.300760031    
  0.187500000      0.737500012      0.304523259    
  0.212500006      0.737500012      0.305161685    
  0.237500012      0.737500012      0.303476036    
  0.262499988      0.737500012      0.300218791    
  0.287500024      0.737500012      0.296033055    
  0.312500000      0.737500012      0.291434228    
  0.337500006      0.737500012      0.286816448    
  0.362500012      0.737500012      0.282469541    
  0.387499988      0.737500012      0.278600693    
  0.412500024      0.737500012      0.275352120    
  0.437500000      0.737500012      0.272816390    
  0.462500006      0.737500012      0.271045059    
  0.487500012      0.737500012      0.270047247    
  0.512500048      0.737500012      0.269740552    
  0.537500024      0.737500012      0.270013452    
  0.562500000      0.737500012      0.270782143    
  0.587499976      0.737500012      0.271942258    
  0.612500012      0.737500012      0.273389608    
  0.637500048      0.737500012      0.275050163    
  0.662500024      0.737500012      0.276925385    
  0.687500000      0.737500012      0.279150605    
  0.712499976      0.737500012      0.282067955    
  0.737500012      0.737500012      0.286304086    
  0.762500048      0.737500012      0.292844683    
  0.787500024      0.737500012      0.303090781    
  0.812500000      0.737500012      0.318883717    
  0.837499976      0.737500012      0.342491001    
  0.862500012      0.737500012      0.376545399    
  0.887500048      0.737500012      0.423904121    
  0.912500024      0.737500012      0.487205267    
  0.937500000      0.737500012      0.567152202    
  0.962499976      0.737500012      0.656888008    
  0.987500012      0.737500012      0.729589880    
   1.00000000      0.737500012      0.729589880    
 
   0.00000000      0.762500048      0.218416393    
   1.25000002E-02  0.762500048      0.218416393    
   3.75000015E-02  0.762500048      0.229019880    
   6.25000000E-02  0.762500048      0.244508177    
   8.75000060E-02  0.762500048      0.260874152    
  0.112499997      0.762500048      0.275531352    
  0.137500003      0.762500048      0.287150711    
  0.162499994      0.762500048      0.295330197    
  0.187500000      0.762500048      0.300249368    
  0.212500006      0.762500048      0.302394003    
  0.237500012      0.762500048      0.302366078    
  0.262499988      0.762500048      0.300768524    
  0.287500024      0.762500048      0.298142999    
  0.312500000      0.762500048      0.294944286    
  0.337500006      0.762500048      0.291535556    
  0.362500012      0.762500048      0.288196325    
  0.387499988      0.762500048      0.285133868    
  0.412500024      0.762500048      0.282495707    
  0.437500000      0.762500048      0.280380279    
  0.462500006      0.762500048      0.278843611    
  0.487500012      0.762500048      0.277897596    
  0.512500048      0.762500048      0.277451009    
  0.537500024      0.762500048      0.277393728    
  0.562500000      0.762500048      0.277667969    
  0.587499976      0.762500048      0.278210372    
  0.612500012      0.762500048      0.278976113    
  0.637500048      0.762500048      0.279972494    
  0.662500024      0.762500048      0.281304330    
  0.687500000      0.762500048      0.283229202    
  0.712499976      0.762500048      0.286217302    
  0.737500012      0.762500048      0.291011155    
  0.762500048      0.762500048      0.298672050    
  0.787500024      0.762500048      0.310606122    
  0.812500000      0.762500048      0.328561306    
  0.837499976      0.762500048      0.354593307    
  0.862500012      0.762500048      0.391001821    
  0.887500048      0.762500048      0.440214097    
  0.912500024      0.762500048      0.504418254    
  0.937500000      0.762500048      0.584045947    
  0.962499976      0.762500048      0.672532260    
  0.987500012      0.762500048      0.744186342    
   1.00000000      0.762500048      0.744186342    
 
   0.00000000      0.787500024      0.219404355    
   1.25000002E-02  0.787500024      0.219404355    
   3.75000015E-02  0.787500024      0.228478774    
   6.25000000E-02  0.787500024      0.241809249    
   8.75000060E-02  0.787500024      0.256194979    
  0.112499997      0.787500024      0.269526213    
  0.137500003      0.787500024      0.280631691    
  0.162499994      0.787500024      0.289053500    
  0.187500000      0.787500024      0.294808596    
  0.212500006      0.787500024      0.298189223    
  0.237500012      0.787500024      0.299617350    
  0.262499988      0.787500024      0.299548447    
  0.287500024      0.787500024      0.298415035    
  0.312500000      0.787500024      0.296597570    
  0.337500006      0.787500024      0.294413298    
  0.362500012      0.787500024      0.292116255    
  0.387499988      0.787500024      0.289901793    
  0.412500024      0.787500024      0.287913293    
  0.437500000      0.787500024      0.286249638    
  0.462500006      0.787500024      0.284969538    
  0.487500012      0.787500024      0.284089267    
  0.512500048      0.787500024      0.283521622    
  0.537500024      0.787500024      0.283173829    
  0.562500000      0.787500024      0.283026099    
  0.587499976      0.787500024      0.283072114    
  0.612500012      0.787500024      0.283346206    
  0.637500048      0.787500024      0.283957779    
  0.662500024      0.787500024      0.285132885    
  0.687500000      0.787500024      0.287259459    
  0.712499976      0.787500024      0.290929973    
  0.737500012      0.787500024      0.296976626    
  0.762500048      0.787500024      0.306490511    
  0.787500024      0.787500024      0.320821106    
  0.812500000      0.787500024      0.341552466    
  0.837499976      0.787500024      0.370459706    
  0.862500012      0.787500024      0.409453362    
  0.887500048      0.787500024      0.460494488    
  0.912500024      0.787500024      0.525305390    
  0.937500000      0.787500024      0.604045033    
  0.962499976      0.787500024      0.690480769    
  0.987500012      0.787500024      0.760303259    
   1.00000000      0.787500024      0.760303259    
 
   0.00000000      0.812500000      0.220274925    
   1.25000002E-02  0.812500000      0.220274925    
   3.75000015E-02  0.812500000      0.227895454    
   6.25000000E-02  0.812500000      0.239150241    
   8.75000060E-02  0.812500000      0.251536757    
  0.112499997      0.812500000      0.263380826    
  0.137500003      0.812500000      0.273690075    
  0.162499994      0.812500000      0.282001555    
  0.187500000      0.812500000      0.288223267    
  0.212500006      0.812500000      0.292496324    
  0.237500012      0.812500000      0.295088381    
  0.262499988      0.812500000      0.296319246    
  0.287500024      0.812500000      0.296512365    
  0.312500000      0.812500000      0.295966893    
  0.337500006      0.812500000      0.294943333    
  0.362500012      0.812500000      0.293658465    
  0.387499988      0.812500000      0.292284608    
  0.412500024      0.812500000      0.290953249    
  0.437500000      0.812500000      0.289758027    
  0.462500006      0.812500000      0.288758010    
  0.487500012      0.812500000      0.287976116    
  0.512500048      0.812500000      0.287348807    
  0.537500024      0.812500000      0.286825836    
  0.562500000      0.812500000      0.286442757    
  0.587499976      0.812500000      0.286271721    
  0.612500012      0.812500000      0.286447942    
  0.637500048      0.812500000      0.287200212    
  0.662500024      0.812500000      0.288881749    
  0.687500000      0.812500000      0.291999608    
  0.712499976      0.812500000      0.297235996    
  0.737500012      0.812500000      0.305458635    
  0.762500048      0.812500000      0.317717224    
  0.787500024      0.812500000      0.335223466    
  0.812500000      0.812500000      0.359319210    
  0.837499976      0.812500000      0.391435862    
  0.862500012      0.812500000      0.433056742    
  0.887500048      0.812500000      0.485668063    
  0.912500024      0.812500000      0.550542772    
  0.937500000      0.812500000      0.627598822    
  0.962499976      0.812500000      0.711002409    
  0.987500012      0.812500000      0.778094769    
   1.00000000      0.812500000      0.778094769    
 
   0.00000000      0.837499976      0.221042603    
   1.25000002E-02  0.837499976      0.221042603    
   3.75000015E-02  0.837499976      0.227294981    
   6.25000000E-02  0.837499976      0.236576304    
   8.75000060E-02  0.837499976      0.246977657    
  0.112499997      0.837499976      0.257211119    
  0.137500003      0.837499976      0.266469687    
  0.162499994      0.837499976      0.274324507    
  0.187500000      0.837499976      0.280622572    
  0.212500006      0.837499976      0.285396874    
  0.237500012      0.837499976      0.288792670    
  0.262499988      0.837499976      0.291012973    
  0.287500024      0.837499976      0.292280644    
  0.312500000      0.837499976      0.292814016    
  0.337500006      0.837499976      0.292812258    
  0.362500012      0.837499976      0.292448252    
  0.387499988      0.837499976      0.291864902    
  0.412500024      0.837499976      0.291175663    
  0.437500000      0.837499976      0.290466338    
  0.462500006      0.837499976      0.289796293    
  0.487500012      0.837499976      0.289200991    
  0.512500048      0.837499976      0.288672894    
  0.537500024      0.837499976      0.288244694    
  0.562500000      0.837499976      0.288030118    
  0.587499976      0.837499976      0.288200498    
  0.612500012      0.837499976      0.289005011    
  0.637500048      0.837499976      0.290789723    
  0.662500024      0.837499976      0.294012964    
  0.687500000      0.837499976      0.299254984    
  0.712499976      0.837499976      0.307218999    
  0.737500012      0.837499976      0.318722814    
  0.762500048      0.837499976      0.334681511    
  0.787500024      0.837499976      0.356081933    
  0.812500000      0.837499976      0.383954346    
  0.837499976      0.837499976      0.419346422    
  0.862500012      0.837499976      0.463309437    
  0.887500048      0.837499976      0.516883910    
  0.912500024      0.837499976      0.580945730    
  0.937500000      0.837499976      0.655235708    
  0.962499976      0.837499976      0.734410286    
  0.987500012      0.837499976      0.797743022    
   1.00000000      0.837499976      0.797743022    
 
   0.00000000      0.862500012      0.221853837    
   1.25000002E-02  0.862500012      0.221853837    
   3.75000015E-02  0.862500012      0.226836130    
   6.25000000E-02  0.862500012      0.234269127    
   8.75000060E-02  0.862500012      0.242739558    
  0.112499997      0.862500012      0.251291513    
  0.137500003      0.862500012      0.259297818    
  0.162499994      0.862500012      0.266389996    
  0.187500000      0.862500012      0.272394568    
  0.212500006      0.862500012      0.277276754    
  0.237500012      0.862500012      0.281093717    
  0.262499988      0.862500012      0.283956587    
  0.287500024      0.862500012      0.286003947    
  0.312500000      0.862500012      0.287381709    
  0.337500006      0.862500012      0.288231313    
  0.362500012      0.862500012      0.288682312    
  0.387499988      0.862500012      0.288848370    
  0.412500024      0.862500012      0.288825810    
  0.437500000      0.862500012      0.288694382    
  0.462500006      0.862500012      0.288520396    
  0.487500012      0.862500012      0.288364261    
  0.512500048      0.862500012      0.288329989    
  0.537500024      0.862500012      0.288591027    
  0.562500000      0.862500012      0.289352804    
  0.587499976      0.862500012      0.290886164    
  0.612500012      0.862500012      0.293533504    
  0.637500048      0.862500012      0.297713488    
  0.662500024      0.862500012      0.303920060    
  0.687500000      0.862500012      0.312715769    
  0.712499976      0.862500012      0.324721247    
  0.737500012      0.862500012      0.340599805    
  0.762500048      0.862500012      0.361039132    
  0.787500024      0.862500012      0.386732787    
  0.812500000      0.862500012      0.418364257    
  0.837499976      0.862500012      0.456602305    
  0.862500012      0.862500012      0.502108037    
  0.887500048      0.862500012      0.555547178    
  0.912500024      0.862500012      0.617487311    
  0.937500000      0.862500012      0.687578082    
  0.962499976      0.862500012      0.761071563    
  0.987500012      0.862500012      0.819468379    
   1.00000000      0.862500012      0.819468379    
 
   0.00000000      0.887500048      0.223629683    
   1.25000002E-02  0.887500048      0.223629683    
   3.75000015E-02  0.887500048      0.227459565    
   6.25000000E-02  0.887500048      0.233205169    
   8.75000060E-02  0.887500048      0.239859208    
  0.112499997      0.887500048      0.246742800    
  0.137500003      0.887500048      0.253394455    
  0.162499994      0.887500048      0.259520829    
  0.187500000      0.887500048      0.264958978    
  0.212500006      0.887500048      0.269643217    
  0.237500012      0.887500048      0.273576617    
  0.262499988      0.887500048      0.276808083    
  0.287500024      0.887500048      0.279414564    
  0.312500000      0.887500048      0.281487137    
  0.337500006      0.887500048      0.283122778    
  0.362500012      0.887500048      0.284417927    
  0.387499988      0.887500048      0.285465747    
  0.412500024      0.887500048      0.286354989    
  0.437500000      0.887500048      0.287171274    
  0.462500006      0.887500048      0.288001001    
  0.487500012      0.887500048      0.288950026    
  0.512500048      0.887500048      0.290308267    
  0.537500024      0.887500048      0.292439759    
  0.562500000      0.887500048      0.295609772    
  0.587499976      0.887500048      0.300129801    
  0.612500012      0.887500048      0.306352437    
  0.637500048      0.887500048      0.314664185    
  0.662500024      0.887500048      0.325476319    
  0.687500000      0.887500048      0.339214653    
  0.712499976      0.887500048      0.356308758    
  0.737500012      0.887500048      0.377181470    
  0.762500048      0.887500048      0.402239591    
  0.787500024      0.887500048      0.431868941    
  0.812500000      0.887500048      0.466433823    
  0.837499976      0.887500048      0.506286621    
  0.862500012      0.887500048      0.551790714    
  0.887500048      0.887500048      0.603345990    
  0.912500024      0.887500048      0.661319256    
  0.937500000      0.887500048      0.725364149    
  0.962499976      0.887500048      0.791433156    
  0.987500012      0.887500048      0.843551517    
   1.00000000      0.887500048      0.843551517    
 
   0.00000000      0.912500024      0.231038570    
   1.25000002E-02  0.912500024      0.231038570    
   3.75000015E-02  0.912500024      0.233874753    
   6.25000000E-02  0.912500024      0.238168105    
   8.75000060E-02  0.912500024      0.243236944    
  0.112499997      0.912500024      0.248627409    
  0.137500003      0.912500024      0.254023552    
  0.162499994      0.912500024      0.259213984    
  0.187500000      0.912500024      0.264068753    
  0.212500006      0.912500024      0.268521816    
  0.237500012      0.912500024      0.272555679    
  0.262499988      0.912500024      0.276188701    
  0.287500024      0.912500024      0.279464245    
  0.312500000      0.912500024      0.282443434    
  0.337500006      0.912500024      0.285199612    
  0.362500012      0.912500024      0.287814885    
  0.387499988      0.912500024      0.290378422    
  0.412500024      0.912500024      0.292986959    
  0.437500000      0.912500024      0.295746565    
  0.462500006      0.912500024      0.298777789    
  0.487500012      0.912500024      0.302243650    
  0.512500048      0.912500024      0.306646347    
  0.537500024      0.912500024      0.312498063    
  0.562500000      0.912500024      0.320008874    
  0.587499976      0.912500024      0.329400122    
  0.612500012      0.912500024      0.340897292    
  0.637500048      0.912500024      0.354723722    
  0.662500024      0.912500024      0.371094733    
  0.687500000      0.912500024      0.390214175    
  0.712499976      0.912500024      0.412270308    
  0.737500012      0.912500024      0.437435120    
  0.762500048      0.912500024      0.465864390    
  0.787500024      0.912500024      0.497702748    
  0.812500000      0.912500024      0.533090413    
  0.837499976      0.912500024      0.572179317    
  0.862500012      0.912500024      0.615158916    
  0.887500048      0.912500024      0.662283242    
  0.912500024      0.912500024      0.713819623    
  0.937500000      0.912500024      0.769502819    
  0.962499976      0.912500024      0.826072514    
  0.987500012      0.912500024      0.870376766    
   1.00000000      0.912500024      0.870376766    
 
   0.00000000      0.937500000      0.263161272    
   1.25000002E-02  0.937500000      0.263161272    
   3.75000015E-02  0.937500000      0.265237182    
   6.25000000E-02  0.937500000      0.268450409    
   8.75000060E-02  0.937500000      0.272371411    
  0.112499997      0.937500000      0.276723385    
  0.137500003      0.937500000      0.281313241    
  0.162499994      0.937500000      0.286009133    
  0.187500000      0.937500000      0.290727764    
  0.212500006      0.937500000      0.295425147    
  0.237500012      0.937500000      0.300089478    
  0.262499988      0.937500000      0.304734796    
  0.287500024      0.937500000      0.309396088    
  0.312500000      0.937500000      0.314126343    
  0.337500006      0.937500000      0.318992585    
  0.362500012      0.937500000      0.324075341    
  0.387499988      0.937500000      0.329467982    
  0.412500024      0.937500000      0.335276991    
  0.437500000      0.937500000      0.341623574    
  0.462500006      0.937500000      0.348647416    
  0.487500012      0.937500000      0.356531829    
  0.512500048      0.937500000      0.365800679    
  0.537500024      0.937500000      0.376867026    
  0.562500000      0.937500000      0.389760047    
  0.587499976      0.937500000      0.404507428    
  0.612500012      0.937500000      0.421133995    
  0.637500048      0.937500000      0.439661980    
  0.662500024      0.937500000      0.460110873    
  0.687500000      0.937500000      0.482497603    
  0.712499976      0.937500000      0.506838262    
  0.737500012      0.937500000      0.533149898    
  0.762500048      0.937500000      0.561452985    
  0.787500024      0.937500000      0.591777086    
  0.812500000      0.937500000      0.624168515    
  0.837499976      0.937500000      0.658702731    
  0.862500012      0.937500000      0.695504248    
  0.887500048      0.937500000      0.734766960    
  0.912500024      0.937500000      0.776719093    
  0.937500000      0.937500000      0.821207047    
  0.962499976      0.937500000      0.865818202    
  0.987500012      0.937500000      0.900534987    
   1.00000000      0.937500000      0.900534987    
 
   0.00000000      0.962499976      0.379218727    
   1.25000002E-02  0.962499976      0.379218727    
   3.75000015E-02  0.962499976      0.380793035    
   6.25000000E-02  0.962499976      0.383344263    
   8.75000060E-02  0.962499976      0.386631370    
  0.112499997      0.962499976      0.390507638    
  0.137500003      0.962499976      0.394874096    
  0.162499994      0.962499976      0.399663210    
  0.187500000      0.962499976      0.404834449    
  0.212500006      0.962499976      0.410368472    
  0.237500012      0.962499976      0.416263789    
  0.262499988      0.962499976      0.422535360    
  0.287500024      0.962499976      0.429210961    
  0.312500000      0.962499976      0.436330676    
  0.337500006      0.962499976      0.443945527    
  0.362500012      0.962499976      0.452115953    
  0.387499988      0.962499976      0.460910857    
  0.412500024      0.962499976      0.470408559    
  0.437500000      0.962499976      0.480694890    
  0.462500006      0.962499976      0.491863668    
  0.487500012      0.962499976      0.504013360    
  0.512500048      0.962499976      0.517200232    
  0.537500024      0.962499976      0.531379640    
  0.562500000      0.962499976      0.546515405    
  0.587499976      0.962499976      0.562576234    
  0.612500012      0.962499976      0.579535663    
  0.637500048      0.962499976      0.597372353    
  0.662500024      0.962499976      0.616068780    
  0.687500000      0.962499976      0.635612905    
  0.712499976      0.962499976      0.655998826    
  0.737500012      0.962499976      0.677226484    
  0.762500048      0.962499976      0.699305773    
  0.787500024      0.962499976      0.722257674    
  0.812500000      0.962499976      0.746120930    
  0.837499976      0.962499976      0.770958781    
  0.862500012      0.962499976      0.796870053    
  0.887500048      0.962499976      0.824004173    
  0.912500024      0.962499976      0.852539659    
  0.937500000      0.962499976      0.882412970    
  0.962499976      0.962499976      0.912098408    
  0.987500012      0.962499976      0.935096920    
   1.00000000      0.962499976      0.935096920    
 
   0.00000000      0.987500012      0.699149191    
   1.25000002E-02  0.987500012      0.699149191    
   3.75000015E-02  0.987500012      0.700078785    
   6.25000000E-02  0.987500012      0.701668262    
   8.75000060E-02  0.987500012      0.703824520    
  0.112499997      0.987500012      0.706494272    
  0.137500003      0.987500012      0.709639132    
  0.162499994      0.987500012      0.713232219    
  0.187500000      0.987500012      0.717253625    
  0.212500006      0.987500012      0.721690357    
  0.237500012      0.987500012      0.726534307    
  0.262499988      0.987500012      0.731781244    
  0.287500024      0.987500012      0.737430573    
  0.312500000      0.987500012      0.743484139    
  0.337500006      0.987500012      0.749946117    
  0.362500012      0.987500012      0.756821275    
  0.387499988      0.987500012      0.764115274    
  0.412500024      0.987500012      0.771833241    
  0.437500000      0.987500012      0.779980242    
  0.462500006      0.987500012      0.788556814    
  0.487500012      0.987500012      0.797533929    
  0.512500048      0.987500012      0.806450546    
  0.537500024      0.987500012      0.814955354    
  0.562500000      0.987500012      0.823195219    
  0.587499976      0.987500012      0.831281483    
  0.612500012      0.987500012      0.839299381    
  0.637500048      0.987500012      0.847315073    
  0.662500024      0.987500012      0.855381012    
  0.687500000      0.987500012      0.863538623    
  0.712499976      0.987500012      0.871823013    
  0.737500012      0.987500012      0.880263567    
  0.762500048      0.987500012      0.888886869    
  0.787500024      0.987500012      0.897720695    
  0.812500000      0.987500012      0.906794131    
  0.837499976      0.987500012      0.916142285    
  0.862500012      0.987500012      0.925810516    
  0.887500048      0.987500012      0.935862660    
  0.912500024      0.987500012      0.946368694    
  0.937500000      0.987500012      0.957313657    
  0.962499976      0.987500012      0.968150556    
  0.987500012      0.987500012      0.976531684    
   1.00000000      0.987500012      0.976531684    
 
   0.00000000       1.00000000       1.00000000    
   1.25000002E-02   1.00000000       1.00000000    
   3.75000015E-02   1.00000000       1.00000000    
   6.25000000E-02   1.00000000       1.00000000    
   8.75000060E-02   1.00000000       1.00000000    
  0.112499997       1.00000000       1.00000000    
  0.137500003       1.00000000       1.00000000    
  0.162499994       1.00000000       1.00000000    
  0.187500000       1.00000000       1.00000000    
  0.212500006       1.00000000       1.00000000    
  0.237500012       1.00000000       1.00000000    
  0.262499988       1.00000000       1.00000000    
  0.287500024       1.00000000       1.00000000    
  0.312500000       1.00000000       1.00000000    
  0.337500006       1.00000000       1.00000000    
  0.362500012       1.00000000       1.00000000    
  0.387499988       1.00000000       1.00000000    
  0.412500024       1.00000000       1.00000000    
  0.437500000       1.00000000       1.00000000    
  0.462500006       1.00000000       1.00000000    
  0.487500012       1.00000000       1.00000000    
  0.512500048       1.00000000       1.00000000    
  0.537500024       1.00000000       1.00000000    
  0.562500000       1.00000000       1.00000000    
  0.587499976       1.00000000       1.00000000    
  0.612500012       1.00000000       1.00000000    
  0.637500048       1.00000000       1.00000000    
  0.662500024       1.00000000       1.00000000    
  0.687500000       1.00000000       1.00000000    
  0.712499976       1.00000000       1.00000000    
  0.737500012       1.00000000       1.00000000    
  0.762500048       1.00000000       1.00000000    
  0.787500024       1.00000000       1.00000000    
  0.812500000       1.00000000       1.00000000    
  0.837499976       1.00000000       1.00000000    
  0.862500012       1.00000000       1.00000000    
  0.887500048       1.00000000       1.00000000    
  0.912500024       1.00000000       1.00000000    
  0.937500000       1.00000000       1.00000000    
  0.962499976       1.00000000       1.00000000    
  0.987500012       1.00000000       1.00000000    
   1.00000000       1.00000000       1.00000000    
 
