   0.00000000       0.00000000       0.00000000    
   1.25000002E-02   0.00000000       0.00000000    
   3.75000015E-02   0.00000000       0.00000000    
   6.25000000E-02   0.00000000       0.00000000    
   8.75000060E-02   0.00000000       0.00000000    
  0.112499997       0.00000000       0.00000000    
  0.137500003       0.00000000       0.00000000    
  0.162499994       0.00000000       0.00000000    
  0.187500000       0.00000000       0.00000000    
  0.212500006       0.00000000       0.00000000    
  0.237500012       0.00000000       0.00000000    
  0.262499988       0.00000000       0.00000000    
  0.287500024       0.00000000       0.00000000    
  0.312500000       0.00000000       0.00000000    
  0.337500006       0.00000000       0.00000000    
  0.362500012       0.00000000       0.00000000    
  0.387499988       0.00000000       0.00000000    
  0.412500024       0.00000000       0.00000000    
  0.437500000       0.00000000       0.00000000    
  0.462500006       0.00000000       0.00000000    
  0.487500012       0.00000000       0.00000000    
  0.512500048       0.00000000       0.00000000    
  0.537500024       0.00000000       0.00000000    
  0.562500000       0.00000000       0.00000000    
  0.587499976       0.00000000       0.00000000    
  0.612500012       0.00000000       0.00000000    
  0.637500048       0.00000000       0.00000000    
  0.662500024       0.00000000       0.00000000    
  0.687500000       0.00000000       0.00000000    
  0.712499976       0.00000000       0.00000000    
  0.737500012       0.00000000       0.00000000    
  0.762500048       0.00000000       0.00000000    
  0.787500024       0.00000000       0.00000000    
  0.812500000       0.00000000       0.00000000    
  0.837499976       0.00000000       0.00000000    
  0.862500012       0.00000000       0.00000000    
  0.887500048       0.00000000       0.00000000    
  0.912500024       0.00000000       0.00000000    
  0.937500000       0.00000000       0.00000000    
  0.962499976       0.00000000       0.00000000    
  0.987500012       0.00000000       0.00000000    
   1.00000000       0.00000000       0.00000000    
 
   0.00000000       1.25000002E-02   8.42045899E-03
   1.25000002E-02   1.25000002E-02   8.42045899E-03
   3.75000015E-02   1.25000002E-02   1.16533153E-02
   6.25000000E-02   1.25000002E-02   1.58643927E-02
   8.75000060E-02   1.25000002E-02   2.01667696E-02
  0.112499997       1.25000002E-02   2.43586041E-02
  0.137500003       1.25000002E-02   2.84375027E-02
  0.162499994       1.25000002E-02   3.24330553E-02
  0.187500000       1.25000002E-02   3.63708884E-02
  0.212500006       1.25000002E-02   4.02698219E-02
  0.237500012       1.25000002E-02   4.41442952E-02
  0.262499988       1.25000002E-02   4.80063781E-02
  0.287500024       1.25000002E-02   5.18672615E-02
  0.312500000       1.25000002E-02   5.57384752E-02
  0.337500006       1.25000002E-02   5.96329756E-02
  0.362500012       1.25000002E-02   6.35661110E-02
  0.387499988       1.25000002E-02   6.75569698E-02
  0.412500024       1.25000002E-02   7.16297254E-02
  0.437500000       1.25000002E-02   7.58156329E-02
  0.462500006       1.25000002E-02   8.01556259E-02
  0.487500012       1.25000002E-02   8.47035870E-02
  0.512500048       1.25000002E-02   8.95310491E-02
  0.537500024       1.25000002E-02   9.45227891E-02
  0.562500000       1.25000002E-02   9.95163023E-02
  0.587499976       1.25000002E-02  0.104506105    
  0.612500012       1.25000002E-02  0.109494977    
  0.637500048       1.25000002E-02  0.114484183    
  0.662500024       1.25000002E-02  0.119472146    
  0.687500000       1.25000002E-02  0.124453790    
  0.712499976       1.25000002E-02  0.129419640    
  0.737500012       1.25000002E-02  0.134355068    
  0.762500048       1.25000002E-02  0.139238954    
  0.787500024       1.25000002E-02  0.144042790    
  0.812500000       1.25000002E-02  0.148729309    
  0.837499976       1.25000002E-02  0.153250918    
  0.862500012       1.25000002E-02  0.157548070    
  0.887500048       1.25000002E-02  0.161546677    
  0.912500024       1.25000002E-02  0.165154383    
  0.937500000       1.25000002E-02  0.168254644    
  0.962499976       1.25000002E-02  0.170689911    
  0.987500012       1.25000002E-02  0.172211692    
   1.00000000       1.25000002E-02  0.172211692    
 
   0.00000000       3.75000015E-02   2.31897701E-02
   1.25000002E-02   3.75000015E-02   2.31897701E-02
   3.75000015E-02   3.75000015E-02   3.19681354E-02
   6.25000000E-02   3.75000015E-02   4.33432125E-02
   8.75000060E-02   3.75000015E-02   5.48637398E-02
  0.112499997       3.75000015E-02   6.59647211E-02
  0.137500003       3.75000015E-02   7.66335502E-02
  0.162499994       3.75000015E-02   8.69464055E-02
  0.187500000       3.75000015E-02   9.69675630E-02
  0.212500006       3.75000015E-02  0.106740780    
  0.237500012       3.75000015E-02  0.116294995    
  0.262499988       3.75000015E-02  0.125649035    
  0.287500024       3.75000015E-02  0.134814963    
  0.312500000       3.75000015E-02  0.143799186    
  0.337500006       3.75000015E-02  0.152604073    
  0.362500012       3.75000015E-02  0.161228493    
  0.387499988       3.75000015E-02  0.169668198    
  0.412500024       3.75000015E-02  0.177915767    
  0.437500000       3.75000015E-02  0.185960889    
  0.462500006       3.75000015E-02  0.193790272    
  0.487500012       3.75000015E-02  0.201387182    
  0.512500048       3.75000015E-02  0.208731249    
  0.537500024       3.75000015E-02  0.215923846    
  0.562500000       3.75000015E-02  0.223137319    
  0.587499976       3.75000015E-02  0.230441794    
  0.612500012       3.75000015E-02  0.237891048    
  0.637500048       3.75000015E-02  0.245529026    
  0.662500024       3.75000015E-02  0.253388911    
  0.687500000       3.75000015E-02  0.261492282    
  0.712499976       3.75000015E-02  0.269847423    
  0.737500012       3.75000015E-02  0.278446615    
  0.762500048       3.75000015E-02  0.287264019    
  0.787500024       3.75000015E-02  0.296251029    
  0.812500000       3.75000015E-02  0.305332750    
  0.837499976       3.75000015E-02  0.314402640    
  0.862500012       3.75000015E-02  0.323315918    
  0.887500048       3.75000015E-02  0.331882179    
  0.912500024       3.75000015E-02  0.339853287    
  0.937500000       3.75000015E-02  0.346905887    
  0.962499976       3.75000015E-02  0.352598757    
  0.987500012       3.75000015E-02  0.356245369    
   1.00000000       3.75000015E-02  0.356245369    
 
   0.00000000       6.25000000E-02   3.53227220E-02
   1.25000002E-02   6.25000000E-02   3.53227220E-02
   3.75000015E-02   6.25000000E-02   4.83730249E-02
   6.25000000E-02   6.25000000E-02   6.51125908E-02
   8.75000060E-02   6.25000000E-02   8.17671418E-02
  0.112499997       6.25000000E-02   9.74380299E-02
  0.137500003       6.25000000E-02  0.112080373    
  0.162499994       6.25000000E-02  0.125792921    
  0.187500000       6.25000000E-02  0.138661802    
  0.212500006       6.25000000E-02  0.150747359    
  0.237500012       6.25000000E-02  0.162092716    
  0.262499988       6.25000000E-02  0.172731653    
  0.287500024       6.25000000E-02  0.182692885    
  0.312500000       6.25000000E-02  0.192003354    
  0.337500006       6.25000000E-02  0.200689346    
  0.362500012       6.25000000E-02  0.208777875    
  0.387499988       6.25000000E-02  0.216296673    
  0.412500024       6.25000000E-02  0.223274022    
  0.437500000       6.25000000E-02  0.229739219    
  0.462500006       6.25000000E-02  0.235721290    
  0.487500012       6.25000000E-02  0.241248533    
  0.512500048       6.25000000E-02  0.246347964    
  0.537500024       6.25000000E-02  0.251387000    
  0.562500000       6.25000000E-02  0.256808877    
  0.587499976       6.25000000E-02  0.262738824    
  0.612500012       6.25000000E-02  0.269263774    
  0.637500048       6.25000000E-02  0.276454866    
  0.662500024       6.25000000E-02  0.284369439    
  0.687500000       6.25000000E-02  0.293048739    
  0.712499976       6.25000000E-02  0.302516431    
  0.737500012       6.25000000E-02  0.312774122    
  0.762500048       6.25000000E-02  0.323795021    
  0.787500024       6.25000000E-02  0.335517168    
  0.812500000       6.25000000E-02  0.347832918    
  0.837499976       6.25000000E-02  0.360577017    
  0.862500012       6.25000000E-02  0.373511821    
  0.887500048       6.25000000E-02  0.386309266    
  0.912500024       6.25000000E-02  0.398527473    
  0.937500000       6.25000000E-02  0.409578800    
  0.962499976       6.25000000E-02  0.418659031    
  0.987500012       6.25000000E-02  0.424546927    
   1.00000000       6.25000000E-02  0.424546927    
 
   0.00000000       8.75000060E-02   4.56892960E-02
   1.25000002E-02   8.75000060E-02   4.56892960E-02
   3.75000015E-02   8.75000060E-02   6.20271899E-02
   6.25000000E-02   8.75000060E-02   8.26942027E-02
   8.75000060E-02   8.75000060E-02  0.102743782    
  0.112499997       8.75000060E-02  0.120957687    
  0.137500003       8.75000060E-02  0.137251824    
  0.162499994       8.75000060E-02  0.151748866    
  0.187500000       8.75000060E-02  0.164571792    
  0.212500006       8.75000060E-02  0.175826192    
  0.237500012       8.75000060E-02  0.185610890    
  0.262499988       8.75000060E-02  0.194027796    
  0.287500024       8.75000060E-02  0.201186508    
  0.312500000       8.75000060E-02  0.207207546    
  0.337500006       8.75000060E-02  0.212221876    
  0.362500012       8.75000060E-02  0.216371089    
  0.387499988       8.75000060E-02  0.219804421    
  0.412500024       8.75000060E-02  0.222677127    
  0.437500000       8.75000060E-02  0.225146353    
  0.462500006       8.75000060E-02  0.227367967    
  0.487500012       8.75000060E-02  0.229492024    
  0.512500048       8.75000060E-02  0.231658652    
  0.537500024       8.75000060E-02  0.234284610    
  0.562500000       8.75000060E-02  0.237790093    
  0.587499976       8.75000060E-02  0.242296606    
  0.612500012       8.75000060E-02  0.247891769    
  0.637500048       8.75000060E-02  0.254653215    
  0.662500024       8.75000060E-02  0.262650520    
  0.687500000       8.75000060E-02  0.271943599    
  0.712499976       8.75000060E-02  0.282578021    
  0.737500012       8.75000060E-02  0.294578701    
  0.762500048       8.75000060E-02  0.307938904    
  0.787500024       8.75000060E-02  0.322606981    
  0.812500000       8.75000060E-02  0.338466674    
  0.837499976       8.75000060E-02  0.355313957    
  0.862500012       8.75000060E-02  0.372826964    
  0.887500048       8.75000060E-02  0.390531451    
  0.912500024       8.75000060E-02  0.407756358    
  0.937500000       8.75000060E-02  0.423577994    
  0.962499976       8.75000060E-02  0.436721742    
  0.987500012       8.75000060E-02  0.445284694    
   1.00000000       8.75000060E-02  0.445284694    
 
   0.00000000      0.112499997       5.46758734E-02
   1.25000002E-02  0.112499997       5.46758734E-02
   3.75000015E-02  0.112499997       7.34709948E-02
   6.25000000E-02  0.112499997       9.68577638E-02
   8.75000060E-02  0.112499997      0.118848689    
  0.112499997      0.112499997      0.137938261    
  0.137500003      0.112499997      0.154028699    
  0.162499994      0.112499997      0.167306736    
  0.187500000      0.112499997      0.177988127    
  0.212500006      0.112499997      0.186290666    
  0.237500012      0.112499997      0.192443013    
  0.262499988      0.112499997      0.196691304    
  0.287500024      0.112499997      0.199300185    
  0.312500000      0.112499997      0.200549617    
  0.337500006      0.112499997      0.200729594    
  0.362500012      0.112499997      0.200133458    
  0.387499988      0.112499997      0.199050829    
  0.412500024      0.112499997      0.197760209    
  0.437500000      0.112499997      0.196523011    
  0.462500006      0.112499997      0.195577264    
  0.487500012      0.112499997      0.195133567    
  0.512500048      0.112499997      0.195371598    
  0.537500024      0.112499997      0.196598560    
  0.562500000      0.112499997      0.199083105    
  0.587499976      0.112499997      0.202917859    
  0.612500012      0.112499997      0.208183929    
  0.637500048      0.112499997      0.214966908    
  0.662500024      0.112499997      0.223358378    
  0.687500000      0.112499997      0.233453065    
  0.712499976      0.112499997      0.245343357    
  0.737500012      0.112499997      0.259109139    
  0.762500048      0.112499997      0.274802715    
  0.787500024      0.112499997      0.292426407    
  0.812500000      0.112499997      0.311902404    
  0.837499976      0.112499997      0.333032250    
  0.862500012      0.112499997      0.355444163    
  0.887500048      0.112499997      0.378530651    
  0.912500024      0.112499997      0.401371270    
  0.937500000      0.112499997      0.422640294    
  0.962499976      0.112499997      0.440470397    
  0.987500012      0.112499997      0.452109933    
   1.00000000      0.112499997      0.452109933    
 
   0.00000000      0.137500003       6.25074729E-02
   1.25000002E-02  0.137500003       6.25074729E-02
   3.75000015E-02  0.137500003       8.30486044E-02
   6.25000000E-02  0.137500003      0.108148143    
   8.75000060E-02  0.137500003      0.130911902    
  0.112499997      0.137500003      0.149599478    
  0.137500003      0.137500003      0.164151713    
  0.162499994      0.137500003      0.174885646    
  0.187500000      0.137500003      0.182183847    
  0.212500006      0.137500003      0.186451942    
  0.237500012      0.137500003      0.188118264    
  0.262499988      0.137500003      0.187630340    
  0.287500024      0.137500003      0.185446039    
  0.312500000      0.137500003      0.182020992    
  0.337500006      0.137500003      0.177795544    
  0.362500012      0.137500003      0.173182234    
  0.387499988      0.137500003      0.168556258    
  0.412500024      0.137500003      0.164247945    
  0.437500000      0.137500003      0.160539538    
  0.462500006      0.137500003      0.157664493    
  0.487500012      0.137500003      0.155809909    
  0.512500048      0.137500003      0.155121624    
  0.537500024      0.137500003      0.155756831    
  0.562500000      0.137500003      0.157832369    
  0.587499976      0.137500003      0.161415607    
  0.612500012      0.137500003      0.166588023    
  0.637500048      0.137500003      0.173453733    
  0.662500024      0.137500003      0.182140365    
  0.687500000      0.137500003      0.192796409    
  0.712499976      0.137500003      0.205585852    
  0.737500012      0.137500003      0.220676124    
  0.762500048      0.137500003      0.238219172    
  0.787500024      0.137500003      0.258321732    
  0.812500000      0.137500003      0.281000912    
  0.837499976      0.137500003      0.306123376    
  0.862500012      0.137500003      0.333322346    
  0.887500048      0.137500003      0.361891955    
  0.912500024      0.137500003      0.390660226    
  0.937500000      0.137500003      0.417840451    
  0.962499976      0.137500003      0.440843552    
  0.987500012      0.137500003      0.455882162    
   1.00000000      0.137500003      0.455882162    
 
   0.00000000      0.162499994       6.93409070E-02
   1.25000002E-02  0.162499994       6.93409070E-02
   3.75000015E-02  0.162499994       9.10232067E-02
   6.25000000E-02  0.162499994      0.117016695    
   8.75000060E-02  0.162499994      0.139658809    
  0.112499997      0.162499994      0.157039389    
  0.137500003      0.162499994      0.169201672    
  0.162499994      0.162499994      0.176663071    
  0.187500000      0.162499994      0.180041641    
  0.212500006      0.162499994      0.179988846    
  0.237500012      0.162499994      0.177172348    
  0.262499988      0.162499994      0.172257721    
  0.287500024      0.162499994      0.165887564    
  0.312500000      0.162499994      0.158659935    
  0.337500006      0.162499994      0.151111156    
  0.362500012      0.162499994      0.143703192    
  0.387499988      0.162499994      0.136818707    
  0.412500024      0.162499994      0.130761117    
  0.437500000      0.162499994      0.125761300    
  0.462500006      0.162499994      0.121987477    
  0.487500012      0.162499994      0.119558230    
  0.512500048      0.162499994      0.118556321    
  0.537500024      0.162499994      0.119009189    
  0.562500000      0.162499994      0.120919436    
  0.587499976      0.162499994      0.124337569    
  0.612500012      0.162499994      0.129351512    
  0.637500048      0.162499994      0.136089265    
  0.662500024      0.162499994      0.144720957    
  0.687500000      0.162499994      0.155458331    
  0.712499976      0.162499994      0.168551385    
  0.737500012      0.162499994      0.184277311    
  0.762500048      0.162499994      0.202920690    
  0.787500024      0.162499994      0.224737644    
  0.812500000      0.162499994      0.249899372    
  0.837499976      0.162499994      0.278406501    
  0.862500012      0.162499994      0.309968203    
  0.887500048      0.162499994      0.343839109    
  0.912500024      0.162499994      0.378616154    
  0.937500000      0.162499994      0.412006319    
  0.962499976      0.162499994      0.440565735    
  0.987500012      0.162499994      0.459266186    
   1.00000000      0.162499994      0.459266186    
 
   0.00000000      0.187500000       7.52986073E-02
   1.25000002E-02  0.187500000       7.52986073E-02
   3.75000015E-02  0.187500000       9.76156071E-02
   6.25000000E-02  0.187500000      0.123857483    
   8.75000060E-02  0.187500000      0.145731688    
  0.112499997      0.187500000      0.161225080    
  0.137500003      0.187500000      0.170543775    
  0.162499994      0.187500000      0.174463406    
  0.187500000      0.187500000      0.173885301    
  0.212500006      0.187500000      0.169735223    
  0.237500012      0.187500000      0.162924916    
  0.262499988      0.187500000      0.154318482    
  0.287500024      0.187500000      0.144701228    
  0.312500000      0.187500000      0.134755388    
  0.337500006      0.187500000      0.125045255    
  0.362500012      0.187500000      0.116013147    
  0.387499988      0.187500000      0.107985251    
  0.412500024      0.187500000      0.101185568    
  0.437500000      0.187500000       9.57549438E-02
  0.462500006      0.187500000       9.17726532E-02
  0.487500012      0.187500000       8.92778039E-02
  0.512500048      0.187500000       8.82893130E-02
  0.537500024      0.187500000       8.87379199E-02
  0.562500000      0.187500000       9.05474350E-02
  0.587499976      0.187500000       9.37563255E-02
  0.612500012      0.187500000       9.84587073E-02
  0.637500048      0.187500000      0.104803972    
  0.662500024      0.187500000      0.113001004    
  0.687500000      0.187500000      0.123322397    
  0.712499976      0.187500000      0.136105284    
  0.737500012      0.187500000      0.151745513    
  0.762500048      0.187500000      0.170680150    
  0.787500024      0.187500000      0.193350703    
  0.812500000      0.187500000      0.220136076    
  0.837499976      0.187500000      0.251243591    
  0.862500012      0.187500000      0.286542803    
  0.887500048      0.187500000      0.325329751    
  0.912500024      0.187500000      0.366020054    
  0.937500000      0.187500000      0.405790567    
  0.962499976      0.187500000      0.440210879    
  0.987500012      0.187500000      0.462789863    
   1.00000000      0.187500000      0.462789863    
 
   0.00000000      0.212500006       8.04825351E-02
   1.25000002E-02  0.212500006       8.04825351E-02
   3.75000015E-02  0.212500006      0.103018075    
   6.25000000E-02  0.212500006      0.129017413    
   8.75000060E-02  0.212500006      0.149691090    
  0.112499997      0.212500006      0.162982076    
  0.137500003      0.212500006      0.169305235    
  0.162499994      0.212500006      0.169733033    
  0.187500000      0.212500006      0.165471613    
  0.212500006      0.212500006      0.157721236    
  0.237500012      0.212500006      0.147615492    
  0.262499988      0.212500006      0.136175320    
  0.287500024      0.212500006      0.124274269    
  0.312500000      0.212500006      0.112618260    
  0.337500006      0.212500006      0.101741076    
  0.362500012      0.212500006       9.20152068E-02
  0.387499988      0.212500006       8.36731493E-02
  0.412500024      0.212500006       7.68355429E-02
  0.437500000      0.212500006       7.15423077E-02
  0.462500006      0.212500006       6.77824840E-02
  0.487500012      0.212500006       6.55208230E-02
  0.512500048      0.212500006       6.47202209E-02
  0.537500024      0.212500006       6.52447343E-02
  0.562500000      0.212500006       6.69670701E-02
  0.587499976      0.212500006       6.99149966E-02
  0.612500012      0.212500006       7.41842315E-02
  0.637500048      0.212500006       7.99365193E-02
  0.662500024      0.212500006       8.74080509E-02
  0.687500000      0.212500006       9.69193876E-02
  0.712499976      0.212500006      0.108883880    
  0.737500012      0.212500006      0.123810910    
  0.762500048      0.212500006      0.142295524    
  0.787500024      0.212500006      0.164986089    
  0.812500000      0.212500006      0.192513227    
  0.837499976      0.212500006      0.225359753    
  0.862500012      0.212500006      0.263647854    
  0.887500048      0.212500006      0.306816220    
  0.912500024      0.212500006      0.353177845    
  0.937500000      0.212500006      0.399385482    
  0.962499976      0.212500006      0.439902663    
  0.987500012      0.212500006      0.466538519    
   1.00000000      0.212500006      0.466538519    
 
   0.00000000      0.237500012       8.49810168E-02
   1.25000002E-02  0.237500012       8.49810168E-02
   3.75000015E-02  0.237500012      0.107399970    
   6.25000000E-02  0.237500012      0.132800043    
   8.75000060E-02  0.237500012      0.152016595    
  0.112499997      0.237500012      0.162994012    
  0.137500003      0.237500012      0.166383684    
  0.162499994      0.237500012      0.163570359    
  0.187500000      0.237500012      0.156063423    
  0.212500006      0.237500012      0.145317018    
  0.237500012      0.237500012      0.132648930    
  0.262499988      0.237500012      0.119188264    
  0.287500024      0.237500012      0.105844140    
  0.312500000      0.237500012       9.32966918E-02
  0.337500006      0.237500012       8.20093304E-02
  0.362500012      0.237500012       7.22566620E-02
  0.387499988      0.237500012       6.41622767E-02
  0.412500024      0.237500012       5.77397719E-02
  0.437500000      0.237500012       5.29325791E-02
  0.462500006      0.237500012       4.96484824E-02
  0.487500012      0.237500012       4.77881655E-02
  0.512500048      0.237500012       4.72675897E-02
  0.537500024      0.237500012       4.79092970E-02
  0.562500000      0.237500012       4.95580584E-02
  0.587499976      0.237500012       5.22308275E-02
  0.612500012      0.237500012       5.60178980E-02
  0.637500048      0.237500012       6.10813573E-02
  0.662500024      0.237500012       6.76679537E-02
  0.687500000      0.237500012       7.61262551E-02
  0.712499976      0.237500012       8.69254693E-02
  0.737500012      0.237500012      0.100670464    
  0.762500048      0.237500012      0.118105002    
  0.787500024      0.237500012      0.140089899    
  0.812500000      0.237500012      0.167535722    
  0.837499976      0.237500012      0.201259777    
  0.862500012      0.237500012      0.241728097    
  0.887500048      0.237500012      0.288637549    
  0.912500024      0.237500012      0.340306371    
  0.937500000      0.237500012      0.392902970    
  0.962499976      0.237500012      0.439685285    
  0.987500012      0.237500012      0.470521480    
   1.00000000      0.237500012      0.470521480    
 
   0.00000000      0.262499988       8.88716280E-02
   1.25000002E-02  0.262499988       8.88716280E-02
   3.75000015E-02  0.262499988      0.110910386    
   6.25000000E-02  0.262499988      0.135467082    
   8.75000060E-02  0.262499988      0.153109819    
  0.112499997      0.262499988      0.161813065    
  0.137500003      0.262499988      0.162472099    
  0.162499994      0.262499988      0.156779289    
  0.187500000      0.262499988      0.146528319    
  0.212500006      0.262499988      0.133393884    
  0.237500012      0.262499988      0.118835397    
  0.262499988      0.262499988      0.104044214    
  0.287500024      0.262499988       8.99222195E-02
  0.312500000      0.262499988       7.70900026E-02
  0.337500006      0.262499988       6.59178793E-02
  0.362500012      0.262499988       5.65721430E-02
  0.387499988      0.262499988       4.90673855E-02
  0.412500024      0.262499988       4.33175266E-02
  0.437500000      0.262499988       3.91810127E-02
  0.462500006      0.262499988       3.64974402E-02
  0.487500012      0.262499988       3.51154245E-02
  0.512500048      0.262499988       3.49137075E-02
  0.537500024      0.262499988       3.56950313E-02
  0.562500000      0.262499988       3.72960381E-02
  0.587499976      0.262499988       3.97228114E-02
  0.612500012      0.262499988       4.30532023E-02
  0.637500048      0.262499988       4.74366657E-02
  0.662500024      0.262499988       5.31116612E-02
  0.687500000      0.262499988       6.04311079E-02
  0.712499976      0.262499988       6.98928908E-02
  0.737500012      0.262499988       8.21703002E-02
  0.762500048      0.262499988       9.81331766E-02
  0.787500024      0.262499988      0.118844271    
  0.812500000      0.262499988      0.145504355    
  0.837499976      0.262499988      0.179306969    
  0.862500012      0.262499988      0.221144453    
  0.887500048      0.262499988      0.271091640    
  0.912500024      0.262499988      0.327603608    
  0.937500000      0.262499988      0.386442959    
  0.962499976      0.262499988      0.439592391    
  0.987500012      0.262499988      0.474738300    
   1.00000000      0.262499988      0.474738300    
 
   0.00000000      0.287500024       9.22230631E-02
   1.25000002E-02  0.287500024       9.22230631E-02
   3.75000015E-02  0.287500024      0.113679841    
   6.25000000E-02  0.287500024      0.137240946    
   8.75000060E-02  0.287500024      0.153300837    
  0.112499997      0.287500024      0.159875035    
  0.137500003      0.287500024      0.158091336    
  0.162499994      0.287500024      0.149929032    
  0.187500000      0.287500024      0.137435168    
  0.212500006      0.287500024      0.122467212    
  0.237500012      0.287500024      0.106585145    
  0.262499988      0.287500024       9.10046548E-02
  0.287500024      0.287500024       7.65904412E-02
  0.312500000      0.287500024       6.38837218E-02
  0.337500006      0.287500024       5.31530641E-02
  0.362500012      0.287500024       4.44575734E-02
  0.387499988      0.287500024       3.77111137E-02
  0.412500024      0.287500024       3.27405743E-02
  0.437500000      0.287500024       2.93341056E-02
  0.462500006      0.287500024       2.72777397E-02
  0.487500012      0.287500024       2.63814833E-02
  0.512500048      0.287500024       2.64977068E-02
  0.537500024      0.287500024       2.74280757E-02
  0.562500000      0.287500024       2.90171914E-02
  0.587499976      0.287500024       3.12609859E-02
  0.612500012      0.287500024       3.42190526E-02
  0.637500048      0.287500024       3.80161926E-02
  0.662500024      0.287500024       4.28643487E-02
  0.687500000      0.287500024       4.90964428E-02
  0.712499976      0.287500024       5.72094098E-02
  0.737500012      0.287500024       6.79123476E-02
  0.762500048      0.287500024       8.21691453E-02
  0.787500024      0.287500024      0.101219408    
  0.812500000      0.287500024      0.126545906    
  0.837499976      0.287500024      0.159739569    
  0.862500012      0.287500024      0.202182740    
  0.887500048      0.287500024      0.254443258    
  0.912500024      0.287500024      0.315260202    
  0.937500000      0.287500024      0.380105257    
  0.962499976      0.287500024      0.439656973    
  0.987500012      0.287500024      0.479189813    
   1.00000000      0.287500024      0.479189813    
 
   0.00000000      0.312500000       9.50963348E-02
   1.25000002E-02  0.312500000       9.50963348E-02
   3.75000015E-02  0.312500000      0.115821049    
   6.25000000E-02  0.312500000      0.138307840    
   8.75000060E-02  0.312500000      0.152855694    
  0.112499997      0.312500000      0.157516316    
  0.137500003      0.312500000      0.153623044    
  0.162499994      0.312500000      0.143408641    
  0.187500000      0.312500000      0.129137039    
  0.212500006      0.312500000      0.112810127    
  0.237500012      0.312500000       9.60537866E-02
  0.262499988      0.312500000       8.00800249E-02
  0.287500024      0.312500000       6.56979829E-02
  0.312500000      0.312500000       5.33613674E-02
  0.337500006      0.312500000       4.32381220E-02
  0.362500012      0.312500000       3.52880694E-02
  0.387499988      0.312500000       2.93367729E-02
  0.412500024      0.312500000       2.51389705E-02
  0.437500000      0.312500000       2.24281866E-02
  0.462500006      0.312500000       2.09523104E-02
  0.487500012      0.312500000       2.04970408E-02
  0.512500048      0.312500000       2.09005252E-02
  0.537500024      0.312500000       2.19785385E-02
  0.562500000      0.312500000       2.35956404E-02
  0.587499976      0.312500000       2.57391147E-02
  0.612500012      0.312500000       2.84461696E-02
  0.637500048      0.312500000       3.18072736E-02
  0.662500024      0.312500000       3.59921418E-02
  0.687500000      0.312500000       4.12915498E-02
  0.712499976      0.312500000       4.81731519E-02
  0.737500012      0.312500000       5.73477484E-02
  0.762500048      0.312500000       6.98364154E-02
  0.787500024      0.312500000       8.70203748E-02
  0.812500000      0.312500000      0.110639520    
  0.837499976      0.312500000      0.142680496    
  0.862500012      0.312500000      0.185055956    
  0.887500048      0.312500000      0.238923803    
  0.912500024      0.312500000      0.303459346    
  0.937500000      0.312500000      0.373991132    
  0.962499976      0.312500000      0.439911008    
  0.987500012      0.312500000      0.483878702    
   1.00000000      0.312500000      0.483878702    
 
   0.00000000      0.337500006       9.75451022E-02
   1.25000002E-02  0.337500006       9.75451022E-02
   3.75000015E-02  0.337500006      0.117430866    
   6.25000000E-02  0.337500006      0.138820887    
   8.75000060E-02  0.337500006      0.151984438    
  0.112499997      0.337500006      0.154990792    
  0.137500003      0.337500006      0.149338871    
  0.162499994      0.337500006      0.137473598    
  0.187500000      0.337500006      0.121836498    
  0.212500006      0.337500006      0.104539208    
  0.237500012      0.337500006       8.72459412E-02
  0.262499988      0.337500006       7.11470321E-02
  0.287500024      0.337500006       5.69877662E-02
  0.312500000      0.337500006       4.51350100E-02
  0.337500006      0.337500006       3.56634520E-02
  0.362500012      0.337500006       2.84453314E-02
  0.387499988      0.337500006       2.32320670E-02
  0.412500024      0.337500006       1.97213516E-02
  0.437500000      0.337500006       1.76074747E-02
  0.462500006      0.337500006       1.66154150E-02
  0.487500012      0.337500006       1.65210348E-02
  0.512500048      0.337500006       1.71610620E-02
  0.537500024      0.337500006       1.83767695E-02
  0.562500000      0.337500006       2.00599842E-02
  0.587499976      0.337500006       2.21914612E-02
  0.612500012      0.337500006       2.47836281E-02
  0.637500048      0.337500006       2.78858393E-02
  0.662500024      0.337500006       3.16137671E-02
  0.687500000      0.337500006       3.61982882E-02
  0.712499976      0.337500006       4.20534238E-02
  0.737500012      0.337500006       4.98605929E-02
  0.762500048      0.337500006       6.06607199E-02
  0.787500024      0.337500006       7.59362131E-02
  0.812500000      0.337500006       9.76465866E-02
  0.837499976      0.337500006      0.128151789    
  0.862500012      0.337500006      0.169906586    
  0.887500048      0.337500006      0.224730134    
  0.912500024      0.337500006      0.292375952    
  0.937500000      0.337500006      0.368203223    
  0.962499976      0.337500006      0.440387666    
  0.987500012      0.337500006      0.488810092    
   1.00000000      0.337500006      0.488810092    
 
   0.00000000      0.362500012       9.96166766E-02
   1.25000002E-02  0.362500012       9.96166766E-02
   3.75000015E-02  0.362500012      0.118591130    
   6.25000000E-02  0.362500012      0.138903707    
   8.75000060E-02  0.362500012      0.150848985    
  0.112499997      0.362500012      0.152484864    
  0.137500003      0.362500012      0.145426109    
  0.162499994      0.362500012      0.132283077    
  0.187500000      0.362500012      0.115635954    
  0.212500006      0.362500012       9.76760238E-02
  0.237500012      0.362500012       8.00861716E-02
  0.262499988      0.362500012       6.40255585E-02
  0.287500024      0.362500012       5.01755960E-02
  0.312500000      0.362500012       3.88232768E-02
  0.337500006      0.362500012       2.99614780E-02
  0.362500012      0.362500012       2.33884957E-02
  0.387499988      0.362500012       1.87959261E-02
  0.412500024      0.362500012       1.58385895E-02
  0.437500000      0.362500012       1.41855311E-02
  0.462500006      0.362500012       1.35527607E-02
  0.487500012      0.362500012       1.37200961E-02
  0.512500048      0.362500012       1.45356013E-02
  0.537500024      0.362500012       1.58735532E-02
  0.562500000      0.362500012       1.76558290E-02
  0.587499976      0.362500012       1.98584162E-02
  0.612500012      0.362500012       2.24680230E-02
  0.637500048      0.362500012       2.54890136E-02
  0.662500024      0.362500012       2.89756563E-02
  0.687500000      0.362500012       3.30870226E-02
  0.712499976      0.362500012       3.81654352E-02
  0.737500012      0.362500012       4.48375121E-02
  0.762500048      0.362500012       5.41307479E-02
  0.787500024      0.362500012       6.75881132E-02
  0.812500000      0.362500012       8.73441845E-02
  0.837499976      0.362500012      0.116092488    
  0.862500012      0.362500012      0.156813264    
  0.887500048      0.362500012      0.212023765    
  0.912500024      0.362500012      0.282175779    
  0.937500000      0.362500012      0.362845242    
  0.962499976      0.362500012      0.441119403    
  0.987500012      0.362500012      0.493990719    
   1.00000000      0.362500012      0.493990719    
 
   0.00000000      0.387499988      0.101352319    
   1.25000002E-02  0.387499988      0.101352319    
   3.75000015E-02  0.387499988      0.119370133    
   6.25000000E-02  0.387499988      0.138653666    
   8.75000060E-02  0.387499988      0.149570137    
  0.112499997      0.387499988      0.150130138    
  0.137500003      0.387499988      0.142007649    
  0.162499994      0.387499988      0.127928674    
  0.187500000      0.387499988      0.110574186    
  0.212500006      0.387499988       9.21903476E-02
  0.237500012      0.387499988       7.44658709E-02
  0.262499988      0.387499988       5.85267879E-02
  0.287500024      0.387499988       4.49966937E-02
  0.312500000      0.387499988       3.40943933E-02
  0.337500006      0.387499988       2.57449728E-02
  0.362500012      0.387499988       1.96873117E-02
  0.387499988      0.387499988       1.55667607E-02
  0.412500024      0.387499988       1.30077098E-02
  0.437500000      0.387499988       1.16656022E-02
  0.462500006      0.387499988       1.12590948E-02
  0.487500012      0.387499988       1.15841776E-02
  0.512500048      0.387499988       1.25126671E-02
  0.537500024      0.387499988       1.39560513E-02
  0.562500000      0.387499988       1.58642679E-02
  0.587499976      0.387499988       1.82090756E-02
  0.612500012      0.387499988       2.09510997E-02
  0.637500048      0.387499988       2.40485743E-02
  0.662500024      0.387499988       2.74916701E-02
  0.687500000      0.387499988       3.13620083E-02
  0.712499976      0.387499988       3.59196626E-02
  0.737500012      0.387499988       4.17189635E-02
  0.762500048      0.387499988       4.97476719E-02
  0.787500024      0.387499988       6.15730397E-02
  0.812500000      0.387499988       7.94583336E-02
  0.837499976      0.387499988      0.106379203    
  0.862500012      0.387499988      0.145799279    
  0.887500048      0.387499988      0.200932652    
  0.912500024      0.387499988      0.273014128    
  0.937500000      0.387499988      0.358022034    
  0.962499976      0.387499988      0.442138433    
  0.987500012      0.387499988      0.499430209    
   1.00000000      0.387499988      0.499430209    
 
   0.00000000      0.412500024      0.102787741    
   1.25000002E-02  0.412500024      0.102787741    
   3.75000015E-02  0.412500024      0.119824097    
   6.25000000E-02  0.412500024      0.138144985    
   8.75000060E-02  0.412500024      0.148233756    
  0.112499997      0.412500024      0.148013949    
  0.137500003      0.412500024      0.139157727    
  0.162499994      0.412500024      0.124454856    
  0.187500000      0.412500024      0.106651641    
  0.212500006      0.412500024       8.80284905E-02
  0.237500012      0.412500024       7.02729449E-02
  0.262499988      0.412500024       5.44813834E-02
  0.287500024      0.412500024       4.12307121E-02
  0.312500000      0.412500024       3.06863114E-02
  0.337500006      0.412500024       2.27213576E-02
  0.362500012      0.412500024       1.70301870E-02
  0.387499988      0.412500024       1.32245123E-02
  0.412500024      0.412500024       1.09084947E-02
  0.437500000      0.412500024       9.73241590E-03
  0.462500006      0.412500024       9.42589343E-03
  0.487500012      0.412500024       9.81117971E-03
  0.512500048      0.412500024       1.07964370E-02
  0.537500024      0.412500024       1.23321638E-02
  0.562500000      0.412500024       1.43888257E-02
  0.587499976      0.412500024       1.69318374E-02
  0.612500012      0.412500024       1.98954213E-02
  0.637500048      0.412500024       2.31929868E-02
  0.662500024      0.412500024       2.67526042E-02
  0.687500000      0.412500024       3.05790622E-02
  0.712499976      0.412500024       3.48474607E-02
  0.737500012      0.412500024       4.00311761E-02
  0.762500048      0.412500024       4.70608622E-02
  0.787500024      0.412500024       5.74990101E-02
  0.812500000      0.412500024       7.36946091E-02
  0.837499976      0.412500024       9.88480598E-02
  0.862500012      0.412500024      0.136843994    
  0.887500048      0.412500024      0.191554099    
  0.912500024      0.412500024      0.265036047    
  0.937500000      0.412500024      0.353838772    
  0.962499976      0.412500024      0.443475842    
  0.987500012      0.412500024      0.505140603    
   1.00000000      0.412500024      0.505140603    
 
   0.00000000      0.437500000      0.103953600    
   1.25000002E-02  0.437500000      0.103953600    
   3.75000015E-02  0.437500000      0.119998112    
   6.25000000E-02  0.437500000      0.137431666    
   8.75000060E-02  0.437500000      0.146895826    
  0.112499997      0.437500000      0.146187246    
  0.137500003      0.437500000      0.136912972    
  0.162499994      0.437500000      0.121874042    
  0.187500000      0.437500000      0.103847541    
  0.212500006      0.437500000       8.51312578E-02
  0.237500012      0.437500000       6.74086660E-02
  0.262499988      0.437500000       5.17542697E-02
  0.287500024      0.437500000       3.87124345E-02
  0.312500000      0.437500000       2.84122545E-02
  0.337500006      0.437500000       2.06922330E-02
  0.362500012      0.437500000       1.52172484E-02
  0.387499988      0.437500000       1.15772262E-02
  0.412500024      0.437500000       9.36415140E-03
  0.437500000      0.437500000       8.22801515E-03
  0.462500006      0.437500000       7.91332778E-03
  0.487500012      0.437500000       8.27584509E-03
  0.512500048      0.437500000       9.27427690E-03
  0.537500024      0.437500000       1.08984979E-02
  0.562500000      0.437500000       1.31243821E-02
  0.587499976      0.437500000       1.59051623E-02
  0.612500012      0.437500000       1.91485193E-02
  0.637500048      0.437500000       2.27271132E-02
  0.662500024      0.437500000       2.65132003E-02
  0.687500000      0.437500000       3.04413345E-02
  0.712499976      0.437500000       3.46063115E-02
  0.737500012      0.437500000       3.94005328E-02
  0.762500048      0.437500000       4.56897020E-02
  0.787500024      0.437500000       5.50117791E-02
  0.812500000      0.437500000       6.97647631E-02
  0.837499976      0.437500000       9.33163613E-02
  0.862500012      0.437500000      0.129895568    
  0.887500048      0.437500000      0.183958620    
  0.912500024      0.437500000      0.258375317    
  0.937500000      0.437500000      0.350400954    
  0.962499976      0.437500000      0.445161015    
  0.987500012      0.437500000      0.511137068    
   1.00000000      0.437500000      0.511137068    
 
   0.00000000      0.462500006      0.104875922    
   1.25000002E-02  0.462500006      0.104875922    
   3.75000015E-02  0.462500006      0.119928047    
   6.25000000E-02  0.462500006      0.136549935    
   8.75000060E-02  0.462500006      0.145585969    
  0.112499997      0.462500006      0.144669667    
  0.137500003      0.462500006      0.135279581    
  0.162499994      0.462500006      0.120174542    
  0.187500000      0.462500006      0.102129057    
  0.212500006      0.462500006       8.34432691E-02
  0.237500012      0.462500006       6.57962337E-02
  0.262499988      0.462500006       5.02507053E-02
  0.287500024      0.462500006       3.73345315E-02
  0.312500000      0.462500006       2.71591283E-02
  0.337500006      0.462500006       1.95463654E-02
  0.362500012      0.462500006       1.41472751E-02
  0.387499988      0.462500006       1.05417259E-02
  0.412500024      0.462500006       8.31654388E-03
  0.437500000      0.462500006       7.12338276E-03
  0.462500006      0.462500006       6.72029005E-03
  0.487500012      0.462500006       6.99835131E-03
  0.512500048      0.462500006       7.98427593E-03
  0.537500024      0.462500006       9.70625039E-03
  0.562500000      0.462500006       1.21200029E-02
  0.587499976      0.462500006       1.51586132E-02
  0.612500012      0.462500006       1.87049620E-02
  0.637500048      0.462500006       2.25980915E-02
  0.662500024      0.462500006       2.66645104E-02
  0.687500000      0.462500006       3.07799801E-02
  0.712499976      0.462500006       3.49698812E-02
  0.737500012      0.462500006       3.95536162E-02
  0.762500048      0.462500006       4.53331508E-02
  0.787500024      0.462500006       5.38115576E-02
  0.812500000      0.462500006       6.74075186E-02
  0.837499976      0.462500006       8.96020234E-02
  0.862500012      0.462500006      0.124884829    
  0.887500048      0.462500006      0.178195819    
  0.912500024      0.462500006      0.253154814    
  0.937500000      0.462500006      0.347813755    
  0.962499976      0.462500006      0.447222531    
  0.987500012      0.462500006      0.517438471    
   1.00000000      0.462500006      0.517438471    
 
   0.00000000      0.487500012      0.105579533    
   1.25000002E-02  0.487500012      0.105579533    
   3.75000015E-02  0.487500012      0.119644344    
   6.25000000E-02  0.487500012      0.135519654    
   8.75000060E-02  0.487500012      0.144305110    
  0.112499997      0.487500012      0.143444791    
  0.137500003      0.487500012      0.134227946    
  0.162499994      0.487500012      0.119317167    
  0.187500000      0.487500012      0.101450033    
  0.212500006      0.487500012       8.29140842E-02
  0.237500012      0.487500012       6.53838813E-02
  0.262499988      0.487500012       4.99206297E-02
  0.287500024      0.487500012       3.70521545E-02
  0.312500000      0.487500012       2.68909242E-02
  0.337500006      0.487500012       1.92605741E-02
  0.362500012      0.487500012       1.38143925E-02
  0.387499988      0.487500012       1.01348544E-02
  0.412500024      0.487500012       7.81165157E-03
  0.437500000      0.487500012       6.50033494E-03
  0.462500006      0.487500012       5.96756814E-03
  0.487500012      0.487500012       6.13157218E-03
  0.512500048      0.487500012       7.10162614E-03
  0.537500024      0.487500012       8.93650297E-03
  0.562500000      0.487500012       1.15431817E-02
  0.587499976      0.487500012       1.48309208E-02
  0.612500012      0.487500012       1.86631829E-02
  0.637500048      0.487500012       2.28546504E-02
  0.662500024      0.487500012       2.71983575E-02
  0.687500000      0.487500012       3.15258242E-02
  0.712499976      0.487500012       3.58086266E-02
  0.737500012      0.487500012       4.03075106E-02
  0.762500048      0.487500012       4.57698889E-02
  0.787500024      0.487500012       5.36622368E-02
  0.812500000      0.487500012       6.64038286E-02
  0.837499976      0.487500012       8.75409395E-02
  0.862500012      0.487500012      0.121738702    
  0.887500048      0.487500012      0.174300492    
  0.912500024      0.487500012      0.249487504    
  0.937500000      0.487500012      0.346181482    
  0.962499976      0.487500012      0.449686080    
  0.987500012      0.487500012      0.524067938    
   1.00000000      0.487500012      0.524067938    
 
   0.00000000      0.512500048      0.106121898    
   1.25000002E-02  0.512500048      0.106121898    
   3.75000015E-02  0.512500048      0.119213320    
   6.25000000E-02  0.512500048      0.134336039    
   8.75000060E-02  0.512500048      0.142958164    
  0.112499997      0.512500048      0.142357096    
  0.137500003      0.512500048      0.133583173    
  0.162499994      0.512500048      0.119141698    
  0.187500000      0.512500048      0.101687707    
  0.212500006      0.512500048       8.34706724E-02
  0.237500012      0.512500048       6.61521256E-02
  0.262499988      0.512500048       5.07956818E-02
  0.287500024      0.512500048       3.79413888E-02
  0.312500000      0.512500048       2.77195964E-02
  0.337500006      0.512500048       1.99741144E-02
  0.362500012      0.512500048       1.43782757E-02
  0.387499988      0.512500048       1.05330320E-02
  0.412500024      0.512500048       8.04419536E-03
  0.437500000      0.512500048       6.58099912E-03
  0.462500006      0.512500048       5.92156034E-03
  0.487500012      0.512500048       5.99719258E-03
  0.512500048      0.512500048       6.96083717E-03
  0.537500024      0.512500048       8.88398103E-03
  0.562500000      0.512500048       1.16431313E-02
  0.587499976      0.512500048       1.51260551E-02
  0.612500012      0.512500048       1.91806685E-02
  0.637500048      0.512500048       2.36048084E-02
  0.662500024      0.512500048       2.81695481E-02
  0.687500000      0.512500048       3.26777659E-02
  0.712499976      0.512500048       3.70657332E-02
  0.737500012      0.512500048       4.15544920E-02
  0.762500048      0.512500048       4.68522459E-02
  0.787500024      0.512500048       5.43941595E-02
  0.812500000      0.512500048       6.65872172E-02
  0.837499976      0.512500048       8.70011598E-02
  0.862500012      0.512500048      0.120393455    
  0.887500048      0.512500048      0.172300085    
  0.912500024      0.512500048      0.247476295    
  0.937500000      0.512500048      0.345606536    
  0.962499976      0.512500048      0.452574432    
  0.987500012      0.512500048      0.531054020    
   1.00000000      0.512500048      0.531054020    
 
   0.00000000      0.537500024      0.106546216    
   1.25000002E-02  0.537500024      0.106546216    
   3.75000015E-02  0.537500024      0.118685529    
   6.25000000E-02  0.537500024      0.132998899    
   8.75000060E-02  0.537500024      0.141464353    
  0.112499997      0.537500024      0.141259789    
  0.137500003      0.537500024      0.133167878    
  0.162499994      0.537500024      0.119474955    
  0.187500000      0.537500024      0.102699943    
  0.212500006      0.537500024       8.50188211E-02
  0.237500012      0.537500024       6.80627599E-02
  0.262499988      0.537500024       5.28946333E-02
  0.287500024      0.537500024       4.00738344E-02
  0.312500000      0.537500024       2.97620874E-02
  0.337500006      0.537500024       2.18402855E-02
  0.362500012      0.537500024       1.60195529E-02
  0.387499988      0.537500024       1.19362222E-02
  0.412500024      0.537500024       9.22730658E-03
  0.437500000      0.537500024       7.58771738E-03
  0.462500006      0.537500024       6.81318901E-03
  0.487500012      0.537500024       6.83825929E-03
  0.512500048      0.537500024       7.79876579E-03
  0.537500024      0.537500024       9.76058282E-03
  0.562500000      0.537500024       1.26078306E-02
  0.587499976      0.537500024       1.62132606E-02
  0.612500012      0.537500024       2.04087757E-02
  0.637500048      0.537500024       2.49776486E-02
  0.662500024      0.537500024       2.96762902E-02
  0.687500000      0.537500024       3.42916250E-02
  0.712499976      0.537500024       3.87421325E-02
  0.737500012      0.537500024       4.32297960E-02
  0.762500048      0.537500024       4.84438427E-02
  0.787500024      0.537500024       5.58025464E-02
  0.812500000      0.537500024       6.77014813E-02
  0.837499976      0.537500024       8.77109990E-02
  0.862500012      0.537500024      0.120621502    
  0.887500048      0.537500024      0.172093466    
  0.912500024      0.537500024      0.247228518    
  0.937500000      0.537500024      0.346416473    
  0.962499976      0.537500024      0.456291974    
  0.987500012      0.537500024      0.538654983    
   1.00000000      0.537500024      0.538654983    
 
   0.00000000      0.562500000      0.106853090    
   1.25000002E-02  0.562500000      0.106853090    
   3.75000015E-02  0.562500000      0.118060380    
   6.25000000E-02  0.562500000      0.131521225    
   8.75000060E-02  0.562500000      0.139825329    
  0.112499997      0.562500000      0.140121534    
  0.137500003      0.562500000      0.132914573    
  0.162499994      0.562500000      0.120223612    
  0.187500000      0.562500000      0.104382321    
  0.212500006      0.562500000       8.74584168E-02
  0.237500012      0.562500000       7.10333809E-02
  0.262499988      0.562500000       5.61633259E-02
  0.287500024      0.562500000       4.34307083E-02
  0.312500000      0.562500000       3.30385342E-02
  0.337500006      0.562500000       2.49181408E-02
  0.362500012      0.562500000       1.88329071E-02
  0.387499988      0.562500000       1.44681279E-02
  0.412500024      0.562500000       1.15030408E-02
  0.437500000      0.562500000       9.66486894E-03
  0.462500006      0.562500000       8.76659993E-03
  0.487500012      0.562500000       8.73679668E-03
  0.512500048      0.562500000       9.68152937E-03
  0.537500024      0.562500000       1.16545726E-02
  0.562500000      0.562500000       1.45436581E-02
  0.587499976      0.562500000       1.82094630E-02
  0.612500012      0.562500000       2.24684421E-02
  0.637500048      0.562500000       2.70905532E-02
  0.662500024      0.562500000       3.18226069E-02
  0.687500000      0.562500000       3.64457853E-02
  0.712499976      0.562500000       4.08765748E-02
  0.737500012      0.562500000       4.53185886E-02
  0.762500048      0.562500000       5.04653789E-02
  0.787500024      0.562500000       5.77399246E-02
  0.812500000      0.562500000       6.95394054E-02
  0.837499976      0.562500000       8.94295573E-02
  0.862500012      0.562500000      0.122198671    
  0.887500048      0.562500000      0.173553512    
  0.912500024      0.562500000      0.248815045    
  0.937500000      0.562500000      0.348942637    
  0.962499976      0.562500000      0.461319119    
  0.987500012      0.562500000      0.547179997    
   1.00000000      0.562500000      0.547179997    
 
   0.00000000      0.587499976      0.107040443    
   1.25000002E-02  0.587499976      0.107040443    
   3.75000015E-02  0.587499976      0.117336027    
   6.25000000E-02  0.587499976      0.129913166    
   8.75000060E-02  0.587499976      0.138039544    
  0.112499997      0.587499976      0.138903975    
  0.137500003      0.587499976      0.132741615    
  0.162499994      0.587499976      0.121271923    
  0.187500000      0.587499976      0.106601976    
  0.212500006      0.587499976       9.06580836E-02
  0.237500012      0.587499976       7.49512315E-02
  0.262499988      0.587499976       6.05212636E-02
  0.287500024      0.587499976       4.79728468E-02
  0.312500000      0.587499976       3.75556685E-02
  0.337500006      0.587499976       2.92603616E-02
  0.362500012      0.587499976       2.29127388E-02
  0.387499988      0.587499976       1.82567313E-02
  0.412500024      0.587499976       1.50212087E-02
  0.437500000      0.587499976       1.29695507E-02
  0.462500006      0.587499976       1.19323134E-02
  0.487500012      0.587499976       1.18311737E-02
  0.512500048      0.587499976       1.27412481E-02
  0.537500024      0.587499976       1.46955065E-02
  0.562500000      0.587499976       1.75761636E-02
  0.587499976      0.587499976       2.12308373E-02
  0.612500012      0.587499976       2.54617464E-02
  0.637500048      0.587499976       3.00287381E-02
  0.662500024      0.587499976       3.46755274E-02
  0.687500000      0.587499976       3.91887501E-02
  0.712499976      0.587499976       4.34996597E-02
  0.737500012      0.587499976       4.78352532E-02
  0.762500048      0.587499976       5.29178940E-02
  0.787500024      0.587499976       6.01982363E-02
  0.812500000      0.587499976       7.20889345E-02
  0.837499976      0.587499976       9.21474099E-02
  0.862500012      0.587499976      0.125127167    
  0.887500048      0.587499976      0.176707134    
  0.912500024      0.587499976      0.252304941    
  0.937500000      0.587499976      0.353303492    
  0.962499976      0.587499976      0.467794299    
  0.987500012      0.587499976      0.556725919    
   1.00000000      0.587499976      0.556725919    
 
   0.00000000      0.612500012      0.107103735    
   1.25000002E-02  0.612500012      0.107103735    
   3.75000015E-02  0.612500012      0.116508722    
   6.25000000E-02  0.612500012      0.128181204    
   8.75000060E-02  0.612500012      0.136102423    
  0.112499997      0.612500012      0.137564138    
  0.137500003      0.612500012      0.132556900    
  0.162499994      0.612500012      0.122485310    
  0.187500000      0.612500012      0.109198913    
  0.212500006      0.612500012       9.44527462E-02
  0.237500012      0.612500012       7.96656087E-02
  0.262499988      0.612500012       6.58482090E-02
  0.287500024      0.612500012       5.36218993E-02
  0.312500000      0.612500012       4.32831235E-02
  0.337500006      0.612500012       3.48854996E-02
  0.362500012      0.612500012       2.83226687E-02
  0.387499988      0.612500012       2.34027300E-02
  0.412500024      0.612500012       1.99086461E-02
  0.437500000      0.612500012       1.76426321E-02
  0.462500006      0.612500012       1.64546352E-02
  0.487500012      0.612500012       1.62622873E-02
  0.512500048      0.612500012       1.71088614E-02
  0.537500024      0.612500012       1.89992636E-02
  0.562500000      0.612500012       2.18044743E-02
  0.587499976      0.612500012       2.53579821E-02
  0.612500012      0.612500012       2.94499565E-02
  0.637500048      0.612500012       3.38349566E-02
  0.662500024      0.612500012       3.82618979E-02
  0.687500000      0.612500012       4.25357893E-02
  0.712499976      0.612500012       4.66206782E-02
  0.737500012      0.612500012       5.07895947E-02
  0.762500048      0.612500012       5.58183976E-02
  0.787500024      0.612500012       6.32071644E-02
  0.812500000      0.612500012       7.53959641E-02
  0.837499976      0.612500012       9.59271565E-02
  0.862500012      0.612500012      0.129484698    
  0.887500048      0.612500012      0.181646302    
  0.912500024      0.612500012      0.257806122    
  0.937500000      0.612500012      0.359623164    
  0.962499976      0.612500012      0.475840032    
  0.987500012      0.612500012      0.567377985    
   1.00000000      0.612500012      0.567377985    
 
   0.00000000      0.637500048      0.107034966    
   1.25000002E-02  0.637500048      0.107034966    
   3.75000015E-02  0.637500048      0.115572192    
   6.25000000E-02  0.637500048      0.126327991    
   8.75000060E-02  0.637500048      0.134006158    
  0.112499997      0.637500048      0.136056602    
  0.137500003      0.637500048      0.132261977    
  0.162499994      0.637500048      0.123714820    
  0.187500000      0.637500048      0.111988440    
  0.212500006      0.637500048       9.86423492E-02
  0.237500012      0.637500048       8.49817842E-02
  0.262499988      0.637500048       7.19725415E-02
  0.287500024      0.637500048       6.02426790E-02
  0.312500000      0.637500048       5.01301289E-02
  0.337500006      0.637500048       4.17496189E-02
  0.362500012      0.637500048       3.50631997E-02
  0.387499988      0.637500048       2.99446601E-02
  0.412500024      0.637500048       2.62326486E-02
  0.437500000      0.637500048       2.37698443E-02
  0.462500006      0.637500048       2.24277675E-02
  0.487500012      0.637500048       2.21234132E-02
  0.512500048      0.637500048       2.28667520E-02
  0.537500024      0.637500048       2.46301182E-02
  0.562500000      0.637500048       2.72719841E-02
  0.587499976      0.637500048       3.06131374E-02
  0.612500012      0.637500048       3.44357640E-02
  0.637500048      0.637500048       3.84960659E-02
  0.662500024      0.637500048       4.25587185E-02
  0.687500000      0.637500048       4.64620553E-02
  0.712499976      0.637500048       5.02226204E-02
  0.737500012      0.637500048       5.41826934E-02
  0.762500048      0.637500048       5.91954552E-02
  0.787500024      0.637500048       6.68291301E-02
  0.812500000      0.637500048       7.95580894E-02
  0.837499976      0.637500048      0.100896895    
  0.862500012      0.637500048      0.135419875    
  0.887500048      0.637500048      0.188528493    
  0.912500024      0.637500048      0.265476078    
  0.937500000      0.637500048      0.368055105    
  0.962499976      0.637500048      0.485591143    
  0.987500012      0.637500048      0.579226613    
   1.00000000      0.637500048      0.579226613    
 
   0.00000000      0.662500024      0.106822312    
   1.25000002E-02  0.662500024      0.106822312    
   3.75000015E-02  0.662500024      0.114516616    
   6.25000000E-02  0.662500024      0.124351546    
   8.75000060E-02  0.662500024      0.131740123    
  0.112499997      0.662500024      0.134334937    
  0.137500003      0.662500024      0.131756097    
  0.162499994      0.662500024      0.124802500    
  0.187500000      0.662500024      0.114765935    
  0.212500006      0.662500024      0.102993630    
  0.237500012      0.662500024       9.06580240E-02
  0.262499988      0.662500024       7.86626935E-02
  0.287500024      0.662500024       6.76285103E-02
  0.312500000      0.662500024       5.79247028E-02
  0.337500006      0.662500024       4.97202016E-02
  0.362500012      0.662500024       4.30410057E-02
  0.387499988      0.662500024       3.78241576E-02
  0.412500024      0.662500024       3.39628533E-02
  0.437500000      0.662500024       3.13401856E-02
  0.462500006      0.662500024       2.98508145E-02
  0.487500012      0.662500024       2.94139702E-02
  0.512500048      0.662500024       3.00052539E-02
  0.537500024      0.662500024       3.15628126E-02
  0.562500000      0.662500024       3.39352675E-02
  0.587499976      0.662500024       3.69353183E-02
  0.612500012      0.662500024       4.03440222E-02
  0.637500048      0.662500024       4.39290665E-02
  0.662500024      0.662500024       4.74842638E-02
  0.687500000      0.662500024       5.08988947E-02
  0.712499976      0.662500024       5.42635247E-02
  0.737500012      0.662500024       5.80132231E-02
  0.762500048      0.662500024       6.30996525E-02
  0.787500024      0.662500024       7.11725727E-02
  0.812500000      0.662500024       8.47393423E-02
  0.837499976      0.662500024      0.107264578    
  0.862500012      0.662500024      0.143164784    
  0.887500048      0.662500024      0.197587073    
  0.912500024      0.662500024      0.275531858    
  0.937500000      0.662500024      0.378789306    
  0.962499976      0.662500024      0.497199833    
  0.987500012      0.662500024      0.592371643    
   1.00000000      0.662500024      0.592371643    
 
   0.00000000      0.687500000      0.106449068    
   1.25000002E-02  0.687500000      0.106449068    
   3.75000015E-02  0.687500000      0.113327540    
   6.25000000E-02  0.687500000      0.122244157    
   8.75000060E-02  0.687500000      0.129290015    
  0.112499997      0.687500000      0.132352933    
  0.137500003      0.687500000      0.130939782    
  0.162499994      0.687500000      0.125586882    
  0.187500000      0.687500000      0.117312767    
  0.212500006      0.687500000      0.107244655    
  0.237500012      0.687500000       9.64070633E-02
  0.262499988      0.687500000       8.56238604E-02
  0.287500024      0.687500000       7.54925013E-02
  0.312500000      0.687500000       6.63993508E-02
  0.337500006      0.687500000       5.85560203E-02
  0.362500012      0.687500000       5.20436876E-02
  0.387499988      0.687500000       4.68562432E-02
  0.412500024      0.687500000       4.29373644E-02
  0.437500000      0.687500000       4.02086750E-02
  0.462500006      0.687500000       3.85880880E-02
  0.487500012      0.687500000       3.79993878E-02
  0.512500048      0.687500000       3.83841470E-02
  0.537500024      0.687500000       3.96476611E-02
  0.562500000      0.687500000       4.16344069E-02
  0.587499976      0.687500000       4.41566296E-02
  0.612500012      0.687500000       4.70045954E-02
  0.637500048      0.687500000       4.99706715E-02
  0.662500024      0.687500000       5.28948121E-02
  0.687500000      0.687500000       5.57381101E-02
  0.712499976      0.687500000       5.86884096E-02
  0.737500012      0.687500000       6.22959360E-02
  0.762500048      0.687500000       6.76274598E-02
  0.787500024      0.687500000       7.64188096E-02
  0.812500000      0.687500000       9.11971405E-02
  0.837499976      0.687500000      0.115342282    
  0.862500012      0.687500000      0.153055206    
  0.887500048      0.687500000      0.209147334    
  0.912500024      0.687500000      0.288260221    
  0.937500000      0.687500000      0.392059207    
  0.962499976      0.687500000      0.510840178    
  0.987500012      0.687500000      0.606923759    
   1.00000000      0.687500000      0.606923759    
 
   0.00000000      0.712499976      0.105891831    
   1.25000002E-02  0.712499976      0.105891831    
   3.75000015E-02  0.712499976      0.111983947    
   6.25000000E-02  0.712499976      0.119990662    
   8.75000060E-02  0.712499976      0.126636580    
  0.112499997      0.712499976      0.130064592    
  0.137500003      0.712499976      0.129717082    
  0.162499994      0.712499976      0.125908658    
  0.187500000      0.712499976      0.119404219    
  0.212500006      0.712499976      0.111113198    
  0.237500012      0.712499976      0.101902626    
  0.262499988      0.712499976       9.25016850E-02
  0.287500024      0.712499976       8.34671110E-02
  0.312500000      0.712499976       7.51856267E-02
  0.337500006      0.712499976       6.78967237E-02
  0.362500012      0.712499976       6.17242604E-02
  0.387499988      0.712499976       5.67092448E-02
  0.412500024      0.712499976       5.28388619E-02
  0.437500000      0.712499976       5.00692949E-02
  0.462500006      0.712499976       4.83404659E-02
  0.487500012      0.712499976       4.75822017E-02
  0.512500048      0.712499976       4.77047712E-02
  0.537500024      0.712499976       4.85852621E-02
  0.562500000      0.712499976       5.00717871E-02
  0.587499976      0.712499976       5.19868620E-02
  0.612500012      0.712499976       5.41436560E-02
  0.637500048      0.712499976       5.63767441E-02
  0.662500024      0.712499976       5.85935861E-02
  0.687500000      0.712499976       6.08510450E-02
  0.712499976      0.712499976       6.34581670E-02
  0.737500012      0.712499976       6.70992583E-02
  0.762500048      0.712499976       7.29643479E-02
  0.787500024      0.712499976       8.28668997E-02
  0.812500000      0.712499976       9.93247926E-02
  0.837499976      0.712499976      0.125583053    
  0.862500012      0.712499976      0.165558875    
  0.887500048      0.712499976      0.223645583    
  0.912500024      0.712499976      0.304030091    
  0.937500000      0.712499976      0.408149093    
  0.962499976      0.712499976      0.526710987    
  0.987500012      0.712499976      0.623005331    
   1.00000000      0.712499976      0.623005331    
 
   0.00000000      0.737500012      0.105117962    
   1.25000002E-02  0.737500012      0.105117962    
   3.75000015E-02  0.737500012      0.110455506    
   6.25000000E-02  0.737500012      0.117566057    
   8.75000060E-02  0.737500012      0.123753175    
  0.112499997      0.737500012      0.127422854    
  0.137500003      0.737500012      0.127997458    
  0.162499994      0.737500012      0.125615269    
  0.187500000      0.737500012      0.120817624    
  0.212500006      0.737500012      0.114307255    
  0.237500012      0.737500012      0.106791429    
  0.262499988      0.737500012       9.88933668E-02
  0.287500024      0.737500012       9.11131501E-02
  0.312500000      0.737500012       8.38204250E-02
  0.337500006      0.737500012       7.72656128E-02
  0.362500012      0.737500012       7.16001540E-02
  0.387499988      0.737500012       6.68999702E-02
  0.412500024      0.737500012       6.31865188E-02
  0.437500000      0.737500012       6.04445711E-02
  0.462500006      0.737500012       5.86335808E-02
  0.487500012      0.737500012       5.76903559E-02
  0.512500048      0.737500012       5.74993715E-02
  0.537500024      0.737500012       5.79178408E-02
  0.562500000      0.737500012       5.88073395E-02
  0.587499976      0.737500012       6.00144453E-02
  0.612500012      0.737500012       6.13932982E-02
  0.637500048      0.737500012       6.28429875E-02
  0.662500024      0.737500012       6.43641129E-02
  0.687500000      0.737500012       6.61353394E-02
  0.712499976      0.737500012       6.86085746E-02
  0.737500012      0.737500012       7.26133138E-02
  0.762500048      0.737500012       7.94571415E-02
  0.787500024      0.737500012       9.10041481E-02
  0.812500000      0.737500012      0.109714456    
  0.837499976      0.737500012      0.138631910    
  0.862500012      0.737500012      0.181313723    
  0.887500048      0.737500012      0.241654977    
  0.912500024      0.737500012      0.323307902    
  0.937500000      0.737500012      0.427402675    
  0.962499976      0.737500012      0.545040429    
  0.987500012      0.737500012      0.640753984    
   1.00000000      0.737500012      0.640753984    
 
   0.00000000      0.762500048      0.104081601    
   1.25000002E-02  0.762500048      0.104081601    
   3.75000015E-02  0.762500048      0.108698562    
   6.25000000E-02  0.762500048      0.114931427    
   8.75000060E-02  0.762500048      0.120602094    
  0.112499997      0.762500048      0.124376424    
  0.137500003      0.762500048      0.125694245    
  0.162499994      0.762500048      0.124564178    
  0.187500000      0.762500048      0.121339716    
  0.212500006      0.762500048      0.116537049    
  0.237500012      0.762500048      0.110708512    
  0.262499988      0.762500048      0.104365453    
  0.287500024      0.762500048       9.79386121E-02
  0.312500000      0.762500048       9.17642564E-02
  0.337500006      0.762500048       8.60865340E-02
  0.362500012      0.762500048       8.10686424E-02
  0.387499988      0.762500048       7.68074244E-02
  0.412500024      0.762500048       7.33481199E-02
  0.437500000      0.762500048       7.06967637E-02
  0.462500006      0.762500048       6.88286498E-02
  0.487500012      0.762500048       6.76884726E-02
  0.512500048      0.762500048       6.71440735E-02
  0.537500024      0.762500048       6.70455992E-02
  0.562500000      0.762500048       6.72806874E-02
  0.587499976      0.762500048       6.77378327E-02
  0.612500012      0.762500048       6.83355257E-02
  0.637500048      0.762500048       6.90649524E-02
  0.662500024      0.762500048       7.00482875E-02
  0.687500000      0.762500048       7.16106072E-02
  0.712499976      0.762500048       7.43601248E-02
  0.737500012      0.762500048       7.92673081E-02
  0.762500048      0.762500048       8.77302065E-02
  0.787500024      0.762500048      0.101612896    
  0.812500000      0.762500048      0.123247482    
  0.837499976      0.762500048      0.155396298    
  0.862500012      0.762500048      0.201176420    
  0.887500048      0.762500048      0.263915777    
  0.912500024      0.762500048      0.346674949    
  0.937500000      0.762500048      0.450231612    
  0.962499976      0.762500048      0.566090882    
  0.987500012      0.762500048      0.660322964    
   1.00000000      0.762500048      0.660322964    
 
   0.00000000      0.787500024      0.102717079    
   1.25000002E-02  0.787500024      0.102717079    
   3.75000015E-02  0.787500024      0.106649674    
   6.25000000E-02  0.787500024      0.112027735    
   8.75000060E-02  0.787500024      0.117128208    
  0.112499997      0.787500024      0.120863974    
  0.137500003      0.787500024      0.122721255    
  0.162499994      0.787500024      0.122622438    
  0.187500000      0.787500024      0.120772295    
  0.212500006      0.787500024      0.117526606    
  0.237500012      0.787500024      0.113294907    
  0.262499988      0.787500024      0.108476914    
  0.287500024      0.787500024      0.103425883    
  0.312500000      0.787500024       9.84316692E-02
  0.337500006      0.787500024       9.37168375E-02
  0.362500012      0.787500024       8.94409195E-02
  0.387499988      0.787500024       8.57080966E-02
  0.412500024      0.787500024       8.25761855E-02
  0.437500000      0.787500024       8.00649747E-02
  0.462500006      0.787500024       7.81619474E-02
  0.487500012      0.787500024       7.68207759E-02
  0.512500048      0.787500024       7.59067312E-02
  0.537500024      0.787500024       7.52825141E-02
  0.562500000      0.787500024       7.48794153E-02
  0.587499976      0.787500024       7.46521503E-02
  0.612500012      0.787500024       7.46128112E-02
  0.637500048      0.787500024       7.48754293E-02
  0.662500024      0.787500024       7.57103488E-02
  0.687500000      0.787500024       7.76035562E-02
  0.712499976      0.787500024       8.13146904E-02
  0.737500012      0.787500024       8.79252404E-02
  0.762500048      0.787500024       9.88674611E-02
  0.787500024      0.787500024      0.115927465    
  0.812500000      0.787500024      0.141219854    
  0.837499976      0.787500024      0.177136987    
  0.862500012      0.787500024      0.226283282    
  0.887500048      0.787500024      0.291371465    
  0.912500024      0.787500024      0.374846131    
  0.937500000      0.787500024      0.477125585    
  0.962499976      0.787500024      0.590163767    
  0.987500012      0.787500024      0.681888580    
   1.00000000      0.787500024      0.681888580    
 
   0.00000000      0.812500000      0.100930221    
   1.25000002E-02  0.812500000      0.100930221    
   3.75000015E-02  0.812500000      0.104216650    
   6.25000000E-02  0.812500000      0.108767465    
   8.75000060E-02  0.812500000      0.113250665    
  0.112499997      0.812500000      0.116806105    
  0.137500003      0.812500000      0.118985862    
  0.162499994      0.812500000      0.119663954    
  0.187500000      0.812500000      0.118935227    
  0.212500006      0.812500000      0.117024809    
  0.237500012      0.812500000      0.114217393    
  0.262499988      0.812500000      0.110807613    
  0.287500024      0.812500000      0.107069023    
  0.312500000      0.812500000      0.103236616    
  0.337500006      0.812500000       9.94997844E-02
  0.362500012      0.812500000       9.60015208E-02
  0.387499988      0.812500000       9.28413942E-02
  0.412500024      0.812500000       9.00803059E-02
  0.437500000      0.812500000       8.77452120E-02
  0.462500006      0.812500000       8.58331621E-02
  0.487500012      0.812500000       8.43100101E-02
  0.512500048      0.812500000       8.30615312E-02
  0.537500024      0.812500000       8.19946527E-02
  0.562500000      0.812500000       8.11101273E-02
  0.587499976      0.812500000       8.04600790E-02
  0.612500012      0.812500000       8.01823512E-02
  0.637500048      0.812500000       8.05403963E-02
  0.662500024      0.812500000       8.19648057E-02
  0.687500000      0.812500000       8.50923136E-02
  0.712499976      0.812500000       9.07961354E-02
  0.737500012      0.812500000      0.100202136    
  0.762500048      0.812500000      0.114686973    
  0.787500024      0.812500000      0.135856539    
  0.812500000      0.812500000      0.165507957    
  0.837499976      0.812500000      0.205582440    
  0.862500012      0.812500000      0.258121431    
  0.887500048      0.812500000      0.325209022    
  0.912500024      0.812500000      0.408691555    
  0.937500000      0.812500000      0.508662999    
  0.962499976      0.812500000      0.617606044    
  0.987500012      0.812500000      0.705651700    
   1.00000000      0.812500000      0.705651700    
 
   0.00000000      0.837499976       9.86000076E-02
   1.25000002E-02  0.837499976       9.86000076E-02
   3.75000015E-02  0.837499976      0.101280987    
   6.25000000E-02  0.837499976      0.105037279    
   8.75000060E-02  0.837499976      0.108866468    
  0.112499997      0.837499976      0.112110019    
  0.137500003      0.837499976      0.114396095    
  0.162499994      0.837499976      0.115581118    
  0.187500000      0.837499976      0.115685515    
  0.212500006      0.837499976      0.114834711    
  0.237500012      0.837499976      0.113210656    
  0.262499988      0.837499976      0.111015350    
  0.287500024      0.837499976      0.108446479    
  0.312500000      0.837499976      0.105681829    
  0.337500006      0.837499976      0.102871239    
  0.362500012      0.837499976      0.100133270    
  0.387499988      0.837499976       9.75550860E-02
  0.412500024      0.837499976       9.51944739E-02
  0.437500000      0.837499976       9.30826366E-02
  0.462500006      0.837499976       9.12274048E-02
  0.487500012      0.837499976       8.96151811E-02
  0.512500048      0.837499976       8.81932005E-02
  0.537500024      0.837499976       8.69650915E-02
  0.562500000      0.837499976       8.60340297E-02
  0.587499976      0.837499976       8.55807662E-02
  0.612500012      0.837499976       8.58905539E-02
  0.637500048      0.837499976       8.73788148E-02
  0.662500024      0.837499976       9.06126350E-02
  0.687500000      0.837499976       9.63248760E-02
  0.712499976      0.837499976      0.105417617    
  0.737500012      0.837499976      0.118953697    
  0.762500048      0.837499976      0.138136744    
  0.787500024      0.837499976      0.164280772    
  0.812500000      0.837499976      0.198776513    
  0.837499976      0.837499976      0.243061393    
  0.862500012      0.837499976      0.298606098    
  0.887500048      0.837499976      0.366900921    
  0.912500024      0.837499976      0.449258000    
  0.937500000      0.837499976      0.545524061    
  0.962499976      0.837499976      0.648821771    
  0.987500012      0.837499976      0.731849074    
   1.00000000      0.837499976      0.731849074    
 
   0.00000000      0.862500012       9.56854150E-02
   1.25000002E-02  0.862500012       9.56854150E-02
   3.75000015E-02  0.862500012       9.78059471E-02
   6.25000000E-02  0.862500012      0.100809962    
   8.75000060E-02  0.862500012      0.103966802    
  0.112499997      0.862500012      0.106791191    
  0.137500003      0.862500012      0.108990192    
  0.162499994      0.862500012      0.110425338    
  0.187500000      0.862500012      0.111073568    
  0.212500006      0.862500012      0.110990666    
  0.237500012      0.862500012      0.110280380    
  0.262499988      0.862500012      0.109069586    
  0.287500024      0.862500012      0.107490659    
  0.312500000      0.862500012      0.105668910    
  0.337500006      0.862500012      0.103715681    
  0.362500012      0.862500012      0.101724319    
  0.387499988      0.862500012       9.97690558E-02
  0.412500024      0.862500012       9.79056284E-02
  0.437500000      0.862500012       9.61736888E-02
  0.462500006      0.862500012       9.46007743E-02
  0.487500012      0.862500012       9.32119712E-02
  0.512500048      0.862500012       9.20880958E-02
  0.537500024      0.862500012       9.14058313E-02
  0.562500000      0.862500012       9.13930088E-02
  0.587499976      0.862500012       9.23642516E-02
  0.612500012      0.862500012       9.47311819E-02
  0.637500048      0.862500012       9.90088806E-02
  0.662500024      0.862500012      0.105816126    
  0.687500000      0.862500012      0.115869090    
  0.712499976      0.862500012      0.129968509    
  0.737500012      0.862500012      0.148981526    
  0.762500048      0.862500012      0.173819676    
  0.787500024      0.862500012      0.205416843    
  0.812500000      0.862500012      0.244711131    
  0.837499976      0.862500012      0.292640358    
  0.862500012      0.862500012      0.350156069    
  0.887500048      0.862500012      0.418244213    
  0.912500024      0.862500012      0.497793466    
  0.937500000      0.862500012      0.588509798    
  0.962499976      0.862500012      0.684286833    
  0.987500012      0.862500012      0.760768592    
   1.00000000      0.862500012      0.760768592    
 
   0.00000000      0.887500048       9.29622874E-02
   1.25000002E-02  0.887500048       9.29622874E-02
   3.75000015E-02  0.887500048       9.45806056E-02
   6.25000000E-02  0.887500048       9.69004557E-02
   8.75000060E-02  0.887500048       9.94105265E-02
  0.112499997      0.887500048      0.101769961    
  0.137500003      0.887500048      0.103762120    
  0.162499994      0.887500048      0.105269469    
  0.187500000      0.887500048      0.106251195    
  0.212500006      0.887500048      0.106722102    
  0.237500012      0.887500048      0.106734157    
  0.262499988      0.887500048      0.106361374    
  0.287500024      0.887500048      0.105688289    
  0.312500000      0.887500048      0.104801357    
  0.337500006      0.887500048      0.103784211    
  0.362500012      0.887500048      0.102714397    
  0.387499988      0.887500048      0.101662897    
  0.412500024      0.887500048      0.100695185    
  0.437500000      0.887500048       9.98740643E-02
  0.462500006      0.887500048       9.92656872E-02
  0.487500012      0.887500048       9.89623219E-02
  0.512500048      0.887500048       9.92770940E-02
  0.537500024      0.887500048      0.100628600    
  0.562500000      0.887500048      0.103333004    
  0.587499976      0.887500048      0.107768953    
  0.612500012      0.887500048      0.114372171    
  0.637500048      0.887500048      0.123626925    
  0.662500024      0.887500048      0.136055663    
  0.687500000      0.887500048      0.152206525    
  0.712499976      0.887500048      0.172640294    
  0.737500012      0.887500048      0.197917625    
  0.762500048      0.887500048      0.228588536    
  0.787500024      0.887500048      0.265186340    
  0.812500000      0.887500048      0.308229238    
  0.837499976      0.887500048      0.358234316    
  0.862500012      0.887500048      0.415750563    
  0.887500048      0.887500048      0.481397331    
  0.912500024      0.887500048      0.555776417    
  0.937500000      0.887500048      0.638572633    
  0.962499976      0.887500048      0.724581659    
  0.987500012      0.887500048      0.792777240    
   1.00000000      0.887500048      0.792777240    
 
   0.00000000      0.912500024       9.56295282E-02
   1.25000002E-02  0.912500024       9.56295282E-02
   3.75000015E-02  0.912500024       9.68445688E-02
   6.25000000E-02  0.912500024       9.86244529E-02
   8.75000060E-02  0.912500024      0.100630775    
  0.112499997      0.912500024      0.102640301    
  0.137500003      0.912500024      0.104506843    
  0.162499994      0.912500024      0.106145270    
  0.187500000      0.912500024      0.107518636    
  0.212500006      0.912500024      0.108627431    
  0.237500012      0.912500024      0.109499767    
  0.262499988      0.912500024      0.110183313    
  0.287500024      0.912500024      0.110738963    
  0.312500000      0.912500024      0.111236207    
  0.337500006      0.912500024      0.111750662    
  0.362500012      0.912500024      0.112362824    
  0.387499988      0.912500024      0.113158606    
  0.412500024      0.912500024      0.114231423    
  0.437500000      0.912500024      0.115685947    
  0.462500006      0.912500024      0.117645614    
  0.487500012      0.912500024      0.120287716    
  0.512500048      0.912500024      0.124199331    
  0.537500024      0.912500024      0.129994348    
  0.562500000      0.912500024      0.137933359    
  0.587499976      0.912500024      0.148293674    
  0.612500012      0.912500024      0.161361024    
  0.637500048      0.912500024      0.177421674    
  0.662500024      0.912500024      0.196755990    
  0.687500000      0.912500024      0.219633147    
  0.712499976      0.912500024      0.246307597    
  0.737500012      0.912500024      0.277017772    
  0.762500048      0.912500024      0.311987519    
  0.787500024      0.912500024      0.351432025    
  0.812500000      0.912500024      0.395569921    
  0.837499976      0.912500024      0.444644541    
  0.862500012      0.912500024      0.498960406    
  0.887500048      0.912500024      0.558924019    
  0.912500024      0.912500024      0.624979913    
  0.937500000      0.912500024      0.696888924    
  0.962499976      0.912500024      0.770459175    
  0.987500012      0.912500024      0.828380585    
   1.00000000      0.912500024      0.828380585    
 
   0.00000000      0.937500000      0.126508027    
   1.25000002E-02  0.937500000      0.126508027    
   3.75000015E-02  0.937500000      0.127506107    
   6.25000000E-02  0.937500000      0.129052222    
   8.75000060E-02  0.937500000      0.130938083    
  0.112499997      0.937500000      0.133033350    
  0.137500003      0.937500000      0.135254651    
  0.162499994      0.937500000      0.137555018    
  0.187500000      0.937500000      0.139917374    
  0.212500006      0.937500000      0.142349184    
  0.237500012      0.937500000      0.144878313    
  0.262499988      0.937500000      0.147549450    
  0.287500024      0.937500000      0.150421351    
  0.312500000      0.937500000      0.153565302    
  0.337500006      0.937500000      0.157064021    
  0.362500012      0.937500000      0.161011815    
  0.387499988      0.937500000      0.165515825    
  0.412500024      0.937500000      0.170697480    
  0.437500000      0.937500000      0.176695898    
  0.462500006      0.937500000      0.183673292    
  0.487500012      0.937500000      0.191846356    
  0.512500048      0.937500000      0.201845109    
  0.537500024      0.937500000      0.214171425    
  0.562500000      0.937500000      0.228866547    
  0.587499976      0.937500000      0.245970249    
  0.612500012      0.937500000      0.265519679    
  0.637500048      0.937500000      0.287549675    
  0.662500024      0.937500000      0.312093019    
  0.687500000      0.937500000      0.339180887    
  0.712499976      0.937500000      0.368845016    
  0.737500012      0.937500000      0.401120901    
  0.762500048      0.937500000      0.436051220    
  0.787500024      0.937500000      0.473694056    
  0.812500000      0.937500000      0.514133990    
  0.837499976      0.937500000      0.557500005    
  0.862500012      0.937500000      0.603993356    
  0.887500048      0.937500000      0.653918982    
  0.912500024      0.937500000      0.707641363    
  0.937500000      0.937500000      0.765038550    
  0.962499976      0.937500000      0.823005140    
  0.987500012      0.937500000      0.868358374    
   1.00000000      0.937500000      0.868358374    
 
   0.00000000      0.962499976      0.258105963    
   1.25000002E-02  0.962499976      0.258105963    
   3.75000015E-02  0.962499976      0.259113669    
   6.25000000E-02  0.962499976      0.260807097    
   8.75000060E-02  0.962499976      0.263068497    
  0.112499997      0.962499976      0.265833288    
  0.137500003      0.962499976      0.269064933    
  0.162499994      0.962499976      0.272746921    
  0.187500000      0.962499976      0.276880473    
  0.212500006      0.962499976      0.281481326    
  0.237500012      0.962499976      0.286578149    
  0.262499988      0.962499976      0.292211503    
  0.287500024      0.962499976      0.298431903    
  0.312500000      0.962499976      0.305299878    
  0.337500006      0.962499976      0.312885374    
  0.362500012      0.962499976      0.321267039    
  0.387499988      0.962499976      0.330532491    
  0.412500024      0.962499976      0.340778977    
  0.437500000      0.962499976      0.352112859    
  0.462500006      0.962499976      0.364650041    
  0.487500012      0.962499976      0.378511578    
  0.512500048      0.962499976      0.393757343    
  0.537500024      0.962499976      0.410323292    
  0.562500000      0.962499976      0.428165615    
  0.587499976      0.962499976      0.447247326    
  0.612500012      0.962499976      0.467538029    
  0.637500048      0.962499976      0.489013821    
  0.662500024      0.962499976      0.511656821    
  0.687500000      0.962499976      0.535456240    
  0.712499976      0.962499976      0.560410380    
  0.737500012      0.962499976      0.586526215    
  0.762500048      0.962499976      0.613824785    
  0.787500024      0.962499976      0.642344117    
  0.812500000      0.962499976      0.672147036    
  0.837499976      0.962499976      0.703332245    
  0.862500012      0.962499976      0.736052155    
  0.887500048      0.962499976      0.770532191    
  0.912500024      0.962499976      0.807045162    
  0.937500000      0.962499976      0.845555961    
  0.962499976      0.962499976      0.884100437    
  0.987500012      0.962499976      0.914126158    
   1.00000000      0.962499976      0.914126158    
 
   0.00000000      0.987500012      0.638263464    
   1.25000002E-02  0.987500012      0.638263464    
   3.75000015E-02  0.987500012      0.639060915    
   6.25000000E-02  0.987500012      0.640475571    
   8.75000060E-02  0.987500012      0.642456412    
  0.112499997      0.987500012      0.644978523    
  0.137500003      0.987500012      0.648025870    
  0.162499994      0.987500012      0.651590288    
  0.187500000      0.987500012      0.655667067    
  0.212500006      0.987500012      0.660256326    
  0.237500012      0.987500012      0.665361702    
  0.262499988      0.987500012      0.670988917    
  0.287500024      0.987500012      0.677145660    
  0.312500000      0.987500012      0.683841348    
  0.337500006      0.987500012      0.691086173    
  0.362500012      0.987500012      0.698890686    
  0.387499988      0.987500012      0.707264662    
  0.412500024      0.987500012      0.716217518    
  0.437500000      0.987500012      0.725757062    
  0.462500006      0.987500012      0.735885561    
  0.487500012      0.987500012      0.746567488    
  0.512500048      0.987500012      0.757222235    
  0.537500024      0.987500012      0.767403662    
  0.562500000      0.987500012      0.777291775    
  0.587499976      0.987500012      0.787023544    
  0.612500012      0.987500012      0.796704888    
  0.637500048      0.987500012      0.806418538    
  0.662500024      0.987500012      0.816230357    
  0.687500000      0.987500012      0.826193273    
  0.712499976      0.987500012      0.836352229    
  0.737500012      0.987500012      0.846746922    
  0.762500048      0.987500012      0.857413411    
  0.787500024      0.987500012      0.868390262    
  0.812500000      0.987500012      0.879719019    
  0.837499976      0.987500012      0.891450942    
  0.862500012      0.987500012      0.903652906    
  0.887500048      0.987500012      0.916418195    
  0.912500024      0.987500012      0.929852962    
  0.937500000      0.987500012      0.943953872    
  0.962499976      0.987500012      0.958017707    
  0.987500012      0.987500012      0.968955338    
   1.00000000      0.987500012      0.968955338    
 
   0.00000000       1.00000000       1.00000000    
   1.25000002E-02   1.00000000       1.00000000    
   3.75000015E-02   1.00000000       1.00000000    
   6.25000000E-02   1.00000000       1.00000000    
   8.75000060E-02   1.00000000       1.00000000    
  0.112499997       1.00000000       1.00000000    
  0.137500003       1.00000000       1.00000000    
  0.162499994       1.00000000       1.00000000    
  0.187500000       1.00000000       1.00000000    
  0.212500006       1.00000000       1.00000000    
  0.237500012       1.00000000       1.00000000    
  0.262499988       1.00000000       1.00000000    
  0.287500024       1.00000000       1.00000000    
  0.312500000       1.00000000       1.00000000    
  0.337500006       1.00000000       1.00000000    
  0.362500012       1.00000000       1.00000000    
  0.387499988       1.00000000       1.00000000    
  0.412500024       1.00000000       1.00000000    
  0.437500000       1.00000000       1.00000000    
  0.462500006       1.00000000       1.00000000    
  0.487500012       1.00000000       1.00000000    
  0.512500048       1.00000000       1.00000000    
  0.537500024       1.00000000       1.00000000    
  0.562500000       1.00000000       1.00000000    
  0.587499976       1.00000000       1.00000000    
  0.612500012       1.00000000       1.00000000    
  0.637500048       1.00000000       1.00000000    
  0.662500024       1.00000000       1.00000000    
  0.687500000       1.00000000       1.00000000    
  0.712499976       1.00000000       1.00000000    
  0.737500012       1.00000000       1.00000000    
  0.762500048       1.00000000       1.00000000    
  0.787500024       1.00000000       1.00000000    
  0.812500000       1.00000000       1.00000000    
  0.837499976       1.00000000       1.00000000    
  0.862500012       1.00000000       1.00000000    
  0.887500048       1.00000000       1.00000000    
  0.912500024       1.00000000       1.00000000    
  0.937500000       1.00000000       1.00000000    
  0.962499976       1.00000000       1.00000000    
  0.987500012       1.00000000       1.00000000    
   1.00000000       1.00000000       1.00000000    
 
