   0.00000000       0.00000000       0.00000000    
   1.25000002E-02   0.00000000       0.00000000    
   3.75000015E-02   0.00000000       0.00000000    
   6.25000000E-02   0.00000000       0.00000000    
   8.75000060E-02   0.00000000       0.00000000    
  0.112499997       0.00000000       0.00000000    
  0.137500003       0.00000000       0.00000000    
  0.162499994       0.00000000       0.00000000    
  0.187500000       0.00000000       0.00000000    
  0.212500006       0.00000000       0.00000000    
  0.237500012       0.00000000       0.00000000    
  0.262499988       0.00000000       0.00000000    
  0.287500024       0.00000000       0.00000000    
  0.312500000       0.00000000       0.00000000    
  0.337500006       0.00000000       0.00000000    
  0.362500012       0.00000000       0.00000000    
  0.387499988       0.00000000       0.00000000    
  0.412500024       0.00000000       0.00000000    
  0.437500000       0.00000000       0.00000000    
  0.462500006       0.00000000       0.00000000    
  0.487500012       0.00000000       0.00000000    
  0.512500048       0.00000000       0.00000000    
  0.537500024       0.00000000       0.00000000    
  0.562500000       0.00000000       0.00000000    
  0.587499976       0.00000000       0.00000000    
  0.612500012       0.00000000       0.00000000    
  0.637500048       0.00000000       0.00000000    
  0.662500024       0.00000000       0.00000000    
  0.687500000       0.00000000       0.00000000    
  0.712499976       0.00000000       0.00000000    
  0.737500012       0.00000000       0.00000000    
  0.762500048       0.00000000       0.00000000    
  0.787500024       0.00000000       0.00000000    
  0.812500000       0.00000000       0.00000000    
  0.837499976       0.00000000       0.00000000    
  0.862500012       0.00000000       0.00000000    
  0.887500048       0.00000000       0.00000000    
  0.912500024       0.00000000       0.00000000    
  0.937500000       0.00000000       0.00000000    
  0.962499976       0.00000000       0.00000000    
  0.987500012       0.00000000       0.00000000    
   1.00000000       0.00000000       0.00000000    
 
   0.00000000       1.25000002E-02   8.69809464E-03
   1.25000002E-02   1.25000002E-02   8.69809464E-03
   3.75000015E-02   1.25000002E-02   1.19141452E-02
   6.25000000E-02   1.25000002E-02   1.61129721E-02
   8.75000060E-02   1.25000002E-02   2.04158798E-02
  0.112499997       1.25000002E-02   2.46208850E-02
  0.137500003       1.25000002E-02   2.87231114E-02
  0.162499994       1.25000002E-02   3.27497534E-02
  0.187500000       1.25000002E-02   3.67246196E-02
  0.212500006       1.25000002E-02   4.06652130E-02
  0.237500012       1.25000002E-02   4.45849709E-02
  0.262499988       1.25000002E-02   4.84952331E-02
  0.287500024       1.25000002E-02   5.24065830E-02
  0.312500000       1.25000002E-02   5.63300923E-02
  0.337500006       1.25000002E-02   6.02783859E-02
  0.362500012       1.25000002E-02   6.42665476E-02
  0.387499988       1.25000002E-02   6.83135241E-02
  0.412500024       1.25000002E-02   7.24434555E-02
  0.437500000       1.25000002E-02   7.66876787E-02
  0.462500006       1.25000002E-02   8.10873434E-02
  0.487500012       1.25000002E-02   8.56967196E-02
  0.512500048       1.25000002E-02   9.05880183E-02
  0.537500024       1.25000002E-02   9.56426486E-02
  0.562500000       1.25000002E-02  0.100693449    
  0.587499976       1.25000002E-02  0.105733722    
  0.612500012       1.25000002E-02  0.110765465    
  0.637500048       1.25000002E-02  0.115789115    
  0.662500024       1.25000002E-02  0.120802648    
  0.687500000       1.25000002E-02  0.125800610    
  0.712499976       1.25000002E-02  0.130773410    
  0.737500012       1.25000002E-02  0.135706425    
  0.762500048       1.25000002E-02  0.140578926    
  0.787500024       1.25000002E-02  0.145363048    
  0.812500000       1.25000002E-02  0.150022432    
  0.837499976       1.25000002E-02  0.154510722    
  0.862500012       1.25000002E-02  0.158769876    
  0.887500048       1.25000002E-02  0.162727803    
  0.912500024       1.25000002E-02  0.166294485    
  0.937500000       1.25000002E-02  0.169356182    
  0.962499976       1.25000002E-02  0.171758890    
  0.987500012       1.25000002E-02  0.173259273    
   1.00000000       1.25000002E-02  0.173259273    
 
   0.00000000       3.75000015E-02   2.39600837E-02
   1.25000002E-02   3.75000015E-02   2.39600837E-02
   3.75000015E-02   3.75000015E-02   3.26906480E-02
   6.25000000E-02   3.75000015E-02   4.40307483E-02
   8.75000060E-02   3.75000015E-02   5.55528477E-02
  0.112499997       3.75000015E-02   6.66921884E-02
  0.137500003       3.75000015E-02   7.74296075E-02
  0.162499994       3.75000015E-02   8.78347456E-02
  0.187500000       3.75000015E-02   9.79669690E-02
  0.212500006       3.75000015E-02  0.107866228    
  0.237500012       3.75000015E-02  0.117558651    
  0.262499988       3.75000015E-02  0.127060696    
  0.287500024       3.75000015E-02  0.136382371    
  0.312500000       3.75000015E-02  0.145528346    
  0.337500006       3.75000015E-02  0.154499575    
  0.362500012       3.75000015E-02  0.163293377    
  0.387499988       3.75000015E-02  0.171904415    
  0.412500024       3.75000015E-02  0.180324093    
  0.437500000       3.75000015E-02  0.188541114    
  0.462500006       3.75000015E-02  0.196541339    
  0.487500012       3.75000015E-02  0.204307273    
  0.512500048       3.75000015E-02  0.211818039    
  0.537500024       3.75000015E-02  0.219168201    
  0.562500000       3.75000015E-02  0.226521224    
  0.587499976       3.75000015E-02  0.233944416    
  0.612500012       3.75000015E-02  0.241489425    
  0.637500048       3.75000015E-02  0.249198377    
  0.662500024       3.75000015E-02  0.257103145    
  0.687500000       3.75000015E-02  0.265224516    
  0.712499976       3.75000015E-02  0.273570478    
  0.737500012       3.75000015E-02  0.282133609    
  0.762500048       3.75000015E-02  0.290889233    
  0.787500024       3.75000015E-02  0.299790531    
  0.812500000       3.75000015E-02  0.308765620    
  0.837499976       3.75000015E-02  0.317711771    
  0.862500012       3.75000015E-02  0.326489002    
  0.887500048       3.75000015E-02  0.334912777    
  0.912500024       3.75000015E-02  0.342742801    
  0.937500000       3.75000015E-02  0.349664688    
  0.962499976       3.75000015E-02  0.355248511    
  0.987500012       3.75000015E-02  0.358824104    
   1.00000000       3.75000015E-02  0.358824104    
 
   0.00000000       6.25000000E-02   3.65102440E-02
   1.25000002E-02   6.25000000E-02   3.65102440E-02
   3.75000015E-02   6.25000000E-02   4.94839139E-02
   6.25000000E-02   6.25000000E-02   6.61664158E-02
   8.75000060E-02   6.25000000E-02   8.28222409E-02
  0.112499997       6.25000000E-02   9.85544696E-02
  0.137500003       6.25000000E-02  0.113308974    
  0.162499994       6.25000000E-02  0.127175003    
  0.187500000       6.25000000E-02  0.140231207    
  0.212500006       6.25000000E-02  0.152532235    
  0.237500012       6.25000000E-02  0.164116636    
  0.262499988       6.25000000E-02  0.175014302    
  0.287500024       6.25000000E-02  0.185250312    
  0.312500000       6.25000000E-02  0.194848269    
  0.337500006       6.25000000E-02  0.203831315    
  0.362500012       6.25000000E-02  0.212223291    
  0.387499988       6.25000000E-02  0.220048875    
  0.412500024       6.25000000E-02  0.227333516    
  0.437500000       6.25000000E-02  0.234103531    
  0.462500006       6.25000000E-02  0.240385100    
  0.487500012       6.25000000E-02  0.246204063    
  0.512500048       6.25000000E-02  0.251584828    
  0.537500024       6.25000000E-02  0.256884843    
  0.562500000       6.25000000E-02  0.262534976    
  0.587499976       6.25000000E-02  0.268655658    
  0.612500012       6.25000000E-02  0.275330096    
  0.637500048       6.25000000E-02  0.282626271    
  0.662500024       6.25000000E-02  0.290599048    
  0.687500000       6.25000000E-02  0.299288005    
  0.712499976       6.25000000E-02  0.308715820    
  0.737500012       6.25000000E-02  0.318884373    
  0.762500048       6.25000000E-02  0.329768389    
  0.787500024       6.25000000E-02  0.341308922    
  0.812500000       6.25000000E-02  0.353403091    
  0.837499976       6.25000000E-02  0.365892857    
  0.862500012       6.25000000E-02  0.378549606    
  0.887500048       6.25000000E-02  0.391057044    
  0.912500024       6.25000000E-02  0.402988583    
  0.937500000       6.25000000E-02  0.413774967    
  0.962499976       6.25000000E-02  0.422634959    
  0.987500012       6.25000000E-02  0.428380281    
   1.00000000       6.25000000E-02  0.428380281    
 
   0.00000000       8.75000060E-02   4.72500063E-02
   1.25000002E-02   8.75000060E-02   4.72500063E-02
   3.75000015E-02   8.75000060E-02   6.34822249E-02
   6.25000000E-02   8.75000060E-02   8.40686336E-02
   8.75000060E-02   8.75000060E-02  0.104117177    
  0.112499997       8.75000060E-02  0.122414246    
  0.137500003       8.75000060E-02  0.138864890    
  0.162499994       8.75000060E-02  0.153580025    
  0.187500000       8.75000060E-02  0.166673362    
  0.212500006       8.75000060E-02  0.178242981    
  0.237500012       8.75000060E-02  0.188381493    
  0.262499988       8.75000060E-02  0.197184965    
  0.287500024       8.75000060E-02  0.204757527    
  0.312500000       8.75000060E-02  0.211214244    
  0.337500006       8.75000060E-02  0.216680616    
  0.362500012       8.75000060E-02  0.221292391    
  0.387499988       8.75000060E-02  0.225193188    
  0.412500024       8.75000060E-02  0.228532583    
  0.437500000       8.75000060E-02  0.231462076    
  0.462500006       8.75000060E-02  0.234131888    
  0.487500012       8.75000060E-02  0.236686632    
  0.512500048       8.75000060E-02  0.239261523    
  0.537500024       8.75000060E-02  0.242260441    
  0.562500000       8.75000060E-02  0.246089160    
  0.587499976       8.75000060E-02  0.250862747    
  0.612500012       8.75000060E-02  0.256663650    
  0.637500048       8.75000060E-02  0.263564974    
  0.662500024       8.75000060E-02  0.271632195    
  0.687500000       8.75000060E-02  0.280922174    
  0.712499976       8.75000060E-02  0.291478157    
  0.737500012       8.75000060E-02  0.303324282    
  0.762500048       8.75000060E-02  0.316454679    
  0.787500024       8.75000060E-02  0.330821007    
  0.812500000       8.75000060E-02  0.346313387    
  0.837499976       8.75000060E-02  0.362738252    
  0.862500012       8.75000060E-02  0.379787803    
  0.887500048       8.75000060E-02  0.397007167    
  0.912500024       8.75000060E-02  0.413750678    
  0.937500000       8.75000060E-02  0.429126263    
  0.962499976       8.75000060E-02  0.441899568    
  0.987500012       8.75000060E-02  0.450223386    
   1.00000000       8.75000060E-02  0.450223386    
 
   0.00000000      0.112499997       5.65799363E-02
   1.25000002E-02  0.112499997       5.65799363E-02
   3.75000015E-02  0.112499997       7.52394274E-02
   6.25000000E-02  0.112499997       9.85198840E-02
   8.75000060E-02  0.112499997      0.120505288    
  0.112499997      0.112499997      0.139699087    
  0.137500003      0.112499997      0.155992106    
  0.162499994      0.112499997      0.169557765    
  0.187500000      0.112499997      0.180600733    
  0.212500006      0.112499997      0.189329654    
  0.237500012      0.112499997      0.195964769    
  0.262499988      0.112499997      0.200744271    
  0.287500024      0.112499997      0.203924567    
  0.312500000      0.112499997      0.205777109    
  0.337500006      0.112499997      0.206583038    
  0.362500012      0.112499997      0.206626624    
  0.387499988      0.112499997      0.206188157    
  0.412500024      0.112499997      0.205536842    
  0.437500000      0.112499997      0.204924911    
  0.462500006      0.112499997      0.204581514    
  0.487500012      0.112499997      0.204708785    
  0.512500048      0.112499997      0.205478773    
  0.537500024      0.112499997      0.207185268    
  0.562500000      0.112499997      0.210083291    
  0.587499976      0.112499997      0.214258641    
  0.612500012      0.112499997      0.219786271    
  0.637500048      0.112499997      0.226745814    
  0.662500024      0.112499997      0.235222876    
  0.687500000      0.112499997      0.245306477    
  0.712499976      0.112499997      0.257084161    
  0.737500012      0.112499997      0.270632118    
  0.762500048      0.112499997      0.286001176    
  0.787500024      0.112499997      0.303195745    
  0.812500000      0.112499997      0.322144210    
  0.837499976      0.112499997      0.342660308    
  0.862500012      0.112499997      0.364392042    
  0.887500048      0.112499997      0.386759788    
  0.912500024      0.112499997      0.408881336    
  0.937500000      0.112499997      0.429480284    
  0.962499976      0.112499997      0.446752340    
  0.987500012      0.112499997      0.458033085    
   1.00000000      0.112499997      0.458033085    
 
   0.00000000      0.137500003       6.47333190E-02
   1.25000002E-02  0.137500003       6.47333190E-02
   3.75000015E-02  0.137500003       8.51076469E-02
   6.25000000E-02  0.137500003      0.110072717    
   8.75000060E-02  0.137500003      0.132824108    
  0.112499997      0.137500003      0.151636079    
  0.137500003      0.137500003      0.166438311    
  0.162499994      0.137500003      0.177533343    
  0.187500000      0.137500003      0.185290799    
  0.212500006      0.137500003      0.190104797    
  0.237500012      0.137500003      0.192392543    
  0.262499988      0.137500003      0.192590356    
  0.287500024      0.137500003      0.191144153    
  0.312500000      0.137500003      0.188496903    
  0.337500006      0.137500003      0.185075864    
  0.362500012      0.137500003      0.181280389    
  0.387499988      0.137500003      0.177472219    
  0.412500024      0.137500003      0.173968568    
  0.437500000      0.137500003      0.171039119    
  0.462500006      0.137500003      0.168905646    
  0.487500012      0.137500003      0.167744547    
  0.512500048      0.137500003      0.167692304    
  0.537500024      0.137500003      0.168895587    
  0.562500000      0.137500003      0.171462029    
  0.587499976      0.137500003      0.175452948    
  0.612500012      0.137500003      0.180943429    
  0.637500048      0.137500003      0.188030049    
  0.662500024      0.137500003      0.196831748    
  0.687500000      0.137500003      0.207487598    
  0.712499976      0.137500003      0.220152020    
  0.737500012      0.137500003      0.234983578    
  0.762500048      0.137500003      0.252127707    
  0.787500024      0.137500003      0.271688491    
  0.812500000      0.137500003      0.293686986    
  0.837499976      0.137500003      0.318001837    
  0.862500012      0.137500003      0.344289988    
  0.887500048      0.137500003      0.371882856    
  0.912500024      0.137500003      0.399661779    
  0.937500000      0.137500003      0.425911546    
  0.962499976      0.137500003      0.448136777    
  0.987500012      0.137500003      0.462676018    
   1.00000000      0.137500003      0.462676018    
 
   0.00000000      0.162499994       7.18725994E-02
   1.25000002E-02  0.162499994       7.18725994E-02
   3.75000015E-02  0.162499994       9.33556855E-02
   6.25000000E-02  0.162499994      0.119183831    
   8.75000060E-02  0.162499994      0.141803890    
  0.112499997      0.162499994      0.159327194    
  0.137500003      0.162499994      0.171786800    
  0.162499994      0.162499994      0.179684028    
  0.187500000      0.162499994      0.183621719    
  0.212500006      0.162499994      0.184236690    
  0.237500012      0.162499994      0.182181641    
  0.262499988      0.162499994      0.178106427    
  0.287500024      0.162499994      0.172636762    
  0.312500000      0.162499994      0.166353092    
  0.337500006      0.162499994      0.159773663    
  0.362500012      0.162499994      0.153342709    
  0.387499988      0.162499994      0.147425503    
  0.412500024      0.162499994      0.142309412    
  0.437500000      0.162499994      0.138210505    
  0.462500006      0.162499994      0.135284051    
  0.487500012      0.162499994      0.133637384    
  0.512500048      0.162499994      0.133344367    
  0.537500024      0.162499994      0.134428039    
  0.562500000      0.162499994      0.136889875    
  0.587499976      0.162499994      0.140776426    
  0.612500012      0.162499994      0.146169394    
  0.637500048      0.162499994      0.153187677    
  0.662500024      0.162499994      0.161989152    
  0.687500000      0.162499994      0.172770858    
  0.712499976      0.162499994      0.185766041    
  0.737500012      0.162499994      0.201235011    
  0.762500048      0.162499994      0.219446972    
  0.787500024      0.162499994      0.240647584    
  0.812500000      0.162499994      0.265005291    
  0.837499976      0.162499994      0.292529821    
  0.862500012      0.162499994      0.322955519    
  0.887500048      0.162499994      0.355582625    
  0.912500024      0.162499994      0.389078856    
  0.937500000      0.162499994      0.421249956    
  0.962499976      0.162499994      0.448783308    
  0.987500012      0.162499994      0.466825873    
   1.00000000      0.162499994      0.466825873    
 
   0.00000000      0.187500000       7.81243220E-02
   1.25000002E-02  0.187500000       7.81243220E-02
   3.75000015E-02  0.187500000      0.100208610    
   6.25000000E-02  0.187500000      0.126251474    
   8.75000060E-02  0.187500000      0.148090288    
  0.112499997      0.187500000      0.163741440    
  0.137500003      0.187500000      0.173401952    
  0.162499994      0.187500000      0.177829742    
  0.187500000      0.187500000      0.177907497    
  0.212500006      0.187500000      0.174542069    
  0.237500012      0.187500000      0.168625131    
  0.262499988      0.187500000      0.160999238    
  0.287500024      0.187500000      0.152426854    
  0.312500000      0.187500000      0.143566906    
  0.337500006      0.187500000      0.134960458    
  0.362500012      0.187500000      0.127027661    
  0.387499988      0.187500000      0.120074481    
  0.412500024      0.187500000      0.114307180    
  0.437500000      0.187500000      0.109851673    
  0.462500006      0.187500000      0.106775343    
  0.487500012      0.187500000      0.105108276    
  0.512500048      0.187500000      0.104863174    
  0.537500024      0.187500000      0.105975881    
  0.562500000      0.187500000      0.108379707    
  0.587499976      0.187500000      0.112112679    
  0.612500012      0.187500000      0.117263451    
  0.637500048      0.187500000      0.123970568    
  0.662500024      0.187500000      0.132426351    
  0.687500000      0.187500000      0.142881602    
  0.712499976      0.187500000      0.155647367    
  0.737500012      0.187500000      0.171091273    
  0.762500048      0.187500000      0.189622700    
  0.787500024      0.187500000      0.211659998    
  0.812500000      0.187500000      0.237568364    
  0.837499976      0.187500000      0.267556787    
  0.862500012      0.187500000      0.301518142    
  0.887500048      0.187500000      0.338801175    
  0.912500024      0.187500000      0.377910227    
  0.937500000      0.187500000      0.416152447    
  0.962499976      0.187500000      0.449275255    
  0.987500012      0.187500000      0.471022904    
   1.00000000      0.187500000      0.471022904    
 
   0.00000000      0.212500006       8.35938826E-02
   1.25000002E-02  0.212500006       8.35938826E-02
   3.75000015E-02  0.212500006      0.105862297    
   6.25000000E-02  0.212500006      0.131625757    
   8.75000060E-02  0.212500006      0.152246222    
  0.112499997      0.212500006      0.165704891    
  0.137500003      0.212500006      0.172408834    
  0.162499994      0.212500006      0.173410311    
  0.187500000      0.212500006      0.169892669    
  0.212500006      0.212500006      0.163031563    
  0.237500012      0.212500006      0.153934106    
  0.262499988      0.212500006      0.143592790    
  0.287500024      0.212500006      0.132851511    
  0.312500000      0.212500006      0.122386545    
  0.337500006      0.212500006      0.112703569    
  0.362500012      0.212500006      0.104149401    
  0.387499988      0.212500006       9.69346836E-02
  0.412500024      0.212500006       9.11627188E-02
  0.437500000      0.212500006       8.68608803E-02
  0.462500006      0.212500006       8.40102881E-02
  0.487500012      0.212500006       8.25718120E-02
  0.512500048      0.212500006       8.25077891E-02
  0.537500024      0.212500006       8.36992860E-02
  0.562500000      0.212500006       8.60409960E-02
  0.587499976      0.212500006       8.95648971E-02
  0.612500012      0.212500006       9.43625718E-02
  0.637500048      0.212500006      0.100583136    
  0.662500024      0.212500006      0.108441219    
  0.687500000      0.212500006      0.118227221    
  0.712499976      0.212500006      0.130317137    
  0.737500012      0.212500006      0.145177737    
  0.762500048      0.212500006      0.163360253    
  0.787500024      0.212500006      0.185472846    
  0.812500000      0.212500006      0.212116376    
  0.837499976      0.212500006      0.243762463    
  0.862500012      0.212500006      0.280550629    
  0.887500048      0.212500006      0.321975946    
  0.912500024      0.212500006      0.366458029    
  0.937500000      0.212500006      0.410815775    
  0.962499976      0.212500006      0.449745506    
  0.987500012      0.212500006      0.475363880    
   1.00000000      0.212500006      0.475363880    
 
   0.00000000      0.237500012       8.83725211E-02
   1.25000002E-02  0.237500012       8.83725211E-02
   3.75000015E-02  0.237500012      0.110489160    
   6.25000000E-02  0.237500012      0.135613158    
   8.75000060E-02  0.237500012      0.154753089    
  0.112499997      0.237500012      0.165901124    
  0.137500003      0.237500012      0.169701949    
  0.162499994      0.237500012      0.167517155    
  0.187500000      0.237500012      0.160827965    
  0.212500006      0.237500012      0.151057139    
  0.237500012      0.237500012      0.139488354    
  0.262499988      0.237500012      0.127214447    
  0.287500024      0.237500012      0.115107499    
  0.312500000      0.237500012      0.103811704    
  0.337500006      0.237500012       9.37576145E-02
  0.362500012      0.237500012       8.51918831E-02
  0.387499988      0.237500012       7.82163516E-02
  0.412500024      0.237500012       7.28299022E-02
  0.437500000      0.237500012       6.89685047E-02
  0.462500006      0.237500012       6.65389970E-02
  0.487500012      0.237500012       6.54464737E-02
  0.512500048      0.237500012       6.56149834E-02
  0.537500024      0.237500012       6.68976381E-02
  0.562500000      0.237500012       6.91742823E-02
  0.587499976      0.237500012       7.24715963E-02
  0.612500012      0.237500012       7.68776089E-02
  0.637500048      0.237500012       8.25402588E-02
  0.662500024      0.237500012       8.96795094E-02
  0.687500000      0.237500012       9.86048058E-02
  0.712499976      0.237500012      0.109734878    
  0.737500012      0.237500012      0.123615570    
  0.762500048      0.237500012      0.140927315    
  0.787500024      0.237500012      0.162469462    
  0.812500000      0.237500012      0.189101562    
  0.837499976      0.237500012      0.221611321    
  0.862500012      0.237500012      0.260470301    
  0.887500048      0.237500012      0.305431277    
  0.912500024      0.237500012      0.354935050    
  0.937500000      0.237500012      0.405355245    
  0.962499976      0.237500012      0.450246125    
  0.987500012      0.237500012      0.479868382    
   1.00000000      0.237500012      0.479868382    
 
   0.00000000      0.262499988       9.25404280E-02
   1.25000002E-02  0.262499988       9.25404280E-02
   3.75000015E-02  0.262499988      0.114241280    
   6.25000000E-02  0.262499988      0.138478160    
   8.75000060E-02  0.262499988      0.156014428    
  0.112499997      0.262499988      0.164882302    
  0.137500003      0.262499988      0.165971667    
  0.162499994      0.262499988      0.160948172    
  0.187500000      0.262499988      0.151571020    
  0.212500006      0.262499988      0.139475822    
  0.237500012      0.262499988      0.126079381    
  0.262499988      0.262499988      0.112528406    
  0.287500024      0.262499988       9.96799320E-02
  0.312500000      0.262499988       8.81124288E-02
  0.337500006      0.262499988       7.81593993E-02
  0.362500012      0.262499988       6.99579045E-02
  0.387499988      0.262499988       6.35025203E-02
  0.412500024      0.262499988       5.86973876E-02
  0.437500000      0.262499988       5.54011278E-02
  0.462500006      0.262499988       5.34623861E-02
  0.487500012      0.262499988       5.27454726E-02
  0.512500048      0.262499988       5.31487912E-02
  0.537500024      0.262499988       5.45196421E-02
  0.562500000      0.262499988       5.67422323E-02
  0.587499976      0.262499988       5.98384552E-02
  0.612500012      0.262499988       6.38863444E-02
  0.637500048      0.262499988       6.90200552E-02
  0.662500024      0.262499988       7.54464343E-02
  0.687500000      0.262499988       8.34701657E-02
  0.712499976      0.262499988       9.35253724E-02
  0.737500012      0.262499988      0.106208436    
  0.762500048      0.262499988      0.122303769    
  0.787500024      0.262499988      0.142787740    
  0.812500000      0.262499988      0.168784052    
  0.837499976      0.262499988      0.201432586    
  0.862500012      0.262499988      0.241612956    
  0.887500048      0.262499988      0.289449871    
  0.912500024      0.262499988      0.343534052    
  0.937500000      0.262499988      0.399872869    
  0.962499976      0.262499988      0.450817317    
  0.987500012      0.262499988      0.484544992    
   1.00000000      0.262499988      0.484544992    
 
   0.00000000      0.287500024       9.61688757E-02
   1.25000002E-02  0.287500024       9.61688757E-02
   3.75000015E-02  0.287500024      0.117251977    
   6.25000000E-02  0.287500024      0.140445948    
   8.75000060E-02  0.287500024      0.156362265    
  0.112499997      0.287500024      0.163084686    
  0.137500003      0.287500024      0.161737218    
  0.162499994      0.287500024      0.154268384    
  0.187500000      0.287500024      0.142683953    
  0.212500006      0.287500024      0.128793910    
  0.237500012      0.287500024      0.114106864    
  0.262499988      0.287500024       9.97848883E-02
  0.287500024      0.287500024       8.66401494E-02
  0.312500000      0.287500024       7.51659051E-02
  0.337500006      0.287500024       6.55905679E-02
  0.362500012      0.287500024       5.79436906E-02
  0.387499988      0.287500024       5.21223918E-02
  0.412500024      0.287500024       4.79505509E-02
  0.437500000      0.287500024       4.52265032E-02
  0.462500006      0.287500024       4.37578373E-02
  0.487500012      0.287500024       4.33842689E-02
  0.512500048      0.287500024       4.39917147E-02
  0.537500024      0.287500024       4.54399958E-02
  0.562500000      0.287500024       4.76317927E-02
  0.587499976      0.287500024       5.05851023E-02
  0.612500012      0.287500024       5.43626659E-02
  0.637500048      0.287500024       5.90736531E-02
  0.662500024      0.287500024       6.48944676E-02
  0.687500000      0.287500024       7.21017346E-02
  0.712499976      0.287500024       8.11157525E-02
  0.737500012      0.287500024       9.25506279E-02
  0.762500048      0.287500024      0.107261702    
  0.787500024      0.287500024      0.126374379    
  0.812500000      0.287500024      0.151264280    
  0.837499976      0.287500024      0.183438882    
  0.862500012      0.287500024      0.224243358    
  0.887500048      0.287500024      0.274282545    
  0.912500024      0.287500024      0.332439274    
  0.937500000      0.287500024      0.394469082    
  0.962499976      0.287500024      0.451497406    
  0.987500012      0.287500024      0.489401728    
   1.00000000      0.287500024      0.489401728    
 
   0.00000000      0.312500000       9.93211642E-02
   1.25000002E-02  0.312500000       9.93211642E-02
   3.75000015E-02  0.312500000      0.119636819    
   6.25000000E-02  0.312500000      0.141705707    
   8.75000060E-02  0.312500000      0.156065062    
  0.112499997      0.312500000      0.160845965    
  0.137500003      0.312500000      0.157380000    
  0.162499994      0.312500000      0.147865057    
  0.187500000      0.312500000      0.134516835    
  0.212500006      0.312500000      0.119281329    
  0.237500012      0.312500000      0.103723913    
  0.262499988      0.312500000       8.89943466E-02
  0.287500024      0.312500000       7.58418292E-02
  0.312500000      0.312500000       6.46665841E-02
  0.337500006      0.312500000       5.55936024E-02
  0.362500012      0.312500000       4.85537685E-02
  0.387499988      0.312500000       4.33601514E-02
  0.412500024      0.312500000       3.97726223E-02
  0.437500000      0.312500000       3.75465192E-02
  0.462500006      0.312500000       3.64656821E-02
  0.487500012      0.312500000       3.63614894E-02
  0.512500048      0.312500000       3.71215157E-02
  0.537500024      0.312500000       3.86316814E-02
  0.562500000      0.312500000       4.08223197E-02
  0.587499976      0.312500000       4.37087566E-02
  0.612500012      0.312500000       4.73347642E-02
  0.637500048      0.312500000       5.17759807E-02
  0.662500024      0.312500000       5.71642369E-02
  0.687500000      0.312500000       6.37277812E-02
  0.712499976      0.312500000       7.18464330E-02
  0.737500012      0.312500000       8.21190402E-02
  0.762500048      0.312500000       9.54349339E-02
  0.787500024      0.312500000      0.113032088    
  0.812500000      0.312500000      0.136509851    
  0.837499976      0.312500000      0.167736962    
  0.862500012      0.312500000      0.208558112    
  0.887500048      0.312500000      0.260148048    
  0.912500024      0.312500000      0.321827412    
  0.937500000      0.312500000      0.389244884    
  0.962499976      0.312500000      0.452322125    
  0.987500012      0.312500000      0.494447351    
   1.00000000      0.312500000      0.494447351    
 
   0.00000000      0.337500006      0.102053434    
   1.25000002E-02  0.337500006      0.102053434    
   3.75000015E-02  0.337500006      0.121495493    
   6.25000000E-02  0.337500006      0.142413810    
   8.75000060E-02  0.337500006      0.155335888    
  0.112499997      0.337500006      0.158422455    
  0.137500003      0.337500006      0.153173104    
  0.162499994      0.337500006      0.141994491    
  0.187500000      0.337500006      0.127273187    
  0.212500006      0.337500006      0.111056685    
  0.237500012      0.337500006       9.49400812E-02
  0.262499988      0.337500006       8.00433010E-02
  0.287500024      0.337500006       6.70448393E-02
  0.312500000      0.337500006       5.62530607E-02
  0.337500006      0.337500006       4.76974212E-02
  0.362500012      0.337500006       4.12222259E-02
  0.387499988      0.337500006       3.65712307E-02
  0.412500024      0.337500006       3.34558226E-02
  0.437500000      0.337500006       3.16044912E-02
  0.462500006      0.337500006       3.07936426E-02
  0.487500012      0.337500006       3.08619849E-02
  0.512500048      0.337500006       3.17128748E-02
  0.537500024      0.337500006       3.32675166E-02
  0.562500000      0.337500006       3.54874507E-02
  0.587499976      0.337500006       3.83868143E-02
  0.612500012      0.337500006       4.19883654E-02
  0.637500048      0.337500006       4.63287719E-02
  0.662500024      0.337500006       5.14857508E-02
  0.687500000      0.337500006       5.76240122E-02
  0.712499976      0.337500006       6.50613308E-02
  0.737500012      0.337500006       7.43523762E-02
  0.762500048      0.337500006       8.63843933E-02
  0.787500024      0.337500006      0.102467559    
  0.812500000      0.337500006      0.124385655    
  0.837499976      0.337500006      0.154342532    
  0.862500012      0.337500006      0.194688424    
  0.887500048      0.337500006      0.247232348    
  0.912500024      0.337500006      0.311866701    
  0.937500000      0.337500006      0.384301811    
  0.962499976      0.337500006      0.453328252    
  0.987500012      0.337500006      0.499691904    
   1.00000000      0.337500006      0.499691904    
 
   0.00000000      0.362500012      0.104415484    
   1.25000002E-02  0.362500012      0.104415484    
   3.75000015E-02  0.362500012      0.122912988    
   6.25000000E-02  0.362500012      0.142697424    
   8.75000060E-02  0.362500012      0.154340461    
  0.112499997      0.362500012      0.156003967    
  0.137500003      0.362500012      0.149307013    
  0.162499994      0.362500012      0.136819184    
  0.187500000      0.362500012      0.121059574    
  0.212500006      0.362500012      0.104148068    
  0.237500012      0.362500012       8.76905769E-02
  0.262499988      0.362500012       7.27686360E-02
  0.287500024      0.362500012       5.99907450E-02
  0.312500000      0.362500012       4.95811254E-02
  0.337500006      0.362500012       4.14854698E-02
  0.362500012      0.362500012       3.54752988E-02
  0.387499988      0.362500012       3.12390011E-02
  0.412500024      0.362500012       2.84533668E-02
  0.437500000      0.362500012       2.68336665E-02
  0.462500006      0.362500012       2.61626262E-02
  0.487500012      0.362500012       2.63005272E-02
  0.512500048      0.362500012       2.71800514E-02
  0.537500024      0.362500012       2.87626721E-02
  0.562500000      0.362500012       3.10397949E-02
  0.587499976      0.362500012       3.40249948E-02
  0.612500012      0.362500012       3.77193913E-02
  0.637500048      0.362500012       4.21182662E-02
  0.662500024      0.362500012       4.72404286E-02
  0.687500000      0.362500012       5.31785749E-02
  0.712499976      0.362500012       6.01737201E-02
  0.737500012      0.362500012       6.87142164E-02
  0.762500048      0.362500012       7.96543509E-02
  0.787500024      0.362500012       9.43370834E-02
  0.812500000      0.362500012      0.114685975    
  0.837499976      0.362500012      0.143197849    
  0.862500012      0.362500012      0.182707608    
  0.887500048      0.362500012      0.235688463    
  0.912500024      0.362500012      0.302716464    
  0.937500000      0.362500012      0.379741907    
  0.962499976      0.362500012      0.454550683    
  0.987500012      0.362500012      0.505146325    
   1.00000000      0.362500012      0.505146325    
 
   0.00000000      0.387499988      0.106451131    
   1.25000002E-02  0.387499988      0.106451131    
   3.75000015E-02  0.387499988      0.123960875    
   6.25000000E-02  0.387499988      0.142658144    
   8.75000060E-02  0.387499988      0.153204262    
  0.112499997      0.387499988      0.153727010    
  0.137500003      0.387499988      0.145909756    
  0.162499994      0.387499988      0.132436380    
  0.187500000      0.387499988      0.115922078    
  0.212500006      0.387499988       9.85353440E-02
  0.237500012      0.387499988       8.18814337E-02
  0.262499988      0.387499988       6.70028552E-02
  0.287500024      0.387499988       5.44452481E-02
  0.312500000      0.387499988       4.43610884E-02
  0.337500006      0.387499988       3.66267934E-02
  0.362500012      0.387499988       3.09552550E-02
  0.387499988      0.387499988       2.69922037E-02
  0.412500024      0.387499988       2.43908316E-02
  0.437500000      0.387499988       2.28631347E-02
  0.462500006      0.387499988       2.22084746E-02
  0.487500012      0.387499988       2.23203860E-02
  0.512500048      0.387499988       2.31737513E-02
  0.537500024      0.387499988       2.47722641E-02
  0.562500000      0.387499988       2.71310341E-02
  0.587499976      0.387499988       3.02620307E-02
  0.612500012      0.387499988       3.41444314E-02
  0.637500048      0.387499988       3.87326814E-02
  0.662500024      0.387499988       4.39867005E-02
  0.687500000      0.387499988       4.99251261E-02
  0.712499976      0.387499988       5.67056127E-02
  0.737500012      0.387499988       6.47364557E-02
  0.762500048      0.387499988       7.48160556E-02
  0.787500024      0.387499988       8.82863849E-02
  0.812500000      0.387499988      0.107165620    
  0.837499976      0.387499988      0.134191632    
  0.862500012      0.387499988      0.172639012    
  0.887500048      0.387499988      0.225638404    
  0.912500024      0.387499988      0.294525802    
  0.937500000      0.387499988      0.375667840    
  0.962499976      0.387499988      0.456023633    
  0.987500012      0.387499988      0.510823548    
   1.00000000      0.387499988      0.510823548    
 
   0.00000000      0.412500024      0.108198874    
   1.25000002E-02  0.412500024      0.108198874    
   3.75000015E-02  0.412500024      0.124698900    
   6.25000000E-02  0.412500024      0.142374814    
   8.75000060E-02  0.412500024      0.152018622    
  0.112499997      0.412500024      0.151685089    
  0.137500003      0.412500024      0.143062308    
  0.162499994      0.412500024      0.128898352    
  0.187500000      0.412500024      0.111870602    
  0.212500006      0.412500024       9.41771641E-02
  0.237500012      0.412500024       7.74173215E-02
  0.262499988      0.412500024       6.25995323E-02
  0.287500024      0.412500024       5.02191037E-02
  0.312500000      0.412500024       4.03724983E-02
  0.337500006      0.412500024       3.28830592E-02
  0.362500012      0.412500024       2.74194535E-02
  0.387499988      0.412500024       2.35960204E-02
  0.412500024      0.412500024       2.10501458E-02
  0.437500000      0.412500024       1.94959827E-02
  0.462500006      0.412500024       1.87549274E-02
  0.487500012      0.412500024       1.87622216E-02
  0.512500048      0.412500024       1.95481442E-02
  0.537500024      0.412500024       2.11589932E-02
  0.562500000      0.412500024       2.36221068E-02
  0.587499976      0.412500024       2.69436575E-02
  0.612500012      0.412500024       3.10805552E-02
  0.637500048      0.412500024       3.59493345E-02
  0.662500024      0.412500024       4.14558724E-02
  0.687500000      0.412500024       4.75486889E-02
  0.712499976      0.412500024       5.43032475E-02
  0.737500012      0.412500024       6.20431006E-02
  0.762500048      0.412500024       7.14974105E-02
  0.787500024      0.412500024       8.39814618E-02
  0.812500000      0.412500024      0.101567768    
  0.837499976      0.412500024      0.127179295    
  0.862500012      0.412500024      0.164466992    
  0.887500048      0.412500024      0.217175901    
  0.912500024      0.412500024      0.287434042    
  0.937500000      0.412500024      0.372182161    
  0.962499976      0.412500024      0.457779914    
  0.987500012      0.412500024      0.516738594    
   1.00000000      0.412500024      0.516738594    
 
   0.00000000      0.437500000      0.109692320    
   1.25000002E-02  0.437500000      0.109692320    
   3.75000015E-02  0.437500000      0.125175953    
   6.25000000E-02  0.437500000      0.141906574    
   8.75000060E-02  0.437500000      0.150846019    
  0.112499997      0.437500000      0.149936602    
  0.137500003      0.437500000      0.140809715    
  0.162499994      0.437500000      0.126227111    
  0.187500000      0.437500000      0.108895645    
  0.212500006      0.437500000       9.10281837E-02
  0.237500012      0.437500000       7.42169693E-02
  0.262499988      0.437500000       5.94459139E-02
  0.287500024      0.437500000       4.71756309E-02
  0.312500000      0.437500000       3.74649949E-02
  0.337500006      0.437500000       3.01019009E-02
  0.362500012      0.437500000       2.47255210E-02
  0.387499988      0.437500000       2.09290478E-02
  0.412500024      0.437500000       1.83392260E-02
  0.437500000      0.437500000       1.66730247E-02
  0.462500006      0.437500000       1.57731399E-02
  0.487500012      0.437500000       1.56205203E-02
  0.512500048      0.437500000       1.63157620E-02
  0.537500024      0.437500000       1.79484058E-02
  0.562500000      0.437500000       2.05392037E-02
  0.587499976      0.437500000       2.40804106E-02
  0.612500012      0.437500000       2.85066571E-02
  0.637500048      0.437500000       3.37022729E-02
  0.662500024      0.437500000       3.95277590E-02
  0.687500000      0.437500000       4.58710194E-02
  0.712499976      0.437500000       5.27332388E-02
  0.737500012      0.437500000       6.03569523E-02
  0.762500048      0.437500000       6.93982914E-02
  0.787500024      0.437500000       8.11304748E-02
  0.812500000      0.437500000       9.76474583E-02
  0.837499976      0.437500000      0.122002959    
  0.862500012      0.437500000      0.158148989    
  0.887500048      0.437500000      0.210370332    
  0.912500024      0.437500000      0.281570166    
  0.937500000      0.437500000      0.369387597    
  0.962499976      0.437500000      0.459850311    
  0.987500012      0.437500000      0.522908986    
   1.00000000      0.437500000      0.522908986    
 
   0.00000000      0.462500006      0.110960707    
   1.25000002E-02  0.462500006      0.110960707    
   3.75000015E-02  0.462500006      0.125432000    
   6.25000000E-02  0.462500006      0.141295388    
   8.75000060E-02  0.462500006      0.149723589    
  0.112499997      0.462500006      0.148510173    
  0.137500003      0.462500006      0.139168426    
  0.162499994      0.462500006      0.124422431    
  0.187500000      0.462500006      0.106977426    
  0.212500006      0.462500006       8.90479684E-02
  0.237500012      0.462500006       7.22209141E-02
  0.262499988      0.462500006       5.74675538E-02
  0.287500024      0.462500006       4.52315323E-02
  0.312500000      0.462500006       3.55538800E-02
  0.337500006      0.462500006       2.82058045E-02
  0.362500012      0.462500006       2.28123963E-02
  0.387499988      0.462500006       1.89562421E-02
  0.412500024      0.462500006       1.62577331E-02
  0.437500000      0.462500006       1.44341458E-02
  0.462500006      0.462500006       1.33418869E-02
  0.487500012      0.462500006       1.30035738E-02
  0.512500048      0.462500006       1.36074424E-02
  0.537500024      0.462500006       1.52871618E-02
  0.562500000      0.462500006       1.80284027E-02
  0.587499976      0.462500006       2.17999779E-02
  0.612500012      0.462500006       2.65167765E-02
  0.637500048      0.462500006       3.20395119E-02
  0.662500024      0.462500006       3.81949618E-02
  0.687500000      0.462500006       4.48235758E-02
  0.712499976      0.462500006       5.18654026E-02
  0.737500012      0.462500006       5.94930612E-02
  0.762500048      0.462500006       6.82947785E-02
  0.787500024      0.462500006       7.94959739E-02
  0.812500000      0.462500006       9.51889232E-02
  0.837499976      0.462500006      0.118508726    
  0.862500012      0.462500006      0.153628394    
  0.887500048      0.462500006      0.205272302    
  0.912500024      0.462500006      0.277052909    
  0.937500000      0.462500006      0.367386401    
  0.962499976      0.462500006      0.462264568    
  0.987500012      0.462500006      0.529354930    
   1.00000000      0.462500006      0.529354930    
 
   0.00000000      0.487500012      0.112032168    
   1.25000002E-02  0.487500012      0.112032168    
   3.75000015E-02  0.487500012      0.125501722    
   6.25000000E-02  0.487500012      0.140567273    
   8.75000060E-02  0.487500012      0.148660690    
  0.112499997      0.487500012      0.147399992    
  0.137500003      0.487500012      0.138121173    
  0.162499994      0.487500012      0.123458952    
  0.187500000      0.487500012      0.106084906    
  0.212500006      0.487500012       8.82023424E-02
  0.237500012      0.487500012       7.13946596E-02
  0.262499988      0.487500012       5.66325188E-02
  0.287500024      0.487500012       4.43606041E-02
  0.312500000      0.487500012       3.46220545E-02
  0.337500006      0.487500012       2.71905269E-02
  0.362500012      0.487500012       2.16933191E-02
  0.387499988      0.487500012       1.77145377E-02
  0.412500024      0.487500012       1.48747629E-02
  0.437500000      0.487500012       1.28907524E-02
  0.462500006      0.487500012       1.16220834E-02
  0.487500012      0.487500012       1.11160474E-02
  0.512500048      0.487500012       1.16574988E-02
  0.537500024      0.487500012       1.34166200E-02
  0.562500000      0.487500012       1.63168069E-02
  0.587499976      0.487500012       2.03015376E-02
  0.612500012      0.487500012       2.52730213E-02
  0.637500048      0.487500012       3.10783666E-02
  0.662500024      0.487500012       3.75229754E-02
  0.687500000      0.487500012       4.44145203E-02
  0.712499976      0.487500012       5.16485237E-02
  0.737500012      0.487500012       5.93441203E-02
  0.762500048      0.487500012       6.80344030E-02
  0.787500024      0.487500012       7.89001659E-02
  0.812500000      0.487500012       9.40177217E-02
  0.837499976      0.487500012      0.116561860    
  0.862500012      0.487500012      0.150846720    
  0.887500048      0.487500012      0.201919466    
  0.912500024      0.487500012      0.273991436    
  0.937500000      0.487500012      0.366279632    
  0.962499976      0.487500012      0.465049177    
  0.987500012      0.487500012      0.536101162    
   1.00000000      0.487500012      0.536101162    
 
   0.00000000      0.512500048      0.112966038    
   1.25000002E-02  0.512500048      0.112966038    
   3.75000015E-02  0.512500048      0.125452772    
   6.25000000E-02  0.512500048      0.139722094    
   8.75000060E-02  0.512500048      0.147572055    
  0.112499997      0.512500048      0.146465406    
  0.137500003      0.512500048      0.137511820    
  0.162499994      0.512500048      0.123197593    
  0.187500000      0.512500048      0.106117323    
  0.212500006      0.512500048       8.84397849E-02
  0.237500012      0.512500048       7.17381984E-02
  0.262499988      0.512500048       5.69883473E-02
  0.287500024      0.512500048       4.46498320E-02
  0.312500000      0.512500048       3.47860269E-02
  0.337500006      0.512500048       2.71925516E-02
  0.362500012      0.512500048       2.15175599E-02
  0.387499988      0.512500048       1.73630882E-02
  0.412500024      0.512500048       1.43636353E-02
  0.437500000      0.512500048       1.22455778E-02
  0.462500006      0.512500048       1.08735487E-02
  0.487500012      0.512500048       1.02977715E-02
  0.512500048      0.512500048       1.08329505E-02
  0.537500024      0.512500048       1.26583744E-02
  0.562500000      0.512500048       1.56758670E-02
  0.587499976      0.512500048       1.98121406E-02
  0.612500012      0.512500048       2.49614660E-02
  0.637500048      0.512500048       3.09635531E-02
  0.662500024      0.512500048       3.76120023E-02
  0.687500000      0.512500048       4.46958058E-02
  0.712499976      0.512500048       5.20839691E-02
  0.737500012      0.512500048       5.98622449E-02
  0.762500048      0.512500048       6.85269162E-02
  0.787500024      0.512500048       7.92243183E-02
  0.812500000      0.512500048       9.40082595E-02
  0.837499976      0.512500048      0.116058782    
  0.862500012      0.512500048      0.149755567    
  0.887500048      0.512500048      0.200343266    
  0.912500024      0.512500048      0.272486120    
  0.937500000      0.512500048      0.366166681    
  0.962499976      0.512500048      0.468228281    
  0.987500012      0.512500048      0.543177366    
   1.00000000      0.512500048      0.543177366    
 
   0.00000000      0.537500024      0.113807693    
   1.25000002E-02  0.537500024      0.113807693    
   3.75000015E-02  0.537500024      0.125336915    
   6.25000000E-02  0.537500024      0.138763145    
   8.75000060E-02  0.537500024      0.146385208    
  0.112499997      0.537500024      0.145573258    
  0.137500003      0.537500024      0.137181178    
  0.162499994      0.537500024      0.123486735    
  0.187500000      0.537500024      0.106955849    
  0.212500006      0.537500024       8.96895826E-02
  0.237500012      0.537500024       7.32354447E-02
  0.262499988      0.537500024       5.85729592E-02
  0.287500024      0.537500024       4.61852401E-02
  0.312500000      0.537500024       3.61707546E-02
  0.337500006      0.537500024       2.83650998E-02
  0.362500012      0.537500024       2.24559456E-02
  0.387499988      0.537500024       1.80808585E-02
  0.412500024      0.537500024       1.49039179E-02
  0.437500000      0.537500024       1.26734162E-02
  0.462500006      0.537500024       1.12643419E-02
  0.487500012      0.537500024       1.07150711E-02
  0.512500048      0.537500024       1.12892799E-02
  0.537500024      0.537500024       1.31487688E-02
  0.562500000      0.537500024       1.62264705E-02
  0.587499976      0.537500024       2.04460360E-02
  0.612500012      0.537500024       2.56937630E-02
  0.637500048      0.537500024       3.18020433E-02
  0.662500024      0.537500024       3.85570228E-02
  0.687500000      0.537500024       4.57389876E-02
  0.712499976      0.537500024       5.32061532E-02
  0.737500012      0.537500024       6.10312223E-02
  0.762500048      0.537500024       6.96953386E-02
  0.787500024      0.537500024       8.03282112E-02
  0.812500000      0.537500024       9.49674398E-02
  0.837499976      0.537500024      0.116782598    
  0.862500012      0.537500024      0.150167644    
  0.887500048      0.537500024      0.200463951    
  0.912500024      0.537500024      0.272646129    
  0.937500000      0.537500024      0.367362112    
  0.962499976      0.537500024      0.472189218    
  0.987500012      0.537500024      0.550831914    
   1.00000000      0.537500024      0.550831914    
 
   0.00000000      0.562500000      0.114562392    
   1.25000002E-02  0.562500000      0.114562392    
   3.75000015E-02  0.562500000      0.125158623    
   6.25000000E-02  0.562500000      0.137708947    
   8.75000060E-02  0.562500000      0.145109192    
  0.112499997      0.562500000      0.144702777    
  0.137500003      0.562500000      0.137075856    
  0.162499994      0.562500000      0.124250390    
  0.187500000      0.562500000      0.108516350    
  0.212500006      0.562500000       9.18740779E-02
  0.237500012      0.562500000       7.58279487E-02
  0.262499988      0.562500000       6.13565408E-02
  0.287500024      0.562500000       4.89714965E-02
  0.312500000      0.562500000       3.88171226E-02
  0.337500006      0.562500000       3.07830591E-02
  0.362500012      0.562500000       2.46112421E-02
  0.387499988      0.562500000       1.99881867E-02
  0.412500024      0.562500000       1.66179538E-02
  0.437500000      0.562500000       1.42757148E-02
  0.462500006      0.562500000       1.28434710E-02
  0.487500012      0.562500000       1.23356106E-02
  0.512500048      0.562500000       1.29581038E-02
  0.537500024      0.562500000       1.48519799E-02
  0.562500000      0.562500000       1.79691594E-02
  0.587499976      0.562500000       2.22330764E-02
  0.612500012      0.562500000       2.75224429E-02
  0.637500048      0.562500000       3.36618237E-02
  0.662500024      0.562500000       4.04323302E-02
  0.687500000      0.562500000       4.76128943E-02
  0.712499976      0.562500000       5.50641492E-02
  0.737500012      0.562500000       6.28648773E-02
  0.762500048      0.562500000       7.15041533E-02
  0.787500024      0.562500000       8.21184739E-02
  0.812500000      0.562500000       9.67462137E-02
  0.837499976      0.562500000      0.118547387    
  0.862500012      0.562500000      0.151902959    
  0.887500048      0.562500000      0.202181742    
  0.912500024      0.562500000      0.274548918    
  0.937500000      0.562500000      0.370185435    
  0.962499976      0.562500000      0.477392137    
  0.987500012      0.562500000      0.559362054    
   1.00000000      0.562500000      0.559362054    
 
   0.00000000      0.587499976      0.115233541    
   1.25000002E-02  0.587499976      0.115233541    
   3.75000015E-02  0.587499976      0.124921806    
   6.25000000E-02  0.587499976      0.136575863    
   8.75000060E-02  0.587499976      0.143750533    
  0.112499997      0.587499976      0.143826753    
  0.137500003      0.587499976      0.137129411    
  0.162499994      0.587499976      0.125391960    
  0.187500000      0.587499976      0.110688575    
  0.212500006      0.587499976       9.48873833E-02
  0.237500012      0.587499976       7.94302151E-02
  0.262499988      0.587499976       6.52866289E-02
  0.287500024      0.587499976       5.29966988E-02
  0.312500000      0.587499976       4.27567065E-02
  0.337500006      0.587499976       3.45193110E-02
  0.362500012      0.587499976       2.80908011E-02
  0.387499988      0.587499976       2.32158769E-02
  0.412500024      0.587499976       1.96449030E-02
  0.437500000      0.587499976       1.71823651E-02
  0.462500006      0.587499976       1.57164745E-02
  0.487500012      0.587499976       1.52387479E-02
  0.512500048      0.587499976       1.59066152E-02
  0.537500024      0.587499976       1.78342666E-02
  0.562500000      0.587499976       2.09746268E-02
  0.587499976      0.587499976       2.52453890E-02
  0.612500012      0.587499976       3.05163134E-02
  0.637500048      0.587499976       3.66050303E-02
  0.662500024      0.587499976       4.32914048E-02
  0.687500000      0.587499976       5.03613353E-02
  0.712499976      0.587499976       5.76919988E-02
  0.737500012      0.587499976       6.53880090E-02
  0.762500048      0.587499976       7.39703625E-02
  0.787500024      0.587499976       8.46065730E-02
  0.812500000      0.587499976       9.93533134E-02
  0.837499976      0.587499976      0.121363193    
  0.862500012      0.587499976      0.154979467    
  0.887500048      0.587499976      0.205533445    
  0.912500024      0.587499976      0.278266937    
  0.937500000      0.587499976      0.374752551    
  0.962499976      0.587499976      0.483970791    
  0.987500012      0.587499976      0.568861485    
   1.00000000      0.587499976      0.568861485    
 
   0.00000000      0.612500012      0.115823276    
   1.25000002E-02  0.612500012      0.115823276    
   3.75000015E-02  0.612500012      0.124629639    
   6.25000000E-02  0.612500012      0.135377660    
   8.75000060E-02  0.612500012      0.142313465    
  0.112499997      0.612500012      0.142914236    
  0.137500003      0.612500012      0.137265861    
  0.162499994      0.612500012      0.126797587    
  0.187500000      0.612500012      0.113337502    
  0.212500006      0.612500012       9.85928401E-02
  0.237500012      0.612500012       8.39226320E-02
  0.262499988      0.612500012       7.02754185E-02
  0.287500024      0.612500012       5.82149550E-02
  0.312500000      0.612500012       4.79899086E-02
  0.337500006      0.612500012       3.96196917E-02
  0.362500012      0.612500012       3.29801738E-02
  0.387499988      0.612500012       2.78793238E-02
  0.412500024      0.612500012       2.41176952E-02
  0.437500000      0.612500012       2.15314329E-02
  0.462500006      0.612500012       2.00177524E-02
  0.487500012      0.612500012       1.95519459E-02
  0.512500048      0.612500012       2.02495568E-02
  0.537500024      0.612500012       2.21924689E-02
  0.562500000      0.612500012       2.53230892E-02
  0.587499976      0.612500012       2.95471903E-02
  0.612500012      0.612500012       3.47239226E-02
  0.637500048      0.612500012       4.06655930E-02
  0.662500024      0.612500012       4.71560359E-02
  0.687500000      0.612500012       5.39980009E-02
  0.712499976      0.612500012       6.11005761E-02
  0.737500012      0.612500012       6.86148778E-02
  0.762500048      0.612500012       7.71177486E-02
  0.787500024      0.612500012       8.78305659E-02
  0.812500000      0.612500012      0.102843560    
  0.837499976      0.612500012      0.125300959    
  0.862500012      0.612500012      0.159481511    
  0.887500048      0.612500012      0.210614830    
  0.912500024      0.612500012      0.283908188    
  0.937500000      0.612500012      0.381184667    
  0.962499976      0.612500012      0.492044032    
  0.987500012      0.612500012      0.579413533    
   1.00000000      0.612500012      0.579413533    
 
   0.00000000      0.637500048      0.116331793    
   1.25000002E-02  0.637500048      0.116331793    
   3.75000015E-02  0.637500048      0.124284267    
   6.25000000E-02  0.637500048      0.134125590    
   8.75000060E-02  0.637500048      0.140800118    
  0.112499997      0.637500048      0.141932756    
  0.137500003      0.637500048      0.137404069    
  0.162499994      0.637500048      0.128340587    
  0.187500000      0.637500048      0.116305545    
  0.212500006      0.637500048      0.102821946    
  0.237500012      0.637500048       8.91454443E-02
  0.262499988      0.637500048       7.61886239E-02
  0.287500024      0.637500048       6.45294860E-02
  0.312500000      0.637500048       5.44640310E-02
  0.337500006      0.637500048       4.60767262E-02
  0.362500012      0.637500048       3.93134132E-02
  0.387499988      0.637500048       3.40467654E-02
  0.412500024      0.637500048       3.01292781E-02
  0.437500000      0.637500048       2.74311434E-02
  0.462500006      0.637500048       2.58627199E-02
  0.487500012      0.637500048       2.53899116E-02
  0.512500048      0.637500048       2.60894019E-02
  0.537500024      0.637500048       2.80072037E-02
  0.562500000      0.637500048       3.10705416E-02
  0.587499976      0.637500048       3.51705439E-02
  0.612500012      0.637500048       4.01558168E-02
  0.637500048      0.637500048       4.58366685E-02
  0.662500024      0.637500048       5.20081520E-02
  0.687500000      0.637500048       5.85017242E-02
  0.712499976      0.637500048       6.52753636E-02
  0.737500012      0.637500048       7.25479871E-02
  0.762500048      0.637500048       8.09754580E-02
  0.787500024      0.637500048       9.18529034E-02
  0.812500000      0.637500048      0.107314184    
  0.837499976      0.637500048      0.130488172    
  0.862500012      0.637500048      0.165556520    
  0.887500048      0.637500048      0.217581153    
  0.912500024      0.637500048      0.291626900    
  0.937500000      0.637500048      0.389630735    
  0.962499976      0.637500048      0.501742005    
  0.987500012      0.637500048      0.591105878    
   1.00000000      0.637500048      0.591105878    
 
   0.00000000      0.662500024      0.116757415    
   1.25000002E-02  0.662500024      0.116757415    
   3.75000015E-02  0.662500024      0.123886205    
   6.25000000E-02  0.662500024      0.132828161    
   8.75000060E-02  0.662500024      0.139211282    
  0.112499997      0.662500024      0.140849948    
  0.137500003      0.662500024      0.137461677    
  0.162499994      0.662500024      0.129886582    
  0.187500000      0.662500024      0.119417273    
  0.212500006      0.662500024      0.107375823    
  0.237500012      0.662500024       9.48958769E-02
  0.262499988      0.662500024       8.28371719E-02
  0.287500024      0.662500024       7.17785731E-02
  0.312500000      0.662500024       6.20534904E-02
  0.337500006      0.662500024       5.38046509E-02
  0.362500012      0.662500024       4.70436215E-02
  0.387499988      0.662500024       4.17056158E-02
  0.412500024      0.662500024       3.76946554E-02
  0.437500000      0.662500024       3.49162295E-02
  0.462500006      0.662500024       3.32975686E-02
  0.487500012      0.662500024       3.28006595E-02
  0.512500048      0.662500024       3.34644355E-02
  0.537500024      0.662500024       3.52976546E-02
  0.562500000      0.662500024       3.82128358E-02
  0.587499976      0.662500024       4.20878828E-02
  0.612500012      0.662500024       4.67642359E-02
  0.637500048      0.662500024       5.20565361E-02
  0.662500024      0.662500024       5.77811785E-02
  0.687500000      0.662500024       6.38130158E-02
  0.712499976      0.662500024       7.01779351E-02
  0.737500012      0.662500024       7.71845505E-02
  0.762500048      0.662500024       8.55886191E-02
  0.787500024      0.662500024       9.67737138E-02
  0.812500000      0.662500024      0.112919472    
  0.837499976      0.662500024      0.137122586    
  0.862500012      0.662500024      0.173427030    
  0.887500048      0.662500024      0.226657405    
  0.912500024      0.662500024      0.301632583    
  0.937500000      0.662500024      0.400274187    
  0.962499976      0.662500024      0.513211906    
  0.987500012      0.662500024      0.604035795    
   1.00000000      0.662500024      0.604035795    
 
   0.00000000      0.687500000      0.117096327    
   1.25000002E-02  0.687500000      0.117096327    
   3.75000015E-02  0.687500000      0.123433985    
   6.25000000E-02  0.687500000      0.131490484    
   8.75000060E-02  0.687500000      0.137546360    
  0.112499997      0.687500000      0.139635563    
  0.137500003      0.687500000      0.137358934    
  0.162499994      0.687500000      0.131299213    
  0.187500000      0.687500000      0.122485049    
  0.212500006      0.687500000      0.112029590    
  0.237500012      0.687500000      0.100929216    
  0.262499988      0.687500000       8.99737999E-02
  0.287500024      0.687500000       7.97269121E-02
  0.312500000      0.687500000       7.05455765E-02
  0.337500006      0.687500000       6.26195744E-02
  0.362500012      0.687500000       5.60177676E-02
  0.387499988      0.687500000       5.07322103E-02
  0.412500024      0.687500000       4.67153452E-02
  0.437500000      0.687500000       4.39076088E-02
  0.462500006      0.687500000       4.22550589E-02
  0.487500012      0.687500000       4.17198204E-02
  0.512500048      0.687500000       4.23041433E-02
  0.537500024      0.687500000       4.39802259E-02
  0.562500000      0.687500000       4.66500185E-02
  0.587499976      0.687500000       5.01833744E-02
  0.612500012      0.687500000       5.44219762E-02
  0.637500048      0.687500000       5.91949746E-02
  0.662500024      0.687500000       6.43542260E-02
  0.687500000      0.687500000       6.98362142E-02
  0.712499976      0.687500000       7.57560581E-02
  0.737500012      0.687500000       8.25333670E-02
  0.762500048      0.687500000       9.10406262E-02
  0.787500024      0.687500000      0.102756269    
  0.812500000      0.687500000      0.119896293    
  0.837499976      0.687500000      0.145495877    
  0.862500012      0.687500000      0.183410197    
  0.887500048      0.687500000      0.238153249    
  0.912500024      0.687500000      0.314199746    
  0.937500000      0.687500000      0.413339347    
  0.962499976      0.687500000      0.526621580    
  0.987500012      0.687500000      0.618310750    
   1.00000000      0.687500000      0.618310750    
 
   0.00000000      0.712499976      0.117341541    
   1.25000002E-02  0.712499976      0.117341541    
   3.75000015E-02  0.712499976      0.122923106    
   6.25000000E-02  0.712499976      0.130113766    
   8.75000060E-02  0.712499976      0.135802671    
  0.112499997      0.712499976      0.138261884    
  0.137500003      0.712499976      0.137021825    
  0.162499994      0.712499976      0.132445991    
  0.187500000      0.712499976      0.125317097    
  0.212500006      0.712499976      0.116540387    
  0.237500012      0.712499976      0.106965132    
  0.262499988      0.712499976       9.72961634E-02
  0.287500024      0.712499976       8.80645886E-02
  0.312500000      0.712499976       7.96344802E-02
  0.337500006      0.712499976       7.22281858E-02
  0.362500012      0.712499976       6.59600049E-02
  0.387499988      0.712499976       6.08698614E-02
  0.412500024      0.712499976       5.69527745E-02
  0.437500000      0.712499976       5.41814901E-02
  0.462500006      0.712499976       5.25211021E-02
  0.487500012      0.712499976       5.19363582E-02
  0.512500048      0.712499976       5.23951724E-02
  0.537500024      0.712499976       5.38365506E-02
  0.562500000      0.712499976       5.61582856E-02
  0.587499976      0.712499976       5.92308640E-02
  0.612500012      0.712499976       6.29075691E-02
  0.637500048      0.712499976       6.70471340E-02
  0.662500024      0.712499976       7.15558007E-02
  0.687500000      0.712499976       7.64537975E-02
  0.712499976      0.712499976       8.19681957E-02
  0.737500012      0.712499976       8.86484385E-02
  0.762500048      0.712499976       9.74929929E-02
  0.787500024      0.712499976      0.110069379    
  0.812500000      0.712499976      0.128604919    
  0.837499976      0.712499976      0.156028584    
  0.862500012      0.712499976      0.195945054    
  0.887500048      0.712499976      0.252481908    
  0.912500024      0.712499976      0.329680234    
  0.937500000      0.712499976      0.429098755    
  0.962499976      0.712499976      0.542162597    
  0.987500012      0.712499976      0.634049356    
   1.00000000      0.712499976      0.634049356    
 
   0.00000000      0.737500012      0.117481828    
   1.25000002E-02  0.737500012      0.117481828    
   3.75000015E-02  0.737500012      0.122344583    
   6.25000000E-02  0.737500012      0.128694132    
   8.75000060E-02  0.737500012      0.133974686    
  0.112499997      0.737500012      0.136704043    
  0.137500003      0.737500012      0.136384577    
  0.162499994      0.737500012      0.133203596    
  0.187500000      0.737500012      0.127725676    
  0.212500006      0.737500012      0.120657824    
  0.237500012      0.737500012      0.112698950    
  0.262499988      0.737500012      0.104457051    
  0.287500024      0.737500012       9.64148268E-02
  0.312500000      0.737500012       8.89258683E-02
  0.337500006      0.737500012       8.22285935E-02
  0.362500012      0.737500012       7.64681697E-02
  0.387499988      0.737500012       7.17209205E-02
  0.412500024      0.737500012       6.80162534E-02
  0.437500000      0.737500012       6.53542951E-02
  0.462500006      0.737500012       6.37175813E-02
  0.487500012      0.737500012       6.30749017E-02
  0.512500048      0.737500012       6.33641258E-02
  0.537500024      0.737500012       6.44975752E-02
  0.562500000      0.737500012       6.63773715E-02
  0.587499976      0.737500012       6.88867494E-02
  0.612500012      0.737500012       7.19066784E-02
  0.637500048      0.737500012       7.53458962E-02
  0.662500024      0.737500012       7.91891813E-02
  0.687500000      0.737500012       8.35655555E-02
  0.712499976      0.737500012       8.88356492E-02
  0.737500012      0.737500012       9.56909135E-02
  0.762500048      0.737500012      0.105252475    
  0.787500024      0.737500012      0.119153447    
  0.812500000      0.737500012      0.139588565    
  0.837499976      0.737500012      0.169319421    
  0.862500012      0.737500012      0.211629346    
  0.887500048      0.737500012      0.270184755    
  0.912500024      0.737500012      0.348517865    
  0.937500000      0.737500012      0.447881520    
  0.962499976      0.737500012      0.560054362    
  0.987500012      0.737500012      0.651385248    
   1.00000000      0.737500012      0.651385248    
 
   0.00000000      0.762500048      0.117499664    
   1.25000002E-02  0.762500048      0.117499664    
   3.75000015E-02  0.762500048      0.121683039    
   6.25000000E-02  0.762500048      0.127220467    
   8.75000060E-02  0.762500048      0.132052153    
  0.112499997      0.762500048      0.134938493    
  0.137500003      0.762500048      0.135390043    
  0.162499994      0.762500048      0.133462265    
  0.187500000      0.762500048      0.129535273    
  0.212500006      0.762500048      0.124136068    
  0.237500012      0.762500048      0.117816553    
  0.262499988      0.762500048      0.111081198    
  0.287500024      0.762500048      0.104351066    
  0.312500000      0.762500048       9.79530290E-02
  0.337500006      0.762500048       9.21242982E-02
  0.362500012      0.762500048       8.70254338E-02
  0.387499988      0.762500048       8.27559531E-02
  0.412500024      0.762500048       7.93696493E-02
  0.437500000      0.762500048       7.68874809E-02
  0.462500006      0.762500048       7.53061548E-02
  0.487500012      0.762500048       7.45993033E-02
  0.512500048      0.762500048       7.46820644E-02
  0.537500024      0.762500048       7.54505992E-02
  0.562500000      0.762500048       7.68226087E-02
  0.587499976      0.762500048       7.87104219E-02
  0.612500012      0.762500048       8.10446888E-02
  0.637500048      0.762500048       8.38105530E-02
  0.662500024      0.762500048       8.70992392E-02
  0.687500000      0.762500048       9.11734775E-02
  0.712499976      0.762500048       9.65423658E-02
  0.737500012      0.762500048      0.104037695    
  0.762500048      0.762500048      0.114879914    
  0.787500024      0.762500048      0.130721658    
  0.812500000      0.762500048      0.153659716    
  0.837499976      0.762500048      0.186212718    
  0.862500012      0.762500048      0.231266528    
  0.887500048      0.762500048      0.291961223    
  0.912500024      0.762500048      0.371265531    
  0.937500000      0.762500048      0.470081687    
  0.962499976      0.762500048      0.580549955    
  0.987500012      0.762500048      0.670467079    
   1.00000000      0.762500048      0.670467079    
 
   0.00000000      0.787500024      0.117367774    
   1.25000002E-02  0.787500024      0.117367774    
   3.75000015E-02  0.787500024      0.120913297    
   6.25000000E-02  0.787500024      0.125671238    
   8.75000060E-02  0.787500024      0.130016491    
  0.112499997      0.787500024      0.132940084    
  0.137500003      0.787500024      0.133988634    
  0.162499994      0.787500024      0.133127779    
  0.187500000      0.787500024      0.130590007    
  0.212500006      0.787500024      0.126746356    
  0.237500012      0.787500024      0.122012213    
  0.262499988      0.787500024      0.116787523    
  0.287500024      0.787500024      0.111422703    
  0.312500000      0.787500024      0.106204279    
  0.337500006      0.787500024      0.101352990    
  0.362500012      0.787500024       9.70294029E-02
  0.387499988      0.787500024       9.33426172E-02
  0.412500024      0.787500024       9.03601274E-02
  0.437500000      0.787500024       8.81162733E-02
  0.462500006      0.787500024       8.66182074E-02
  0.487500012      0.787500024       8.58450606E-02
  0.512500048      0.787500024       8.57007876E-02
  0.537500024      0.787500024       8.60823393E-02
  0.562500000      0.787500024       8.69393125E-02
  0.587499976      0.787500024       8.82362202E-02
  0.612500012      0.787500024       8.99817273E-02
  0.637500048      0.787500024       9.22680870E-02
  0.662500024      0.787500024       9.53203887E-02
  0.687500000      0.787500024       9.95515138E-02
  0.712499976      0.787500024      0.105617449    
  0.737500012      0.787500024      0.114464782    
  0.762500048      0.787500024      0.127362221    
  0.787500024      0.787500024      0.145909354    
  0.812500000      0.787500024      0.172020331    
  0.837499976      0.787500024      0.207886159    
  0.862500012      0.787500024      0.255925238    
  0.887500048      0.787500024      0.318704039    
  0.912500024      0.787500024      0.398603708    
  0.937500000      0.787500024      0.496168017    
  0.962499976      0.787500024      0.603939474    
  0.987500012      0.787500024      0.691465855    
   1.00000000      0.787500024      0.691465855    
 
   0.00000000      0.812500000      0.117044657    
   1.25000002E-02  0.812500000      0.117044657    
   3.75000015E-02  0.812500000      0.119995490    
   6.25000000E-02  0.812500000      0.124010302    
   8.75000060E-02  0.812500000      0.127836868    
  0.112499997      0.812500000      0.130677849    
  0.137500003      0.812500000      0.132135496    
  0.162499994      0.812500000      0.132121950    
  0.187500000      0.812500000      0.130759105    
  0.212500006      0.812500000      0.128289729    
  0.237500012      0.812500000      0.125008866    
  0.262499988      0.812500000      0.121216841    
  0.287500024      0.812500000      0.117189877    
  0.312500000      0.812500000      0.113164969    
  0.337500006      0.812500000      0.109333999    
  0.362500012      0.812500000      0.105844371    
  0.387499988      0.812500000      0.102802716    
  0.412500024      0.812500000      0.100280255    
  0.437500000      0.812500000       9.83178169E-02
  0.462500006      0.812500000       9.69298482E-02
  0.487500012      0.812500000       9.61030498E-02
  0.512500048      0.812500000       9.57504213E-02
  0.537500024      0.812500000       9.57984105E-02
  0.562500000      0.812500000       9.62530375E-02
  0.587499976      0.812500000       9.71615687E-02
  0.612500012      0.812500000       9.86431167E-02
  0.637500048      0.812500000      0.100924864    
  0.662500024      0.812500000      0.104380533    
  0.687500000      0.812500000      0.109567367    
  0.712499976      0.812500000      0.117255777    
  0.737500012      0.812500000      0.128446877    
  0.762500048      0.812500000      0.144374043    
  0.787500024      0.812500000      0.166487053    
  0.812500000      0.812500000      0.196421504    
  0.837499976      0.812500000      0.235961497    
  0.862500012      0.812500000      0.287007928    
  0.887500048      0.812500000      0.351538360    
  0.912500024      0.812500000      0.431361377    
  0.937500000      0.812500000      0.526694715    
  0.962499976      0.812500000      0.630557656    
  0.987500012      0.812500000      0.714576721    
   1.00000000      0.812500000      0.714576721    
 
   0.00000000      0.837499976      0.116481408    
   1.25000002E-02  0.837499976      0.116481408    
   3.75000015E-02  0.837499976      0.118882604    
   6.25000000E-02  0.837499976      0.122194625    
   8.75000060E-02  0.837499976      0.125478312    
  0.112499997      0.837499976      0.128124312    
  0.137500003      0.837499976      0.129801095    
  0.162499994      0.837499976      0.130397394    
  0.187500000      0.837499976      0.129958302    
  0.212500006      0.837499976      0.128627524    
  0.237500012      0.837499976      0.126599848    
  0.262499988      0.837499976      0.124086544    
  0.287500024      0.837499976      0.121292032    
  0.312500000      0.837499976      0.118399888    
  0.337500006      0.837499976      0.115565762    
  0.362500012      0.837499976      0.112914987    
  0.387499988      0.837499976      0.110542990    
  0.412500024      0.837499976      0.108517833    
  0.437500000      0.837499976      0.106882952    
  0.462500006      0.837499976      0.105660081    
  0.487500012      0.837499976      0.104850546    
  0.512500048      0.837499976      0.104413755    
  0.537500024      0.837499976      0.104354851    
  0.562500000      0.837499976      0.104768895    
  0.587499976      0.837499976      0.105817601    
  0.612500012      0.837499976      0.107754245    
  0.637500048      0.837499976      0.110947236    
  0.662500024      0.837499976      0.115900658    
  0.687500000      0.837499976      0.123268254    
  0.712499976      0.837499976      0.133857831    
  0.737500012      0.837499976      0.148625165    
  0.762500048      0.837499976      0.168657288    
  0.787500024      0.837499976      0.195147082    
  0.812500000      0.837499976      0.229364604    
  0.837499976      0.837499976      0.272634059    
  0.862500012      0.837499976      0.326327443    
  0.887500048      0.837499976      0.391863912    
  0.912500024      0.837499976      0.470538259    
  0.937500000      0.837499976      0.562314570    
  0.962499976      0.837499976      0.660794616    
  0.987500012      0.837499976      0.740029812    
   1.00000000      0.837499976      0.740029812    
 
   0.00000000      0.862500012      0.115728833    
   1.25000002E-02  0.862500012      0.115728833    
   3.75000015E-02  0.862500012      0.117628582    
   6.25000000E-02  0.862500012      0.120285213    
   8.75000060E-02  0.862500012      0.123016618    
  0.112499997      0.862500012      0.125374824    
  0.137500003      0.862500012      0.127097964    
  0.162499994      0.862500012      0.128073677    
  0.187500000      0.862500012      0.128300190    
  0.212500006      0.862500012      0.127850294    
  0.237500012      0.862500012      0.126841217    
  0.262499988      0.862500012      0.125410691    
  0.287500024      0.862500012      0.123699896    
  0.312500000      0.862500012      0.121842057    
  0.337500006      0.862500012      0.119955815    
  0.362500012      0.862500012      0.118142158    
  0.387499988      0.862500012      0.116483338    
  0.412500024      0.862500012      0.115043804    
  0.437500000      0.862500012      0.113872185    
  0.462500006      0.862500012      0.113005027    
  0.487500012      0.862500012      0.112474620    
  0.512500048      0.862500012      0.112354875    
  0.537500024      0.862500012      0.112803325    
  0.562500000      0.862500012      0.114027642    
  0.587499976      0.862500012      0.116312638    
  0.612500012      0.862500012      0.120029867    
  0.637500048      0.862500012      0.125643954    
  0.662500024      0.862500012      0.133713022    
  0.687500000      0.862500012      0.144883618    
  0.712499976      0.862500012      0.159879446    
  0.737500012      0.862500012      0.179485291    
  0.762500048      0.862500012      0.204527944    
  0.787500024      0.862500012      0.235856563    
  0.812500000      0.862500012      0.274328411    
  0.837499976      0.862500012      0.320807189    
  0.862500012      0.862500012      0.376181483    
  0.887500048      0.862500012      0.441393405    
  0.912500024      0.862500012      0.517328382    
  0.937500000      0.862500012      0.603797615    
  0.962499976      0.862500012      0.695109963    
  0.987500012      0.862500012      0.768104613    
   1.00000000      0.862500012      0.768104613    
 
   0.00000000      0.887500048      0.115638196    
   1.25000002E-02  0.887500048      0.115638196    
   3.75000015E-02  0.887500048      0.117095597    
   6.25000000E-02  0.887500048      0.119165644    
   8.75000060E-02  0.887500048      0.121372722    
  0.112499997      0.887500048      0.123402834    
  0.137500003      0.887500048      0.125062093    
  0.162499994      0.887500048      0.126252815    
  0.187500000      0.887500048      0.126951084    
  0.212500006      0.887500048      0.127186134    
  0.237500012      0.887500048      0.127022088    
  0.262499988      0.887500048      0.126543194    
  0.287500024      0.887500048      0.125842795    
  0.312500000      0.887500048      0.125015005    
  0.337500006      0.887500048      0.124150351    
  0.362500012      0.887500048      0.123332679    
  0.387499988      0.887500048      0.122638799    
  0.412500024      0.887500048      0.122139171    
  0.437500000      0.887500048      0.121900842    
  0.462500006      0.887500048      0.121992268    
  0.487500012      0.887500048      0.122503564    
  0.512500048      0.887500048      0.123718843    
  0.537500024      0.887500048      0.126017138    
  0.562500000      0.887500048      0.129688099    
  0.587499976      0.887500048      0.135077655    
  0.612500012      0.887500048      0.142582893    
  0.637500048      0.887500048      0.152644500    
  0.662500024      0.887500048      0.165736988    
  0.687500000      0.887500048      0.182357490    
  0.712499976      0.887500048      0.203014106    
  0.737500012      0.887500048      0.228214040    
  0.762500048      0.887500048      0.258454710    
  0.787500024      0.887500048      0.294218779    
  0.812500000      0.887500048      0.335976839    
  0.837499976      0.887500048      0.384203196    
  0.862500012      0.887500048      0.439409614    
  0.887500048      0.887500048      0.502190590    
  0.912500024      0.887500048      0.573150218    
  0.937500000      0.887500048      0.652061105    
  0.962499976      0.887500048      0.734065294    
  0.987500012      0.887500048      0.799158514    
   1.00000000      0.887500048      0.799158514    
 
   0.00000000      0.912500024      0.121276222    
   1.25000002E-02  0.912500024      0.121276222    
   3.75000015E-02  0.912500024      0.122385845    
   6.25000000E-02  0.912500024      0.124005154    
   8.75000060E-02  0.912500024      0.125820011    
  0.112499997      0.912500024      0.127625018    
  0.137500003      0.912500024      0.129289359    
  0.162499994      0.912500024      0.130741403    
  0.187500000      0.912500024      0.131956279    
  0.212500006      0.912500024      0.132944897    
  0.237500012      0.912500024      0.133744374    
  0.262499988      0.912500024      0.134410158    
  0.287500024      0.912500024      0.135009512    
  0.312500000      0.912500024      0.135617197    
  0.337500006      0.912500024      0.136312976    
  0.362500012      0.912500024      0.137180239    
  0.387499988      0.912500024      0.138306513    
  0.412500024      0.912500024      0.139785185    
  0.437500000      0.912500024      0.141718909    
  0.462500006      0.912500024      0.144226208    
  0.487500012      0.912500024      0.147473395    
  0.512500048      0.912500024      0.151999131    
  0.537500024      0.912500024      0.158365458    
  0.562500000      0.912500024      0.166811198    
  0.587499976      0.912500024      0.177589849    
  0.612500012      0.912500024      0.190961421    
  0.637500048      0.912500024      0.207185313    
  0.662500024      0.912500024      0.226514608    
  0.687500000      0.912500024      0.249190792    
  0.712499976      0.912500024      0.275441229    
  0.737500012      0.912500024      0.305477500    
  0.762500048      0.912500024      0.339497536    
  0.787500024      0.912500024      0.377691478    
  0.812500000      0.912500024      0.420253605    
  0.837499976      0.912500024      0.467404425    
  0.862500012      0.912500024      0.519427478    
  0.887500048      0.912500024      0.576713085    
  0.912500024      0.912500024      0.639707983    
  0.937500000      0.912500024      0.708239257    
  0.962499976      0.912500024      0.778389752    
  0.987500012      0.912500024      0.833682656    
   1.00000000      0.912500024      0.833682656    
 
   0.00000000      0.937500000      0.154453397    
   1.25000002E-02  0.937500000      0.154453397    
   3.75000015E-02  0.937500000      0.155387864    
   6.25000000E-02  0.937500000      0.156838104    
   8.75000060E-02  0.937500000      0.158610195    
  0.112499997      0.937500000      0.160584033    
  0.137500003      0.937500000      0.162685171    
  0.162499994      0.937500000      0.164874226    
  0.187500000      0.937500000      0.167140946    
  0.212500006      0.937500000      0.169498563    
  0.237500012      0.937500000      0.171979815    
  0.262499988      0.937500000      0.174633116    
  0.287500024      0.937500000      0.177519828    
  0.312500000      0.937500000      0.180712789    
  0.337500006      0.937500000      0.184294909    
  0.362500012      0.937500000      0.188359290    
  0.387499988      0.937500000      0.193010271    
  0.412500024      0.937500000      0.198364645    
  0.437500000      0.937500000      0.204554707    
  0.462500006      0.937500000      0.211733133    
  0.487500012      0.937500000      0.220101640    
  0.512500048      0.937500000      0.230240047    
  0.537500024      0.937500000      0.242607161    
  0.562500000      0.937500000      0.257237226    
  0.587499976      0.937500000      0.274162680    
  0.612500012      0.937500000      0.293413073    
  0.637500048      0.937500000      0.315015078    
  0.662500024      0.937500000      0.338992983    
  0.687500000      0.937500000      0.365369439    
  0.712499976      0.937500000      0.394167125    
  0.737500012      0.937500000      0.425411761    
  0.762500048      0.937500000      0.459136128    
  0.787500024      0.937500000      0.495387197    
  0.812500000      0.937500000      0.534237683    
  0.837499976      0.937500000      0.575803161    
  0.862500012      0.937500000      0.620271206    
  0.887500048      0.937500000      0.667934358    
  0.912500024      0.937500000      0.719155371    
  0.937500000      0.937500000      0.773857176    
  0.962499976      0.937500000      0.829134822    
  0.987500012      0.937500000      0.872434795    
   1.00000000      0.937500000      0.872434795    
 
   0.00000000      0.962499976      0.284271657    
   1.25000002E-02  0.962499976      0.284271657    
   3.75000015E-02  0.962499976      0.285235614    
   6.25000000E-02  0.962499976      0.286859274    
   8.75000060E-02  0.962499976      0.289031982    
  0.112499997      0.962499976      0.291693747    
  0.137500003      0.962499976      0.294811606    
  0.162499994      0.962499976      0.298372358    
  0.187500000      0.962499976      0.302379698    
  0.212500006      0.962499976      0.306851208    
  0.237500012      0.962499976      0.311816752    
  0.262499988      0.962499976      0.317317575    
  0.287500024      0.962499976      0.323403835    
  0.312500000      0.962499976      0.330135077    
  0.337500006      0.962499976      0.337579250    
  0.362500012      0.962499976      0.345812052    
  0.387499988      0.962499976      0.354917020    
  0.412500024      0.962499976      0.364986211    
  0.437500000      0.962499976      0.376119643    
  0.462500006      0.962499976      0.388425440    
  0.487500012      0.962499976      0.402014762    
  0.512500048      0.962499976      0.416929245    
  0.537500024      0.962499976      0.433095008    
  0.562500000      0.962499976      0.450469583    
  0.587499976      0.962499976      0.469016492    
  0.612500012      0.962499976      0.488705039    
  0.637500048      0.962499976      0.509510636    
  0.662500024      0.962499976      0.531413972    
  0.687500000      0.962499976      0.554402232    
  0.712499976      0.962499976      0.578470469    
  0.737500012      0.962499976      0.603622258    
  0.762500048      0.962499976      0.629873812    
  0.787500024      0.962499976      0.657257020    
  0.812500000      0.962499976      0.685827792    
  0.837499976      0.962499976      0.715676010    
  0.862500012      0.962499976      0.746944189    
  0.887500048      0.962499976      0.779847980    
  0.912500024      0.962499976      0.814656556    
  0.937500000      0.962499976      0.851359844    
  0.962499976      0.962499976      0.888119698    
  0.987500012      0.962499976      0.916789234    
   1.00000000      0.962499976      0.916789234    
 
   0.00000000      0.987500012      0.651801944    
   1.25000002E-02  0.987500012      0.651801944    
   3.75000015E-02  0.987500012      0.652569234    
   6.25000000E-02  0.987500012      0.653931320    
   8.75000060E-02  0.987500012      0.655839562    
  0.112499997      0.987500012      0.658270657    
  0.137500003      0.987500012      0.661209702    
  0.162499994      0.987500012      0.664649069    
  0.187500000      0.987500012      0.668584704    
  0.212500006      0.987500012      0.673017442    
  0.237500012      0.987500012      0.677951097    
  0.262499988      0.987500012      0.683391571    
  0.287500024      0.987500012      0.689346433    
  0.312500000      0.987500012      0.695824921    
  0.337500006      0.987500012      0.702836454    
  0.362500012      0.987500012      0.710390747    
  0.387499988      0.987500012      0.718496978    
  0.412500024      0.987500012      0.727163017    
  0.437500000      0.987500012      0.736395717    
  0.462500006      0.987500012      0.746195912    
  0.487500012      0.987500012      0.756527960    
  0.512500048      0.987500012      0.766830027    
  0.537500024      0.987500012      0.776671529    
  0.562500000      0.987500012      0.786225319    
  0.587499976      0.987500012      0.795623243    
  0.612500012      0.987500012      0.804966748    
  0.637500048      0.987500012      0.814334989    
  0.662500024      0.987500012      0.823790431    
  0.687500000      0.987500012      0.833383322    
  0.712499976      0.987500012      0.843155980    
  0.737500012      0.987500012      0.853145421    
  0.762500048      0.987500012      0.863384843    
  0.787500024      0.987500012      0.873910248    
  0.812500000      0.987500012      0.884759486    
  0.837499976      0.987500012      0.895980597    
  0.862500012      0.987500012      0.907635927    
  0.887500048      0.987500012      0.919814885    
  0.912500024      0.987500012      0.932621360    
  0.937500000      0.987500012      0.946060896    
  0.962499976      0.987500012      0.959474325    
  0.987500012      0.987500012      0.969918549    
   1.00000000      0.987500012      0.969918549    
 
   0.00000000       1.00000000       1.00000000    
   1.25000002E-02   1.00000000       1.00000000    
   3.75000015E-02   1.00000000       1.00000000    
   6.25000000E-02   1.00000000       1.00000000    
   8.75000060E-02   1.00000000       1.00000000    
  0.112499997       1.00000000       1.00000000    
  0.137500003       1.00000000       1.00000000    
  0.162499994       1.00000000       1.00000000    
  0.187500000       1.00000000       1.00000000    
  0.212500006       1.00000000       1.00000000    
  0.237500012       1.00000000       1.00000000    
  0.262499988       1.00000000       1.00000000    
  0.287500024       1.00000000       1.00000000    
  0.312500000       1.00000000       1.00000000    
  0.337500006       1.00000000       1.00000000    
  0.362500012       1.00000000       1.00000000    
  0.387499988       1.00000000       1.00000000    
  0.412500024       1.00000000       1.00000000    
  0.437500000       1.00000000       1.00000000    
  0.462500006       1.00000000       1.00000000    
  0.487500012       1.00000000       1.00000000    
  0.512500048       1.00000000       1.00000000    
  0.537500024       1.00000000       1.00000000    
  0.562500000       1.00000000       1.00000000    
  0.587499976       1.00000000       1.00000000    
  0.612500012       1.00000000       1.00000000    
  0.637500048       1.00000000       1.00000000    
  0.662500024       1.00000000       1.00000000    
  0.687500000       1.00000000       1.00000000    
  0.712499976       1.00000000       1.00000000    
  0.737500012       1.00000000       1.00000000    
  0.762500048       1.00000000       1.00000000    
  0.787500024       1.00000000       1.00000000    
  0.812500000       1.00000000       1.00000000    
  0.837499976       1.00000000       1.00000000    
  0.862500012       1.00000000       1.00000000    
  0.887500048       1.00000000       1.00000000    
  0.912500024       1.00000000       1.00000000    
  0.937500000       1.00000000       1.00000000    
  0.962499976       1.00000000       1.00000000    
  0.987500012       1.00000000       1.00000000    
   1.00000000       1.00000000       1.00000000    
 
