   0.00000000       0.00000000       0.00000000    
   1.25000002E-02   0.00000000       0.00000000    
   3.75000015E-02   0.00000000       0.00000000    
   6.25000000E-02   0.00000000       0.00000000    
   8.75000060E-02   0.00000000       0.00000000    
  0.112499997       0.00000000       0.00000000    
  0.137500003       0.00000000       0.00000000    
  0.162499994       0.00000000       0.00000000    
  0.187500000       0.00000000       0.00000000    
  0.212500006       0.00000000       0.00000000    
  0.237500012       0.00000000       0.00000000    
  0.262499988       0.00000000       0.00000000    
  0.287500024       0.00000000       0.00000000    
  0.312500000       0.00000000       0.00000000    
  0.337500006       0.00000000       0.00000000    
  0.362500012       0.00000000       0.00000000    
  0.387499988       0.00000000       0.00000000    
  0.412500024       0.00000000       0.00000000    
  0.437500000       0.00000000       0.00000000    
  0.462500006       0.00000000       0.00000000    
  0.487500012       0.00000000       0.00000000    
  0.512500048       0.00000000       0.00000000    
  0.537500024       0.00000000       0.00000000    
  0.562500000       0.00000000       0.00000000    
  0.587499976       0.00000000       0.00000000    
  0.612500012       0.00000000       0.00000000    
  0.637500048       0.00000000       0.00000000    
  0.662500024       0.00000000       0.00000000    
  0.687500000       0.00000000       0.00000000    
  0.712499976       0.00000000       0.00000000    
  0.737500012       0.00000000       0.00000000    
  0.762500048       0.00000000       0.00000000    
  0.787500024       0.00000000       0.00000000    
  0.812500000       0.00000000       0.00000000    
  0.837499976       0.00000000       0.00000000    
  0.862500012       0.00000000       0.00000000    
  0.887500048       0.00000000       0.00000000    
  0.912500024       0.00000000       0.00000000    
  0.937500000       0.00000000       0.00000000    
  0.962499976       0.00000000       0.00000000    
  0.987500012       0.00000000       0.00000000    
   1.00000000       0.00000000       0.00000000    
 
   0.00000000       1.25000002E-02   8.82744603E-03
   1.25000002E-02   1.25000002E-02   8.82744603E-03
   3.75000015E-02   1.25000002E-02   1.20971473E-02
   6.25000000E-02   1.25000002E-02   1.63830500E-02
   8.75000060E-02   1.25000002E-02   2.07955558E-02
  0.112499997       1.25000002E-02   2.51253266E-02
  0.137500003       1.25000002E-02   2.93624531E-02
  0.162499994       1.25000002E-02   3.35307382E-02
  0.187500000       1.25000002E-02   3.76516543E-02
  0.212500006       1.25000002E-02   4.17410061E-02
  0.237500012       1.25000002E-02   4.58110198E-02
  0.262499988       1.25000002E-02   4.98721190E-02
  0.287500024       1.25000002E-02   5.39342575E-02
  0.312500000       1.25000002E-02   5.80080822E-02
  0.337500006       1.25000002E-02   6.21059798E-02
  0.362500012       1.25000002E-02   6.62430003E-02
  0.387499988       1.25000002E-02   7.04382658E-02
  0.412500024       1.25000002E-02   7.47163147E-02
  0.437500000       1.25000002E-02   7.91091770E-02
  0.462500006       1.25000002E-02   8.36590081E-02
  0.487500012       1.25000002E-02   8.84215087E-02
  0.512500048       1.25000002E-02   9.34709087E-02
  0.537500024       1.25000002E-02   9.86811221E-02
  0.562500000       1.25000002E-02  0.103874713    
  0.587499976       1.25000002E-02  0.109043121    
  0.612500012       1.25000002E-02  0.114187330    
  0.637500048       1.25000002E-02  0.119306907    
  0.662500024       1.25000002E-02  0.124399222    
  0.687500000       1.25000002E-02  0.129458442    
  0.712499976       1.25000002E-02  0.134474859    
  0.737500012       1.25000002E-02  0.139434069    
  0.762500048       1.25000002E-02  0.144315735    
  0.787500024       1.25000002E-02  0.149092928    
  0.812500000       1.25000002E-02  0.153730571    
  0.837499976       1.25000002E-02  0.158184007    
  0.862500012       1.25000002E-02  0.162397549    
  0.887500048       1.25000002E-02  0.166302115    
  0.912500024       1.25000002E-02  0.169811308    
  0.937500000       1.25000002E-02  0.172816157    
  0.962499976       1.25000002E-02  0.175168827    
  0.987500012       1.25000002E-02  0.176635236    
   1.00000000       1.25000002E-02  0.176635236    
 
   0.00000000       3.75000015E-02   2.43206620E-02
   1.25000002E-02   3.75000015E-02   2.43206620E-02
   3.75000015E-02   3.75000015E-02   3.32019329E-02
   6.25000000E-02   3.75000015E-02   4.47878875E-02
   8.75000060E-02   3.75000015E-02   5.66212907E-02
  0.112499997       3.75000015E-02   6.81172758E-02
  0.137500003       3.75000015E-02   7.92426690E-02
  0.162499994       3.75000015E-02   9.00575295E-02
  0.187500000       3.75000015E-02  0.100614190    
  0.212500006       3.75000015E-02  0.110947356    
  0.237500012       3.75000015E-02  0.121078908    
  0.262499988       3.75000015E-02  0.131021887    
  0.287500024       3.75000015E-02  0.140783355    
  0.312500000       3.75000015E-02  0.150365457    
  0.337500006       3.75000015E-02  0.159766912    
  0.362500012       3.75000015E-02  0.168983147    
  0.387499988       3.75000015E-02  0.178007007    
  0.412500024       3.75000015E-02  0.186828479    
  0.437500000       3.75000015E-02  0.195434883    
  0.462500006       3.75000015E-02  0.203810886    
  0.487500012       3.75000015E-02  0.211938053    
  0.512500048       3.75000015E-02  0.219794631    
  0.537500024       3.75000015E-02  0.227464154    
  0.562500000       3.75000015E-02  0.235097751    
  0.587499976       3.75000015E-02  0.242760405    
  0.612500012       3.75000015E-02  0.250502706    
  0.637500048       3.75000015E-02  0.258365899    
  0.662500024       3.75000015E-02  0.266381413    
  0.687500000       3.75000015E-02  0.274570078    
  0.712499976       3.75000015E-02  0.282940030    
  0.737500012       3.75000015E-02  0.291484803    
  0.762500048       3.75000015E-02  0.300181240    
  0.787500024       3.75000015E-02  0.308985054    
  0.812500000       3.75000015E-02  0.317827731    
  0.837499976       3.75000015E-02  0.326611429    
  0.862500012       3.75000015E-02  0.335202634    
  0.887500048       3.75000015E-02  0.343425423    
  0.912500024       3.75000015E-02  0.351050228    
  0.937500000       3.75000015E-02  0.357776761    
  0.962499976       3.75000015E-02  0.363193661    
  0.987500012       3.75000015E-02  0.366658270    
   1.00000000       3.75000015E-02  0.366658270    
 
   0.00000000       6.25000000E-02   3.70688401E-02
   1.25000002E-02   6.25000000E-02   3.70688401E-02
   3.75000015E-02   6.25000000E-02   5.02773225E-02
   6.25000000E-02   6.25000000E-02   6.73452020E-02
   8.75000060E-02   6.25000000E-02   8.44921768E-02
  0.112499997       6.25000000E-02  0.100790545    
  0.137500003       6.25000000E-02  0.116164424    
  0.162499994       6.25000000E-02  0.130687535    
  0.187500000       6.25000000E-02  0.144426778    
  0.212500006       6.25000000E-02  0.157427549    
  0.237500012       6.25000000E-02  0.169720381    
  0.262499988       6.25000000E-02  0.181328222    
  0.287500024       6.25000000E-02  0.192270070    
  0.312500000       6.25000000E-02  0.202563688    
  0.337500006       6.25000000E-02  0.212227002    
  0.362500012       6.25000000E-02  0.221279040    
  0.387499988       6.25000000E-02  0.229739890    
  0.412500024       6.25000000E-02  0.237630785    
  0.437500000       6.25000000E-02  0.244974032    
  0.462500006       6.25000000E-02  0.251792431    
  0.487500012       6.25000000E-02  0.258108258    
  0.512500048       6.25000000E-02  0.263943464    
  0.537500024       6.25000000E-02  0.269646019    
  0.562500000       6.25000000E-02  0.275638163    
  0.587499976       6.25000000E-02  0.282039016    
  0.612500012       6.25000000E-02  0.288931042    
  0.637500048       6.25000000E-02  0.296381831    
  0.662500024       6.25000000E-02  0.304445773    
  0.687500000       6.25000000E-02  0.313161880    
  0.712499976       6.25000000E-02  0.322552979    
  0.737500012       6.25000000E-02  0.332621038    
  0.762500048       6.25000000E-02  0.343342155    
  0.787500024       6.25000000E-02  0.354659885    
  0.812500000       6.25000000E-02  0.366475761    
  0.837499976       6.25000000E-02  0.378638476    
  0.862500012       6.25000000E-02  0.390929431    
  0.887500048       6.25000000E-02  0.403046995    
  0.912500024       6.25000000E-02  0.414584041    
  0.937500000       6.25000000E-02  0.424997032    
  0.962499976       6.25000000E-02  0.433539838    
  0.987500012       6.25000000E-02  0.439075530    
   1.00000000       6.25000000E-02  0.439075530    
 
   0.00000000       8.75000060E-02   4.79873233E-02
   1.25000002E-02   8.75000060E-02   4.79873233E-02
   3.75000015E-02   8.75000060E-02   6.45302683E-02
   6.25000000E-02   8.75000060E-02   8.56298953E-02
   8.75000060E-02   8.75000060E-02  0.106336527    
  0.112499997       8.75000060E-02  0.125396222    
  0.137500003       8.75000060E-02  0.142684668    
  0.162499994       8.75000060E-02  0.158290878    
  0.187500000       8.75000060E-02  0.172311336    
  0.212500006       8.75000060E-02  0.184829757    
  0.237500012       8.75000060E-02  0.195926219    
  0.262499988       8.75000060E-02  0.205685496    
  0.287500024       8.75000060E-02  0.214201435    
  0.312500000       8.75000060E-02  0.221579611    
  0.337500006       8.75000060E-02  0.227936968    
  0.362500012       8.75000060E-02  0.233401418    
  0.387499988       8.75000060E-02  0.238109678    
  0.412500024       8.75000060E-02  0.242205039    
  0.437500000       8.75000060E-02  0.245833740    
  0.462500006       8.75000060E-02  0.249141321    
  0.487500012       8.75000060E-02  0.252268851    
  0.512500048       8.75000060E-02  0.255348742    
  0.537500024       8.75000060E-02  0.258780390    
  0.562500000       8.75000060E-02  0.262967378    
  0.587499976       8.75000060E-02  0.268025190    
  0.612500012       8.75000060E-02  0.274036795    
  0.637500048       8.75000060E-02  0.281075001    
  0.662500024       8.75000060E-02  0.289204001    
  0.687500000       8.75000060E-02  0.298478752    
  0.712499976       8.75000060E-02  0.308940411    
  0.737500012       8.75000060E-02  0.320610762    
  0.762500048       8.75000060E-02  0.333482444    
  0.787500024       8.75000060E-02  0.347507179    
  0.812500000       8.75000060E-02  0.362577975    
  0.837499976       8.75000060E-02  0.378507704    
  0.862500012       8.75000060E-02  0.395000935    
  0.887500048       8.75000060E-02  0.411622822    
  0.912500024       8.75000060E-02  0.427756995    
  0.937500000       8.75000060E-02  0.442552328    
  0.962499976       8.75000060E-02  0.454830587    
  0.987500012       8.75000060E-02  0.462827682    
   1.00000000       8.75000060E-02  0.462827682    
 
   0.00000000      0.112499997       5.74822240E-02
   1.25000002E-02  0.112499997       5.74822240E-02
   3.75000015E-02  0.112499997       7.65213519E-02
   6.25000000E-02  0.112499997      0.100433052    
   8.75000060E-02  0.112499997      0.123232648    
  0.112499997      0.112499997      0.143374041    
  0.137500003      0.112499997      0.160710722    
  0.162499994      0.112499997      0.175387129    
  0.187500000      0.112499997      0.187584221    
  0.212500006      0.112499997      0.197490141    
  0.237500012      0.112499997      0.205306947    
  0.262499988      0.112499997      0.211256385    
  0.287500024      0.112499997      0.215579942    
  0.312500000      0.112499997      0.218535945    
  0.337500006      0.112499997      0.220393777    
  0.362500012      0.112499997      0.221427768    
  0.387499988      0.112499997      0.221909925    
  0.412500024      0.112499997      0.222102910    
  0.437500000      0.112499997      0.222254083    
  0.462500006      0.112499997      0.222588941    
  0.487500012      0.112499997      0.223307446    
  0.512500048      0.112499997      0.224581078    
  0.537500024      0.112499997      0.226707205    
  0.562500000      0.112499997      0.229947641    
  0.587499976      0.112499997      0.234391749    
  0.612500012      0.112499997      0.240116179    
  0.637500048      0.112499997      0.247199953    
  0.662500024      0.112499997      0.255726039    
  0.687500000      0.112499997      0.265778720    
  0.712499976      0.112499997      0.277438909    
  0.737500012      0.112499997      0.290775597    
  0.762500048      0.112499997      0.305832207    
  0.787500024      0.112499997      0.322607279    
  0.812500000      0.112499997      0.341026902    
  0.837499976      0.112499997      0.360908061    
  0.862500012      0.112499997      0.381910682    
  0.887500048      0.112499997      0.403478533    
  0.912500024      0.112499997      0.424769282    
  0.937500000      0.112499997      0.444565564    
  0.962499976      0.112499997      0.461146742    
  0.987500012      0.112499997      0.471970081    
   1.00000000      0.112499997      0.471970081    
 
   0.00000000      0.137500003       6.57895058E-02
   1.25000002E-02  0.137500003       6.57895058E-02
   3.75000015E-02  0.137500003       8.66054967E-02
   6.25000000E-02  0.137500003      0.112309895    
   8.75000060E-02  0.137500003      0.136020094    
  0.112499997      0.137500003      0.155951798    
  0.137500003      0.137500003      0.171988785    
  0.162499994      0.137500003      0.184396327    
  0.187500000      0.137500003      0.193512648    
  0.212500006      0.137500003      0.199704155    
  0.237500012      0.137500003      0.203363180    
  0.262499988      0.137500003      0.204903796    
  0.287500024      0.137500003      0.204752177    
  0.312500000      0.137500003      0.203334630    
  0.337500006      0.137500003      0.201064527    
  0.362500012      0.137500003      0.198330402    
  0.387499988      0.137500003      0.195486337    
  0.412500024      0.137500003      0.192844734    
  0.437500000      0.137500003      0.190673307    
  0.462500006      0.137500003      0.189193964    
  0.487500012      0.137500003      0.188585132    
  0.512500048      0.137500003      0.188986912    
  0.537500024      0.137500003      0.190560117    
  0.562500000      0.137500003      0.193430483    
  0.587499976      0.137500003      0.197666377    
  0.612500012      0.137500003      0.203345820    
  0.637500048      0.137500003      0.210564226    
  0.662500024      0.137500003      0.219435468    
  0.687500000      0.137500003      0.230089441    
  0.712499976      0.137500003      0.242667899    
  0.737500012      0.137500003      0.257314324    
  0.762500048      0.137500003      0.274157852    
  0.787500024      0.137500003      0.293287069    
  0.812500000      0.137500003      0.314711124    
  0.837499976      0.137500003      0.338304311    
  0.862500012      0.137500003      0.363730907    
  0.887500048      0.137500003      0.390347391    
  0.912500024      0.137500003      0.417083859    
  0.937500000      0.137500003      0.442304939    
  0.962499976      0.137500003      0.463632375    
  0.987500012      0.137500003      0.477574617    
   1.00000000      0.137500003      0.477574617    
 
   0.00000000      0.162499994       7.30730221E-02
   1.25000002E-02  0.162499994       7.30730221E-02
   3.75000015E-02  0.162499994       9.50524658E-02
   6.25000000E-02  0.162499994      0.121717215    
   8.75000060E-02  0.162499994      0.145427689    
  0.112499997      0.162499994      0.164227784    
  0.137500003      0.162499994      0.178095087    
  0.162499994      0.162499994      0.187484473    
  0.187500000      0.162499994      0.192958325    
  0.212500006      0.162499994      0.195117101    
  0.237500012      0.162499994      0.194581166    
  0.262499988      0.162499994      0.191971749    
  0.287500024      0.162499994      0.187890232    
  0.312500000      0.162499994      0.182897419    
  0.337500006      0.162499994      0.177496880    
  0.362500012      0.162499994      0.172123104    
  0.387499988      0.162499994      0.167136759    
  0.412500024      0.162499994      0.162824929    
  0.437500000      0.162499994      0.159407526    
  0.462500006      0.162499994      0.157046676    
  0.487500012      0.162499994      0.155858815    
  0.512500048      0.162499994      0.155928001    
  0.537500024      0.162499994      0.157303646    
  0.562500000      0.162499994      0.160016537    
  0.587499976      0.162499994      0.164124131    
  0.612500012      0.162499994      0.169712305    
  0.637500048      0.162499994      0.176897720    
  0.662500024      0.162499994      0.185830012    
  0.687500000      0.162499994      0.196691707    
  0.712499976      0.162499994      0.209695786    
  0.737500012      0.162499994      0.225077614    
  0.762500048      0.162499994      0.243078679    
  0.787500024      0.162499994      0.263915360    
  0.812500000      0.162499994      0.287730664    
  0.837499976      0.162499994      0.314516902    
  0.862500012      0.162499994      0.344006538    
  0.887500048      0.162499994      0.375521719    
  0.912500024      0.162499994      0.407786578    
  0.937500000      0.162499994      0.438708544    
  0.962499976      0.162499994      0.465132266    
  0.987500012      0.162499994      0.482432544    
   1.00000000      0.162499994      0.482432544    
 
   0.00000000      0.187500000       7.94600621E-02
   1.25000002E-02  0.187500000       7.94600621E-02
   3.75000015E-02  0.187500000      0.102087446    
   6.25000000E-02  0.187500000      0.129052252    
   8.75000060E-02  0.187500000      0.152098417    
  0.112499997      0.187500000      0.169165790    
  0.137500003      0.187500000      0.180385932    
  0.162499994      0.187500000      0.186459646    
  0.187500000      0.187500000      0.188218951    
  0.212500006      0.187500000      0.186524838    
  0.237500012      0.187500000      0.182228222    
  0.262499988      0.187500000      0.176136583    
  0.287500024      0.187500000      0.168983698    
  0.312500000      0.187500000      0.161406964    
  0.337500006      0.187500000      0.153933555    
  0.362500012      0.187500000      0.146977335    
  0.387499988      0.187500000      0.140845299    
  0.412500024      0.187500000      0.135751128    
  0.437500000      0.187500000      0.131833404    
  0.462500006      0.187500000      0.129176036    
  0.487500012      0.187500000      0.127827674    
  0.512500048      0.187500000      0.127820060    
  0.537500024      0.187500000      0.129127234    
  0.562500000      0.187500000      0.131722078    
  0.587499976      0.187500000      0.135657057    
  0.612500012      0.187500000      0.141025841    
  0.637500048      0.187500000      0.147963658    
  0.662500024      0.187500000      0.156651154    
  0.687500000      0.187500000      0.167318985    
  0.712499976      0.187500000      0.180249989    
  0.737500012      0.187500000      0.195776001    
  0.762500048      0.187500000      0.214264587    
  0.787500024      0.187500000      0.236089155    
  0.812500000      0.187500000      0.261571199    
  0.837499976      0.187500000      0.290884227    
  0.862500012      0.187500000      0.323903561    
  0.887500048      0.187500000      0.359991610    
  0.912500024      0.187500000      0.397712827    
  0.937500000      0.187500000      0.434498608    
  0.962499976      0.187500000      0.466299385    
  0.987500012      0.187500000      0.487155825    
   1.00000000      0.187500000      0.487155825    
 
   0.00000000      0.212500006       8.50565210E-02
   1.25000002E-02  0.212500006       8.50565210E-02
   3.75000015E-02  0.212500006      0.107906222    
   6.25000000E-02  0.212500006      0.134663835    
   8.75000060E-02  0.212500006      0.156592131    
  0.112499997      0.212500006      0.171586946    
  0.137500003      0.212500006      0.179978937    
  0.162499994      0.212500006      0.182751954    
  0.187500000      0.212500006      0.181027263    
  0.212500006      0.212500006      0.175924331    
  0.237500012      0.212500006      0.168500826    
  0.262499988      0.212500006      0.159707472    
  0.287500024      0.212500006      0.150355890    
  0.312500000      0.212500006      0.141100332    
  0.337500006      0.212500006      0.132435083    
  0.362500012      0.212500006      0.124706551    
  0.387499988      0.212500006      0.118134722    
  0.412500024      0.212500006      0.112840772    
  0.437500000      0.212500006      0.108876377    
  0.462500006      0.212500006      0.106251180    
  0.487500012      0.212500006      0.104956187    
  0.512500048      0.212500006      0.104982935    
  0.537500024      0.212500006      0.106261037    
  0.562500000      0.212500006      0.108732276    
  0.587499976      0.212500006      0.112445995    
  0.612500012      0.212500006      0.117499366    
  0.637500048      0.212500006      0.124037147    
  0.662500024      0.212500006      0.132259414    
  0.687500000      0.212500006      0.142431453    
  0.712499976      0.212500006      0.154893458    
  0.737500012      0.212500006      0.170065761    
  0.762500048      0.212500006      0.188443646    
  0.787500024      0.212500006      0.210572124    
  0.812500000      0.212500006      0.236987144    
  0.837499976      0.212500006      0.268101543    
  0.862500012      0.212500006      0.304015636    
  0.887500048      0.212500006      0.344222337    
  0.912500024      0.212500006      0.387200117    
  0.937500000      0.212500006      0.429912657    
  0.962499976      0.212500006      0.467310995    
  0.987500012      0.212500006      0.491887897    
   1.00000000      0.212500006      0.491887897    
 
   0.00000000      0.237500012       8.99539813E-02
   1.25000002E-02  0.237500012       8.99539813E-02
   3.75000015E-02  0.237500012      0.112681046    
   6.25000000E-02  0.237500012      0.138857275    
   8.75000060E-02  0.237500012      0.159387723    
  0.112499997      0.237500012      0.172170669    
  0.137500003      0.237500012      0.177763328    
  0.162499994      0.237500012      0.177446634    
  0.187500000      0.237500012      0.172627836    
  0.212500006      0.237500012      0.164662719    
  0.237500012      0.237500012      0.154776499    
  0.262499988      0.237500012      0.144014150    
  0.287500024      0.237500012      0.133212611    
  0.312500000      0.237500012      0.122994736    
  0.337500006      0.237500012      0.113784306    
  0.362500012      0.237500012      0.105835401    
  0.387499988      0.237500012       9.92699489E-02
  0.412500024      0.237500012       9.41173807E-02
  0.437500000      0.237500012       9.03517529E-02
  0.462500006      0.237500012       8.79221484E-02
  0.487500012      0.237500012       8.67764428E-02
  0.512500048      0.237500012       8.68786275E-02
  0.537500024      0.237500012       8.81379917E-02
  0.562500000      0.237500012       9.04854685E-02
  0.587499976      0.237500012       9.39668790E-02
  0.612500012      0.237500012       9.86763239E-02
  0.637500048      0.237500012      0.104756594    
  0.662500024      0.237500012      0.112411283    
  0.687500000      0.237500012      0.121921264    
  0.712499976      0.237500012      0.133663654    
  0.737500012      0.237500012      0.148128763    
  0.762500048      0.237500012      0.165927649    
  0.787500024      0.237500012      0.187778175    
  0.812500000      0.237500012      0.214451373    
  0.837499976      0.237500012      0.246648848    
  0.862500012      0.237500012      0.284774452    
  0.887500048      0.237500012      0.328555644    
  0.912500024      0.237500012      0.376483232    
  0.937500000      0.237500012      0.425093144    
  0.962499976      0.237500012      0.468249202    
  0.987500012      0.237500012      0.496679932    
   1.00000000      0.237500012      0.496679932    
 
   0.00000000      0.262499988       9.42329690E-02
   1.25000002E-02  0.262499988       9.42329690E-02
   3.75000015E-02  0.262499988      0.116563976    
   6.25000000E-02  0.262499988      0.141896173    
   8.75000060E-02  0.262499988      0.160886899    
  0.112499997      0.262499988      0.171466574    
  0.137500003      0.262499988      0.174426451    
  0.162499994      0.262499988      0.171339273    
  0.187500000      0.262499988      0.163878128    
  0.212500006      0.262499988      0.153600723    
  0.237500012      0.262499988      0.141856626    
  0.262499988      0.262499988      0.129739091    
  0.287500024      0.262499988      0.118068002    
  0.312500000      0.262499988      0.107402653    
  0.337500006      0.262499988       9.80758592E-02
  0.362500012      0.262499988       9.02415961E-02
  0.387499988      0.262499988       8.39271024E-02
  0.412500024      0.262499988       7.90812522E-02
  0.437500000      0.262499988       7.56157786E-02
  0.462500006      0.262499988       7.34360442E-02
  0.487500012      0.262499988       7.24621341E-02
  0.512500048      0.262499988       7.26428404E-02
  0.537500024      0.262499988       7.38857910E-02
  0.562500000      0.262499988       7.61260092E-02
  0.587499976      0.262499988       7.94050768E-02
  0.612500012      0.262499988       8.38072747E-02
  0.637500048      0.262499988       8.94617140E-02
  0.662500024      0.262499988       9.65584889E-02
  0.687500000      0.262499988      0.105372570    
  0.712499976      0.262499988      0.116293311    
  0.737500012      0.262499988      0.129855111    
  0.762500048      0.262499988      0.146761939    
  0.787500024      0.262499988      0.167891443    
  0.812500000      0.262499988      0.194254637    
  0.837499976      0.262499988      0.226874784    
  0.862500012      0.262499988      0.266529590    
  0.887500048      0.262499988      0.313287050    
  0.912500024      0.262499988      0.365769804    
  0.937500000      0.262499988      0.420160145    
  0.962499976      0.262499988      0.469174892    
  0.987500012      0.262499988      0.501561940    
   1.00000000      0.262499988      0.501561940    
 
   0.00000000      0.287500024       9.79650393E-02
   1.25000002E-02  0.287500024       9.79650393E-02
   3.75000015E-02  0.287500024      0.119688451    
   6.25000000E-02  0.287500024      0.144005477    
   8.75000060E-02  0.287500024      0.161420792    
  0.112499997      0.287500024      0.169909716    
  0.137500003      0.287500024      0.170486987    
  0.162499994      0.287500024      0.164996356    
  0.187500000      0.287500024      0.155345440    
  0.212500006      0.287500024      0.143255755    
  0.237500012      0.287500024      0.130160451    
  0.262499988      0.287500024      0.117163256    
  0.287500024      0.287500024      0.105038092    
  0.312500000      0.287500024       9.42621455E-02
  0.337500006      0.287500024       8.50702599E-02
  0.362500012      0.287500024       7.75197595E-02
  0.387499988      0.287500024       7.15536401E-02
  0.412500024      0.287500024       6.70555830E-02
  0.437500000      0.287500024       6.38923571E-02
  0.462500006      0.287500024       6.19426817E-02
  0.487500012      0.287500024       6.11144863E-02
  0.512500048      0.287500024       6.13535531E-02
  0.537500024      0.287500024       6.25803098E-02
  0.562500000      0.287500024       6.47436082E-02
  0.587499976      0.287500024       6.78803027E-02
  0.612500012      0.287500024       7.20593035E-02
  0.637500048      0.287500024       7.73855820E-02
  0.662500024      0.287500024       8.40204060E-02
  0.687500000      0.287500024       9.22123343E-02
  0.712499976      0.287500024      0.102337174    
  0.737500012      0.287500024      0.114944384    
  0.762500048      0.287500024      0.130800962    
  0.787500024      0.287500024      0.150918961    
  0.812500000      0.287500024      0.176538095    
  0.837499976      0.287500024      0.209017292    
  0.862500012      0.287500024      0.249560848    
  0.887500048      0.287500024      0.298677713    
  0.912500024      0.287500024      0.355254889    
  0.937500000      0.287500024      0.415226638    
  0.962499976      0.287500024      0.470140934    
  0.987500012      0.287500024      0.506557524    
   1.00000000      0.287500024      0.506557524    
 
   0.00000000      0.312500000      0.101213977    
   1.25000002E-02  0.312500000      0.101213977    
   3.75000015E-02  0.312500000      0.122170463    
   6.25000000E-02  0.312500000      0.145374537    
   8.75000060E-02  0.312500000      0.161258027    
  0.112499997      0.312500000      0.167838216    
  0.137500003      0.312500000      0.166328028    
  0.162499994      0.312500000      0.158809498    
  0.187500000      0.312500000      0.147388965    
  0.212500006      0.312500000      0.133914113    
  0.237500012      0.312500000      0.119867377    
  0.262499988      0.312500000      0.106336020    
  0.287500024      0.312500000       9.40305591E-02
  0.312500000      0.312500000       8.33389238E-02
  0.337500006      0.312500000       7.44002461E-02
  0.362500012      0.312500000       6.71841204E-02
  0.387499988      0.312500000       6.15630038E-02
  0.412500024      0.312500000       5.73713891E-02
  0.437500000      0.312500000       5.44479005E-02
  0.462500006      0.312500000       5.26611581E-02
  0.487500012      0.312500000       5.19220382E-02
  0.512500048      0.312500000       5.21859229E-02
  0.537500024      0.312500000       5.33959493E-02
  0.562500000      0.312500000       5.55196963E-02
  0.587499976      0.312500000       5.85889965E-02
  0.612500012      0.312500000       6.26535490E-02
  0.637500048      0.312500000       6.77864924E-02
  0.662500024      0.312500000       7.41082206E-02
  0.687500000      0.312500000       8.18235129E-02
  0.712499976      0.312500000       9.12717804E-02
  0.737500012      0.312500000      0.102988675    
  0.762500048      0.312500000      0.117771596    
  0.787500024      0.312500000      0.136734113    
  0.812500000      0.312500000      0.161318824    
  0.837499976      0.312500000      0.193214312    
  0.862500012      0.312500000      0.234082639    
  0.887500048      0.312500000      0.284956276    
  0.912500024      0.312500000      0.345122486    
  0.937500000      0.312500000      0.410402447    
  0.962499976      0.312500000      0.471193910    
  0.987500012      0.312500000      0.511687398    
   1.00000000      0.312500000      0.511687398    
 
   0.00000000      0.337500006      0.104036473    
   1.25000002E-02  0.337500006      0.104036473    
   3.75000015E-02  0.337500006      0.124110520    
   6.25000000E-02  0.337500006      0.146160632    
   8.75000060E-02  0.337500006      0.160612658    
  0.112499997      0.337500006      0.165510058    
  0.137500003      0.337500006      0.162226051    
  0.162499994      0.337500006      0.153041527    
  0.187500000      0.337500006      0.140223965    
  0.212500006      0.337500006      0.125713676    
  0.237500012      0.337500006      0.111016363    
  0.262499988      0.337500006       9.71859246E-02
  0.287500024      0.337500006       8.48622471E-02
  0.312500000      0.337500006       7.43453875E-02
  0.337500006      0.337500006       6.56862929E-02
  0.362500012      0.337500006       5.87785393E-02
  0.387499988      0.337500006       5.34379221E-02
  0.412500024      0.337500006       4.94642667E-02
  0.437500000      0.337500006       4.66829948E-02
  0.462500006      0.337500006       4.49675918E-02
  0.487500012      0.337500006       4.42459919E-02
  0.512500048      0.337500006       4.44957949E-02
  0.537500024      0.337500006       4.56885584E-02
  0.562500000      0.337500006       4.78106923E-02
  0.587499976      0.337500006       5.08889109E-02
  0.612500012      0.337500006       5.49512655E-02
  0.637500048      0.337500006       6.00346513E-02
  0.662500024      0.337500006       6.62109479E-02
  0.687500000      0.337500006       7.36289471E-02
  0.712499976      0.337500006       8.25737864E-02
  0.737500012      0.337500006       9.35426056E-02
  0.762500048      0.337500006      0.107331708    
  0.787500024      0.337500006      0.125120029    
  0.812500000      0.337500006      0.148517594    
  0.837499976      0.337500006      0.179518148    
  0.862500012      0.337500006      0.220246986    
  0.887500048      0.337500006      0.272319317    
  0.912500024      0.337500006      0.335547030    
  0.937500000      0.337500006      0.405795336    
  0.962499976      0.337500006      0.472378284    
  0.987500012      0.337500006      0.516970158    
   1.00000000      0.337500006      0.516970158    
 
   0.00000000      0.362500012      0.106483005    
   1.25000002E-02  0.362500012      0.106483005    
   3.75000015E-02  0.362500012      0.125594750    
   6.25000000E-02  0.362500012      0.146492511    
   8.75000060E-02  0.362500012      0.159652457    
  0.112499997      0.362500012      0.163118064    
  0.137500003      0.362500012      0.158376247    
  0.162499994      0.362500012      0.147862956    
  0.187500000      0.362500012      0.133969963    
  0.212500006      0.362500012      0.118702553    
  0.237500012      0.362500012      0.103571959    
  0.262499988      0.362500012       8.95906910E-02
  0.287500024      0.362500012       7.73291215E-02
  0.312500000      0.362500012       6.70064837E-02
  0.337500006      0.362500012       5.85967042E-02
  0.362500012      0.362500012       5.19295670E-02
  0.387499988      0.362500012       4.67766002E-02
  0.412500024      0.362500012       4.29149270E-02
  0.437500000      0.362500012       4.01685163E-02
  0.462500006      0.362500012       3.84277552E-02
  0.487500012      0.362500012       3.76504213E-02
  0.512500048      0.362500012       3.78485806E-02
  0.537500024      0.362500012       3.90246250E-02
  0.562500000      0.362500012       4.11795676E-02
  0.587499976      0.362500012       4.43341024E-02
  0.612500012      0.362500012       4.84937504E-02
  0.637500048      0.362500012       5.36575504E-02
  0.662500024      0.362500012       5.98459058E-02
  0.687500000      0.362500012       6.71456978E-02
  0.712499976      0.362500012       7.57763460E-02
  0.737500012      0.362500012       8.61780494E-02
  0.762500048      0.362500012       9.91194993E-02
  0.787500024      0.362500012      0.115810238    
  0.812500000      0.362500012      0.137987345    
  0.837499976      0.362500012      0.167911276    
  0.862500012      0.362500012      0.208150864    
  0.887500048      0.362500012      0.260931283    
  0.912500024      0.362500012      0.326693058    
  0.937500000      0.362500012      0.401511878    
  0.962499976      0.362500012      0.473735213    
  0.987500012      0.362500012      0.522423327    
   1.00000000      0.362500012      0.522423327    
 
   0.00000000      0.387499988      0.108598255    
   1.25000002E-02  0.387499988      0.108598255    
   3.75000015E-02  0.387499988      0.126696169    
   6.25000000E-02  0.387499988      0.146473810    
   8.75000060E-02  0.387499988      0.158505589    
  0.112499997      0.387499988      0.160802394    
  0.137500003      0.387499988      0.154912159    
  0.162499994      0.387499988      0.143379331    
  0.187500000      0.387499988      0.128685594    
  0.212500006      0.387499988      0.112879239    
  0.237500012      0.387499988       9.74665433E-02
  0.262499988      0.387499988       8.34187791E-02
  0.287500024      0.387499988       7.12436959E-02
  0.312500000      0.387499988       6.10915273E-02
  0.337500006      0.387499988       5.28719239E-02
  0.362500012      0.387499988       4.63631265E-02
  0.387499988      0.387499988       4.13024873E-02
  0.412500024      0.387499988       3.74527164E-02
  0.437500000      0.387499988       3.46437283E-02
  0.462500006      0.387499988       3.27911340E-02
  0.487500012      0.387499988       3.18931229E-02
  0.512500048      0.387499988       3.20084728E-02
  0.537500024      0.387499988       3.31710987E-02
  0.562500000      0.387499988       3.53883207E-02
  0.587499976      0.387499988       3.86721455E-02
  0.612500012      0.387499988       4.30051051E-02
  0.637500048      0.387499988       4.83497716E-02
  0.662500024      0.387499988       5.46766631E-02
  0.687500000      0.387499988       6.20107204E-02
  0.712499976      0.387499988       7.05012977E-02
  0.737500012      0.387499988       8.05210918E-02
  0.762500048      0.387499988       9.27916616E-02
  0.787500024      0.387499988      0.108523905    
  0.812500000      0.387499988      0.129541412    
  0.837499976      0.387499988      0.158324316    
  0.862500012      0.387499988      0.197843134    
  0.887500048      0.387499988      0.250926614    
  0.912500024      0.387499988      0.318714529    
  0.937500000      0.387499988      0.397657812    
  0.962499976      0.387499988      0.475303113    
  0.987500012      0.387499988      0.528064609    
   1.00000000      0.387499988      0.528064609    
 
   0.00000000      0.412500024      0.110421695    
   1.25000002E-02  0.412500024      0.110421695    
   3.75000015E-02  0.412500024      0.127476275    
   6.25000000E-02  0.412500024      0.146186098    
   8.75000060E-02  0.412500024      0.157267079    
  0.112499997      0.412500024      0.158661306    
  0.137500003      0.412500024      0.151920855    
  0.162499994      0.412500024      0.139651224    
  0.187500000      0.412500024      0.124392278    
  0.212500006      0.412500024      0.108218163    
  0.237500012      0.412500024       9.26261470E-02
  0.262499988      0.412500024       7.85518959E-02
  0.287500024      0.412500024       6.64527491E-02
  0.312500000      0.412500024       5.64245582E-02
  0.337500006      0.412500024       4.83269989E-02
  0.362500012      0.412500024       4.18985598E-02
  0.387499988      0.412500024       3.68504226E-02
  0.412500024      0.412500024       3.29351388E-02
  0.437500000      0.412500024       2.99907830E-02
  0.462500006      0.412500024       2.79611908E-02
  0.487500012      0.412500024       2.68924292E-02
  0.512500048      0.412500024       2.69039441E-02
  0.537500024      0.412500024       2.80618202E-02
  0.562500000      0.412500024       3.03665921E-02
  0.587499976      0.412500024       3.38161066E-02
  0.612500012      0.412500024       3.83696705E-02
  0.637500048      0.412500024       4.39573117E-02
  0.662500024      0.412500024       5.05056717E-02
  0.687500000      0.412500024       5.79828545E-02
  0.712499976      0.412500024       6.64706975E-02
  0.737500012      0.412500024       7.62714073E-02
  0.762500048      0.412500024       8.80487636E-02
  0.787500024      0.412500024      0.102992818    
  0.812500000      0.412500024      0.122978300    
  0.837499976      0.412500024      0.150654197    
  0.862500012      0.412500024      0.189334705    
  0.887500048      0.412500024      0.242412284    
  0.912500024      0.412500024      0.311755329    
  0.937500000      0.412500024      0.394337714    
  0.962499976      0.412500024      0.477118194    
  0.987500012      0.412500024      0.533912957    
   1.00000000      0.412500024      0.533912957    
 
   0.00000000      0.437500000      0.111988187    
   1.25000002E-02  0.437500000      0.111988187    
   3.75000015E-02  0.437500000      0.127986163    
   6.25000000E-02  0.437500000      0.145691797    
   8.75000060E-02  0.437500000      0.156003699    
  0.112499997      0.437500000      0.156758532    
  0.137500003      0.437500000      0.149453953    
  0.162499994      0.437500000      0.136708587    
  0.187500000      0.437500000      0.121090308    
  0.212500006      0.437500000      0.104686171    
  0.237500012      0.437500000       8.89847055E-02
  0.262499988      0.437500000       7.48961046E-02
  0.287500024      0.437500000       6.28426075E-02
  0.312500000      0.437500000       5.28827533E-02
  0.337500006      0.437500000       4.48419228E-02
  0.362500012      0.437500000       3.84305939E-02
  0.387499988      0.437500000       3.33404727E-02
  0.412500024      0.437500000       2.93152146E-02
  0.437500000      0.437500000       2.61976738E-02
  0.462500006      0.437500000       2.39557996E-02
  0.487500012      0.437500000       2.26862524E-02
  0.512500048      0.437500000       2.25860272E-02
  0.537500024      0.437500000       2.37560738E-02
  0.562500000      0.437500000       2.61706747E-02
  0.587499976      0.437500000       2.98047718E-02
  0.612500012      0.437500000       3.45952958E-02
  0.637500048      0.437500000       4.04465087E-02
  0.662500024      0.437500000       4.72505018E-02
  0.687500000      0.437500000       5.49281463E-02
  0.712499976      0.437500000       6.35017529E-02
  0.737500012      0.437500000       7.32072070E-02
  0.762500048      0.437500000       8.46480802E-02
  0.787500024      0.437500000       9.89808440E-02
  0.812500000      0.437500000      0.118102580    
  0.837499976      0.437500000      0.144782498    
  0.862500012      0.437500000      0.182609588    
  0.887500048      0.437500000      0.235471293    
  0.912500024      0.437500000      0.305948764    
  0.937500000      0.437500000      0.391655564    
  0.962499976      0.437500000      0.479213834    
  0.987500012      0.437500000      0.539988160    
   1.00000000      0.437500000      0.539988160    
 
   0.00000000      0.462500006      0.113328293    
   1.25000002E-02  0.462500006      0.113328293    
   3.75000015E-02  0.462500006      0.128268376    
   6.25000000E-02  0.462500006      0.145036831    
   8.75000060E-02  0.462500006      0.154757828    
  0.112499997      0.462500006      0.155128911    
  0.137500003      0.462500006      0.147534758    
  0.162499994      0.462500006      0.134558752    
  0.187500000      0.462500006      0.118767872    
  0.212500006      0.462500006      0.102251150    
  0.237500012      0.462500006       8.64914656E-02
  0.262499988      0.462500006       7.23859221E-02
  0.287500024      0.462500006       6.03391342E-02
  0.312500000      0.462500006       5.03909327E-02
  0.337500006      0.462500006       4.23490033E-02
  0.362500012      0.462500006       3.59085575E-02
  0.387499988      0.462500006       3.07489317E-02
  0.412500024      0.462500006       2.66053937E-02
  0.437500000      0.462500006       2.33187284E-02
  0.462500006      0.462500006       2.08690818E-02
  0.487500012      0.462500006       1.93964839E-02
  0.512500048      0.462500006       1.91944558E-02
  0.537500024      0.462500006       2.04033628E-02
  0.562500000      0.462500006       2.29439214E-02
  0.587499976      0.462500006       2.67602671E-02
  0.612500012      0.462500006       3.17714848E-02
  0.637500048      0.462500006       3.78657207E-02
  0.662500024      0.462500006       4.49118093E-02
  0.687500000      0.462500006       5.27954884E-02
  0.712499976      0.462500006       6.14913031E-02
  0.737500012      0.462500006       7.11790323E-02
  0.762500048      0.462500006       8.24072212E-02
  0.787500024      0.462500006       9.62945074E-02
  0.812500000      0.462500006      0.114740476    
  0.837499976      0.462500006      0.140590653    
  0.862500012      0.462500006      0.177636549    
  0.887500048      0.462500006      0.230167881    
  0.912500024      0.462500006      0.301417977    
  0.937500000      0.462500006      0.389714330    
  0.962499976      0.462500006      0.481621474    
  0.987500012      0.462500006      0.546312928    
   1.00000000      0.462500006      0.546312928    
 
   0.00000000      0.487500012      0.114471965    
   1.25000002E-02  0.487500012      0.114471965    
   3.75000015E-02  0.487500012      0.128360599    
   6.25000000E-02  0.487500012      0.144252092    
   8.75000060E-02  0.487500012      0.153545246    
  0.112499997      0.487500012      0.153774142    
  0.137500003      0.487500012      0.146153972    
  0.162499994      0.487500012      0.133183882    
  0.187500000      0.487500012      0.117400452    
  0.212500006      0.487500012      0.100883707    
  0.237500012      0.487500012       8.51140469E-02
  0.262499988      0.487500012       7.09882304E-02
  0.287500024      0.487500012       5.89109957E-02
  0.312500000      0.487500012       4.89224643E-02
  0.337500006      0.487500012       4.08299938E-02
  0.362500012      0.487500012       3.43274251E-02
  0.387499988      0.487500012       2.90912651E-02
  0.412500024      0.487500012       2.48519313E-02
  0.437500000      0.487500012       2.14440897E-02
  0.462500006      0.487500012       1.88451838E-02
  0.487500012      0.487500012       1.72154792E-02
  0.512500048      0.487500012       1.69499516E-02
  0.537500024      0.487500012       1.82231795E-02
  0.562500000      0.487500012       2.08835062E-02
  0.587499976      0.487500012       2.48483121E-02
  0.612500012      0.487500012       3.00288517E-02
  0.637500048      0.487500012       3.63071337E-02
  0.662500024      0.487500012       4.35394049E-02
  0.687500000      0.487500012       5.15884124E-02
  0.712499976      0.487500012       6.03950098E-02
  0.737500012      0.487500012       7.00971708E-02
  0.762500048      0.487500012       8.12000409E-02
  0.787500024      0.487500012       9.47878659E-02
  0.812500000      0.487500012      0.112750895    
  0.837499976      0.487500012      0.137974307    
  0.862500012      0.487500012      0.174379885    
  0.887500048      0.487500012      0.226552695    
  0.912500024      0.487500012      0.298276424    
  0.937500000      0.487500012      0.388615370    
  0.962499976      0.487500012      0.484369278    
  0.987500012      0.487500012      0.552913249    
   1.00000000      0.487500012      0.552913249    
 
   0.00000000      0.512500048      0.115481406    
   1.25000002E-02  0.512500048      0.115481406    
   3.75000015E-02  0.512500048      0.128336698    
   6.25000000E-02  0.512500048      0.143347383    
   8.75000060E-02  0.512500048      0.152293786    
  0.112499997      0.512500048      0.152568027    
  0.137500003      0.512500048      0.145169273    
  0.162499994      0.512500048      0.132455915    
  0.187500000      0.512500048      0.116893224    
  0.212500006      0.512500048      0.100530982    
  0.237500012      0.512500048       8.48422498E-02
  0.262499988      0.512500048       7.07302317E-02
  0.287500024      0.512500048       5.86142056E-02
  0.312500000      0.512500048       4.85523939E-02
  0.337500006      0.512500048       4.03704494E-02
  0.362500012      0.512500048       3.37779447E-02
  0.387499988      0.512500048       2.84632221E-02
  0.412500024      0.512500048       2.41637509E-02
  0.437500000      0.512500048       2.07165387E-02
  0.462500006      0.512500048       1.80957131E-02
  0.487500012      0.512500048       1.64522231E-02
  0.512500048      0.512500048       1.61899794E-02
  0.537500024      0.512500048       1.74924564E-02
  0.562500000      0.512500048       2.02065092E-02
  0.587499976      0.512500048       2.42400449E-02
  0.612500012      0.512500048       2.95020230E-02
  0.637500048      0.512500048       3.58723849E-02
  0.662500024      0.512500048       4.32010219E-02
  0.687500000      0.512500048       5.13382107E-02
  0.712499976      0.512500048       6.02057092E-02
  0.737500012      0.512500048       6.99167475E-02
  0.762500048      0.512500048       8.09492320E-02
  0.787500024      0.512500048       9.43625793E-02
  0.812500000      0.512500048      0.112032562    
  0.837499976      0.512500048      0.136854008    
  0.862500012      0.512500048      0.172810867    
  0.887500048      0.512500048      0.224669158    
  0.912500024      0.512500048      0.296628237    
  0.937500000      0.512500048      0.388457805    
  0.962499976      0.512500048      0.487482369    
  0.987500012      0.512500048      0.559819221    
   1.00000000      0.512500048      0.559819221    
 
   0.00000000      0.537500024      0.116404675    
   1.25000002E-02  0.537500024      0.116404675    
   3.75000015E-02  0.537500024      0.128253445    
   6.25000000E-02  0.537500024      0.142334566    
   8.75000060E-02  0.537500024      0.150942802    
  0.112499997      0.537500024      0.151391417    
  0.137500003      0.537500024      0.144435927    
  0.162499994      0.537500024      0.132235900    
  0.187500000      0.537500024      0.117136024    
  0.212500006      0.537500024      0.101124734    
  0.237500012      0.537500024       8.56540799E-02
  0.262499988      0.537500024       7.16338009E-02
  0.287500024      0.537500024       5.95071763E-02
  0.312500000      0.537500024       4.93656434E-02
  0.337500006      0.537500024       4.10706885E-02
  0.362500012      0.537500024       3.43652554E-02
  0.387499988      0.537500024       2.89655086E-02
  0.412500024      0.537500024       2.46296879E-02
  0.437500000      0.537500024       2.12069619E-02
  0.462500006      0.537500024       1.86701249E-02
  0.487500012      0.537500024       1.71407871E-02
  0.512500048      0.537500024       1.69376321E-02
  0.537500024      0.537500024       1.82281695E-02
  0.562500000      0.537500024       2.09266208E-02
  0.587499976      0.537500024       2.49538198E-02
  0.612500012      0.537500024       3.02177854E-02
  0.637500048      0.537500024       3.65947485E-02
  0.662500024      0.537500024       4.39298451E-02
  0.687500000      0.537500024       5.20677753E-02
  0.712499976      0.537500024       6.09235801E-02
  0.737500012      0.537500024       7.06028864E-02
  0.762500048      0.537500024       8.15751925E-02
  0.787500024      0.537500024       9.48911458E-02
  0.812500000      0.537500024      0.112418175    
  0.837499976      0.537500024      0.137047276    
  0.862500012      0.537500024      0.172778890    
  0.887500048      0.537500024      0.224468425    
  0.912500024      0.537500024      0.296599984    
  0.937500000      0.537500024      0.389557332    
  0.962499976      0.537500024      0.491338938    
  0.987500012      0.537500024      0.567272425    
   1.00000000      0.537500024      0.567272425    
 
   0.00000000      0.562500000      0.117248654    
   1.25000002E-02  0.562500000      0.117248654    
   3.75000015E-02  0.562500000      0.128116995    
   6.25000000E-02  0.562500000      0.141235307    
   8.75000060E-02  0.562500000      0.149506882    
  0.112499997      0.562500000      0.150231689    
  0.137500003      0.562500000      0.143910795    
  0.162499994      0.562500000      0.132459566    
  0.187500000      0.562500000      0.118056603    
  0.212500006      0.562500000      0.102597721    
  0.237500012      0.562500000       8.74981210E-02
  0.262499988      0.562500000       7.36704916E-02
  0.287500024      0.562500000       6.15877397E-02
  0.312500000      0.562500000       5.13854362E-02
  0.337500006      0.562500000       4.29744981E-02
  0.362500012      0.562500000       3.61448340E-02
  0.387499988      0.562500000       3.06521580E-02
  0.412500024      0.562500000       2.62834895E-02
  0.437500000      0.562500000       2.29020882E-02
  0.462500006      0.562500000       2.04728823E-02
  0.487500012      0.562500000       1.90756433E-02
  0.512500048      0.562500000       1.89489592E-02
  0.537500024      0.562500000       2.02436745E-02
  0.562500000      0.562500000       2.29194984E-02
  0.587499976      0.562500000       2.69146282E-02
  0.612500012      0.562500000       3.21386419E-02
  0.637500048      0.562500000       3.84641103E-02
  0.662500024      0.562500000       4.57330309E-02
  0.687500000      0.562500000       5.37899919E-02
  0.712499976      0.562500000       6.25541434E-02
  0.737500012      0.562500000       7.21396655E-02
  0.762500048      0.562500000       8.30278024E-02
  0.787500024      0.562500000       9.62810516E-02
  0.812500000      0.562500000      0.113774106    
  0.837499976      0.562500000      0.138395190    
  0.862500012      0.562500000      0.174137175    
  0.887500048      0.562500000      0.225882351    
  0.912500024      0.562500000      0.298290163    
  0.937500000      0.562500000      0.392236948    
  0.962499976      0.562500000      0.496388823    
  0.987500012      0.562500000      0.575561047    
   1.00000000      0.562500000      0.575561047    
 
   0.00000000      0.587499976      0.118018858    
   1.25000002E-02  0.587499976      0.118018858    
   3.75000015E-02  0.587499976      0.127933607    
   6.25000000E-02  0.587499976      0.140069664    
   8.75000060E-02  0.587499976      0.147998571    
  0.112499997      0.587499976      0.149070531    
  0.137500003      0.587499976      0.143538952    
  0.162499994      0.587499976      0.133043736    
  0.187500000      0.587499976      0.119558781    
  0.212500006      0.587499976      0.104857236    
  0.237500012      0.587499976       9.02992040E-02
  0.262499988      0.587499976       7.67929256E-02
  0.287500024      0.587499976       6.48414195E-02
  0.312500000      0.587499976       5.46306036E-02
  0.337500006      0.587499976       4.61293235E-02
  0.362500012      0.587499976       3.91837768E-02
  0.387499988      0.587499976       3.35971490E-02
  0.412500024      0.587499976       2.91899592E-02
  0.437500000      0.587499976       2.58403495E-02
  0.462500006      0.587499976       2.35042814E-02
  0.487500012      0.587499976       2.22246945E-02
  0.512500048      0.587499976       2.21815556E-02
  0.537500024      0.587499976       2.35038288E-02
  0.562500000      0.587499976       2.61683557E-02
  0.587499976      0.587499976       3.01214848E-02
  0.612500012      0.587499976       3.52727361E-02
  0.637500048      0.587499976       4.14922237E-02
  0.662500024      0.587499976       4.86222841E-02
  0.687500000      0.587499976       5.65145090E-02
  0.712499976      0.587499976       6.51043057E-02
  0.737500012      0.587499976       7.45315552E-02
  0.762500048      0.587499976       8.53103101E-02
  0.787500024      0.587499976       9.85364765E-02
  0.812500000      0.587499976      0.116107620    
  0.837499976      0.587499976      0.140911192    
  0.862500012      0.587499976      0.176910326    
  0.887500048      0.587499976      0.228955269    
  0.912500024      0.587499976      0.301776797    
  0.937500000      0.587499976      0.396614432    
  0.962499976      0.587499976      0.502764106    
  0.987500012      0.587499976      0.584776640    
   1.00000000      0.587499976      0.584776640    
 
   0.00000000      0.612500012      0.118719988    
   1.25000002E-02  0.612500012      0.118719988    
   3.75000015E-02  0.612500012      0.127709270    
   6.25000000E-02  0.612500012      0.138855562    
   8.75000060E-02  0.612500012      0.146428630    
  0.112499997      0.612500012      0.147886500    
  0.137500003      0.612500012      0.143257096    
  0.162499994      0.612500012      0.133889541    
  0.187500000      0.612500012      0.121523924    
  0.212500006      0.612500012      0.107782967    
  0.237500012      0.612500012       9.39520746E-02
  0.262499988      0.612500012       8.09236169E-02
  0.287500024      0.612500012       6.92263469E-02
  0.312500000      0.612500012       5.90970851E-02
  0.337500006      0.612500012       5.05662933E-02
  0.362500012      0.612500012       4.35412340E-02
  0.387499988      0.612500012       3.78772169E-02
  0.412500024      0.612500012       3.34317908E-02
  0.437500000      0.612500012       3.01006883E-02
  0.462500006      0.612500012       2.78354529E-02
  0.487500012      0.612500012       2.66531371E-02
  0.512500048      0.612500012       2.66893599E-02
  0.537500024      0.612500012       2.80459896E-02
  0.562500000      0.612500012       3.06985080E-02
  0.587499976      0.612500012       3.45906578E-02
  0.612500012      0.612500012       3.96281332E-02
  0.637500048      0.612500012       4.56793196E-02
  0.662500024      0.612500012       5.25914431E-02
  0.687500000      0.612500012       6.02319911E-02
  0.712499976      0.612500012       6.85660616E-02
  0.737500012      0.612500012       7.77776688E-02
  0.762500048      0.612500012       8.84347931E-02
  0.787500024      0.612500012      0.101687036    
  0.812500000      0.612500012      0.119468220    
  0.837499976      0.612500012      0.144663751    
  0.862500012      0.612500012      0.181182519    
  0.887500048      0.612500012      0.233784139    
  0.912500024      0.612500012      0.307169050    
  0.937500000      0.612500012      0.402810544    
  0.962499976      0.612500012      0.510581374    
  0.987500012      0.612500012      0.595000803    
   1.00000000      0.612500012      0.595000803    
 
   0.00000000      0.637500048      0.119355440    
   1.25000002E-02  0.637500048      0.119355440    
   3.75000015E-02  0.637500048      0.127449691    
   6.25000000E-02  0.637500048      0.137609094    
   8.75000060E-02  0.637500048      0.144806460    
  0.112499997      0.637500048      0.146657437    
  0.137500003      0.637500048      0.142997637    
  0.162499994      0.637500048      0.134886950    
  0.187500000      0.637500048      0.123813353    
  0.212500006      0.637500048      0.111226156    
  0.237500012      0.637500048       9.83159915E-02
  0.262499988      0.637500048       8.59448612E-02
  0.287500024      0.637500048       7.46581405E-02
  0.312500000      0.637500048       6.47386611E-02
  0.337500006      0.637500048       5.62770888E-02
  0.362500012      0.637500048       4.92425188E-02
  0.387499988      0.637500048       4.35442217E-02
  0.412500024      0.637500048       3.90794016E-02
  0.437500000      0.637500048       3.57652679E-02
  0.462500006      0.637500048       3.35557200E-02
  0.487500012      0.637500048       3.24519463E-02
  0.512500048      0.637500048       3.25520784E-02
  0.537500024      0.637500048       3.39271575E-02
  0.562500000      0.637500048       3.65424007E-02
  0.587499976      0.637500048       4.03322913E-02
  0.612500012      0.637500048       4.51961271E-02
  0.637500048      0.637500048       5.10023087E-02
  0.662500024      0.637500048       5.76089174E-02
  0.687500000      0.637500048       6.49097860E-02
  0.712499976      0.637500048       7.29149431E-02
  0.737500012      0.637500048       8.18714797E-02
  0.762500048      0.637500048       9.24220234E-02
  0.787500024      0.637500048      0.105787277    
  0.812500000      0.637500048      0.123945870    
  0.837499976      0.637500048      0.149774149    
  0.862500012      0.637500048      0.187096283    
  0.887500048      0.637500048      0.240520701    
  0.912500024      0.637500048      0.314618319    
  0.937500000      0.637500048      0.410971195    
  0.962499976      0.637500048      0.519967675    
  0.987500012      0.637500048      0.606318414    
   1.00000000      0.637500048      0.606318414    
 
   0.00000000      0.662500024      0.119927756    
   1.25000002E-02  0.662500024      0.119927756    
   3.75000015E-02  0.662500024      0.127159953    
   6.25000000E-02  0.662500024      0.136344478    
   8.75000060E-02  0.662500024      0.143140912    
  0.112499997      0.662500024      0.145362273    
  0.137500003      0.662500024      0.142693058    
  0.162499994      0.662500024      0.135919914    
  0.187500000      0.662500024      0.126272798    
  0.212500006      0.662500024      0.115011074    
  0.237500012      0.662500024      0.103212096    
  0.262499988      0.662500024       9.16909501E-02
  0.287500024      0.662500024       8.09964687E-02
  0.312500000      0.662500024       7.14480504E-02
  0.337500006      0.662500024       6.31903633E-02
  0.362500012      0.662500024       5.62510118E-02
  0.387499988      0.662500024       5.05923145E-02
  0.412500024      0.662500024       4.61522676E-02
  0.437500000      0.662500024       4.28729877E-02
  0.462500006      0.662500024       4.07168716E-02
  0.487500012      0.662500024       3.96768302E-02
  0.512500048      0.662500024       3.98161784E-02
  0.537500024      0.662500024       4.11731862E-02
  0.562500000      0.662500024       4.37005274E-02
  0.587499976      0.662500024       4.73220088E-02
  0.612500012      0.662500024       5.19314222E-02
  0.637500048      0.662500024       5.74015342E-02
  0.662500024      0.662500024       6.36097938E-02
  0.687500000      0.662500024       7.04892725E-02
  0.712499976      0.662500024       7.81119838E-02
  0.737500012      0.662500024       8.68077204E-02
  0.762500048      0.662500024       9.73122716E-02
  0.787500024      0.662500024      0.110930197    
  0.812500000      0.662500024      0.129685864    
  0.837499976      0.662500024      0.156430215    
  0.862500012      0.662500024      0.194864467    
  0.887500048      0.662500024      0.249381274    
  0.912500024      0.662500024      0.324327081    
  0.937500000      0.662500024      0.421274126    
  0.962499976      0.662500024      0.531065404    
  0.987500012      0.662500024      0.618823707    
   1.00000000      0.662500024      0.618823707    
 
   0.00000000      0.687500000      0.120438650    
   1.25000002E-02  0.687500000      0.120438650    
   3.75000015E-02  0.687500000      0.126844466    
   6.25000000E-02  0.687500000      0.135074019    
   8.75000060E-02  0.687500000      0.141440511    
  0.112499997      0.687500000      0.143982962    
  0.137500003      0.687500000      0.142279625    
  0.162499994      0.687500000      0.136872023    
  0.187500000      0.687500000      0.128738284    
  0.212500006      0.687500000      0.118939504    
  0.237500012      0.687500000      0.108424611    
  0.262499988      0.687500000       9.79448706E-02
  0.287500024      0.687500000       8.80366713E-02
  0.312500000      0.687500000       7.90428519E-02
  0.337500006      0.687500000       7.11518228E-02
  0.362500012      0.687500000       6.44425452E-02
  0.387499988      0.687500000       5.89262806E-02
  0.412500024      0.687500000       5.45808412E-02
  0.437500000      0.687500000       5.13750911E-02
  0.462500006      0.687500000       4.92838696E-02
  0.487500012      0.687500000       4.82972078E-02
  0.512500048      0.687500000       4.84448858E-02
  0.537500024      0.687500000       4.97323051E-02
  0.562500000      0.687500000       5.21019176E-02
  0.587499976      0.687500000       5.54698259E-02
  0.612500012      0.687500000       5.97296432E-02
  0.637500048      0.687500000       6.47666752E-02
  0.662500024      0.687500000       7.04898536E-02
  0.687500000      0.687500000       7.68877044E-02
  0.712499976      0.687500000       8.41134414E-02
  0.737500012      0.687500000       9.25986096E-02
  0.762500048      0.687500000      0.103186943    
  0.787500024      0.687500000      0.117271863    
  0.812500000      0.687500000      0.136913612    
  0.837499976      0.687500000      0.164909378    
  0.862500012      0.687500000      0.204789251    
  0.887500048      0.687500000      0.260661930    
  0.912500024      0.687500000      0.336558729    
  0.937500000      0.687500000      0.433935165    
  0.962499976      0.687500000      0.544036329    
  0.987500012      0.687500000      0.632619917    
   1.00000000      0.687500000      0.632619917    
 
   0.00000000      0.712499976      0.120888546    
   1.25000002E-02  0.712499976      0.120888546    
   3.75000015E-02  0.712499976      0.126506656    
   6.25000000E-02  0.712499976      0.133807734    
   8.75000060E-02  0.712499976      0.139713541    
  0.112499997      0.712499976      0.142505720    
  0.137500003      0.712499976      0.141701013    
  0.162499994      0.712499976      0.137632623    
  0.187500000      0.712499976      0.131044030    
  0.212500006      0.712499976      0.122798733    
  0.237500012      0.712499976      0.113706969    
  0.262499988      0.712499976      0.104441032    
  0.287500024      0.712499976       9.55082327E-02
  0.312500000      0.712499976       8.72588754E-02
  0.337500006      0.712499976       7.99117610E-02
  0.362500012      0.712499976       7.35868067E-02
  0.387499988      0.712499976       6.83371574E-02
  0.412500024      0.712499976       6.41766265E-02
  0.437500000      0.712499976       6.11001998E-02
  0.462500006      0.712499976       5.90970404E-02
  0.487500012      0.712499976       5.81575483E-02
  0.512500048      0.712499976       5.82799986E-02
  0.537500024      0.712499976       5.94391897E-02
  0.562500000      0.712499976       6.15724586E-02
  0.587499976      0.712499976       6.45952597E-02
  0.612500012      0.712499976       6.84104040E-02
  0.637500048      0.712499976       7.29288161E-02
  0.662500024      0.712499976       7.81077445E-02
  0.687500000      0.712499976       8.40111077E-02
  0.712499976      0.712499976       9.08937380E-02
  0.737500012      0.712499976       9.93057191E-02
  0.762500048      0.712499976      0.110206477    
  0.787500024      0.712499976      0.125071928    
  0.812500000      0.712499976      0.145973608    
  0.837499976      0.712499976      0.175612226    
  0.862500012      0.712499976      0.217288360    
  0.887500048      0.712499976      0.274756134    
  0.912500024      0.712499976      0.351648867    
  0.937500000      0.712499976      0.449215233    
  0.962499976      0.712499976      0.559063971    
  0.987500012      0.712499976      0.647821069    
   1.00000000      0.712499976      0.647821069    
 
   0.00000000      0.737500012      0.121276557    
   1.25000002E-02  0.737500012      0.121276557    
   3.75000015E-02  0.737500012      0.126148269    
   6.25000000E-02  0.737500012      0.132553443    
   8.75000060E-02  0.737500012      0.137967899    
  0.112499997      0.737500012      0.140921906    
  0.137500003      0.737500012      0.140911311    
  0.162499994      0.737500012      0.138102621    
  0.187500000      0.737500012      0.133031279    
  0.212500006      0.737500012      0.126372129    
  0.237500012      0.737500012      0.118792996    
  0.262499988      0.737500012      0.110875420    
  0.287500024      0.737500012      0.103081927    
  0.312500000      0.737500012       9.57536772E-02
  0.337500006      0.737500012       8.91243368E-02
  0.362500012      0.737500012       8.33417922E-02
  0.387499988      0.737500012       7.84914717E-02
  0.412500024      0.737500012       7.46167749E-02
  0.437500000      0.737500012       7.17356950E-02
  0.462500006      0.737500012       6.98514432E-02
  0.487500012      0.737500012       6.89567178E-02
  0.512500048      0.737500012       6.90217540E-02
  0.537500024      0.737500012       6.99961483E-02
  0.562500000      0.737500012       7.18195960E-02
  0.587499976      0.737500012       7.44174644E-02
  0.612500012      0.737500012       7.77161121E-02
  0.637500048      0.737500012       8.16704482E-02
  0.662500024      0.737500012       8.63079354E-02
  0.687500000      0.737500012       9.17905644E-02
  0.712499976      0.737500012       9.84943062E-02
  0.737500012      0.737500012      0.107098363    
  0.762500048      0.737500012      0.118673861    
  0.787500024      0.737500012      0.134756193    
  0.812500000      0.737500012      0.157386020    
  0.837499976      0.737500012      0.189109415    
  0.862500012      0.737500012      0.232930467    
  0.887500048      0.737500012      0.292178780    
  0.912500024      0.737500012      0.370020092    
  0.937500000      0.737500012      0.467428118    
  0.962499976      0.737500012      0.576358557    
  0.987500012      0.737500012      0.664555192    
   1.00000000      0.737500012      0.664555192    
 
   0.00000000      0.762500048      0.121599957    
   1.25000002E-02  0.762500048      0.121599957    
   3.75000015E-02  0.762500048      0.125769109    
   6.25000000E-02  0.762500048      0.131316110    
   8.75000060E-02  0.762500048      0.136210904    
  0.112499997      0.762500048      0.139228016    
  0.137500003      0.762500048      0.139876902    
  0.162499994      0.762500048      0.138200164    
  0.187500000      0.762500048      0.134557396    
  0.212500006      0.762500048      0.129451990    
  0.237500012      0.762500048      0.123412386    
  0.262499988      0.762500048      0.116922356    
  0.287500024      0.762500048      0.110386722    
  0.312500000      0.762500048      0.104121812    
  0.337500006      0.762500048       9.83601809E-02
  0.362500012      0.762500048       9.32635069E-02
  0.387499988      0.762500048       8.89378116E-02
  0.412500024      0.762500048       8.54478404E-02
  0.437500000      0.762500048       8.28294307E-02
  0.462500006      0.762500048       8.10975954E-02
  0.487500012      0.762500048       8.02483484E-02
  0.512500048      0.762500048       8.02303627E-02
  0.537500024      0.762500048       8.09772462E-02
  0.562500000      0.762500048       8.24412555E-02
  0.587499976      0.762500048       8.45725909E-02
  0.612500012      0.762500048       8.73412713E-02
  0.637500048      0.762500048       9.07703638E-02
  0.662500024      0.762500048       9.49830487E-02
  0.687500000      0.762500048      0.100262158    
  0.712499976      0.762500048      0.107117891    
  0.737500012      0.762500048      0.116356418    
  0.762500048      0.762500048      0.129137814    
  0.787500024      0.762500048      0.147012666    
  0.812500000      0.762500048      0.171928763    
  0.837499976      0.762500048      0.206205681    
  0.862500012      0.762500048      0.252479672    
  0.887500048      0.762500048      0.313594311    
  0.912500024      0.762500048      0.392197907    
  0.937500000      0.762500048      0.488948733    
  0.962499976      0.762500048      0.596161246    
  0.987500012      0.762500048      0.682964504    
   1.00000000      0.762500048      0.682964504    
 
   0.00000000      0.787500024      0.121853180    
   1.25000002E-02  0.787500024      0.121853180    
   3.75000015E-02  0.787500024      0.125366256    
   6.25000000E-02  0.787500024      0.130097225    
   8.75000060E-02  0.787500024      0.134448394    
  0.112499997      0.787500024      0.137425512    
  0.137500003      0.787500024      0.138577998    
  0.162499994      0.787500024      0.137864679    
  0.187500000      0.787500024      0.135505095    
  0.212500006      0.787500024      0.131853938    
  0.237500012      0.787500024      0.127309978    
  0.262499988      0.787500024      0.122257926    
  0.287500024      0.787500024      0.117036059    
  0.312500000      0.787500024      0.111922704    
  0.337500006      0.787500024      0.107134931    
  0.362500012      0.787500024      0.102834150    
  0.387499988      0.787500024       9.91346613E-02
  0.412500024      0.787500024       9.61131305E-02
  0.437500000      0.787500024       9.38168615E-02
  0.462500006      0.787500024       9.22697037E-02
  0.487500012      0.787500024       9.14718360E-02
  0.512500048      0.787500024       9.13607106E-02
  0.537500024      0.787500024       9.18694213E-02
  0.562500000      0.787500024       9.29778293E-02
  0.587499976      0.787500024       9.46823955E-02
  0.612500012      0.787500024       9.70229357E-02
  0.637500048      0.787500024      0.100118935    
  0.662500024      0.787500024      0.104214415    
  0.687500000      0.787500024      0.109727912    
  0.712499976      0.787500024      0.117301844    
  0.737500012      0.787500024      0.127844408    
  0.762500048      0.787500024      0.142555937    
  0.787500024      0.787500024      0.162933379    
  0.812500000      0.787500024      0.190751523    
  0.837499976      0.787500024      0.228023648    
  0.862500012      0.787500024      0.276952177    
  0.887500048      0.787500024      0.339850754    
  0.912500024      0.787500024      0.418828338    
  0.937500000      0.787500024      0.514222801    
  0.962499976      0.787500024      0.618748605    
  0.987500012      0.787500024      0.703212500    
   1.00000000      0.787500024      0.703212500    
 
   0.00000000      0.812500000      0.122028425    
   1.25000002E-02  0.812500000      0.122028425    
   3.75000015E-02  0.812500000      0.124933936    
   6.25000000E-02  0.812500000      0.128895566    
   8.75000060E-02  0.812500000      0.132685602    
  0.112499997      0.812500000      0.135521337    
  0.137500003      0.812500000      0.137010261    
  0.162499994      0.812500000      0.137062475    
  0.187500000      0.812500000      0.135792747    
  0.212500006      0.812500000      0.133433744    
  0.237500012      0.812500000      0.130269766    
  0.262499988      0.812500000      0.126590952    
  0.287500024      0.812500000      0.122665435    
  0.312500000      0.812500000      0.118724711    
  0.337500006      0.812500000      0.114958622    
  0.362500012      0.812500000      0.111515924    
  0.387499988      0.812500000      0.108508170    
  0.412500024      0.812500000      0.106014997    
  0.437500000      0.812500000      0.104089133    
  0.462500006      0.812500000      0.102760419    
  0.487500012      0.812500000      0.102035247    
  0.512500048      0.812500000      0.101858541    
  0.537500024      0.812500000      0.102189347    
  0.562500000      0.812500000      0.103058018    
  0.587499976      0.812500000      0.104535580    
  0.612500012      0.812500000      0.106761679    
  0.637500048      0.812500000      0.109977841    
  0.662500024      0.812500000      0.114562295    
  0.687500000      0.812500000      0.121062957    
  0.712499976      0.812500000      0.130223259    
  0.737500012      0.812500000      0.142996192    
  0.762500048      0.812500000      0.160543278    
  0.787500024      0.812500000      0.184216604    
  0.812500000      0.812500000      0.215527579    
  0.837499976      0.812500000      0.256108791    
  0.862500012      0.812500000      0.307681918    
  0.887500048      0.812500000      0.372017056    
  0.912500024      0.812500000      0.450698853    
  0.937500000      0.812500000      0.543777168    
  0.962499976      0.812500000      0.644439399    
  0.987500012      0.812500000      0.725485802    
   1.00000000      0.812500000      0.725485802    
 
   0.00000000      0.837499976      0.122131117    
   1.25000002E-02  0.837499976      0.122131117    
   3.75000015E-02  0.837499976      0.124479994    
   6.25000000E-02  0.837499976      0.127723336    
   8.75000060E-02  0.837499976      0.130943909    
  0.112499997      0.837499976      0.133545935    
  0.137500003      0.837499976      0.135204583    
  0.162499994      0.837499976      0.135809720    
  0.187500000      0.837499976      0.135403961    
  0.212500006      0.837499976      0.134125859    
  0.237500012      0.837499976      0.132164270    
  0.262499988      0.837499976      0.129724860    
  0.287500024      0.837499976      0.127007574    
  0.312500000      0.837499976      0.124193408    
  0.337500006      0.837499976      0.121437810    
  0.362500012      0.837499976      0.118868537    
  0.387499988      0.837499976      0.116586328    
  0.412500024      0.837499976      0.114667319    
  0.437500000      0.837499976      0.113166161    
  0.462500006      0.837499976      0.112118758    
  0.487500012      0.837499976      0.111544229    
  0.512500048      0.837499976      0.111429863    
  0.537500024      0.837499976      0.111806624    
  0.562500000      0.837499976      0.112785541    
  0.587499976      0.837499976      0.114541434    
  0.612500012      0.837499976      0.117335469    
  0.637500048      0.837499976      0.121536374    
  0.662500024      0.837499976      0.127638519    
  0.687500000      0.837499976      0.136273593    
  0.712499976      0.837499976      0.148213029    
  0.737500012      0.837499976      0.164360330    
  0.762500048      0.837499976      0.185733676    
  0.787500024      0.837499976      0.213439792    
  0.812500000      0.837499976      0.248645231    
  0.837499976      0.837499976      0.292552769    
  0.862500012      0.837499976      0.346393466    
  0.887500048      0.837499976      0.411423415    
  0.912500024      0.837499976      0.488759249    
  0.937500000      0.837499976      0.578232408    
  0.962499976      0.837499976      0.673605323    
  0.987500012      0.837499976      0.750004172    
   1.00000000      0.837499976      0.750004172    
 
   0.00000000      0.862500012      0.122301072    
   1.25000002E-02  0.862500012      0.122301072    
   3.75000015E-02  0.862500012      0.124147773    
   6.25000000E-02  0.862500012      0.126731768    
   8.75000060E-02  0.862500012      0.129389986    
  0.112499997      0.862500012      0.131686628    
  0.137500003      0.862500012      0.133366987    
  0.162499994      0.862500012      0.134322003    
  0.187500000      0.862500012      0.134550422    
  0.212500006      0.862500012      0.134123892    
  0.237500012      0.862500012      0.133157521    
  0.262499988      0.862500012      0.131787062    
  0.287500024      0.862500012      0.130152360    
  0.312500000      0.862500012      0.128386617    
  0.337500006      0.862500012      0.126610100    
  0.362500012      0.862500012      0.124927290    
  0.387499988      0.862500012      0.123426169    
  0.412500024      0.862500012      0.122178994    
  0.437500000      0.862500012      0.121244587    
  0.462500006      0.862500012      0.120671831    
  0.487500012      0.862500012      0.120507695    
  0.512500048      0.862500012      0.120845735    
  0.537500024      0.862500012      0.121857569    
  0.562500000      0.862500012      0.123756364    
  0.587499976      0.862500012      0.126827866    
  0.612500012      0.862500012      0.131438747    
  0.637500048      0.862500012      0.138041541    
  0.662500024      0.862500012      0.147174254    
  0.687500000      0.862500012      0.159454063    
  0.712499976      0.862500012      0.175565869    
  0.737500012      0.862500012      0.196245745    
  0.762500048      0.862500012      0.222261846    
  0.787500024      0.862500012      0.254395068    
  0.812500000      0.862500012      0.293423772    
  0.837499976      0.862500012      0.340121865    
  0.862500012      0.862500012      0.395273447    
  0.887500048      0.862500012      0.459698319    
  0.912500024      0.862500012      0.534144580    
  0.937500000      0.862500012      0.618321002    
  0.962499976      0.862500012      0.706684411    
  0.987500012      0.862500012      0.777035177    
   1.00000000      0.862500012      0.777035177    
 
   0.00000000      0.887500048      0.123523086    
   1.25000002E-02  0.887500048      0.123523086    
   3.75000015E-02  0.887500048      0.124933109    
   6.25000000E-02  0.887500048      0.126938015    
   8.75000060E-02  0.887500048      0.129078031    
  0.112499997      0.887500048      0.131049618    
  0.137500003      0.887500048      0.132665887    
  0.162499994      0.887500048      0.133833423    
  0.187500000      0.887500048      0.134530902    
  0.212500006      0.887500048      0.134788752    
  0.237500012      0.887500048      0.134671763    
  0.262499988      0.887500048      0.134264782    
  0.287500024      0.887500048      0.133662120    
  0.312500000      0.887500048      0.132959619    
  0.337500006      0.887500048      0.132250592    
  0.362500012      0.887500048      0.131622910    
  0.387499988      0.887500048      0.131158695    
  0.412500024      0.887500048      0.130935252    
  0.437500000      0.887500048      0.131027475    
  0.462500006      0.887500048      0.131513134    
  0.487500012      0.887500048      0.132491812    
  0.512500048      0.887500048      0.134252816    
  0.537500024      0.887500048      0.137172386    
  0.562500000      0.887500048      0.141535416    
  0.587499976      0.887500048      0.147678733    
  0.612500012      0.887500048      0.155985951    
  0.637500048      0.887500048      0.166879371    
  0.662500024      0.887500048      0.180810362    
  0.687500000      0.887500048      0.198247999    
  0.712499976      0.887500048      0.219667375    
  0.737500012      0.887500048      0.245538145    
  0.762500048      0.887500048      0.276315421    
  0.787500024      0.887500048      0.312434644    
  0.812500000      0.887500048      0.354312927    
  0.837499976      0.887500048      0.402363420    
  0.862500012      0.887500048      0.457025677    
  0.887500048      0.887500048      0.518805742    
  0.912500024      0.887500048      0.588204741    
  0.937500000      0.887500048      0.664916217    
  0.962499976      0.887500048      0.744212747    
  0.987500012      0.887500048      0.806920707    
   1.00000000      0.887500048      0.806920707    
 
   0.00000000      0.912500024      0.130977347    
   1.25000002E-02  0.912500024      0.130977347    
   3.75000015E-02  0.912500024      0.132050529    
   6.25000000E-02  0.912500024      0.133620992    
   8.75000060E-02  0.912500024      0.135387167    
  0.112499997      0.912500024      0.137152076    
  0.137500003      0.912500024      0.138790876    
  0.162499994      0.912500024      0.140236497    
  0.187500000      0.912500024      0.141467124    
  0.212500006      0.912500024      0.142496064    
  0.237500012      0.912500024      0.143362403    
  0.262499988      0.912500024      0.144123346    
  0.287500024      0.912500024      0.144847989    
  0.312500000      0.912500024      0.145613372    
  0.337500006      0.912500024      0.146501750    
  0.362500012      0.912500024      0.147599712    
  0.387499988      0.912500024      0.148998410    
  0.412500024      0.912500024      0.150795221    
  0.437500000      0.912500024      0.153097123    
  0.462500006      0.912500024      0.156026751    
  0.487500012      0.912500024      0.159752712    
  0.512500048      0.912500024      0.164799616    
  0.537500024      0.912500024      0.171709582    
  0.562500000      0.912500024      0.180712238    
  0.587499976      0.912500024      0.192049563    
  0.612500012      0.912500024      0.205968052    
  0.637500048      0.912500024      0.222711816    
  0.662500024      0.912500024      0.242516696    
  0.687500000      0.912500024      0.265605420    
  0.712499976      0.912500024      0.292184591    
  0.737500012      0.912500024      0.322443247    
  0.762500048      0.912500024      0.356554359    
  0.787500024      0.912500024      0.394680619    
  0.812500000      0.912500024      0.436984211    
  0.837499976      0.912500024      0.483647525    
  0.862500012      0.912500024      0.534906328    
  0.887500048      0.912500024      0.591088712    
  0.912500024      0.912500024      0.652564585    
  0.937500000      0.912500024      0.719100833    
  0.962499976      0.912500024      0.786887050    
  0.987500012      0.912500024      0.840131819    
   1.00000000      0.912500024      0.840131819    
 
   0.00000000      0.937500000      0.166181087    
   1.25000002E-02  0.937500000      0.166181087    
   3.75000015E-02  0.937500000      0.167090833    
   6.25000000E-02  0.937500000      0.168508932    
   8.75000060E-02  0.937500000      0.170250714    
  0.112499997      0.937500000      0.172202036    
  0.137500003      0.937500000      0.174292862    
  0.162499994      0.937500000      0.176487282    
  0.187500000      0.937500000      0.178777665    
  0.212500006      0.937500000      0.181179285    
  0.237500012      0.937500000      0.183726579    
  0.262499988      0.937500000      0.186469302    
  0.287500024      0.937500000      0.189470112    
  0.312500000      0.937500000      0.192802832    
  0.337500006      0.937500000      0.196551308    
  0.362500012      0.937500000      0.200809479    
  0.387499988      0.937500000      0.205682367    
  0.412500024      0.937500000      0.211286992    
  0.437500000      0.937500000      0.217755407    
  0.462500006      0.937500000      0.225238979    
  0.487500012      0.937500000      0.233935207    
  0.512500048      0.937500000      0.244397238    
  0.537500024      0.937500000      0.257058233    
  0.562500000      0.937500000      0.271948099    
  0.587499976      0.937500000      0.289094061    
  0.612500012      0.937500000      0.308520019    
  0.637500048      0.937500000      0.330246568    
  0.662500024      0.937500000      0.354291201    
  0.687500000      0.937500000      0.380668849    
  0.712499976      0.937500000      0.409393281    
  0.737500012      0.937500000      0.440480649    
  0.762500048      0.937500000      0.473952085    
  0.787500024      0.937500000      0.509840369    
  0.812500000      0.937500000      0.548200727    
  0.837499976      0.937500000      0.589125752    
  0.862500012      0.937500000      0.632772028    
  0.887500048      0.937500000      0.679389000    
  0.912500024      0.937500000      0.729284167    
  0.937500000      0.937500000      0.782334566    
  0.962499976      0.937500000      0.835715473    
  0.987500012      0.937500000      0.877395689    
   1.00000000      0.937500000      0.877395689    
 
   0.00000000      0.962499976      0.296444148    
   1.25000002E-02  0.962499976      0.296444148    
   3.75000015E-02  0.962499976      0.297389030    
   6.25000000E-02  0.962499976      0.298985630    
   8.75000060E-02  0.962499976      0.301129013    
  0.112499997      0.962499976      0.303762615    
  0.137500003      0.962499976      0.306856036    
  0.162499994      0.962499976      0.310397834    
  0.187500000      0.962499976      0.314393014    
  0.212500006      0.962499976      0.318860263    
  0.237500012      0.962499976      0.323829770    
  0.262499988      0.962499976      0.329343051    
  0.287500024      0.962499976      0.335450172    
  0.312500000      0.962499976      0.342210263    
  0.337500006      0.962499976      0.349690527    
  0.362500012      0.962499976      0.357965648    
  0.387499988      0.962499976      0.367117673    
  0.412500024      0.962499976      0.377236664    
  0.437500000      0.962499976      0.388419777    
  0.462500006      0.962499976      0.400771737    
  0.487500012      0.962499976      0.414398849    
  0.512500048      0.962499976      0.429327309    
  0.537500024      0.962499976      0.445473254    
  0.562500000      0.962499976      0.462794751    
  0.587499976      0.962499976      0.481255412    
  0.612500012      0.962499976      0.500824392    
  0.637500048      0.962499976      0.521476030    
  0.662500024      0.962499976      0.543189883    
  0.687500000      0.962499976      0.565950871    
  0.712499976      0.962499976      0.589751303    
  0.737500012      0.962499976      0.614591002    
  0.762500048      0.962499976      0.640480876    
  0.787500024      0.962499976      0.667445898    
  0.812500000      0.962499976      0.695532441    
  0.837499976      0.962499976      0.724817097    
  0.862500012      0.962499976      0.755423725    
  0.887500048      0.962499976      0.787540078    
  0.912500024      0.962499976      0.821400344    
  0.937500000      0.962499976      0.856964707    
  0.962499976      0.962499976      0.892444789    
  0.987500012      0.962499976      0.920032978    
   1.00000000      0.962499976      0.920032978    
 
   0.00000000      0.987500012      0.658590972    
   1.25000002E-02  0.987500012      0.658590972    
   3.75000015E-02  0.987500012      0.659343362    
   6.25000000E-02  0.987500012      0.660680354    
   8.75000060E-02  0.987500012      0.662556708    
  0.112499997      0.987500012      0.664949417    
  0.137500003      0.987500012      0.667844415    
  0.162499994      0.987500012      0.671235085    
  0.187500000      0.987500012      0.675117671    
  0.212500006      0.987500012      0.679493189    
  0.237500012      0.987500012      0.684365809    
  0.262499988      0.987500012      0.689740896    
  0.287500024      0.987500012      0.695625961    
  0.312500000      0.987500012      0.702029943    
  0.337500006      0.987500012      0.708961964    
  0.362500012      0.987500012      0.716430962    
  0.387499988      0.987500012      0.724445701    
  0.412500024      0.987500012      0.733013093    
  0.437500000      0.987500012      0.742138863    
  0.462500006      0.987500012      0.751823127    
  0.487500012      0.987500012      0.762029111    
  0.512500048      0.987500012      0.772203922    
  0.537500024      0.987500012      0.781924307    
  0.562500000      0.987500012      0.791359961    
  0.587499976      0.987500012      0.800639808    
  0.612500012      0.987500012      0.809862852    
  0.637500048      0.987500012      0.819106519    
  0.662500024      0.987500012      0.828431368    
  0.687500000      0.987500012      0.837886393    
  0.712499976      0.987500012      0.847511709    
  0.737500012      0.987500012      0.857342422    
  0.762500048      0.987500012      0.867409885    
  0.787500024      0.987500012      0.877747059    
  0.812500000      0.987500012      0.888388276    
  0.837499976      0.987500012      0.899376512    
  0.862500012      0.987500012      0.910767674    
  0.887500048      0.987500012      0.922641158    
  0.912500024      0.987500012      0.935088456    
  0.937500000      0.987500012      0.948103309    
  0.962499976      0.987500012      0.961045086    
  0.987500012      0.987500012      0.971093118    
   1.00000000      0.987500012      0.971093118    
 
   0.00000000       1.00000000       1.00000000    
   1.25000002E-02   1.00000000       1.00000000    
   3.75000015E-02   1.00000000       1.00000000    
   6.25000000E-02   1.00000000       1.00000000    
   8.75000060E-02   1.00000000       1.00000000    
  0.112499997       1.00000000       1.00000000    
  0.137500003       1.00000000       1.00000000    
  0.162499994       1.00000000       1.00000000    
  0.187500000       1.00000000       1.00000000    
  0.212500006       1.00000000       1.00000000    
  0.237500012       1.00000000       1.00000000    
  0.262499988       1.00000000       1.00000000    
  0.287500024       1.00000000       1.00000000    
  0.312500000       1.00000000       1.00000000    
  0.337500006       1.00000000       1.00000000    
  0.362500012       1.00000000       1.00000000    
  0.387499988       1.00000000       1.00000000    
  0.412500024       1.00000000       1.00000000    
  0.437500000       1.00000000       1.00000000    
  0.462500006       1.00000000       1.00000000    
  0.487500012       1.00000000       1.00000000    
  0.512500048       1.00000000       1.00000000    
  0.537500024       1.00000000       1.00000000    
  0.562500000       1.00000000       1.00000000    
  0.587499976       1.00000000       1.00000000    
  0.612500012       1.00000000       1.00000000    
  0.637500048       1.00000000       1.00000000    
  0.662500024       1.00000000       1.00000000    
  0.687500000       1.00000000       1.00000000    
  0.712499976       1.00000000       1.00000000    
  0.737500012       1.00000000       1.00000000    
  0.762500048       1.00000000       1.00000000    
  0.787500024       1.00000000       1.00000000    
  0.812500000       1.00000000       1.00000000    
  0.837499976       1.00000000       1.00000000    
  0.862500012       1.00000000       1.00000000    
  0.887500048       1.00000000       1.00000000    
  0.912500024       1.00000000       1.00000000    
  0.937500000       1.00000000       1.00000000    
  0.962499976       1.00000000       1.00000000    
  0.987500012       1.00000000       1.00000000    
   1.00000000       1.00000000       1.00000000    
 
