  0.0000000E+00  0.0000000E+00  0.0000000E+00
  0.1250000      0.0000000E+00  1.2499999E-02
  0.3750000      0.0000000E+00  3.7499998E-02
  0.6250000      0.0000000E+00  6.2499996E-02
  0.8750000      0.0000000E+00  8.7499991E-02
   1.125000      0.0000000E+00  0.1125000    
   1.375000      0.0000000E+00  0.1375000    
   1.625000      0.0000000E+00  0.1625000    
   1.875000      0.0000000E+00  0.1875000    
   2.125000      0.0000000E+00  0.2125000    
   2.375000      0.0000000E+00  0.2375000    
   2.625000      0.0000000E+00  0.2625000    
   2.875000      0.0000000E+00  0.2875000    
   3.125000      0.0000000E+00  0.3125000    
   3.375000      0.0000000E+00  0.3375000    
   3.625000      0.0000000E+00  0.3625000    
   3.875000      0.0000000E+00  0.3875000    
   4.125000      0.0000000E+00  0.4125000    
   4.375000      0.0000000E+00  0.4375000    
   4.625000      0.0000000E+00  0.4625000    
   4.875000      0.0000000E+00  0.4875000    
   5.125000      0.0000000E+00  0.5125000    
   5.375000      0.0000000E+00  0.5375000    
   5.625000      0.0000000E+00  0.5624999    
   5.875000      0.0000000E+00  0.5875000    
   6.125000      0.0000000E+00  0.6125000    
   6.375000      0.0000000E+00  0.6375000    
   6.625000      0.0000000E+00  0.6625000    
   6.875000      0.0000000E+00  0.6874999    
   7.125000      0.0000000E+00  0.7125000    
   7.375000      0.0000000E+00  0.7375000    
   7.625000      0.0000000E+00  0.7624999    
   7.875000      0.0000000E+00  0.7875000    
   8.125000      0.0000000E+00  0.8124999    
   8.375000      0.0000000E+00  0.8375000    
   8.625000      0.0000000E+00  0.8625000    
   8.875000      0.0000000E+00  0.8874999    
   9.125000      0.0000000E+00  0.9125000    
   9.375000      0.0000000E+00  0.9374999    
   9.625000      0.0000000E+00  0.9624999    
   9.875000      0.0000000E+00  0.9875000    
   10.00000      0.0000000E+00   1.000000    
 
  0.0000000E+00  1.2500000E-02  0.0000000E+00
  0.1250000      1.2500000E-02  1.0785327E-02
  0.3750000      1.2500000E-02  3.3724897E-02
  0.6250000      1.2500000E-02  5.7353631E-02
  0.8750000      1.2500000E-02  8.0867313E-02
   1.125000      1.2500000E-02  0.1049071    
   1.375000      1.2500000E-02  0.1285558    
   1.625000      1.2500000E-02  0.1528657    
   1.875000      1.2500000E-02  0.1765102    
   2.125000      1.2500000E-02  0.2010844    
   2.375000      1.2500000E-02  0.2246213    
   2.625000      1.2500000E-02  0.2495130    
   2.875000      1.2500000E-02  0.2728253    
   3.125000      1.2500000E-02  0.2981393    
   3.375000      1.2500000E-02  0.3210690    
   3.625000      1.2500000E-02  0.3469748    
   3.875000      1.2500000E-02  0.3692952    
   4.125000      1.2500000E-02  0.3960539    
   4.375000      1.2500000E-02  0.4174300    
   4.625000      1.2500000E-02  0.4454378    
   4.875000      1.2500000E-02  0.4653722    
   5.125000      1.2500000E-02  0.4952270    
   5.375000      1.2500000E-02  0.5129768    
   5.625000      1.2500000E-02  0.5455778    
   5.875000      1.2500000E-02  0.5600337    
   6.125000      1.2500000E-02  0.5967316    
   6.375000      1.2500000E-02  0.6062301    
   6.625000      1.2500000E-02  0.6490555    
   6.875000      1.2500000E-02  0.6510999    
   7.125000      1.2500000E-02  0.7031109    
   7.375000      1.2500000E-02  0.6939373    
   7.625000      1.2500000E-02  0.7597637    
   7.875000      1.2500000E-02  0.7336504    
   8.125000      1.2500000E-02  0.8203790    
   8.375000      1.2500000E-02  0.7684936    
   8.625000      1.2500000E-02  0.8871996    
   8.875000      1.2500000E-02  0.7955078    
   9.125000      1.2500000E-02  0.9642069    
   9.375000      1.2500000E-02  0.8091238    
   9.625000      1.2500000E-02   1.059616    
   9.875000      1.2500000E-02  0.7959010    
   10.00000      1.2500000E-02   1.000000    
 
  0.0000000E+00  3.7500001E-02  0.0000000E+00
  0.1250000      3.7500001E-02  7.6169553E-03
  0.3750000      3.7500001E-02  2.6455307E-02
  0.6250000      3.7500001E-02  4.7353014E-02
  0.8750000      3.7500001E-02  6.7890376E-02
   1.125000      3.7500001E-02  9.0019546E-02
   1.375000      3.7500001E-02  0.1109572    
   1.625000      3.7500001E-02  0.1338996    
   1.875000      3.7500001E-02  0.1548194    
   2.125000      3.7500001E-02  0.1785606    
   2.375000      3.7500001E-02  0.1991497    
   2.625000      3.7500001E-02  0.2238522    
   2.875000      3.7500001E-02  0.2437564    
   3.125000      3.7500001E-02  0.2697390    
   3.375000      3.7500001E-02  0.2884794    
   3.625000      3.7500001E-02  0.3162576    
   3.875000      3.7500001E-02  0.3331449    
   4.125000      3.7500001E-02  0.3635119    
   4.375000      3.7500001E-02  0.3775295    
   4.625000      3.7500001E-02  0.4116894    
   4.875000      3.7500001E-02  0.4213259    
   5.125000      3.7500001E-02  0.4610946    
   5.375000      3.7500001E-02  0.4640951    
   5.625000      3.7500001E-02  0.5122041    
   5.875000      3.7500001E-02  0.5051965    
   6.125000      3.7500001E-02  0.5657497    
   6.375000      3.7500001E-02  0.5436826    
   6.625000      3.7500001E-02  0.6228488    
   6.875000      3.7500001E-02  0.5781374    
   7.125000      3.7500001E-02  0.6852062    
   7.375000      3.7500001E-02  0.6064161    
   7.625000      3.7500001E-02  0.7554525    
   7.875000      3.7500001E-02  0.6252023    
   8.125000      3.7500001E-02  0.8377326    
   8.375000      3.7500001E-02  0.6291932    
   8.625000      3.7500001E-02  0.9388634    
   8.875000      3.7500001E-02  0.6094018    
   9.125000      3.7500001E-02   1.070937    
   9.375000      3.7500001E-02  0.5489118    
   9.625000      3.7500001E-02   1.258902    
   9.875000      3.7500001E-02  0.4068834    
   10.00000      3.7500001E-02   1.000000    
 
  0.0000000E+00  6.2500000E-02  0.0000000E+00
  0.1250000      6.2500000E-02  5.0272592E-03
  0.3750000      6.2500000E-02  1.9882513E-02
  0.6250000      6.2500000E-02  3.8103562E-02
  0.8750000      6.2500000E-02  5.5667825E-02
   1.125000      6.2500000E-02  7.5920857E-02
   1.375000      6.2500000E-02  9.4131112E-02
   1.625000      6.2500000E-02  0.1157449    
   1.875000      6.2500000E-02  0.1339070    
   2.125000      6.2500000E-02  0.1568678    
   2.375000      6.2500000E-02  0.1744553    
   2.625000      6.2500000E-02  0.1990436    
   2.875000      6.2500000E-02  0.2154561    
   3.125000      6.2500000E-02  0.2422173    
   3.375000      6.2500000E-02  0.2566407    
   3.625000      6.2500000E-02  0.2864538    
   3.875000      6.2500000E-02  0.2977148    
   4.125000      6.2500000E-02  0.3319325    
   4.375000      6.2500000E-02  0.3383001    
   4.625000      6.2500000E-02  0.3789737    
   4.875000      6.2500000E-02  0.3778740    
   5.125000      6.2500000E-02  0.4280981    
   5.375000      6.2500000E-02  0.4156894    
   5.625000      6.2500000E-02  0.4801181    
   5.875000      6.2500000E-02  0.4506562    
   6.125000      6.2500000E-02  0.5362822    
   6.375000      6.2500000E-02  0.4811613    
   6.625000      6.2500000E-02  0.5984944    
   6.875000      6.2500000E-02  0.5047925    
   7.125000      6.2500000E-02  0.6696602    
   7.375000      6.2500000E-02  0.5178967    
   7.625000      6.2500000E-02  0.7542603    
   7.875000      6.2500000E-02  0.5148259    
   8.125000      6.2500000E-02  0.8593540    
   8.375000      6.2500000E-02  0.4865530    
   8.625000      6.2500000E-02  0.9965441    
   8.875000      6.2500000E-02  0.4177886    
   9.125000      6.2500000E-02   1.186390    
   9.375000      6.2500000E-02  0.2797936    
   9.625000      6.2500000E-02   1.471224    
   9.875000      6.2500000E-02  3.5389937E-03
   10.00000      6.2500000E-02   1.000000    
 
  0.0000000E+00  8.7500006E-02  0.0000000E+00
  0.1250000      8.7500006E-02  3.1190419E-03
  0.3750000      8.7500006E-02  1.4245557E-02
  0.6250000      8.7500006E-02  2.9908724E-02
  0.8750000      8.7500006E-02  4.4527017E-02
   1.125000      8.7500006E-02  6.2969029E-02
   1.375000      8.7500006E-02  7.8438632E-02
   1.625000      8.7500006E-02  9.8789319E-02
   1.875000      8.7500006E-02  0.1141528    
   2.125000      8.7500006E-02  0.1364158    
   2.375000      8.7500006E-02  0.1509282    
   2.625000      8.7500006E-02  0.1755168    
   2.875000      8.7500006E-02  0.1883193    
   3.125000      8.7500006E-02  0.2160236    
   3.375000      8.7500006E-02  0.2259471    
   3.625000      8.7500006E-02  0.2580365    
   3.875000      8.7500006E-02  0.2633917    
   4.125000      8.7500006E-02  0.3018173    
   4.375000      8.7500006E-02  0.3001108    
   4.625000      8.7500006E-02  0.3478307    
   4.875000      8.7500006E-02  0.3353546    
   5.125000      8.7500006E-02  0.3968296    
   5.375000      8.7500006E-02  0.3680480    
   5.625000      8.7500006E-02  0.4499876    
   5.875000      8.7500006E-02  0.3966215    
   6.125000      8.7500006E-02  0.5091056    
   6.375000      8.7500006E-02  0.4187517    
   6.625000      8.7500006E-02  0.5769294    
   6.875000      8.7500006E-02  0.4309640    
   7.125000      8.7500006E-02  0.6576478    
   7.375000      8.7500006E-02  0.4279950    
   7.625000      8.7500006E-02  0.7577156    
   7.875000      8.7500006E-02  0.4017135    
   8.125000      8.7500006E-02  0.8872964    
   8.375000      8.7500006E-02  0.3391327    
   8.625000      8.7500006E-02   1.063069    
   8.875000      8.7500006E-02  0.2182966    
   9.125000      8.7500006E-02   1.314521    
   9.375000      8.7500006E-02 -1.9234618E-03
   9.625000      8.7500006E-02   1.702009    
   9.875000      8.7500006E-02 -0.4189839    
   10.00000      8.7500006E-02   1.000000    
 
  0.0000000E+00  0.1125000      0.0000000E+00
  0.1250000      0.1125000      1.8547450E-03
  0.3750000      0.1125000      9.6333567E-03
  0.6250000      0.1125000      2.2932669E-02
  0.8750000      0.1125000      3.4668740E-02
   1.125000      0.1125000      5.1399987E-02
   1.375000      0.1125000      6.4128578E-02
   1.625000      0.1125000      8.3308436E-02
   1.875000      0.1125000      9.5833421E-02
   2.125000      0.1125000      0.1175081    
   2.375000      0.1125000      0.1288637    
   2.625000      0.1125000      0.1535987    
   2.875000      0.1125000      0.1626538    
   3.125000      0.1125000      0.1915074    
   3.375000      0.1125000      0.1967132    
   3.625000      0.1125000      0.2313778    
   3.875000      0.1125000      0.2304910    
   4.125000      0.1125000      0.2735642    
   4.375000      0.1125000      0.2632715    
   4.625000      0.1125000      0.3186899    
   4.875000      0.1125000      0.2940611    
   5.125000      0.1125000      0.3677600    
   5.375000      0.1125000      0.3214335    
   5.625000      0.1125000      0.4223388    
   5.875000      0.1125000      0.3433036    
   6.125000      0.1125000      0.4848255    
   6.375000      0.1125000      0.3565836    
   6.625000      0.1125000      0.5588738    
   6.875000      0.1125000      0.3566552    
   7.125000      0.1125000      0.6500558    
   7.375000      0.1125000      0.3365238    
   7.625000      0.1125000      0.7669491    
   7.875000      0.1125000      0.2853932    
   8.125000      0.1125000      0.9230420    
   8.375000      0.1125000      0.1860492    
   8.625000      0.1125000       1.140416    
   8.875000      0.1125000      9.4793625E-03
   9.125000      0.1125000       1.457941    
   9.375000      0.1125000     -0.2983238    
   9.625000      0.1125000       1.954343    
   9.875000      0.1125000     -0.8624178    
   10.00000      0.1125000       1.000000    
 
  0.0000000E+00  0.1375000      0.0000000E+00
  0.1250000      0.1375000      1.1226932E-03
  0.3750000      0.1375000      6.0190060E-03
  0.6250000      0.1375000      1.7221274E-02
  0.8750000      0.1375000      2.6182780E-02
   1.125000      0.1375000      4.1340560E-02
   1.375000      0.1375000      5.1348511E-02
   1.625000      0.1375000      6.9475345E-02
   1.875000      0.1375000      7.9131991E-02
   2.125000      0.1375000      0.1003505    
   2.375000      0.1375000      0.1084699    
   2.625000      0.1375000      0.1335213    
   2.875000      0.1375000      0.1386866    
   3.125000      0.1375000      0.1689241    
   3.375000      0.1375000      0.1691803    
   3.625000      0.1375000      0.2067556    
   3.875000      0.1375000      0.1992635    
   4.125000      0.1375000      0.2474743    
   4.375000      0.1375000      0.2280366    
   4.625000      0.1375000      0.2918773    
   4.875000      0.1375000      0.2542456    
   5.125000      0.1375000      0.3412447    
   5.375000      0.1375000      0.2760864    
   5.625000      0.1375000      0.3975652    
   5.875000      0.1375000      0.2909189    
   6.125000      0.1375000      0.4638848    
   6.375000      0.1375000      0.2948313    
   6.625000      0.1375000      0.5448401    
   6.875000      0.1375000      0.2819726    
   7.125000      0.1375000      0.6474951    
   7.375000      0.1375000      0.2434858    
   7.625000      0.1375000      0.7827098    
   7.875000      0.1375000      0.1657180    
   8.125000      0.1375000      0.9675265    
   8.375000      0.1375000      2.6956344E-02
   8.625000      0.1375000       1.229746    
   8.875000      0.1375000     -0.2092206    
   9.125000      0.1375000       1.617980    
   9.375000      0.1375000     -0.6099649    
   9.625000      0.1375000       2.229144    
   9.875000      0.1375000      -1.325861    
   10.00000      0.1375000       1.000000    
 
  0.0000000E+00  0.1625000      0.0000000E+00
  0.1250000      0.1625000      7.8689272E-04
  0.3750000      0.1625000      3.2971969E-03
  0.6250000      0.1625000      1.2726930E-02
  0.8750000      0.1625000      1.9066446E-02
   1.125000      0.1625000      3.2823507E-02
   1.375000      0.1625000      4.0157467E-02
   1.625000      0.1625000      5.7372540E-02
   1.875000      0.1625000      6.4148329E-02
   2.125000      0.1625000      8.5060813E-02
   2.375000      0.1625000      8.9877255E-02
   2.625000      0.1625000      0.1154309    
   2.875000      0.1625000      0.1165727    
   3.125000      0.1625000      0.1484439    
   3.375000      0.1625000      0.1435237    
   3.625000      0.1625000      0.1843613    
   3.875000      0.1625000      0.1699019    
   4.125000      0.1625000      0.2237580    
   4.375000      0.1625000      0.1946129    
   4.625000      0.1625000      0.2676215    
   4.875000      0.1625000      0.2161255    
   5.125000      0.1625000      0.3175304    
   5.375000      0.1625000      0.2322313    
   5.625000      0.1625000      0.3759319    
   5.875000      0.1625000      0.2396948    
   6.125000      0.1625000      0.4465700    
   6.375000      0.1625000      0.2337193    
   6.625000      0.1625000      0.5351393    
   6.875000      0.1625000      0.2071313    
   7.125000      0.1625000      0.6503060    
   7.375000      0.1625000      0.1490799    
   7.625000      0.1625000      0.8053705    
   7.875000      0.1625000      4.2869691E-02
   8.125000      0.1625000       1.021147    
   8.375000      0.1625000     -0.1379558    
   8.625000      0.1625000       1.331419    
   8.875000      0.1625000     -0.4374863    
   9.125000      0.1625000       1.794729    
   9.375000      0.1625000     -0.9359530    
   9.625000      0.1625000       2.525350    
   9.875000      0.1625000      -1.806249    
   10.00000      0.1625000       1.000000    
 
  0.0000000E+00  0.1875000      0.0000000E+00
  0.1250000      0.1875000      7.1876007E-04
  0.3750000      0.1875000      1.3198915E-03
  0.6250000      0.1875000      9.3353167E-03
  0.8750000      0.1875000      1.3245129E-02
   1.125000      0.1875000      2.5804160E-02
   1.375000      0.1875000      3.0540379E-02
   1.625000      0.1875000      4.7004264E-02
   1.875000      0.1875000      5.0910514E-02
   2.125000      0.1875000      7.1679629E-02
   2.375000      0.1875000      7.3148027E-02
   2.625000      0.1875000      9.9396735E-02
   2.875000      0.1875000      9.6403532E-02
   3.125000      0.1875000      0.1301595    
   3.375000      0.1875000      0.1198611    
   3.625000      0.1875000      0.1643066    
   3.875000      0.1875000      0.1425479    
   4.125000      0.1875000      0.2025423    
   4.375000      0.1875000      0.1631658    
   4.625000      0.1875000      0.2460602    
   4.875000      0.1875000      0.1798898    
   5.125000      0.1875000      0.2967599    
   5.375000      0.1875000      0.1900828    
   5.625000      0.1875000      0.3575808    
   5.875000      0.1875000      0.1898752    
   6.125000      0.1875000      0.4330139    
   6.375000      0.1875000      0.1735283    
   6.625000      0.1875000      0.5298831    
   6.875000      0.1875000      0.1324610    
   7.125000      0.1875000      0.6585602    
   7.375000      0.1875000      5.3706896E-02
   7.625000      0.1875000      0.8349302    
   7.875000      0.1875000     -8.2635902E-02
   8.125000      0.1875000       1.083763    
   8.375000      0.1875000     -0.3079604    
   8.625000      0.1875000       1.445009    
   8.875000      0.1875000     -0.6741459    
   9.125000      0.1875000       1.987093    
   9.375000      0.1875000      -1.274044    
   9.625000      0.1875000       2.840162    
   9.875000      0.1875000      -2.298806    
   10.00000      0.1875000       1.000000    
 
  0.0000000E+00  0.2125000      0.0000000E+00
  0.1250000      0.2125000      8.1323727E-04
  0.3750000      0.2125000     -7.3778880E-05
  0.6250000      0.2125000      6.8916678E-03
  0.8750000      0.2125000      8.5937520E-03
   1.125000      0.2125000      2.0178417E-02
   1.375000      0.2125000      2.2423554E-02
   1.625000      0.2125000      3.8310379E-02
   1.875000      0.2125000      3.9387297E-02
   2.125000      0.2125000      6.0181450E-02
   2.375000      0.2125000      5.8287192E-02
   2.625000      0.2125000      8.5421100E-02
   2.875000      0.2125000      7.8216799E-02
   3.125000      0.2125000      0.1140953    
   3.375000      0.2125000      9.8261006E-02
   3.625000      0.2125000      0.1466324    
   3.875000      0.2125000      0.1173006    
   4.125000      0.2125000      0.1838779    
   4.375000      0.2125000      0.1338263    
   4.625000      0.2125000      0.2272462    
   4.875000      0.2125000      0.1457062    
   5.125000      0.2125000      0.2789786    
   5.375000      0.2125000      0.1498521    
   5.625000      0.2125000      0.3425363    
   5.875000      0.2125000      0.1417273    
   6.125000      0.2125000      0.4232009    
   6.375000      0.2125000      0.1146011    
   6.625000      0.2125000      0.5289884    
   6.875000      0.2125000      5.8411300E-02
   7.125000      0.2125000      0.6720651    
   7.375000      0.2125000     -4.2025745E-02
   7.625000      0.2125000      0.8710200    
   7.875000      0.2125000     -0.2099471    
   8.125000      0.2125000       1.154711    
   8.375000      0.2125000     -0.4818013    
   8.625000      0.2125000       1.569326    
   8.875000      0.2125000     -0.9172106    
   9.125000      0.2125000       2.192874    
   9.375000      0.2125000      -1.620788    
   9.625000      0.2125000       3.169323    
   9.875000      0.2125000      -2.797489    
   10.00000      0.2125000       1.000000    
 
  0.0000000E+00  0.2375000      0.0000000E+00
  0.1250000      0.2375000      9.9350803E-04
  0.3750000      0.2375000     -1.0357109E-03
  0.6250000      0.2375000      5.2241823E-03
  0.8750000      0.2375000      4.9575740E-03
   1.125000      0.2375000      1.5800875E-02
   1.375000      0.2375000      1.5690586E-02
   1.625000      0.2375000      3.1180734E-02
   1.875000      0.2375000      2.9501168E-02
   2.125000      0.2375000      5.0487097E-02
   2.375000      0.2375000      4.5253675E-02
   2.625000      0.2375000      7.3450327E-02
   2.875000      0.2375000      6.2006202E-02
   3.125000      0.2375000      0.1002171    
   3.375000      0.2375000      7.8751661E-02
   3.625000      0.2375000      0.1313173    
   3.875000      0.2375000      9.4224453E-02
   4.125000      0.2375000      0.1677476    
   4.375000      0.2375000      0.1066992    
   4.625000      0.2375000      0.2111560    
   4.875000      0.2375000      0.1137269    
   5.125000      0.2375000      0.2641422    
   5.375000      0.2375000      0.1117522    
   5.625000      0.2375000      0.3307130    
   5.875000      0.2375000      9.5545843E-02
   6.125000      0.2375000      0.4169751    
   6.375000      0.2375000      5.7345953E-02
   6.625000      0.2375000      0.5321866    
   6.875000      0.2375000     -1.4446069E-02
   7.125000      0.2375000      0.6903751    
   7.375000      0.2375000     -0.1373054    
   7.625000      0.2375000      0.9129154    
   7.875000      0.2375000     -0.3378847    
   8.125000      0.2375000       1.232823    
   8.375000      0.2375000     -0.6577182    
   8.625000      0.2375000       1.702473    
   8.875000      0.2375000      -1.163944    
   9.125000      0.2375000       2.408892    
   9.375000      0.2375000      -1.971731    
   9.625000      0.2375000       3.507459    
   9.875000      0.2375000      -3.295410    
   10.00000      0.2375000       1.000000    
 
  0.0000000E+00  0.2625000      0.0000000E+00
  0.1250000      0.2625000      1.2087293E-03
  0.3750000      0.2625000     -1.6955531E-03
  0.6250000      0.2625000      4.1626780E-03
  0.8750000      0.2625000      2.1705893E-03
   1.125000      0.2625000      1.2501980E-02
   1.375000      0.2625000      1.0197762E-02
   1.625000      0.2625000      2.5469515E-02
   1.875000      0.2625000      2.1141320E-02
   2.125000      0.2625000      4.2476084E-02
   2.375000      0.2625000      3.3971604E-02
   2.625000      0.2625000      6.3385747E-02
   2.875000      0.2625000      4.7731444E-02
   3.125000      0.2625000      8.8442355E-02
   3.375000      0.2625000      6.1329704E-02
   3.625000      0.2625000      0.1182868    
   3.875000      0.2625000      7.3356293E-02
   4.125000      0.2625000      0.1540752    
   4.375000      0.2625000      8.1868015E-02
   4.625000      0.2625000      0.1976980    
   4.875000      0.2625000      8.4093846E-02
   5.125000      0.2625000      0.2521247    
   5.375000      0.2625000      7.6001853E-02
   5.625000      0.2625000      0.3219242    
   5.875000      0.2625000      5.1654469E-02
   6.125000      0.2625000      0.4140505    
   6.375000      0.2625000      2.2356873E-03
   6.625000      0.2625000      0.5390347    
   6.875000      0.2625000     -8.5422412E-02
   7.125000      0.2625000      0.7128057    
   7.375000      0.2625000     -0.2311251    
   7.625000      0.2625000      0.9595620    
   7.875000      0.2625000     -0.4649638    
   8.125000      0.2625000       1.316472    
   8.375000      0.2625000     -0.8334913    
   8.625000      0.2625000       1.841914    
   8.875000      0.2625000      -1.410961    
   9.125000      0.2625000       2.631151    
   9.375000      0.2625000      -2.321639    
   9.625000      0.2625000       3.848396    
   9.875000      0.2625000      -3.785196    
   10.00000      0.2625000       1.000000    
 
  0.0000000E+00  0.2875000      0.0000000E+00
  0.1250000      0.2875000      1.4284771E-03
  0.3750000      0.2875000     -2.1549438E-03
  0.6250000      0.2875000      3.5517009E-03
  0.8750000      0.2875000      7.0519178E-05
   1.125000      0.2875000      1.0103373E-02
   1.375000      0.2875000      5.7883873E-03
   1.625000      0.2875000      2.1009363E-02
   1.875000      0.2875000      1.4176455E-02
   2.125000      0.2875000      3.5999581E-02
   2.375000      0.2875000      2.4341643E-02
   2.625000      0.2875000      5.5095848E-02
   2.875000      0.2875000      3.5328299E-02
   3.125000      0.2875000      7.8651369E-02
   3.375000      0.2875000      4.5969069E-02
   3.625000      0.2875000      0.1074248    
   3.875000      0.2875000      5.4713368E-02
   4.125000      0.2875000      0.1427366    
   4.375000      0.2875000      5.9402246E-02
   4.625000      0.2875000      0.1867241    
   4.875000      0.2875000      5.6943268E-02
   5.125000      0.2875000      0.2427318    
   5.375000      0.2875000      4.2827036E-02
   5.625000      0.2875000      0.3158966    
   5.875000      0.2875000      1.0405049E-02
   6.125000      0.2875000      0.4140280    
   6.375000      0.2875000     -5.0197784E-02
   6.625000      0.2875000      0.5489386    
   6.875000      0.2875000     -0.1537238    
   7.125000      0.2875000      0.7384652    
   7.375000      0.2875000     -0.3223055    
   7.625000      0.2875000       1.009617    
   7.875000      0.2875000     -0.5894342    
   8.125000      0.2875000       1.403633    
   8.375000      0.2875000      -1.006515    
   8.625000      0.2875000       1.984590    
   8.875000      0.2875000      -1.654371    
   9.125000      0.2875000       2.855039    
   9.375000      0.2875000      -2.664770    
   9.625000      0.2875000       4.185516    
   9.875000      0.2875000      -4.259352    
   10.00000      0.2875000       1.000000    
 
  0.0000000E+00  0.3125000      0.0000000E+00
  0.1250000      0.3125000      1.6364747E-03
  0.3750000      0.3125000     -2.4873870E-03
  0.6250000      0.3125000      3.2580756E-03
  0.8750000      0.3125000     -1.4904082E-03
   1.125000      0.3125000      8.4304418E-03
   1.375000      0.3125000      2.3050788E-03
   1.625000      0.3125000      1.7624114E-02
   1.875000      0.3125000      8.4663322E-03
   2.125000      0.3125000      3.0892508E-02
   2.375000      0.3125000      1.6251493E-02
   2.625000      0.3125000      4.8427522E-02
   2.875000      0.3125000      2.4717698E-02
   3.125000      0.3125000      7.0698217E-02
   3.375000      0.3125000      3.2628607E-02
   3.625000      0.3125000      9.8583922E-02
   3.875000      0.3125000      3.8299181E-02
   4.125000      0.3125000      0.1335701    
   4.375000      0.3125000      3.9360862E-02
   4.625000      0.3125000      0.1780405    
   4.875000      0.3125000      3.2407116E-02
   5.125000      0.3125000      0.2357121    
   5.375000      0.3125000      1.2460106E-02
   5.625000      0.3125000      0.3122844    
   5.875000      0.3125000     -2.7827960E-02
   6.125000      0.3125000      0.4164134    
   6.375000      0.3125000     -9.9374793E-02
   6.625000      0.3125000      0.5611763    
   6.875000      0.3125000     -0.2184711    
   7.125000      0.3125000      0.7662868    
   7.375000      0.3125000     -0.4095289    
   7.625000      0.3125000       1.061497    
   7.875000      0.3125000     -0.7093337    
   8.125000      0.3125000       1.491960    
   8.375000      0.3125000      -1.173887    
   8.625000      0.3125000       2.127039    
   8.875000      0.3125000      -1.889924    
   9.125000      0.3125000       3.075536    
   9.375000      0.3125000      -2.995123    
   9.625000      0.3125000       4.512055    
   9.875000      0.3125000      -4.710506    
   10.00000      0.3125000       1.000000    
 
  0.0000000E+00  0.3375000      0.0000000E+00
  0.1250000      0.3375000      1.8251173E-03
  0.3750000      0.3375000     -2.7417152E-03
  0.6250000      0.3375000      3.1737834E-03
  0.8750000      0.3375000     -2.6388445E-03
   1.125000      0.3375000      7.3219188E-03
   1.375000      0.3375000     -4.0023422E-04
   1.625000      0.3375000      1.5140279E-02
   1.875000      0.3375000      3.8722451E-03
   2.125000      0.3375000      2.6985254E-02
   2.375000      0.3375000      9.5856749E-03
   2.625000      0.3375000      4.3217786E-02
   2.875000      0.3375000      1.5814472E-02
   3.125000      0.3375000      6.4422213E-02
   3.375000      0.3375000      2.1259384E-02
   3.625000      0.3375000      9.1596812E-02
   3.875000      0.3375000      2.4108969E-02
   4.125000      0.3375000      0.1263888    
   4.375000      0.3375000      2.1795854E-02
   4.625000      0.3375000      0.1714216    
   4.875000      0.3375000      1.0613837E-02
   5.125000      0.3375000      0.2307739    
   5.375000      0.3375000     -1.4863733E-02
   5.625000      0.3375000      0.3106898    
   5.875000      0.3375000     -6.2656403E-02
   6.125000      0.3375000      0.4206436    
   6.375000      0.3375000     -0.1446850    
   6.625000      0.3375000      0.5749339    
   6.875000      0.3375000     -0.2787291    
   7.125000      0.3375000      0.7950799    
   7.375000      0.3375000     -0.4913846    
   7.625000      0.3375000       1.113455    
   7.875000      0.3375000     -0.8225632    
   8.125000      0.3375000       1.578892    
   8.375000      0.3375000      -1.332528    
   8.625000      0.3375000       2.265558    
   8.875000      0.3375000      -2.113207    
   9.125000      0.3375000       3.287456    
   9.375000      0.3375000      -3.306711    
   9.625000      0.3375000       4.821385    
   9.875000      0.3375000      -5.131680    
   10.00000      0.3375000       1.000000    
 
  0.0000000E+00  0.3625000      0.0000000E+00
  0.1250000      0.3625000      1.9913784E-03
  0.3750000      0.3625000     -2.9472571E-03
  0.6250000      0.3625000      3.2153332E-03
  0.8750000      0.3625000     -3.4774104E-03
   1.125000      0.3625000      6.6363905E-03
   1.375000      0.3625000     -2.4588681E-03
   1.625000      0.3625000      1.3396511E-02
   1.875000      0.3625000      2.6567362E-04
   2.125000      0.3625000      2.4114119E-02
   2.375000      0.3625000      4.2338665E-03
   2.625000      0.3625000      3.9304182E-02
   2.875000      0.3625000      8.5346187E-03
   3.125000      0.3625000      5.9658296E-02
   3.375000      0.3625000      1.1810471E-02
   3.625000      0.3625000      8.6287260E-02
   3.875000      0.3625000      1.2133749E-02
   4.125000      0.3625000      0.1209917    
   4.375000      0.3625000      6.7537362E-03
   4.625000      0.3625000      0.1666227    
   4.875000      0.3625000     -8.3135292E-03
   5.125000      0.3625000      0.2276001    
   5.375000      0.3625000     -3.8912635E-02
   5.625000      0.3625000      0.3106822    
   5.875000      0.3625000     -9.3690932E-02
   6.125000      0.3625000      0.4261137    
   6.375000      0.3625000     -0.1855086    
   6.625000      0.3625000      0.5893418    
   6.875000      0.3625000     -0.3335407    
   7.125000      0.3625000      0.8235800    
   7.375000      0.3625000     -0.5664239    
   7.625000      0.3625000       1.163647    
   7.875000      0.3625000     -0.9269672    
   8.125000      0.3625000       1.661760    
   8.375000      0.3625000      -1.479298    
   8.625000      0.3625000       2.396357    
   8.875000      0.3625000      -2.319810    
   9.125000      0.3625000       3.485654    
   9.375000      0.3625000      -3.593773    
   9.625000      0.3625000       5.107238    
   9.875000      0.3625000      -5.516454    
   10.00000      0.3625000       1.000000    
 
  0.0000000E+00  0.3875000      0.0000000E+00
  0.1250000      0.3875000      2.1341669E-03
  0.3750000      0.3875000     -3.1193467E-03
  0.6250000      0.3875000      3.3210213E-03
  0.8750000      0.3875000     -4.0846155E-03
   1.125000      0.3875000      6.2562297E-03
   1.375000      0.3875000     -3.9802860E-03
   1.625000      0.3875000      1.2251317E-02
   1.875000      0.3875000     -2.4647098E-03
   2.125000      0.3875000      2.2130407E-02
   2.375000      0.3875000      9.7969867E-05
   2.625000      0.3875000      3.6534496E-02
   2.875000      0.3875000      2.8014900E-03
   3.125000      0.3875000      5.6247171E-02
   3.375000      0.3875000      4.2337049E-03
   3.625000      0.3875000      8.2480565E-02
   3.875000      0.3875000      2.3631002E-03
   4.125000      0.3875000      0.1171762    
   4.375000      0.3875000     -5.7241782E-03
   4.625000      0.3875000      0.1633938    
   4.875000      0.3875000     -2.4260454E-02
   5.125000      0.3875000      0.2258662    
   5.375000      0.3875000     -5.9466235E-02
   5.625000      0.3875000      0.3118210    
   5.875000      0.3875000     -0.1205562    
   6.125000      0.3875000      0.4322062    
   6.375000      0.3875000     -0.2212426    
   6.625000      0.3875000      0.6035168    
   6.875000      0.3875000     -0.3819680    
   7.125000      0.3875000      0.8505089    
   7.375000      0.3875000     -0.6332218    
   7.625000      0.3875000       1.210221    
   7.875000      0.3875000      -1.020427    
   8.125000      0.3875000       1.737907    
   8.375000      0.3875000      -1.611137    
   8.625000      0.3875000       2.515718    
   8.875000      0.3875000      -2.505510    
   9.125000      0.3875000       3.665227    
   9.375000      0.3875000      -3.850979    
   9.625000      0.3875000       5.363876    
   9.875000      0.3875000      -5.859091    
   10.00000      0.3875000       1.000000    
 
  0.0000000E+00  0.4125000      0.0000000E+00
  0.1250000      0.4125000      2.2528877E-03
  0.3750000      0.4125000     -3.2643047E-03
  0.6250000      0.4125000      3.4472661E-03
  0.8750000      0.4125000     -4.5165727E-03
   1.125000      0.4125000      6.0895374E-03
   1.375000      0.4125000     -5.0489893E-03
   1.625000      0.4125000      1.1588975E-02
   1.875000      0.4125000     -4.4077830E-03
   2.125000      0.4125000      2.0908201E-02
   2.375000      0.4125000     -2.9023837E-03
   2.625000      0.4125000      3.4775227E-02
   2.875000      0.4125000     -1.4494514E-03
   3.125000      0.4125000      5.4044168E-02
   3.375000      0.4125000     -1.5128722E-03
   3.625000      0.4125000      8.0013372E-02
   3.875000      0.4125000     -5.2132425E-03
   4.125000      0.4125000      0.1147484    
   4.375000      0.4125000     -1.5602735E-02
   4.625000      0.4125000      0.1614934    
   4.875000      0.4125000     -3.7125539E-02
   5.125000      0.4125000      0.2252568    
   5.375000      0.4125000     -7.6325409E-02
   5.625000      0.4125000      0.3136786    
   5.875000      0.4125000     -0.1429084    
   6.125000      0.4125000      0.4383239    
   6.375000      0.4125000     -0.2513284    
   6.625000      0.4125000      0.6166073    
   6.875000      0.4125000     -0.4231359    
   7.125000      0.4125000      0.8746403    
   7.375000      0.4125000     -0.6904433    
   7.625000      0.4125000       1.251408    
   7.875000      0.4125000      -1.100958    
   8.125000      0.4125000       1.804808    
   8.375000      0.4125000      -1.725192    
   8.625000      0.4125000       2.620165    
   8.875000      0.4125000      -2.666433    
   9.125000      0.4125000       3.821702    
   9.375000      0.4125000      -4.073589    
   9.625000      0.4125000       5.586254    
   9.875000      0.4125000      -6.154660    
   10.00000      0.4125000       1.000000    
 
  0.0000000E+00  0.4375000      0.0000000E+00
  0.1250000      0.4375000      2.3467904E-03
  0.3750000      0.4375000     -3.3834416E-03
  0.6250000      0.4375000      3.5650053E-03
  0.8750000      0.4375000     -4.8094639E-03
   1.125000      0.4375000      6.0708523E-03
   1.375000      0.4375000     -5.7228412E-03
   1.625000      0.4375000      1.1323872E-02
   1.875000      0.4375000     -5.6263087E-03
   2.125000      0.4375000      2.0350337E-02
   2.375000      0.4375000     -4.8259175E-03
   2.625000      0.4375000      3.3918299E-02
   2.875000      0.4375000     -4.2673554E-03
   3.125000      0.4375000      5.2926727E-02
   3.375000      0.4375000     -5.4629282E-03
   3.625000      0.4375000      7.8742065E-02
   3.875000      0.4375000     -1.0605000E-02
   4.125000      0.4375000      0.1135336    
   4.375000      0.4375000     -2.2854954E-02
   4.625000      0.4375000      0.1607007    
   4.875000      0.4375000     -4.6825919E-02
   5.125000      0.4375000      0.2254822    
   5.375000      0.4375000     -8.9322679E-02
   5.625000      0.4375000      0.3158620    
   5.875000      0.4375000     -0.1604526    
   6.125000      0.4375000      0.4439193    
   6.375000      0.4375000     -0.2752805    
   6.625000      0.4375000      0.6278359    
   6.875000      0.4375000     -0.4562770    
   7.125000      0.4375000      0.8948575    
   7.375000      0.4375000     -0.7369090    
   7.625000      0.4375000       1.285604    
   7.875000      0.4375000      -1.166800    
   8.125000      0.4375000       1.860194    
   8.375000      0.4375000      -1.818944    
   8.625000      0.4375000       2.706600    
   8.875000      0.4375000      -2.799202    
   9.125000      0.4375000       3.951177    
   9.375000      0.4375000      -4.257583    
   9.625000      0.4375000       5.770106    
   9.875000      0.4375000      -6.399111    
   10.00000      0.4375000       1.000000    
 
  0.0000000E+00  0.4625000      0.0000000E+00
  0.1250000      0.4625000      2.4147877E-03
  0.3750000      0.4625000     -3.4759545E-03
  0.6250000      0.4625000      3.6568476E-03
  0.8750000      0.4625000     -4.9817921E-03
   1.125000      0.4625000      6.1614080E-03
   1.375000      0.4625000     -6.0322522E-03
   1.625000      0.4625000      1.1403541E-02
   1.875000      0.4625000     -6.1546545E-03
   2.125000      0.4625000      2.0392776E-02
   2.375000      0.4625000     -5.7073087E-03
   2.625000      0.4625000      3.3886157E-02
   2.875000      0.4625000     -5.6841583E-03
   3.125000      0.4625000      5.2800037E-02
   3.375000      0.4625000     -7.6409928E-03
   3.625000      0.4625000      7.8549311E-02
   3.875000      0.4625000     -1.3821937E-02
   4.125000      0.4625000      0.1133843    
   4.375000      0.4625000     -2.7464701E-02
   4.625000      0.4625000      0.1608259    
   4.875000      0.4625000     -5.3302996E-02
   5.125000      0.4625000      0.2262923    
   5.375000      0.4625000     -9.8332502E-02
   5.625000      0.4625000      0.3180327    
   5.875000      0.4625000     -0.1729598    
   6.125000      0.4625000      0.4485230    
   6.375000      0.4625000     -0.2927133    
   6.625000      0.4625000      0.6365389    
   6.875000      0.4625000     -0.4807708    
   7.125000      0.4625000      0.9102114    
   7.375000      0.4625000     -0.7716557    
   7.625000      0.4625000       1.311448    
   7.875000      0.4625000      -1.216508    
   8.125000      0.4625000       1.902146    
   8.375000      0.4625000      -1.890315    
   8.625000      0.4625000       2.772428    
   8.875000      0.4625000      -2.901058    
   9.125000      0.4625000       4.050440    
   9.375000      0.4625000      -4.399738    
   9.625000      0.4625000       5.912016    
   9.875000      0.4625000      -6.589293    
   10.00000      0.4625000       1.000000    
 
  0.0000000E+00  0.4875000      0.0000000E+00
  0.1250000      0.4875000      2.4554299E-03
  0.3750000      0.4875000     -3.5407098E-03
  0.6250000      0.4875000      3.7154756E-03
  0.8750000      0.4875000     -5.0357254E-03
   1.125000      0.4875000      6.3495026E-03
   1.375000      0.4875000     -5.9797196E-03
   1.625000      0.4875000      1.1810662E-02
   1.875000      0.4875000     -5.9977039E-03
   2.125000      0.4875000      2.1007307E-02
   2.375000      0.4875000     -5.5562574E-03
   2.625000      0.4875000      3.4634888E-02
   2.875000      0.4875000     -5.7141348E-03
   3.125000      0.4875000      5.3600892E-02
   3.375000      0.4875000     -8.0627352E-03
   3.625000      0.4875000      7.9348914E-02
   3.875000      0.4875000     -1.4875202E-02
   4.125000      0.4875000      0.1141862    
   4.375000      0.4875000     -2.9429639E-02
   4.625000      0.4875000      0.1617189    
   4.875000      0.4875000     -5.6527864E-02
   5.125000      0.4875000      0.2274882    
   5.375000      0.4875000     -0.1032805    
   5.625000      0.4875000      0.3199228    
   5.875000      0.4875000     -0.1802824    
   6.125000      0.4875000      0.4517666    
   6.375000      0.4875000     -0.3033645    
   6.625000      0.4875000      0.6422001    
   6.875000      0.4875000     -0.4961806    
   7.125000      0.4875000      0.9199681    
   7.375000      0.4875000     -0.7939885    
   7.625000      0.4875000       1.327895    
   7.875000      0.4875000      -1.249020    
   8.125000      0.4875000       1.929192    
   8.375000      0.4875000      -1.937768    
   8.625000      0.4875000       2.815662    
   8.875000      0.4875000      -2.969951    
   9.125000      0.4875000       4.117054    
   9.375000      0.4875000      -4.497696    
   9.625000      0.4875000       6.009462    
   9.875000      0.4875000      -6.723011    
   10.00000      0.4875000       1.000000    
 
  0.0000000E+00  0.5125000      0.0000000E+00
  0.1250000      0.5125000      2.4668695E-03
  0.3750000      0.5125000     -3.5769159E-03
  0.6250000      0.5125000      3.7435966E-03
  0.8750000      0.5125000     -4.9569914E-03
   1.125000      0.5125000      6.6514709E-03
   1.375000      0.5125000     -5.5393958E-03
   1.625000      0.5125000      1.2564135E-02
   1.875000      0.5125000     -5.1308484E-03
   2.125000      0.5125000      2.2202527E-02
   2.375000      0.5125000     -4.3579605E-03
   2.625000      0.5125000      3.6155444E-02
   2.875000      0.5125000     -4.3547344E-03
   3.125000      0.5125000      5.5299327E-02
   3.375000      0.5125000     -6.7362306E-03
   3.625000      0.5125000      8.1088468E-02
   3.875000      0.5125000     -1.3779224E-02
   4.125000      0.5125000      0.1158626    
   4.375000      0.5125000     -2.8764145E-02
   4.625000      0.5125000      0.1632750    
   4.875000      0.5125000     -5.6506023E-02
   5.125000      0.5125000      0.2289307    
   5.375000      0.5125000     -0.1041506    
   5.625000      0.5125000      0.3213477    
   5.875000      0.5125000     -0.1823651    
   6.125000      0.5125000      0.4534016    
   6.375000      0.5125000     -0.3071133    
   6.625000      0.5125000      0.6444775    
   6.875000      0.5125000     -0.5022812    
   7.125000      0.5125000      0.9236480    
   7.375000      0.5125000     -0.8035218    
   7.625000      0.5125000       1.334265    
   7.875000      0.5125000      -1.263717    
   8.125000      0.5125000       1.940372    
   8.375000      0.5125000      -1.960373    
   8.625000      0.5125000       2.835004    
   8.875000      0.5125000      -3.004615    
   9.125000      0.5125000       4.149430    
   9.375000      0.5125000      -4.550016    
   9.625000      0.5125000       6.060845    
   9.875000      0.5125000      -6.799009    
   10.00000      0.5125000       1.000000    
 
  0.0000000E+00  0.5375000      0.0000000E+00
  0.1250000      0.5375000      2.4466990E-03
  0.3750000      0.5375000     -3.5835830E-03
  0.6250000      0.5375000      3.7556810E-03
  0.8750000      0.5375000     -4.7130724E-03
   1.125000      0.5375000      7.1132965E-03
   1.375000      0.5375000     -4.6565724E-03
   1.625000      0.5375000      1.3719185E-02
   1.875000      0.5375000     -3.5009775E-03
   2.125000      0.5375000      2.4023017E-02
   2.375000      0.5375000     -2.0748549E-03
   2.625000      0.5375000      3.8472679E-02
   2.875000      0.5375000     -1.5885817E-03
   3.125000      0.5375000      5.7898190E-02
   3.375000      0.5375000     -3.6639564E-03
   3.625000      0.5375000      8.3749458E-02
   3.875000      0.5375000     -1.0553792E-02
   4.125000      0.5375000      0.1183751    
   4.375000      0.5375000     -2.5501762E-02
   4.625000      0.5375000      0.1654375    
   4.875000      0.5375000     -5.3280465E-02
   5.125000      0.5375000      0.2305450    
   5.375000      0.5375000     -0.1009901    
   5.625000      0.5375000      0.3222125    
   5.875000      0.5375000     -0.1792523    
   6.125000      0.5375000      0.4533085    
   6.375000      0.5375000     -0.3039908    
   6.625000      0.5375000      0.6432182    
   6.875000      0.5375000     -0.4990752    
   7.125000      0.5375000      0.9210472    
   7.375000      0.5375000     -0.8002042    
   7.625000      0.5375000       1.330273    
   7.875000      0.5375000      -1.260456    
   8.125000      0.5375000       1.935283    
   8.375000      0.5375000      -1.957850    
   8.625000      0.5375000       2.829888    
   8.875000      0.5375000      -3.004607    
   9.125000      0.5375000       4.146854    
   9.375000      0.5375000      -4.556170    
   9.625000      0.5375000       6.065481    
   9.875000      0.5375000      -6.816957    
   10.00000      0.5375000       1.000000    
 
  0.0000000E+00  0.5625000      0.0000000E+00
  0.1250000      0.5625000      2.3917418E-03
  0.3750000      0.5625000     -3.5575598E-03
  0.6250000      0.5625000      3.7816162E-03
  0.8750000      0.5625000     -4.2497516E-03
   1.125000      0.5625000      7.8127338E-03
   1.375000      0.5625000     -3.2473004E-03
   1.625000      0.5625000      1.5366390E-02
   1.875000      0.5625000     -1.0285688E-03
   2.125000      0.5625000      2.6546752E-02
   2.375000      0.5625000      1.3503634E-03
   2.625000      0.5625000      4.1642446E-02
   2.875000      0.5625000      2.6135319E-03
   3.125000      0.5625000      6.1430518E-02
   3.375000      0.5625000      1.1545619E-03
   3.625000      0.5625000      8.7345459E-02
   3.875000      0.5625000     -5.2262582E-03
   4.125000      0.5625000      0.1217230    
   4.375000      0.5625000     -1.9696996E-02
   4.625000      0.5625000      0.1681971    
   4.875000      0.5625000     -4.6933275E-02
   5.125000      0.5625000      0.2323205    
   5.375000      0.5625000     -9.3910962E-02
   5.625000      0.5625000      0.3225135    
   5.875000      0.5625000     -0.1710897    
   6.125000      0.5625000      0.4515004    
   6.375000      0.5625000     -0.2941832    
   6.625000      0.5625000      0.6384629    
   6.875000      0.5625000     -0.4867970    
   7.125000      0.5625000      0.9122454    
   7.375000      0.5625000     -0.7843272    
   7.625000      0.5625000       1.316048    
   7.875000      0.5625000      -1.239587    
   8.125000      0.5625000       1.914095    
   8.375000      0.5625000      -1.930592    
   8.625000      0.5625000       2.800507    
   8.875000      0.5625000      -2.970330    
   9.125000      0.5625000       4.109503    
   9.375000      0.5625000      -4.516558    
   9.625000      0.5625000       6.023595    
   9.875000      0.5625000      -6.777433    
   10.00000      0.5625000       1.000000    
 
  0.0000000E+00  0.5875000      0.0000000E+00
  0.1250000      0.5875000      2.2979926E-03
  0.3750000      0.5875000     -3.4897670E-03
  0.6250000      0.5875000      3.8722972E-03
  0.8750000      0.5875000     -3.4864012E-03
   1.125000      0.5875000      8.8614346E-03
   1.375000      0.5875000     -1.1985750E-03
   1.625000      0.5875000      1.7629333E-02
   1.875000      0.5875000      2.3889947E-03
   2.125000      0.5875000      2.9880807E-02
   2.375000      0.5875000      5.9905699E-03
   2.625000      0.5875000      4.5747001E-02
   2.875000      0.5875000      8.2888007E-03
   3.125000      0.5875000      6.5955415E-02
   3.375000      0.5875000      7.7197365E-03
   3.625000      0.5875000      9.1918387E-02
   3.875000      0.5875000      2.1664386E-03
   4.125000      0.5875000      0.1259394    
   4.375000      0.5875000     -1.1426289E-02
   4.625000      0.5875000      0.1715892    
   4.875000      0.5875000     -3.7585612E-02
   5.125000      0.5875000      0.2343082    
   5.375000      0.5875000     -8.3088420E-02
   5.625000      0.5875000      0.3223356    
   5.875000      0.5875000     -0.1581225    
   6.125000      0.5875000      0.4481197    
   6.375000      0.5875000     -0.2780284    
   6.625000      0.5875000      0.6304423    
   6.875000      0.5875000     -0.4659093    
   7.125000      0.5875000      0.8976021    
   7.375000      0.5875000     -0.7565181    
   7.625000      0.5875000       1.292122    
   7.875000      0.5875000      -1.201944    
   8.125000      0.5875000       1.877555    
   8.375000      0.5875000      -1.879663    
   8.625000      0.5875000       2.747816    
   8.875000      0.5875000      -2.903036    
   9.125000      0.5875000       4.038465    
   9.375000      0.5875000      -4.432519    
   9.625000      0.5875000       5.936341    
   9.875000      0.5875000      -6.681920    
   10.00000      0.5875000       1.000000    
 
  0.0000000E+00  0.6125000      0.0000000E+00
  0.1250000      0.6125000      2.1610621E-03
  0.3750000      0.6125000     -3.3591574E-03
  0.6250000      0.6125000      4.1068923E-03
  0.8750000      0.6125000     -2.3107296E-03
   1.125000      0.6125000      1.0406249E-02
   1.375000      0.6125000      1.6302931E-03
   1.625000      0.6125000      2.0660484E-02
   1.875000      0.6125000      6.8727387E-03
   2.125000      0.6125000      3.4155194E-02
   2.375000      0.6125000      1.1929004E-02
   2.625000      0.6125000      5.0888620E-02
   2.875000      0.6125000      1.5477957E-02
   3.125000      0.6125000      7.1551859E-02
   3.375000      0.6125000      1.6028721E-02
   3.625000      0.6125000      9.7532824E-02
   3.875000      0.6125000      1.1576098E-02
   4.125000      0.6125000      0.1310862    
   4.375000      0.6125000     -7.8796549E-04
   4.625000      0.6125000      0.1756876    
   4.875000      0.6125000     -2.5395496E-02
   5.125000      0.6125000      0.2366139    
   5.375000      0.6125000     -6.8756521E-02
   5.625000      0.6125000      0.3218427    
   5.875000      0.6125000     -0.1406863    
   6.125000      0.6125000      0.4434251    
   6.375000      0.6125000     -0.2560026    
   6.625000      0.6125000      0.6195608    
   6.875000      0.6125000     -0.4370832    
   7.125000      0.6125000      0.8777338    
   7.375000      0.6125000     -0.7177151    
   7.625000      0.6125000       1.259405    
   7.875000      0.6125000      -1.148815    
   8.125000      0.6125000       1.826946    
   8.375000      0.6125000      -1.806760    
   8.625000      0.6125000       2.673502    
   8.875000      0.6125000      -2.804801    
   9.125000      0.6125000       3.935715    
   9.375000      0.6125000      -4.306311    
   9.625000      0.6125000       5.805772    
   9.875000      0.6125000      -6.532808    
   10.00000      0.6125000       1.000000    
 
  0.0000000E+00  0.6375000      0.0000000E+00
  0.1250000      0.6375000      1.9778511E-03
  0.3750000      0.6375000     -3.1240562E-03
  0.6250000      0.6375000      4.6011643E-03
  0.8750000      0.6375000     -5.7415030E-04
   1.125000      0.6375000      1.2628667E-02
   1.375000      0.6375000      5.4043937E-03
   1.625000      0.6375000      2.4634985E-02
   1.875000      0.6375000      1.2555933E-02
   2.125000      0.6375000      3.9515097E-02
   2.375000      0.6375000      1.9253187E-02
   2.625000      0.6375000      5.7181947E-02
   2.875000      0.6375000      2.4220409E-02
   3.125000      0.6375000      7.8311674E-02
   3.375000      0.6375000      2.6072223E-02
   3.625000      0.6375000      0.1042690    
   3.875000      0.6375000      2.2941986E-02
   4.125000      0.6375000      0.1372464    
   4.375000      0.6375000      1.2098775E-02
   4.625000      0.6375000      0.1805968    
   4.875000      0.6375000     -1.0553903E-02
   5.125000      0.6375000      0.2393875    
   5.375000      0.6375000     -5.1200405E-02
   5.625000      0.6375000      0.3212647    
   5.875000      0.6375000     -0.1191955    
   6.125000      0.6375000      0.4377741    
   6.375000      0.6375000     -0.2287010    
   6.625000      0.6375000      0.6063706    
   6.875000      0.6375000     -0.4011706    
   7.125000      0.6375000      0.8534783    
   7.375000      0.6375000     -0.6691279    
   7.625000      0.6375000       1.219137    
   7.875000      0.6375000      -1.081890    
   8.125000      0.6375000       1.764034    
   8.375000      0.6375000      -1.714160    
   8.625000      0.6375000       2.579922    
   8.875000      0.6375000      -2.678475    
   9.125000      0.6375000       3.804080    
   9.375000      0.6375000      -4.141091    
   9.625000      0.6375000       5.634835    
   9.875000      0.6375000      -6.333326    
   10.00000      0.6375000       1.000000    
 
  0.0000000E+00  0.6625000      0.0000000E+00
  0.1250000      0.6625000      1.7503579E-03
  0.3750000      0.6625000     -2.7108111E-03
  0.6250000      0.6625000      5.5156448E-03
  0.8750000      0.6625000      1.9107114E-03
   1.125000      0.6625000      1.5741345E-02
   1.375000      0.6625000      1.0307401E-02
   1.625000      0.6625000      2.9742233E-02
   1.875000      0.6625000      1.9576488E-02
   2.125000      0.6625000      4.6111848E-02
   2.375000      0.6625000      2.8048197E-02
   2.625000      0.6625000      6.4745449E-02
   2.875000      0.6625000      3.4549233E-02
   3.125000      0.6625000      8.6331427E-02
   3.375000      0.6625000      3.7831467E-02
   3.625000      0.6625000      0.1122151    
   3.875000      0.6625000      3.6190048E-02
   4.125000      0.6625000      0.1445162    
   4.375000      0.6625000      2.7095737E-02
   4.625000      0.6625000      0.1864416    
   4.875000      0.6625000      6.7203809E-03
   5.125000      0.6625000      0.2428115    
   5.375000      0.6625000     -3.0746564E-02
   5.625000      0.6625000      0.3208812    
   5.875000      0.6625000     -9.4126351E-02
   6.125000      0.6625000      0.4316002    
   6.375000      0.6625000     -0.1968137    
   6.625000      0.6625000      0.5915393    
   6.875000      0.6625000     -0.3591668    
   7.125000      0.6625000      0.8258501    
   7.375000      0.6625000     -0.6121843    
   7.625000      0.6625000       1.172828    
   7.875000      0.6625000      -1.003186    
   8.125000      0.6625000       1.690990    
   8.375000      0.6625000      -1.604628    
   8.625000      0.6625000       2.470032    
   8.875000      0.6625000      -2.527609    
   9.125000      0.6625000       3.647187    
   9.375000      0.6625000      -3.940889    
   9.625000      0.6625000       5.427354    
   9.875000      0.6625000      -6.087556    
   10.00000      0.6625000       1.000000    
 
  0.0000000E+00  0.6875000      0.0000000E+00
  0.1250000      0.6875000      1.4928193E-03
  0.3750000      0.6875000     -2.0003621E-03
  0.6250000      0.6875000      7.0618629E-03
  0.8750000      0.6875000      5.3687175E-03
   1.125000      0.6875000      1.9980844E-02
   1.375000      0.6875000      1.6532868E-02
   1.625000      0.6875000      3.6175441E-02
   1.875000      0.6875000      2.8068136E-02
   2.125000      0.6875000      5.4093011E-02
   2.375000      0.6875000      3.8389686E-02
   2.625000      0.6875000      7.3692702E-02
   2.875000      0.6875000      4.6486307E-02
   3.125000      0.6875000      9.5704548E-02
   3.375000      0.6875000      5.1275548E-02
   3.625000      0.6875000      0.1214594    
   3.875000      0.6875000      5.1232670E-02
   4.125000      0.6875000      0.1529962    
   4.375000      0.6875000      4.4048317E-02
   4.625000      0.6875000      0.1933579    
   4.875000      0.6875000      2.6187040E-02
   5.125000      0.6875000      0.2470877    
   5.375000      0.6875000     -7.7516078E-03
   5.625000      0.6875000      0.3210033    
   5.875000      0.6875000     -6.5999463E-02
   6.125000      0.6875000      0.4253872    
   6.375000      0.6875000     -0.1610967    
   6.625000      0.6875000      0.5758142    
   6.875000      0.6875000     -0.3121687    
   7.125000      0.6875000      0.7959881    
   7.375000      0.6875000     -0.5484704    
   7.625000      0.6875000       1.122180    
   7.875000      0.6875000     -0.9149739    
   8.125000      0.6875000       1.610294    
   8.375000      0.6875000      -1.481327    
   8.625000      0.6875000       2.347270    
   8.875000      0.6875000      -2.356357    
   9.125000      0.6875000       3.469387    
   9.375000      0.6875000      -3.710562    
   9.625000      0.6875000       5.188023    
   9.875000      0.6875000      -5.800412    
   10.00000      0.6875000       1.000000    
 
  0.0000000E+00  0.7125000      0.0000000E+00
  0.1250000      0.7125000      1.2433958E-03
  0.3750000      0.7125000     -8.1427774E-04
  0.6250000      0.7125000      9.5041869E-03
  0.8750000      0.7125000      1.0055517E-02
   1.125000      0.7125000      2.5595948E-02
   1.375000      0.7125000      2.4272665E-02
   1.625000      0.7125000      4.4119354E-02
   1.875000      0.7125000      3.8150828E-02
   2.125000      0.7125000      6.3592002E-02
   2.375000      0.7125000      5.0336909E-02
   2.625000      0.7125000      8.4123500E-02
   2.875000      0.7125000      6.0037743E-02
   3.125000      0.7125000      0.1065131    
   3.375000      0.7125000      6.6359103E-02
   3.625000      0.7125000      0.1320820    
   3.875000      0.7125000      6.7968704E-02
   4.125000      0.7125000      0.1627825    
   4.375000      0.7125000      6.2788427E-02
   4.625000      0.7125000      0.2014809    
   4.875000      0.7125000      4.7590945E-02
   5.125000      0.7125000      0.2524221    
   5.375000      0.7125000      1.7409638E-02
   5.625000      0.7125000      0.3219542    
   5.875000      0.7125000     -3.5359994E-02
   6.125000      0.7125000      0.4196409    
   6.375000      0.7125000     -0.1223424    
   6.625000      0.7125000      0.5599806    
   6.875000      0.7125000     -0.2613292    
   7.125000      0.7125000      0.7650968    
   7.375000      0.7125000     -0.4796628    
   7.625000      0.7125000       1.069012    
   7.875000      0.7125000     -0.8196741    
   8.125000      0.7125000       1.524625    
   8.375000      0.7125000      -1.347685    
   8.625000      0.7125000       2.215429    
   8.875000      0.7125000      -2.169351    
   9.125000      0.7125000       3.275639    
   9.375000      0.7125000      -3.455715    
   9.625000      0.7125000       4.922359    
   9.875000      0.7125000      -5.477623    
   10.00000      0.7125000       1.000000    
 
  0.0000000E+00  0.7375000      0.0000000E+00
  0.1250000      0.7375000      1.0813609E-03
  0.3750000      0.7375000      1.0968936E-03
  0.6250000      0.7375000      1.3154639E-02
  0.8750000      0.7375000      1.6244378E-02
   1.125000      0.7375000      3.2831844E-02
   1.375000      0.7375000      3.3703182E-02
   1.625000      0.7375000      5.3737257E-02
   1.875000      0.7375000      4.9920984E-02
   2.125000      0.7375000      7.4718341E-02
   2.375000      0.7375000      6.3926294E-02
   2.625000      0.7375000      9.6115910E-02
   2.875000      0.7375000      7.5189911E-02
   3.125000      0.7375000      0.1188208    
   3.375000      0.7375000      8.3020471E-02
   3.625000      0.7375000      0.1441476    
   3.875000      0.7375000      8.6283870E-02
   4.125000      0.7375000      0.1739589    
   4.375000      0.7375000      8.3137587E-02
   4.625000      0.7375000      0.2109358    
   4.875000      0.7375000      7.0668727E-02
   5.125000      0.7375000      0.2590131    
   5.375000      0.7375000      4.4355672E-02
   5.625000      0.7375000      0.3240504    
   5.875000      0.7375000     -2.7591630E-03
   6.125000      0.7375000      0.4148633    
   6.375000      0.7375000     -8.1350014E-02
   6.625000      0.7375000      0.5448246    
   6.875000      0.7375000     -0.2078132    
   7.125000      0.7375000      0.7343900    
   7.375000      0.7375000     -0.4074633    
   7.625000      0.7375000       1.015173    
   7.875000      0.7375000     -0.7197679    
   8.125000      0.7375000       1.436748    
   8.375000      0.7375000      -1.207270    
   8.625000      0.7375000       2.078516    
   8.875000      0.7375000      -1.971541    
   9.125000      0.7375000       3.071371    
   9.375000      0.7375000      -3.182597    
   9.625000      0.7375000       4.636669    
   9.875000      0.7375000      -5.125719    
   10.00000      0.7375000       1.000000    
 
  0.0000000E+00  0.7625000      0.0000000E+00
  0.1250000      0.7625000      1.1497930E-03
  0.3750000      0.7625000      4.0588626E-03
  0.6250000      0.7625000      1.8358387E-02
  0.8750000      0.7625000      2.4206514E-02
   1.125000      0.7625000      4.1911196E-02
   1.375000      0.7625000      4.4970568E-02
   1.625000      0.7625000      6.5158412E-02
   1.875000      0.7625000      6.3442610E-02
   2.125000      0.7625000      8.7549165E-02
   2.375000      0.7625000      7.9166248E-02
   2.625000      0.7625000      0.1097200    
   2.875000      0.7625000      9.1906630E-02
   3.125000      0.7625000      0.1326671    
   3.375000      0.7625000      0.1011809    
   3.625000      0.7625000      0.1577005    
   3.875000      0.7625000      0.1060518    
   4.125000      0.7625000      0.1865902    
   4.375000      0.7625000      0.1049102    
   4.625000      0.7625000      0.2218296    
   4.875000      0.7625000      9.5155060E-02
   5.125000      0.7625000      0.2670397    
   5.375000      0.7625000      7.2708830E-02
   5.625000      0.7625000      0.3275869    
   5.875000      0.7625000      3.1262476E-02
   6.125000      0.7625000      0.4115304    
   6.375000      0.7625000     -3.8900167E-02
   6.625000      0.7625000      0.5310994    
   6.875000      0.7625000     -0.1527577    
   7.125000      0.7625000      0.7050432    
   7.375000      0.7625000     -0.3335394    
   7.625000      0.7625000      0.9624716    
   7.875000      0.7625000     -0.6177065    
   8.125000      0.7625000       1.349409    
   8.375000      0.7625000      -1.063669    
   8.625000      0.7625000       1.940604    
   8.875000      0.7625000      -1.768050    
   9.125000      0.7625000       2.862329    
   9.375000      0.7625000      -2.897994    
   9.625000      0.7625000       4.337995    
   9.875000      0.7625000      -4.752050    
   10.00000      0.7625000       1.000000    
 
  0.0000000E+00  0.7875000      0.0000000E+00
  0.1250000      0.7875000      1.6820586E-03
  0.3750000      0.7875000      8.4674731E-03
  0.6250000      0.7875000      2.5468543E-02
  0.8750000      0.7875000      3.4185991E-02
   1.125000      0.7875000      5.3013735E-02
   1.375000      0.7875000      5.8176156E-02
   1.625000      0.7875000      7.8466460E-02
   1.875000      0.7875000      7.8739628E-02
   2.125000      0.7875000      0.1021221    
   2.375000      0.7875000      9.6032739E-02
   2.625000      0.7875000      0.1249522    
   2.875000      0.7875000      0.1101268    
   3.125000      0.7875000      0.1480630    
   3.375000      0.7875000      0.1207433    
   3.625000      0.7875000      0.1727587    
   3.875000      0.7875000      0.1271346    
   4.125000      0.7875000      0.2007164    
   4.375000      0.7875000      0.1279157    
   4.625000      0.7875000      0.2342433    
   4.875000      0.7875000      0.1207875    
   5.125000      0.7875000      0.2766514    
   5.375000      0.7875000      0.1021038    
   5.625000      0.7875000      0.3328222    
   5.875000      0.7875000      6.6188991E-02
   6.125000      0.7875000      0.4100699    
   6.375000      0.7875000      4.2676209E-03
   6.625000      0.7875000      0.5194941    
   6.875000      0.7875000     -9.7237028E-02
   7.125000      0.7875000      0.6781445    
   7.375000      0.7875000     -0.2594699    
   7.625000      0.7875000      0.9126052    
   7.875000      0.7875000     -0.5158284    
   8.125000      0.7875000       1.265226    
   8.375000      0.7875000     -0.9203559    
   8.625000      0.7875000       1.805681    
   8.875000      0.7875000      -1.563992    
   9.125000      0.7875000       2.654379    
   9.375000      0.7875000      -2.609032    
   9.625000      0.7875000       4.033993    
   9.875000      0.7875000      -4.364732    
   10.00000      0.7875000       1.000000    
 
  0.0000000E+00  0.8125000      0.0000000E+00
  0.1250000      0.8125000      3.0277958E-03
  0.3750000      0.8125000      1.4766364E-02
  0.6250000      0.8125000      3.4811310E-02
  0.8750000      0.8125000      4.6372198E-02
   1.125000      0.8125000      6.6257223E-02
   1.375000      0.8125000      7.3364392E-02
   1.625000      0.8125000      9.3691073E-02
   1.875000      0.8125000      9.5790669E-02
   2.125000      0.8125000      0.1184307    
   2.375000      0.8125000      0.1144673    
   2.625000      0.8125000      0.1417928    
   2.875000      0.8125000      0.1297638    
   3.125000      0.8125000      0.1649884    
   3.375000      0.8125000      0.1415931    
   3.625000      0.8125000      0.1893121    
   3.875000      0.8125000      0.1493840    
   4.125000      0.8125000      0.2163497    
   4.375000      0.8125000      0.1519613    
   4.625000      0.8125000      0.2482283    
   4.875000      0.8125000      0.1473103    
   5.125000      0.8125000      0.2879630    
   5.375000      0.8125000      0.1321938    
   5.625000      0.8125000      0.3399702    
   5.875000      0.8125000      0.1015391    
   6.125000      0.8125000      0.4108500    
   6.375000      0.8125000      4.7470450E-02
   6.625000      0.8125000      0.5106140    
   6.875000      0.8125000     -4.2238906E-02
   7.125000      0.8125000      0.6546658    
   7.375000      0.8125000     -0.1867065    
   7.625000      0.8125000      0.8671123    
   7.875000      0.8125000     -0.4162981    
   8.125000      0.8125000       1.186615    
   8.375000      0.8125000     -0.7805955    
   8.625000      0.8125000       1.677521    
   8.875000      0.8125000      -1.364316    
   9.125000      0.8125000       2.453331    
   9.375000      0.8125000      -2.323005    
   9.625000      0.8125000       3.732819    
   9.875000      0.8125000      -3.972673    
   10.00000      0.8125000       1.000000    
 
  0.0000000E+00  0.8375000      0.0000000E+00
  0.1250000      0.8375000      5.6707142E-03
  0.3750000      0.8375000      2.3405181E-02
  0.6250000      0.8375000      4.6644419E-02
  0.8750000      0.8375000      6.0873225E-02
   1.125000      0.8375000      8.1681795E-02
   1.375000      0.8375000      9.0513974E-02
   1.625000      0.8375000      0.1108023    
   1.875000      0.8375000      0.1145261    
   2.125000      0.8375000      0.1364225    
   2.375000      0.8375000      0.1343756    
   2.625000      0.8375000      0.1601845    
   2.875000      0.8375000      0.1507047    
   3.125000      0.8375000      0.1833903    
   3.375000      0.8375000      0.1635976    
   3.625000      0.8375000      0.2073207    
   3.875000      0.8375000      0.1726417    
   4.125000      0.8375000      0.2334725    
   4.375000      0.8375000      0.1768525    
   4.625000      0.8375000      0.2638029    
   4.875000      0.8375000      0.1744765    
   5.125000      0.8375000      0.3010490    
   5.375000      0.8375000      0.1626540    
   5.625000      0.8375000      0.3491933    
   5.875000      0.8375000      0.1368713    
   6.125000      0.8375000      0.4141683    
   6.375000      0.8375000      9.0090916E-02
   6.625000      0.8375000      0.5049666    
   6.875000      0.8375000      1.1351096E-02
   7.125000      0.8375000      0.6354398    
   7.375000      0.8375000     -0.1165481    
   7.625000      0.8375000      0.8273341    
   7.875000      0.8375000     -0.3210612    
   8.125000      0.8375000       1.115728    
   8.375000      0.8375000     -0.6473645    
   8.625000      0.8375000       1.559581    
   8.875000      0.8375000      -1.173667    
   9.125000      0.8375000       2.264747    
   9.375000      0.8375000      -2.047153    
   9.625000      0.8375000       3.442934    
   9.875000      0.8375000      -3.585500    
   10.00000      0.8375000       1.000000    
 
  0.0000000E+00  0.8625000      0.0000000E+00
  0.1250000      0.8625000      1.0226956E-02
  0.3750000      0.8625000      3.4778900E-02
  0.6250000      0.8625000      6.1115455E-02
  0.8750000      0.8625000      7.7695198E-02
   1.125000      0.8625000      9.9240616E-02
   1.375000      0.8625000      0.1095341    
   1.625000      0.8625000      0.1297097    
   1.875000      0.8625000      0.1348279    
   2.125000      0.8625000      0.1559995    
   2.375000      0.8625000      0.1556289    
   2.625000      0.8625000      0.1800333    
   2.875000      0.8625000      0.1728120    
   3.125000      0.8625000      0.2031846    
   3.375000      0.8625000      0.1866073    
   3.625000      0.8625000      0.2267152    
   3.875000      0.8625000      0.1967400    
   4.125000      0.8625000      0.2520376    
   4.375000      0.8625000      0.2023937    
   4.625000      0.8625000      0.2809527    
   4.875000      0.8625000      0.2020480    
   5.125000      0.8625000      0.3159450    
   5.375000      0.8625000      0.1931815    
   5.625000      0.8625000      0.3606026    
   5.875000      0.8625000      0.1717845    
   6.125000      0.8625000      0.4202524    
   6.375000      0.8625000      0.1315783    
   6.625000      0.8625000      0.5029596    
   6.875000      0.8625000      6.2752008E-02
   7.125000      0.8625000      0.6211559    
   7.375000      0.8625000     -5.0135139E-02
   7.625000      0.8625000      0.7944077    
   7.875000      0.8625000     -0.2318302    
   8.125000      0.8625000       1.054424    
   8.375000      0.8625000     -0.5233138    
   8.625000      0.8625000       1.454937    
   8.875000      0.8625000     -0.9962936    
   9.125000      0.8625000       2.093806    
   9.375000      0.8625000      -1.788481    
   9.625000      0.8625000       3.172923    
   9.875000      0.8625000      -3.213516    
   10.00000      0.8625000       1.000000    
 
  0.0000000E+00  0.8875000      0.0000000E+00
  0.1250000      0.8875000      1.7409781E-02
  0.3750000      0.8875000      4.9153961E-02
  0.6250000      0.8875000      7.8227311E-02
  0.8750000      0.8875000      9.6730568E-02
   1.125000      0.8875000      0.1187977    
   1.375000      0.8875000      0.1302653    
   1.625000      0.8875000      0.1502642    
   1.875000      0.8875000      0.1565326    
   2.125000      0.8875000      0.1770209    
   2.375000      0.8875000      0.1780656    
   2.625000      0.8875000      0.2012110    
   2.875000      0.8875000      0.1959242    
   3.125000      0.8875000      0.2242575    
   3.375000      0.8875000      0.2104564    
   3.625000      0.8875000      0.2473990    
   3.875000      0.8875000      0.2215018    
   4.125000      0.8875000      0.2719700    
   4.375000      0.8875000      0.2283876    
   4.625000      0.8875000      0.2996328    
   4.875000      0.8875000      0.2297936    
   5.125000      0.8875000      0.3326492    
   5.375000      0.8875000      0.2234926    
   5.625000      0.8875000      0.3742614    
   5.875000      0.8875000      0.2059139    
   6.125000      0.8875000      0.4292646    
   6.375000      0.8875000      0.1714421    
   6.625000      0.8875000      0.5049082    
   6.875000      0.8875000      0.1112785    
   7.125000      0.8875000      0.6123700    
   7.375000      0.8875000      1.1540140E-02
   7.625000      0.8875000      0.7692742    
   7.875000      0.8875000     -0.1500946    
   8.125000      0.8875000       1.004285    
   8.375000      0.8875000     -0.4107693    
   8.625000      0.8875000       1.366273    
   8.875000      0.8875000     -0.8360088    
   9.125000      0.8875000       1.945227    
   9.375000      0.8875000      -1.553608    
   9.625000      0.8875000       2.931296    
   9.875000      0.8875000      -2.867671    
   10.00000      0.8875000       1.000000    
 
  0.0000000E+00  0.9125000      0.0000000E+00
  0.1250000      0.9125000      2.7945327E-02
  0.3750000      0.9125000      6.6593394E-02
  0.6250000      0.9125000      9.7818598E-02
  0.8750000      0.9125000      0.1177578    
   1.125000      0.9125000      0.1401329    
   1.375000      0.9125000      0.1524852    
   1.625000      0.9125000      0.1722646    
   1.875000      0.9125000      0.1794349    
   2.125000      0.9125000      0.1993078    
   2.375000      0.9125000      0.2014944    
   2.625000      0.9125000      0.2235587    
   2.875000      0.9125000      0.2198583    
   3.125000      0.9125000      0.2464690    
   3.375000      0.9125000      0.2349636    
   3.625000      0.9125000      0.2692511    
   3.875000      0.9125000      0.2467403    
   4.125000      0.9125000      0.2931708    
   4.375000      0.9125000      0.2546325    
   4.625000      0.9125000      0.3197720    
   4.875000      0.9125000      0.2574857    
   5.125000      0.9125000      0.3511289    
   5.375000      0.9125000      0.2533164    
   5.625000      0.9125000      0.3901931    
   5.875000      0.9125000      0.2389202    
   6.125000      0.9125000      0.4413128    
   6.375000      0.9125000      0.2092373    
   6.625000      0.9125000      0.5110517    
   6.875000      0.9125000      0.1563198    
   7.125000      0.9125000      0.6095282    
   7.375000      0.9125000      6.7602701E-02
   7.625000      0.9125000      0.7527149    
   7.875000      0.9125000     -7.7162094E-02
   8.125000      0.9125000      0.9666533    
   8.375000      0.9125000     -0.3117822    
   8.625000      0.9125000       1.295931    
   8.875000      0.9125000     -0.6962312    
   9.125000      0.9125000       1.823266    
   9.375000      0.9125000      -1.348717    
   9.625000      0.9125000       2.726348    
   9.875000      0.9125000      -2.559529    
   10.00000      0.9125000       1.000000    
 
  0.0000000E+00  0.9375000      0.0000000E+00
  0.1250000      0.9375000      4.2426527E-02
  0.3750000      0.9375000      8.6897954E-02
  0.6250000      0.9375000      0.1195641    
  0.8750000      0.9375000      0.1404521    
   1.125000      0.9375000      0.1629529    
   1.375000      0.9375000      0.1759163    
   1.625000      0.9375000      0.1954644    
   1.875000      0.9375000      0.2032938    
   2.125000      0.9375000      0.2226483    
   2.375000      0.9375000      0.2256979    
   2.625000      0.9375000      0.2468920    
   2.875000      0.9375000      0.2444109    
   3.125000      0.9375000      0.2696573    
   3.375000      0.9375000      0.2599316    
   3.625000      0.9375000      0.2921308    
   3.875000      0.9375000      0.2722570    
   4.125000      0.9375000      0.3155216    
   4.375000      0.9375000      0.2809196    
   4.625000      0.9375000      0.3412789    
   4.875000      0.9375000      0.2848935    
   5.125000      0.9375000      0.3713287    
   5.375000      0.9375000      0.2823849    
   5.625000      0.9375000      0.4083936    
   5.875000      0.9375000      0.2704756    
   6.125000      0.9375000      0.4564702    
   6.375000      0.9375000      0.2445417    
   6.625000      0.9375000      0.5215814    
   6.875000      0.9375000      0.1973052    
   7.125000      0.9375000      0.6130083    
   7.375000      0.9375000      0.1172449    
   7.625000      0.9375000      0.7454098    
   7.875000      0.9375000     -1.4231654E-02
   8.125000      0.9375000      0.9427191    
   8.375000      0.9375000     -0.2282294    
   8.625000      0.9375000       1.246016    
   8.875000      0.9375000     -0.5801070    
   9.125000      0.9375000       1.731843    
   9.375000      0.9375000      -1.179633    
   9.625000      0.9375000       2.566152    
   9.875000      0.9375000      -2.301304    
   10.00000      0.9375000       1.000000    
 
  0.0000000E+00  0.9625000      0.0000000E+00
  0.1250000      0.9625000      6.1099607E-02
  0.3750000      0.9625000      0.1095819    
  0.6250000      0.9625000      0.1429954    
  0.8750000      0.9625000      0.1644035    
   1.125000      0.9625000      0.1869058    
   1.375000      0.9625000      0.2002370    
   1.625000      0.9625000      0.2195813    
   1.875000      0.9625000      0.2278376    
   2.125000      0.9625000      0.2468053    
   2.375000      0.9625000      0.2504354    
   2.625000      0.9625000      0.2710055    
   2.875000      0.9625000      0.2693599    
   3.125000      0.9625000      0.2936432    
   3.375000      0.9625000      0.2851478    
   3.625000      0.9625000      0.3158826    
   3.875000      0.9625000      0.2978396    
   4.125000      0.9625000      0.3388913    
   4.375000      0.9625000      0.3070281    
   4.625000      0.9625000      0.3640510    
   4.875000      0.9625000      0.3117756    
   5.125000      0.9625000      0.3931831    
   5.375000      0.9625000      0.3104203    
   5.625000      0.9625000      0.4288495    
   5.875000      0.9625000      0.3002433    
   6.125000      0.9625000      0.4748004    
   6.375000      0.9625000      0.2769251    
   6.625000      0.9625000      0.5366790    
   6.875000      0.9625000      0.2336579    
   7.125000      0.9625000      0.6231772    
   7.375000      0.9625000      0.1596556    
   7.625000      0.9625000      0.7480248    
   7.875000      0.9625000      3.7500992E-02
   8.125000      0.9625000      0.9336513    
   8.375000      0.9625000     -0.1619701    
   8.625000      0.9625000       1.218594    
   8.875000      0.9625000     -0.4907320    
   9.125000      0.9625000       1.674787    
   9.375000      0.9625000      -1.052089    
   9.625000      0.9625000       2.458741    
   9.875000      0.9625000      -2.106023    
   10.00000      0.9625000       1.000000    
 
  0.0000000E+00  0.9875000      0.0000000E+00
  0.1250000      0.9875000      8.3589315E-02
  0.3750000      0.9875000      0.1338959    
  0.6250000      0.9875000      0.1675350    
  0.8750000      0.9875000      0.1891382    
   1.125000      0.9875000      0.2115956    
   1.375000      0.9875000      0.2250897    
   1.625000      0.9875000      0.2443051    
   1.875000      0.9875000      0.2527691    
   2.125000      0.9875000      0.2715201    
   2.375000      0.9875000      0.2754448    
   2.625000      0.9875000      0.2956781    
   2.875000      0.9875000      0.2944646    
   3.125000      0.9875000      0.3182353    
   3.375000      0.9875000      0.3103815    
   3.625000      0.9875000      0.3403418    
   3.875000      0.9875000      0.3232576    
   4.125000      0.9875000      0.3631429    
   4.375000      0.9875000      0.3327172    
   4.625000      0.9875000      0.3879833    
   4.875000      0.9875000      0.3378674    
   5.125000      0.9875000      0.4166296    
   5.375000      0.9875000      0.3371162    
   5.625000      0.9875000      0.4515581    
   5.875000      0.9875000      0.3278493    
   6.125000      0.9875000      0.4963892    
   6.375000      0.9875000      0.3059076    
   6.625000      0.9875000      0.5565649    
   6.875000      0.9875000      0.2647316    
   7.125000      0.9875000      0.6404649    
   7.375000      0.9875000      0.1939257    
   7.625000      0.9875000      0.7613244    
   7.875000      0.9875000      7.6699868E-02
   8.125000      0.9875000      0.9407663    
   8.375000      0.9875000     -0.1150635    
   8.625000      0.9875000       1.215947    
   8.875000      0.9875000     -0.4314830    
   9.125000      0.9875000       1.656240    
   9.375000      0.9875000     -0.9721955    
   9.625000      0.9875000       2.412606    
   9.875000      0.9875000      -1.987877    
   10.00000      0.9875000       1.000000    
 
  0.0000000E+00   1.000000      0.0000000E+00
  0.1250000       1.000000      8.3589315E-02
  0.3750000       1.000000      0.1338959    
  0.6250000       1.000000      0.1675350    
  0.8750000       1.000000      0.1891382    
   1.125000       1.000000      0.2115956    
   1.375000       1.000000      0.2250897    
   1.625000       1.000000      0.2443051    
   1.875000       1.000000      0.2527691    
   2.125000       1.000000      0.2715201    
   2.375000       1.000000      0.2754448    
   2.625000       1.000000      0.2956781    
   2.875000       1.000000      0.2944646    
   3.125000       1.000000      0.3182353    
   3.375000       1.000000      0.3103815    
   3.625000       1.000000      0.3403418    
   3.875000       1.000000      0.3232576    
   4.125000       1.000000      0.3631429    
   4.375000       1.000000      0.3327172    
   4.625000       1.000000      0.3879833    
   4.875000       1.000000      0.3378674    
   5.125000       1.000000      0.4166296    
   5.375000       1.000000      0.3371162    
   5.625000       1.000000      0.4515581    
   5.875000       1.000000      0.3278493    
   6.125000       1.000000      0.4963892    
   6.375000       1.000000      0.3059076    
   6.625000       1.000000      0.5565649    
   6.875000       1.000000      0.2647316    
   7.125000       1.000000      0.6404649    
   7.375000       1.000000      0.1939257    
   7.625000       1.000000      0.7613244    
   7.875000       1.000000      7.6699868E-02
   8.125000       1.000000      0.9407663    
   8.375000       1.000000     -0.1150635    
   8.625000       1.000000       1.215947    
   8.875000       1.000000     -0.4314830    
   9.125000       1.000000       1.656240    
   9.375000       1.000000     -0.9721955    
   9.625000       1.000000       2.412606    
   9.875000       1.000000      -1.987877    
   10.00000       1.000000       1.000000    
 
