  0.0000000E+00  0.0000000E+00  0.0000000E+00
  0.1250000      0.0000000E+00  1.2499999E-02
  0.3750000      0.0000000E+00  3.7499998E-02
  0.6250000      0.0000000E+00  6.2499996E-02
  0.8750000      0.0000000E+00  8.7499991E-02
   1.125000      0.0000000E+00  0.1125000    
   1.375000      0.0000000E+00  0.1375000    
   1.625000      0.0000000E+00  0.1625000    
   1.875000      0.0000000E+00  0.1875000    
   2.125000      0.0000000E+00  0.2125000    
   2.375000      0.0000000E+00  0.2375000    
   2.625000      0.0000000E+00  0.2625000    
   2.875000      0.0000000E+00  0.2875000    
   3.125000      0.0000000E+00  0.3125000    
   3.375000      0.0000000E+00  0.3375000    
   3.625000      0.0000000E+00  0.3625000    
   3.875000      0.0000000E+00  0.3875000    
   4.125000      0.0000000E+00  0.4125000    
   4.375000      0.0000000E+00  0.4375000    
   4.625000      0.0000000E+00  0.4625000    
   4.875000      0.0000000E+00  0.4875000    
   5.125000      0.0000000E+00  0.5125000    
   5.375000      0.0000000E+00  0.5375000    
   5.625000      0.0000000E+00  0.5624999    
   5.875000      0.0000000E+00  0.5875000    
   6.125000      0.0000000E+00  0.6125000    
   6.375000      0.0000000E+00  0.6375000    
   6.625000      0.0000000E+00  0.6625000    
   6.875000      0.0000000E+00  0.6874999    
   7.125000      0.0000000E+00  0.7125000    
   7.375000      0.0000000E+00  0.7375000    
   7.625000      0.0000000E+00  0.7624999    
   7.875000      0.0000000E+00  0.7875000    
   8.125000      0.0000000E+00  0.8124999    
   8.375000      0.0000000E+00  0.8375000    
   8.625000      0.0000000E+00  0.8625000    
   8.875000      0.0000000E+00  0.8874999    
   9.125000      0.0000000E+00  0.9125000    
   9.375000      0.0000000E+00  0.9374999    
   9.625000      0.0000000E+00  0.9624999    
   9.875000      0.0000000E+00  0.9875000    
   10.00000      0.0000000E+00   1.000000    
 
  0.0000000E+00  1.2500000E-02  0.0000000E+00
  0.1250000      1.2500000E-02  1.0737509E-02
  0.3750000      1.2500000E-02  3.3795848E-02
  0.6250000      1.2500000E-02  5.7281617E-02
  0.8750000      1.2500000E-02  8.0968365E-02
   1.125000      1.2500000E-02  0.1048008    
   1.375000      1.2500000E-02  0.1286960    
   1.625000      1.2500000E-02  0.1527169    
   1.875000      1.2500000E-02  0.1766939    
   2.125000      1.2500000E-02  0.2008943    
   2.375000      1.2500000E-02  0.2248383    
   2.625000      1.2500000E-02  0.2493034    
   2.875000      1.2500000E-02  0.2730400    
   3.125000      1.2500000E-02  0.2979601    
   3.375000      1.2500000E-02  0.3212194    
   3.625000      1.2500000E-02  0.3468954    
   3.875000      1.2500000E-02  0.3693106    
   4.125000      1.2500000E-02  0.3961391    
   4.375000      1.2500000E-02  0.4172455    
   4.625000      1.2500000E-02  0.4457460    
   4.875000      1.2500000E-02  0.4649074    
   5.125000      1.2500000E-02  0.4958382    
   5.375000      1.2500000E-02  0.5121053    
   5.625000      1.2500000E-02  0.5466028    
   5.875000      1.2500000E-02  0.5585875    
   6.125000      1.2500000E-02  0.5982962    
   6.375000      1.2500000E-02  0.6040006    
   6.625000      1.2500000E-02  0.6513274    
   6.875000      1.2500000E-02  0.6478043    
   7.125000      1.2500000E-02  0.7063249    
   7.375000      1.2500000E-02  0.6892263    
   7.625000      1.2500000E-02  0.7642179    
   7.875000      1.2500000E-02  0.7271003    
   8.125000      1.2500000E-02  0.8264744    
   8.375000      1.2500000E-02  0.7595713    
   8.625000      1.2500000E-02  0.8954586    
   8.875000      1.2500000E-02  0.7835529    
   9.125000      1.2500000E-02  0.9753295    
   9.375000      1.2500000E-02  0.7932439    
   9.625000      1.2500000E-02   1.074634    
   9.875000      1.2500000E-02  0.7746866    
   10.00000      1.2500000E-02   1.000000    
 
  0.0000000E+00  3.7500001E-02  0.0000000E+00
  0.1250000      3.7500001E-02  7.4715926E-03
  0.3750000      3.7500001E-02  2.6670452E-02
  0.6250000      3.7500001E-02  4.7134239E-02
  0.8750000      3.7500001E-02  6.8196572E-02
   1.125000      3.7500001E-02  8.9697294E-02
   1.375000      3.7500001E-02  0.1113812    
   1.625000      3.7500001E-02  0.1334498    
   1.875000      3.7500001E-02  0.1553736    
   2.125000      3.7500001E-02  0.1779879    
   2.375000      3.7500001E-02  0.1998018    
   2.625000      3.7500001E-02  0.2232246    
   2.875000      3.7500001E-02  0.2443960    
   3.125000      3.7500001E-02  0.2692095    
   3.375000      3.7500001E-02  0.2889194    
   3.625000      3.7500001E-02  0.3160336    
   3.875000      3.7500001E-02  0.3331744    
   4.125000      3.7500001E-02  0.3637872    
   4.375000      3.7500001E-02  0.3769545    
   4.625000      3.7500001E-02  0.4126399    
   4.875000      3.7500001E-02  0.4199028    
   5.125000      3.7500001E-02  0.4629649    
   5.375000      3.7500001E-02  0.4614402    
   5.625000      3.7500001E-02  0.5153297    
   5.875000      3.7500001E-02  0.5008065    
   6.125000      3.7500001E-02  0.5705121    
   6.375000      3.7500001E-02  0.5369273    
   6.625000      3.7500001E-02  0.6297584    
   6.875000      3.7500001E-02  0.5681617    
   7.125000      3.7500001E-02  0.6949736    
   7.375000      3.7500001E-02  0.5921671    
   7.625000      3.7500001E-02  0.7689795    
   7.875000      3.7500001E-02  0.6053977    
   8.125000      3.7500001E-02  0.8562351    
   8.375000      3.7500001E-02  0.6022237    
   8.625000      3.7500001E-02  0.9639177    
   8.875000      3.7500001E-02  0.5732743    
   9.125000      3.7500001E-02   1.104657    
   9.375000      3.7500001E-02  0.5009328    
   9.625000      3.7500001E-02   1.304402    
   9.875000      3.7500001E-02  0.3427988    
   10.00000      3.7500001E-02   1.000000    
 
  0.0000000E+00  6.2500000E-02  0.0000000E+00
  0.1250000      6.2500000E-02  4.7794073E-03
  0.3750000      6.2500000E-02  2.0247836E-02
  0.6250000      6.2500000E-02  3.7730969E-02
  0.8750000      6.2500000E-02  5.6187317E-02
   1.125000      6.2500000E-02  7.5373620E-02
   1.375000      6.2500000E-02  9.4848350E-02
   1.625000      6.2500000E-02  0.1149845    
   1.875000      6.2500000E-02  0.1348400    
   2.125000      6.2500000E-02  0.1559069    
   2.375000      6.2500000E-02  0.1755438    
   2.625000      6.2500000E-02  0.1980031    
   2.875000      6.2500000E-02  0.2165079    
   3.125000      6.2500000E-02  0.2413589    
   3.375000      6.2500000E-02  0.2573398    
   3.625000      6.2500000E-02  0.2861235    
   3.875000      6.2500000E-02  0.2977132    
   4.125000      6.2500000E-02  0.3324495    
   4.375000      6.2500000E-02  0.3372763    
   4.625000      6.2500000E-02  0.3806351    
   4.875000      6.2500000E-02  0.3754145    
   5.125000      6.2500000E-02  0.4313237    
   5.375000      6.2500000E-02  0.4111458    
   5.625000      6.2500000E-02  0.4854771    
   5.875000      6.2500000E-02  0.4431861    
   6.125000      6.2500000E-02  0.5444215    
   6.375000      6.2500000E-02  0.4697017    
   6.625000      6.2500000E-02  0.6102870    
   6.875000      6.2500000E-02  0.4879004    
   7.125000      6.2500000E-02  0.6863101    
   7.375000      6.2500000E-02  0.4938003    
   7.625000      6.2500000E-02  0.7772945    
   7.875000      6.2500000E-02  0.4813582    
   8.125000      6.2500000E-02  0.8908308    
   8.375000      6.2500000E-02  0.4410017    
   8.625000      6.2500000E-02   1.039122    
   8.875000      6.2500000E-02  0.3567955    
   9.125000      6.2500000E-02   1.243634    
   9.375000      6.2500000E-02  0.1988261    
   9.625000      6.2500000E-02   1.548365    
   9.875000      6.2500000E-02 -0.1045314    
   10.00000      6.2500000E-02   1.000000    
 
  0.0000000E+00  8.7500006E-02  0.0000000E+00
  0.1250000      8.7500006E-02  2.7615970E-03
  0.3750000      8.7500006E-02  1.4769820E-02
  0.6250000      8.7500006E-02  2.9372144E-02
  0.8750000      8.7500006E-02  4.5271393E-02
   1.125000      8.7500006E-02  6.2183887E-02
   1.375000      8.7500006E-02  7.9462573E-02
   1.625000      8.7500006E-02  9.7705364E-02
   1.875000      8.7500006E-02  0.1154756    
   2.125000      8.7500006E-02  0.1350597    
   2.375000      8.7500006E-02  0.1524531    
   2.625000      8.7500006E-02  0.1740727    
   2.875000      8.7500006E-02  0.1897625    
   3.125000      8.7500006E-02  0.2148700    
   3.375000      8.7500006E-02  0.2268593    
   3.625000      8.7500006E-02  0.2576571    
   3.875000      8.7500006E-02  0.2632920    
   4.125000      8.7500006E-02  0.3026518    
   4.375000      8.7500006E-02  0.2985531    
   4.625000      8.7500006E-02  0.3503026    
   4.875000      8.7500006E-02  0.3317446    
   5.125000      8.7500006E-02  0.4015501    
   5.375000      8.7500006E-02  0.3614607    
   5.625000      8.7500006E-02  0.4577701    
   5.875000      8.7500006E-02  0.3858711    
   6.125000      8.7500006E-02  0.5208783    
   6.375000      8.7500006E-02  0.4023262    
   6.625000      8.7500006E-02  0.5939576    
   6.875000      8.7500006E-02  0.4068088    
   7.125000      8.7500006E-02  0.6816536    
   7.375000      8.7500006E-02  0.3935984    
   7.625000      8.7500006E-02  0.7908836    
   7.875000      8.7500006E-02  0.3539842    
   8.125000      8.7500006E-02  0.9325680    
   8.375000      8.7500006E-02  0.2742179    
   8.625000      8.7500006E-02   1.124225    
   8.875000      8.7500006E-02  0.1314273    
   9.125000      8.7500006E-02   1.396625    
   9.375000      8.7500006E-02 -0.1171627    
   9.625000      8.7500006E-02   1.812443    
   9.875000      8.7500006E-02 -0.5725844    
   10.00000      8.7500006E-02   1.000000    
 
  0.0000000E+00  0.1125000      0.0000000E+00
  0.1250000      0.1125000      1.3792188E-03
  0.3750000      0.1125000      1.0327186E-02
  0.6250000      0.1125000      2.2219932E-02
  0.8750000      0.1125000      3.5651829E-02
   1.125000      0.1125000      5.0361767E-02
   1.375000      0.1125000      6.5474838E-02
   1.625000      0.1125000      8.1886083E-02
   1.875000      0.1125000      9.7557664E-02
   2.125000      0.1125000      0.1157506    
   2.375000      0.1125000      0.1308220    
   2.625000      0.1125000      0.1517654    
   2.875000      0.1125000      0.1644593    
   3.125000      0.1125000      0.1901025    
   3.375000      0.1125000      0.1977797    
   3.625000      0.1125000      0.2310204    
   3.875000      0.1125000      0.2302112    
   4.125000      0.1125000      0.2748084    
   4.375000      0.1125000      0.2610757    
   4.625000      0.1125000      0.3220928    
   4.875000      0.1125000      0.2891607    
   5.125000      0.1125000      0.3741429    
   5.375000      0.1125000      0.3126136    
   5.625000      0.1125000      0.4327722    
   5.875000      0.1125000      0.3290290    
   6.125000      0.1125000      0.5005372    
   6.375000      0.1125000      0.3348719    
   6.625000      0.1125000      0.5815580    
   6.875000      0.1125000      0.3248137    
   7.125000      0.1125000      0.6819828    
   7.375000      0.1125000      0.2912733    
   7.625000      0.1125000      0.8110024    
   7.875000      0.1125000      0.2226714    
   8.125000      0.1125000      0.9830963    
   8.375000      0.1125000      0.1008180    
   8.625000      0.1125000       1.221420    
   8.875000      0.1125000     -0.1044929    
   9.125000      0.1125000       1.566511    
   9.375000      0.1125000     -0.4493728    
   9.625000      0.1125000       2.100019    
   9.875000      0.1125000      -1.063317    
   10.00000      0.1125000       1.000000    
 
  0.0000000E+00  0.1375000      0.0000000E+00
  0.1250000      0.1375000      5.1992218E-04
  0.3750000      0.1375000      6.8939882E-03
  0.6250000      0.1375000      1.6319275E-02
  0.8750000      0.1375000      2.7419368E-02
   1.125000      0.1375000      4.0033303E-02
   1.375000      0.1375000      5.3032983E-02
   1.625000      0.1375000      6.7699969E-02
   1.875000      0.1375000      8.1268013E-02
   2.125000      0.1375000      9.8188005E-02
   2.375000      0.1375000      0.1108546    
   2.625000      0.1375000      0.1313193    
   2.875000      0.1375000      0.1408180    
   3.125000      0.1375000      0.1673202    
   3.375000      0.1375000      0.1703332    
   3.625000      0.1375000      0.2065005    
   3.875000      0.1375000      0.1987121    
   4.125000      0.1375000      0.2492290    
   4.375000      0.1375000      0.2250881    
   4.625000      0.1375000      0.2963424    
   4.875000      0.1375000      0.2478997    
   5.125000      0.1375000      0.3494713    
   5.375000      0.1375000      0.2648256    
   5.625000      0.1375000      0.4108921    
   5.875000      0.1375000      0.2728515    
   6.125000      0.1375000      0.4838626    
   6.375000      0.1375000      0.2674795    
   6.625000      0.1375000      0.5736308    
   6.875000      0.1375000      0.2419775    
   7.125000      0.1375000      0.6879502    
   7.375000      0.1375000      0.1867704    
   7.625000      0.1375000      0.8384596    
   7.875000      0.1375000      8.7196350E-02
   8.125000      0.1375000       1.043434    
   8.375000      0.1375000     -7.9642907E-02
   8.625000      0.1375000       1.331979    
   8.875000      0.1375000     -0.3516441    
   9.125000      0.1375000       1.754753    
   9.375000      0.1375000     -0.7984905    
   9.625000      0.1375000       2.412130    
   9.875000      0.1375000      -1.575885    
   10.00000      0.1375000       1.000000    
 
  0.0000000E+00  0.1625000      0.0000000E+00
  0.1250000      0.1625000      4.7715806E-05
  0.3750000      0.1625000      4.3649971E-03
  0.6250000      0.1625000      1.1622686E-02
  0.8750000      0.1625000      2.0571033E-02
   1.125000      0.1625000      3.1231822E-02
   1.375000      0.1625000      4.2194884E-02
   1.625000      0.1625000      5.5231411E-02
   1.875000      0.1625000      6.6703558E-02
   2.125000      0.1625000      8.2493715E-02
   2.375000      0.1625000      9.2675999E-02
   2.625000      0.1625000      0.1128864    
   2.875000      0.1625000      0.1189870    
   3.125000      0.1625000      0.1466997    
   3.375000      0.1625000      0.1446897    
   3.625000      0.1625000      0.1842927    
   3.875000      0.1625000      0.1689841    
   4.125000      0.1625000      0.2261261    
   4.375000      0.1625000      0.1907942    
   4.625000      0.1625000      0.2732817    
   4.875000      0.1625000      0.2081750    
   5.125000      0.1625000      0.3277822    
   5.375000      0.1625000      0.2183166    
   5.625000      0.1625000      0.3923917    
   5.875000      0.1625000      0.2175599    
   6.125000      0.1625000      0.4711356    
   6.375000      0.1625000      0.2003637    
   6.625000      0.1625000      0.5704812    
   6.875000      0.1625000      0.1585032    
   7.125000      0.1625000      0.6998906    
   7.375000      0.1625000      8.0271840E-02
   7.625000      0.1625000      0.8736283    
   7.875000      0.1625000     -5.2282523E-02
   8.125000      0.1625000       1.113985    
   8.375000      0.1625000     -0.2670044    
   8.625000      0.1625000       1.456276    
   8.875000      0.1625000     -0.6097432    
   9.125000      0.1625000       1.961458    
   9.375000      0.1625000      -1.163636    
   9.625000      0.1625000       2.747688    
   9.875000      0.1625000      -2.107151    
   10.00000      0.1625000       1.000000    
 
  0.0000000E+00  0.1875000      0.0000000E+00
  0.1250000      0.1875000     -1.6532536E-04
  0.3750000      0.1875000      2.5913499E-03
  0.6250000      0.1875000      8.0169532E-03
  0.8750000      0.1875000      1.5030696E-02
   1.125000      0.1875000      2.3914643E-02
   1.375000      0.1875000      3.2942813E-02
   1.625000      0.1875000      4.4488009E-02
   1.875000      0.1875000      5.3888138E-02
   2.125000      0.1875000      6.8713129E-02
   2.375000      0.1875000      7.6343007E-02
   2.625000      0.1875000      9.6541554E-02
   2.875000      0.1875000      9.9053077E-02
   3.125000      0.1875000      0.1283368    
   3.375000      0.1875000      0.1209656    
   3.625000      0.1875000      0.1645077    
   3.875000      0.1875000      0.1411723    
   4.125000      0.1875000      0.2056216    
   4.375000      0.1875000      0.1583639    
   4.625000      0.1875000      0.2530402    
   4.875000      0.1875000      0.1701818    
   5.125000      0.1875000      0.3092047    
   5.375000      0.1875000      0.1733110    
   5.625000      0.1875000      0.3773910    
   5.875000      0.1875000      0.1634112    
   6.125000      0.1875000      0.4624591    
   6.375000      0.1875000      0.1338201    
   6.625000      0.1875000      0.5721811    
   6.875000      0.1875000      7.4740231E-02
   7.125000      0.1875000      0.7178253    
   7.375000      0.1875000     -2.7797077E-02
   7.625000      0.1875000      0.9164487    
   7.875000      0.1875000     -0.1952197    
   8.125000      0.1875000       1.194541    
   8.375000      0.1875000     -0.4605025    
   8.625000      0.1875000       1.593810    
   8.875000      0.1875000     -0.8775680    
   9.125000      0.1875000       2.185431    
   9.375000      0.1875000      -1.542479    
   9.625000      0.1875000       3.103736    
   9.875000      0.1875000      -2.652174    
   10.00000      0.1875000       1.000000    
 
  0.0000000E+00  0.2125000      0.0000000E+00
  0.1250000      0.2125000     -2.2296143E-04
  0.3750000      0.2125000      1.4104581E-03
  0.6250000      0.2125000      5.3493930E-03
  0.8750000      0.2125000      1.0670640E-02
   1.125000      0.2125000      1.7980820E-02
   1.375000      0.2125000      2.5199145E-02
   1.625000      0.2125000      3.5414115E-02
   1.875000      0.2125000      4.2785283E-02
   2.125000      0.2125000      5.6826133E-02
   2.375000      0.2125000      6.1855320E-02
   2.625000      0.2125000      8.2291171E-02
   2.875000      0.2125000      8.1051193E-02
   3.125000      0.2125000      0.1122559    
   3.375000      0.2125000      9.9232309E-02
   3.625000      0.2125000      0.1471798    
   3.875000      0.2125000      0.1153840    
   4.125000      0.2125000      0.1877544    
   4.375000      0.2125000      0.1279407    
   4.625000      0.2125000      0.2356537    
   4.875000      0.2125000      0.1341040    
   5.125000      0.2125000      0.2937574    
   5.375000      0.2125000      0.1300438    
   5.625000      0.2125000      0.3658743    
   5.875000      0.2125000      0.1107032    
   6.125000      0.2125000      0.4577634    
   6.375000      0.2125000      6.8230495E-02
   6.625000      0.2125000      0.5785751    
   6.875000      0.2125000     -8.8099185E-03
   7.125000      0.2125000      0.7414690    
   7.375000      0.2125000     -0.1367641    
   7.625000      0.2125000      0.9664385    
   7.875000      0.2125000     -0.3406821    
   8.125000      0.2125000       1.284303    
   8.375000      0.2125000     -0.6587798    
   8.625000      0.2125000       1.743230    
   8.875000      0.2125000      -1.153003    
   9.125000      0.2125000       2.424279    
   9.375000      0.2125000      -1.931395    
   9.625000      0.2125000       3.475765    
   9.875000      0.2125000      -3.204676    
   10.00000      0.2125000       1.000000    
 
  0.0000000E+00  0.2375000      0.0000000E+00
  0.1250000      0.2375000     -2.0010260E-04
  0.3750000      0.2375000      6.6785642E-04
  0.6250000      0.2375000      3.4511569E-03
  0.8750000      0.2375000      7.3324358E-03
   1.125000      0.2375000      1.3289168E-02
   1.375000      0.2375000      1.8842489E-02
   1.625000      0.2375000      2.7904939E-02
   1.875000      0.2375000      3.3311743E-02
   2.125000      0.2375000      4.6758894E-02
   2.375000      0.2375000      4.9167380E-02
   2.625000      0.2375000      7.0084147E-02
   2.875000      0.2375000      6.4975195E-02
   3.125000      0.2375000      9.8419145E-02
   3.375000      0.2375000      7.9525337E-02
   3.625000      0.2375000      0.1322765    
   3.875000      0.2375000      9.1697514E-02
   4.125000      0.2375000      0.1724896    
   4.375000      0.2375000      9.9647857E-02
   4.625000      0.2375000      0.2210731    
   4.875000      0.2375000      0.1001200    
   5.125000      0.2375000      0.2813566    
   5.375000      0.2375000      8.8765331E-02
   5.625000      0.2375000      0.3576997    
   5.875000      0.2375000      5.9778590E-02
   6.125000      0.2375000      0.4568169    
   6.375000      0.2375000      4.0652542E-03
   6.625000      0.2375000      0.5892920    
   6.875000      0.2375000     -9.1493726E-02
   7.125000      0.2375000      0.7702437    
   7.375000      0.2375000     -0.2457125    
   7.625000      0.2375000       1.022710    
   7.875000      0.2375000     -0.4873588    
   8.125000      0.2375000       1.381904    
   8.375000      0.2375000     -0.8599134    
   8.625000      0.2375000       1.902402    
   8.875000      0.2375000      -1.433112    
   9.125000      0.2375000       2.674543    
   9.375000      0.2375000      -2.325686    
   9.625000      0.2375000       3.858063    
   9.875000      0.2375000      -3.757497    
   10.00000      0.2375000       1.000000    
 
  0.0000000E+00  0.2625000      0.0000000E+00
  0.1250000      0.2625000     -1.4512485E-04
  0.3750000      0.2625000      2.3054844E-04
  0.6250000      0.2625000      2.1557801E-03
  0.8750000      0.2625000      4.8454981E-03
   1.125000      0.2625000      9.6751731E-03
   1.375000      0.2625000      1.3723354E-02
   1.625000      0.2625000      2.1820564E-02
   1.875000      0.2625000      2.5350833E-02
   2.125000      0.2625000      3.8395815E-02
   2.375000      0.2625000      3.8199961E-02
   2.625000      0.2625000      5.9822306E-02
   2.875000      0.2625000      5.0787702E-02
   3.125000      0.2625000      8.6736731E-02
   3.375000      0.2625000      6.1852593E-02
   3.625000      0.2625000      0.1197077    
   3.875000      0.2625000      7.0168205E-02
   4.125000      0.2625000      0.1597275    
   4.375000      0.2625000      7.3594153E-02
   4.625000      0.2625000      0.2091726    
   4.875000      0.2625000      6.8407126E-02
   5.125000      0.2625000      0.2718257    
   5.375000      0.2625000      4.9742885E-02
   5.625000      0.2625000      0.3526092    
   5.875000      0.2625000      1.1024630E-02
   6.125000      0.2625000      0.4592367    
   6.375000      0.2625000     -5.8118939E-02
   6.625000      0.2625000      0.6037587    
   6.875000      0.2625000     -0.1725119    
   7.125000      0.2625000      0.8032966    
   7.375000      0.2625000     -0.3534945    
   7.625000      0.2625000       1.083997    
   7.875000      0.2625000     -0.6335862    
   8.125000      0.2625000       1.485458    
   8.375000      0.2625000      -1.061465    
   8.625000      0.2625000       2.068486    
   8.875000      0.2625000      -1.714250    
   9.125000      0.2625000       2.931870    
   9.375000      0.2625000      -2.719812    
   9.625000      0.2625000       4.244073    
   9.875000      0.2625000      -4.302969    
   10.00000      0.2625000       1.000000    
 
  0.0000000E+00  0.2875000      0.0000000E+00
  0.1250000      0.2875000     -8.5504755E-05
  0.3750000      0.2875000     -7.1060799E-06
  0.6250000      0.2875000      1.3121407E-03
  0.8750000      0.2875000      3.0422551E-03
   1.125000      0.2875000      6.9661331E-03
   1.375000      0.2875000      9.6787866E-03
   1.625000      0.2875000      1.6999684E-02
   1.875000      0.2875000      1.8765604E-02
   2.125000      0.2875000      3.1592075E-02
   2.375000      0.2875000      2.8851975E-02
   2.625000      0.2875000      5.1372398E-02
   2.875000      0.2875000      3.8430244E-02
   3.125000      0.2875000      7.7078521E-02
   3.375000      0.2875000      4.6202719E-02
   3.625000      0.2875000      0.1093379    
   3.875000      0.2875000      5.0835501E-02
   4.125000      0.2875000      0.1493161    
   4.375000      0.2875000      4.9878888E-02
   4.625000      0.2875000      0.1997630    
   4.875000      0.2875000      3.9143827E-02
   5.125000      0.2875000      0.2649092    
   5.375000      0.2875000      1.3261202E-02
   5.625000      0.2875000      0.3502448    
   5.875000      0.2875000     -3.5129990E-02
   6.125000      0.2875000      0.4645093    
   6.375000      0.2875000     -0.1176876    
   6.625000      0.2875000      0.6212265    
   6.875000      0.2875000     -0.2509353    
   7.125000      0.2875000      0.8395360    
   7.375000      0.2875000     -0.4587568    
   7.625000      0.2875000       1.148703    
   7.875000      0.2875000     -0.7773927    
   8.125000      0.2875000       1.592629    
   8.375000      0.2875000      -1.260558    
   8.625000      0.2875000       2.238057    
   8.875000      0.2875000      -1.992208    
   9.125000      0.2875000       3.191239    
   9.375000      0.2875000      -3.107683    
   9.625000      0.2875000       4.626756    
   9.875000      0.2875000      -4.833290    
   10.00000      0.2875000       1.000000    
 
  0.0000000E+00  0.3125000      0.0000000E+00
  0.1250000      0.3125000     -3.4189212E-05
  0.3750000      0.3125000     -1.2312100E-04
  0.6250000      0.3125000      7.9184631E-04
  0.8750000      0.3125000      1.7691408E-03
   1.125000      0.3125000      4.9934508E-03
   1.375000      0.3125000      6.5449160E-03
   1.625000      0.3125000      1.3272106E-02
   1.875000      0.3125000      1.3410676E-02
   2.125000      0.3125000      2.6185587E-02
   2.375000      0.3125000      2.1010956E-02
   2.625000      0.3125000      4.4577450E-02
   2.875000      0.3125000      2.7832085E-02
   3.125000      0.3125000      6.9285311E-02
   3.375000      0.3125000      3.2551996E-02
   3.625000      0.3125000      0.1009971    
   3.875000      0.3125000      3.3727735E-02
   4.125000      0.3125000      0.1410614    
   4.375000      0.3125000      2.8594740E-02
   4.625000      0.3125000      0.1926034    
   4.875000      0.3125000      1.2510163E-02
   5.125000      0.3125000      0.2602867    
   5.375000      0.3125000     -2.0381568E-02
   5.625000      0.3125000      0.3501658    
   5.875000      0.3125000     -7.8223623E-02
   6.125000      0.3125000      0.4720114    
   6.375000      0.3125000     -0.1739432    
   6.625000      0.3125000      0.6408000    
   6.875000      0.3125000     -0.3257287    
   7.125000      0.3125000      0.8776699    
   7.375000      0.3125000     -0.5599790    
   7.625000      0.3125000       1.214961    
   7.875000      0.3125000     -0.9165578    
   8.125000      0.3125000       1.700720    
   8.375000      0.3125000      -1.453976    
   8.625000      0.3125000       2.407242    
   8.875000      0.3125000      -2.262373    
   9.125000      0.3125000       3.447173    
   9.375000      0.3125000      -3.482915    
   9.625000      0.3125000       4.998896    
   9.875000      0.3125000      -5.340774    
   10.00000      0.3125000       1.000000    
 
  0.0000000E+00  0.3375000      0.0000000E+00
  0.1250000      0.3375000      4.7876056E-06
  0.3750000      0.3375000     -1.7114980E-04
  0.6250000      0.3375000      4.9190532E-04
  0.8750000      0.3375000      8.9345995E-04
   1.125000      0.3375000      3.6019764E-03
   1.375000      0.3375000      4.1672373E-03
   1.625000      0.3375000      1.0469948E-02
   1.875000      0.3375000      9.1429204E-03
   2.125000      0.3375000      2.2008611E-02
   2.375000      0.3375000      1.4562796E-02
   2.625000      0.3375000      3.9268710E-02
   2.875000      0.3375000      1.8918350E-02
   3.125000      0.3375000      6.3181102E-02
   3.375000      0.3375000      2.0870572E-02
   3.625000      0.3375000      9.4493866E-02
   3.875000      0.3375000      1.8866405E-02
   4.125000      0.3375000      0.1347419    
   4.375000      0.3375000      9.8294644E-03
   4.625000      0.3375000      0.1874165    
   4.875000      0.3375000     -1.1314290E-02
   5.125000      0.3375000      0.2575912    
   5.375000      0.3375000     -5.0880328E-02
   5.625000      0.3375000      0.3518719    
   5.875000      0.3375000     -0.1177745    
   6.125000      0.3375000      0.4810408    
   6.375000      0.3375000     -0.2261472    
   6.625000      0.3375000      0.6614773    
   6.875000      0.3375000     -0.3957858    
   7.125000      0.3375000      0.9162631    
   7.375000      0.3375000     -0.6555266    
   7.625000      0.3375000       1.280707    
   7.875000      0.3375000      -1.048694    
   8.125000      0.3375000       1.806784    
   8.375000      0.3375000      -1.638288    
   8.625000      0.3375000       2.571885    
   8.875000      0.3375000      -2.519927    
   9.125000      0.3375000       3.693993    
   9.375000      0.3375000      -3.839112    
   9.625000      0.3375000       5.353409    
   9.875000      0.3375000      -5.818126    
   10.00000      0.3375000       1.000000    
 
  0.0000000E+00  0.3625000      0.0000000E+00
  0.1250000      0.3625000      3.2068507E-05
  0.3750000      0.3625000     -1.8544940E-04
  0.6250000      0.3625000      3.3389786E-04
  0.8750000      0.3625000      3.0654072E-04
   1.125000      0.3625000      2.6562780E-03
   1.375000      0.3625000      2.4082966E-03
   1.625000      0.3625000      8.4369313E-03
   1.875000      0.3625000      5.8301897E-03
   2.125000      0.3625000      1.8898224E-02
   2.375000      0.3625000      9.3998360E-03
   2.625000      0.3625000      3.5276651E-02
   2.875000      0.3625000      1.1616615E-02
   3.125000      0.3625000      5.8584455E-02
   3.375000      0.3625000      1.1127187E-02
   3.625000      0.3625000      8.9626811E-02
   3.875000      0.3625000      6.2687313E-03
   4.125000      0.3625000      0.1301210    
   4.375000      0.3625000     -6.3344594E-03
   4.625000      0.3625000      0.1839035    
   4.875000      0.3625000     -3.2154769E-02
   5.125000      0.3625000      0.2564279    
   5.375000      0.3625000     -7.7932566E-02
   5.625000      0.3625000      0.3548260    
   5.875000      0.3625000     -0.1532972    
   6.125000      0.3625000      0.4908468    
   6.375000      0.3625000     -0.2735469    
   6.625000      0.3625000      0.6821933    
   6.875000      0.3625000     -0.4599706    
   7.125000      0.3625000      0.9537956    
   7.375000      0.3625000     -0.7437131    
   7.625000      0.3625000       1.343770    
   7.875000      0.3625000      -1.171338    
   8.125000      0.3625000       1.907744    
   8.375000      0.3625000      -1.809977    
   8.625000      0.3625000       2.727713    
   8.875000      0.3625000      -2.760029    
   9.125000      0.3625000       3.926036    
   9.375000      0.3625000      -4.170083    
   9.625000      0.3625000       5.683545    
   9.875000      0.3625000      -6.258592    
   10.00000      0.3625000       1.000000    
 
  0.0000000E+00  0.3875000      0.0000000E+00
  0.1250000      0.3875000      5.0169638E-05
  0.3750000      0.3875000     -1.8616747E-04
  0.6250000      0.3875000      2.6101366E-04
  0.8750000      0.3875000     -7.5930577E-05
   1.125000      0.3875000      2.0443422E-03
   1.375000      0.3875000      1.1529818E-03
   1.625000      0.3875000      7.0359968E-03
   1.875000      0.3875000      3.3583168E-03
   2.125000      0.3875000      1.6705671E-02
   2.375000      0.3875000      5.4275184E-03
   2.625000      0.3875000      3.2441258E-02
   2.875000      0.3875000      5.8621652E-03
   3.125000      0.3875000      5.5319533E-02
   3.375000      0.3875000      3.2926826E-03
   3.625000      0.3875000      8.6196505E-02
   3.875000      0.3875000     -4.0509971E-03
   4.125000      0.3875000      0.1269598    
   4.375000      0.3875000     -1.9821579E-02
   4.625000      0.3875000      0.1817600    
   4.875000      0.3875000     -4.9847409E-02
   5.125000      0.3875000      0.2563935    
   5.375000      0.3875000     -0.1012502    
   5.625000      0.3875000      0.3584806    
   5.875000      0.3875000     -0.1843229    
   6.125000      0.3875000      0.5006661    
   6.375000      0.3875000     -0.3154069    
   6.625000      0.3875000      0.7018681    
   6.875000      0.3875000     -0.5171642    
   7.125000      0.3875000      0.9887309    
   7.375000      0.3875000     -0.8228700    
   7.625000      0.3875000       1.401960    
   7.875000      0.3875000      -1.282052    
   8.125000      0.3875000       2.000520    
   8.375000      0.3875000      -1.965582    
   8.625000      0.3875000       2.870511    
   8.875000      0.3875000      -2.977996    
   9.125000      0.3875000       4.137860    
   9.375000      0.3875000      -4.470042    
   9.625000      0.3875000       5.983074    
   9.875000      0.3875000      -6.656086    
   10.00000      0.3875000       1.000000    
 
  0.0000000E+00  0.4125000      0.0000000E+00
  0.1250000      0.4125000      6.1857325E-05
  0.3750000      0.4125000     -1.8409644E-04
  0.6250000      0.4125000      2.3417921E-04
  0.8750000      0.4125000     -3.1538337E-04
   1.125000      0.4125000      1.6793263E-03
   1.375000      0.4125000      3.1180424E-04
   1.625000      0.4125000      6.1551477E-03
   1.875000      0.4125000      1.6362912E-03
   2.125000      0.4125000      1.5304394E-02
   2.375000      0.4125000      2.5693947E-03
   2.625000      0.4125000      3.0621195E-02
   2.875000      0.4125000      1.6018676E-03
   3.125000      0.4125000      5.3226016E-02
   3.375000      0.4125000     -2.6577574E-03
   3.625000      0.4125000      8.4016360E-02
   3.875000      0.4125000     -1.2081342E-02
   4.125000      0.4125000      0.1250303    
   4.375000      0.4125000     -3.0566614E-02
   4.625000      0.4125000      0.1806918    
   4.875000      0.4125000     -6.4246900E-02
   5.125000      0.4125000      0.2570968    
   5.375000      0.4125000     -0.1205733    
   5.625000      0.4125000      0.3623053    
   5.875000      0.4125000     -0.2104212    
   6.125000      0.4125000      0.5097600    
   6.375000      0.4125000     -0.3510443    
   6.625000      0.4125000      0.7194599    
   6.875000      0.4125000     -0.5663193    
   7.125000      0.4125000       1.019590    
   7.375000      0.4125000     -0.8914234    
   7.625000      0.4125000       1.453176    
   7.875000      0.4125000      -1.378531    
   8.125000      0.4125000       2.082168    
   8.375000      0.4125000      -2.101847    
   8.625000      0.4125000       2.996292    
   8.875000      0.4125000      -3.169482    
   9.125000      0.4125000       4.324439    
   9.375000      0.4125000      -4.733777    
   9.625000      0.4125000       6.246446    
   9.875000      0.4125000      -7.005300    
   10.00000      0.4125000       1.000000    
 
  0.0000000E+00  0.4375000      0.0000000E+00
  0.1250000      0.4375000      6.9343121E-05
  0.3750000      0.4375000     -1.8446942E-04
  0.6250000      0.4375000      2.2825853E-04
  0.8750000      0.4375000     -4.5260225E-04
   1.125000      0.4375000      1.5000999E-03
   1.375000      0.4375000     -1.7730871E-04
   1.625000      0.4375000      5.7118200E-03
   1.875000      0.4375000      5.9978792E-04
   2.125000      0.4375000      1.4596345E-02
   2.375000      0.4375000      7.7050173E-04
   2.625000      0.4375000      2.9701311E-02
   2.875000      0.4375000     -1.2035202E-03
   3.125000      0.4375000      5.2167427E-02
   3.375000      0.4375000     -6.7437091E-03
   3.625000      0.4375000      8.2921833E-02
   3.875000      0.4375000     -1.7814798E-02
   4.125000      0.4375000      0.1241260    
   4.375000      0.4375000     -3.8518541E-02
   4.625000      0.4375000      0.1804288    
   4.875000      0.4375000     -7.5234696E-02
   5.125000      0.4375000      0.2581782    
   5.375000      0.4375000     -0.1356836    
   5.625000      0.4375000      0.3658122    
   5.875000      0.4375000     -0.2312230    
   6.125000      0.4375000      0.5174506    
   6.375000      0.4375000     -0.3798631    
   6.625000      0.4375000      0.7340152    
   6.875000      0.4375000     -0.6065094    
   7.125000      0.4375000       1.045021    
   7.375000      0.4375000     -0.9479696    
   7.625000      0.4375000       1.495498    
   7.875000      0.4375000      -1.458708    
   8.125000      0.4375000       2.150007    
   8.375000      0.4375000      -2.215849    
   8.625000      0.4375000       3.101454    
   8.875000      0.4375000      -3.330630    
   9.125000      0.4375000       4.481308    
   9.375000      0.4375000      -4.956764    
   9.625000      0.4375000       6.468859    
   9.875000      0.4375000      -7.301768    
   10.00000      0.4375000       1.000000    
 
  0.0000000E+00  0.4625000      0.0000000E+00
  0.1250000      0.4625000      7.3947936E-05
  0.3750000      0.4625000     -1.8966816E-04
  0.6250000      0.4625000      2.2903975E-04
  0.8750000      0.4625000     -5.0980644E-04
   1.125000      0.4625000      1.4713608E-03
   1.375000      0.4625000     -3.4811388E-04
   1.625000      0.4625000      5.6559420E-03
   1.875000      0.4625000      2.1328688E-04
   2.125000      0.4625000      1.4516737E-02
   2.375000      0.4625000     -7.5914244E-07
   2.625000      0.4625000      2.9598301E-02
   2.875000      0.4625000     -2.5783484E-03
   3.125000      0.4625000      5.2037597E-02
   3.375000      0.4625000     -8.9796875E-03
   3.625000      0.4625000      8.2777873E-02
   3.875000      0.4625000     -2.1249706E-02
   4.125000      0.4625000      0.1240718    
   4.375000      0.4625000     -4.3645218E-02
   4.625000      0.4625000      0.1807383    
   4.875000      0.4625000     -8.2727388E-02
   5.125000      0.4625000      0.2593261    
   5.375000      0.4625000     -0.1464185    
   5.625000      0.4625000      0.3685791    
   5.875000      0.4625000     -0.2464413    
   6.125000      0.4625000      0.5231546    
   6.375000      0.4625000     -0.4013870    
   6.625000      0.4625000      0.7447157    
   6.875000      0.4625000     -0.6369793    
   7.125000      0.4625000       1.063864    
   7.375000      0.4625000     -0.9913458    
   7.625000      0.4625000       1.527281    
   7.875000      0.4625000      -1.520851    
   8.125000      0.4625000       2.201738    
   8.375000      0.4625000      -2.305126    
   8.625000      0.4625000       3.182913    
   8.875000      0.4625000      -3.458195    
   9.125000      0.4625000       4.604690    
   9.375000      0.4625000      -5.135258    
   9.625000      0.4625000       6.646338    
   9.875000      0.4625000      -7.541865    
   10.00000      0.4625000       1.000000    
 
  0.0000000E+00  0.4875000      0.0000000E+00
  0.1250000      0.4875000      7.5957614E-05
  0.3750000      0.4875000     -2.0085021E-04
  0.6250000      0.4875000      2.3149315E-04
  0.8750000      0.4875000     -4.9183343E-04
   1.125000      0.4875000      1.5839261E-03
   1.375000      0.4875000     -2.0552921E-04
   1.625000      0.4875000      5.9719714E-03
   1.875000      0.4875000      4.7101162E-04
   2.125000      0.4875000      1.5037001E-02
   2.375000      0.4875000      2.4786632E-04
   2.625000      0.4875000      3.0264396E-02
   2.875000      0.4875000     -2.5323422E-03
   3.125000      0.4875000      5.2764945E-02
   3.375000      0.4875000     -9.3763163E-03
   3.625000      0.4875000      8.3484292E-02
   3.875000      0.4875000     -2.2392698E-02
   4.125000      0.4875000      0.1247305    
   4.375000      0.4875000     -4.5937892E-02
   4.625000      0.4875000      0.1814346    
   4.875000      0.4875000     -8.6684234E-02
   5.125000      0.4875000      0.2602913    
   5.375000      0.4875000     -0.1526826    
   5.625000      0.4875000      0.3702706    
   5.875000      0.4875000     -0.2558905    
   6.125000      0.4875000      0.5264112    
   6.375000      0.4875000     -0.4152879    
   6.625000      0.4875000      0.7509192    
   6.875000      0.4875000     -0.6571867    
   7.125000      0.4875000       1.075211    
   7.375000      0.4875000      -1.020691    
   7.625000      0.4875000       1.547232    
   7.875000      0.4875000      -1.563650    
   8.125000      0.4875000       2.235545    
   8.375000      0.4875000      -2.367781    
   8.625000      0.4875000       3.238225    
   8.875000      0.4875000      -3.549649    
   9.125000      0.4875000       4.691586    
   9.375000      0.4875000      -5.266358    
   9.625000      0.4875000       6.775776    
   9.875000      0.4875000      -7.722877    
   10.00000      0.4875000       1.000000    
 
  0.0000000E+00  0.5125000      0.0000000E+00
  0.1250000      0.5125000      7.4488264E-05
  0.3750000      0.5125000     -2.1850484E-04
  0.6250000      0.5125000      2.3962562E-04
  0.8750000      0.5125000     -3.8592156E-04
   1.125000      0.5125000      1.8556042E-03
   1.375000      0.5125000      2.7485116E-04
   1.625000      0.5125000      6.6800062E-03
   1.875000      0.5125000      1.3968550E-03
   2.125000      0.5125000      1.6165979E-02
   2.375000      0.5125000      1.5317112E-03
   2.625000      0.5125000      3.1688854E-02
   2.875000      0.5125000     -1.0619754E-03
   3.125000      0.5125000      5.4314621E-02
   3.375000      0.5125000     -7.9422351E-03
   3.625000      0.5125000      8.4978744E-02
   3.875000      0.5125000     -2.1261428E-02
   4.125000      0.5125000      0.1260083    
   4.375000      0.5125000     -4.5415297E-02
   4.625000      0.5125000      0.1823864    
   4.875000      0.5125000     -8.7113254E-02
   5.125000      0.5125000      0.2608978    
   5.375000      0.5125000     -0.1544569    
   5.625000      0.5125000      0.3706530    
   5.875000      0.5125000     -0.2595001    
   6.125000      0.5125000      0.5269058    
   6.375000      0.5125000     -0.4214083    
   6.625000      0.5125000      0.7521926    
   6.875000      0.5125000     -0.6668366    
   7.125000      0.5125000       1.078454    
   7.375000      0.5125000      -1.035499    
   7.625000      0.5125000       1.554479    
   7.875000      0.5125000      -1.586284    
   8.125000      0.5125000       2.250185    
   8.375000      0.5125000      -2.402567    
   8.625000      0.5125000       3.265677    
   8.875000      0.5125000      -3.603274    
   9.125000      0.5125000       4.739860    
   9.375000      0.5125000      -5.348051    
   9.625000      0.5125000       6.854952    
   9.875000      0.5125000      -7.842973    
   10.00000      0.5125000       1.000000    
 
  0.0000000E+00  0.5375000      0.0000000E+00
  0.1250000      0.5375000      6.7284323E-05
  0.3750000      0.5375000     -2.4185516E-04
  0.6250000      0.5375000      2.6815920E-04
  0.8750000      0.5375000     -1.5984260E-04
   1.125000      0.5375000      2.3327728E-03
   1.375000      0.5375000      1.1473030E-03
   1.625000      0.5375000      7.8358930E-03
   1.875000      0.5375000      3.0433477E-03
   2.125000      0.5375000      1.7949158E-02
   2.375000      0.5375000      3.8872601E-03
   2.625000      0.5375000      3.3897053E-02
   2.875000      0.5375000      1.8472308E-03
   3.125000      0.5375000      5.6687828E-02
   3.375000      0.5375000     -4.6865209E-03
   3.625000      0.5375000      8.7237015E-02
   3.875000      0.5375000     -1.7887048E-02
   4.125000      0.5375000      0.1278557    
   4.375000      0.5375000     -4.2126540E-02
   4.625000      0.5375000      0.1835199    
   4.875000      0.5375000     -8.4074922E-02
   5.125000      0.5375000      0.2610481    
   5.375000      0.5375000     -0.1518044    
   5.625000      0.5375000      0.3696031    
   5.875000      0.5375000     -0.2573231    
   6.125000      0.5375000      0.5244819    
   6.375000      0.5375000     -0.4197744    
   6.625000      0.5375000      0.7483315    
   6.875000      0.5375000     -0.6659011    
   7.125000      0.5375000       1.073308    
   7.375000      0.5375000      -1.035645    
   7.625000      0.5375000       1.548611    
   7.875000      0.5375000      -1.588467    
   8.125000      0.5375000       2.245038    
   8.375000      0.5375000      -2.408950    
   8.625000      0.5375000       3.264356    
   8.875000      0.5375000      -3.618212    
   9.125000      0.5375000       4.748276    
   9.375000      0.5375000      -5.379233    
   9.625000      0.5375000       6.882543    
   9.875000      0.5375000      -7.901178    
   10.00000      0.5375000       1.000000    
 
  0.0000000E+00  0.5625000      0.0000000E+00
  0.1250000      0.5625000      5.0495222E-05
  0.3750000      0.5625000     -2.6687401E-04
  0.6250000      0.5625000      3.4617278E-04
  0.8750000      0.5625000      2.4157314E-04
   1.125000      0.5625000      3.0924787E-03
   1.375000      0.5625000      2.4963936E-03
   1.625000      0.5625000      9.5302276E-03
   1.875000      0.5625000      5.4896162E-03
   2.125000      0.5625000      2.0466045E-02
   2.375000      0.5625000      7.3691481E-03
   2.625000      0.5625000      3.6947444E-02
   2.875000      0.5625000      6.2176292E-03
   3.125000      0.5625000      5.9919126E-02
   3.375000      0.5625000      3.7860763E-04
   3.625000      0.5625000      9.0270855E-02
   3.875000      0.5625000     -1.2316445E-02
   4.125000      0.5625000      0.1302667    
   4.375000      0.5625000     -3.6152750E-02
   4.625000      0.5625000      0.1848195    
   4.875000      0.5625000     -7.7683486E-02
   5.125000      0.5625000      0.2607253    
   5.375000      0.5625000     -0.1448710    
   5.625000      0.5625000      0.3671114    
   5.875000      0.5625000     -0.2495386    
   6.125000      0.5625000      0.5191483    
   6.375000      0.5625000     -0.4105996    
   6.625000      0.5625000      0.7393690    
   6.875000      0.5625000     -0.6546277    
   7.125000      0.5625000       1.059833    
   7.375000      0.5625000      -1.021404    
   7.625000      0.5625000       1.529696    
   7.875000      0.5625000      -1.570472    
   8.125000      0.5625000       2.220143    
   8.375000      0.5625000      -2.387137    
   8.625000      0.5625000       3.234183    
   8.875000      0.5625000      -3.594504    
   9.125000      0.5625000       4.716551    
   9.375000      0.5625000      -5.359736    
   9.625000      0.5625000       6.858131    
   9.875000      0.5625000      -7.897387    
   10.00000      0.5625000       1.000000    
 
  0.0000000E+00  0.5875000      0.0000000E+00
  0.1250000      0.5875000      1.8630066E-05
  0.3750000      0.5875000     -2.8254191E-04
  0.6250000      0.5875000      5.2271219E-04
  0.8750000      0.5875000      9.0114254E-04
   1.125000      0.5875000      4.2445520E-03
   1.375000      0.5875000      4.4368403E-03
   1.625000      0.5875000      1.1885914E-02
   1.875000      0.5875000      8.8382028E-03
   2.125000      0.5875000      2.3825575E-02
   2.375000      0.5875000      1.2046165E-02
   2.625000      0.5875000      4.0926501E-02
   2.875000      0.5875000      1.2075790E-02
   3.125000      0.5875000      6.4071693E-02
   3.375000      0.5875000      7.2349906E-03
   3.625000      0.5875000      9.4123960E-02
   3.875000      0.5875000     -4.6137706E-03
   4.125000      0.5875000      0.1332754    
   4.375000      0.5875000     -2.7607223E-02
   4.625000      0.5875000      0.1863244    
   4.875000      0.5875000     -6.8105668E-02
   5.125000      0.5875000      0.2599899    
   5.375000      0.5875000     -0.1338835    
   5.625000      0.5875000      0.3632805    
   5.875000      0.5875000     -0.2364473    
   6.125000      0.5875000      0.5110759    
   6.375000      0.5875000     -0.3942807    
   6.625000      0.5875000      0.7255732    
   6.875000      0.5875000     -0.6335338    
   7.125000      0.5875000       1.038426    
   7.375000      0.5875000     -0.9934423    
   7.625000      0.5875000       1.498291    
   7.875000      0.5875000      -1.533132    
   8.125000      0.5875000       2.176210    
   8.375000      0.5875000      -2.338095    
   8.625000      0.5875000       3.175950    
   8.875000      0.5875000      -3.533124    
   9.125000      0.5875000       4.645377    
   9.375000      0.5875000      -5.290359    
   9.625000      0.5875000       6.782226    
   9.875000      0.5875000      -7.832355    
   10.00000      0.5875000       1.000000    
 
  0.0000000E+00  0.6125000      0.0000000E+00
  0.1250000      0.6125000     -3.4908899E-05
  0.3750000      0.6125000     -2.6489352E-04
  0.6250000      0.6125000      8.7412971E-04
  0.8750000      0.6125000      1.9345153E-03
   1.125000      0.6125000      5.9329262E-03
   1.375000      0.6125000      7.1121589E-03
   1.625000      0.6125000      1.5053941E-02
   1.875000      0.6125000      1.3210547E-02
   2.125000      0.6125000      2.8159617E-02
   2.375000      0.6125000      1.7996360E-02
   2.625000      0.6125000      4.5941673E-02
   2.875000      0.6125000      1.9448463E-02
   3.125000      0.6125000      6.9230527E-02
   3.375000      0.6125000      1.5855949E-02
   3.625000      0.6125000      9.8865613E-02
   3.875000      0.6125000      5.1389220E-03
   4.125000      0.6125000      0.1369499    
   4.375000      0.6125000     -1.6633596E-02
   4.625000      0.6125000      0.1881227    
   4.875000      0.6125000     -5.5556212E-02
   5.125000      0.6125000      0.2589738    
   5.375000      0.6125000     -0.1191416    
   5.625000      0.6125000      0.3583156    
   5.875000      0.6125000     -0.2184609    
   6.125000      0.6125000      0.5005856    
   6.375000      0.6125000     -0.3713814    
   6.625000      0.6125000      0.7074317    
   6.875000      0.6125000     -0.6033872    
   7.125000      0.6125000       1.009804    
   7.375000      0.6125000     -0.9527978    
   7.625000      0.6125000       1.455409    
   7.875000      0.6125000      -1.477812    
   8.125000      0.6125000       2.114593    
   8.375000      0.6125000      -2.263523    
   8.625000      0.6125000       3.091298    
   8.875000      0.6125000      -3.435972    
   9.125000      0.6125000       4.536447    
   9.375000      0.6125000      -5.172877    
   9.625000      0.6125000       6.656289    
   9.875000      0.6125000      -7.707735    
   10.00000      0.6125000       1.000000    
 
  0.0000000E+00  0.6375000      0.0000000E+00
  0.1250000      0.6375000     -1.1605607E-04
  0.3750000      0.6375000     -1.6847764E-04
  0.6250000      0.6375000      1.5125131E-03
  0.8750000      0.6375000      3.4946892E-03
   1.125000      0.6375000      8.3351452E-03
   1.375000      0.6375000      1.0691380E-02
   1.625000      0.6375000      1.9207083E-02
   1.875000      0.6375000      1.8741032E-02
   2.125000      0.6375000      3.3614755E-02
   2.375000      0.6375000      2.5301389E-02
   2.625000      0.6375000      5.2112918E-02
   2.875000      0.6375000      2.8358389E-02
   3.125000      0.6375000      7.5494401E-02
   3.375000      0.6375000      2.6204055E-02
   3.625000      0.6375000      0.1045834    
   3.875000      0.6375000      1.6841955E-02
   4.125000      0.6375000      0.1413849    
   4.375000      0.6375000     -3.4024247E-03
   4.625000      0.6375000      0.1903427    
   4.875000      0.6375000     -4.0290888E-02
   5.125000      0.6375000      0.2578686    
   5.375000      0.6375000     -0.1010070    
   5.625000      0.6375000      0.3525102    
   5.875000      0.6375000     -0.1960852    
   6.125000      0.6375000      0.4881279    
   6.375000      0.6375000     -0.3426089    
   6.625000      0.6375000      0.6856236    
   6.875000      0.6375000     -0.5651717    
   7.125000      0.6375000      0.9749652    
   7.375000      0.6375000     -0.9008321    
   7.625000      0.6375000       1.402479    
   7.875000      0.6375000      -1.406358    
   8.125000      0.6375000       2.037238    
   8.375000      0.6375000      -2.165806    
   8.625000      0.6375000       2.982685    
   8.875000      0.6375000      -3.305852    
   9.125000      0.6375000       4.392447    
   9.375000      0.6375000      -5.010071    
   9.625000      0.6375000       6.482735    
   9.875000      0.6375000      -7.526032    
   10.00000      0.6375000       1.000000    
 
  0.0000000E+00  0.6625000      0.0000000E+00
  0.1250000      0.6625000     -2.2613915E-04
  0.3750000      0.6625000      8.4826868E-05
  0.6250000      0.6625000      2.5940128E-03
  0.8750000      0.6625000      5.7743574E-03
   1.125000      0.6625000      1.1658999E-02
   1.375000      0.6625000      1.5363201E-02
   1.625000      0.6625000      2.4531370E-02
   1.875000      0.6625000      2.5569549E-02
   2.125000      0.6625000      4.0342696E-02
   2.375000      0.6625000      3.4040272E-02
   2.625000      0.6625000      5.9563350E-02
   2.875000      0.6625000      3.8820181E-02
   3.125000      0.6625000      8.2967214E-02
   3.375000      0.6625000      3.8229540E-02
   3.625000      0.6625000      0.1113749    
   3.875000      0.6625000      3.0379331E-02
   4.125000      0.6625000      0.1466928    
   4.375000      0.6625000      1.1893730E-02
   4.625000      0.6625000      0.1931426    
   4.875000      0.6625000     -2.2597244E-02
   5.125000      0.6625000      0.2569131    
   5.375000      0.6625000     -7.9889163E-02
   5.625000      0.6625000      0.3462283    
   5.875000      0.6625000     -0.1698986    
   6.125000      0.6625000      0.4742596    
   6.375000      0.6625000     -0.3087827    
   6.625000      0.6625000      0.6609841    
   6.875000      0.6625000     -0.5200447    
   7.125000      0.6625000      0.9351403    
   7.375000      0.6625000     -0.8391740    
   7.625000      0.6625000       1.341275    
   7.875000      0.6625000      -1.321023    
   8.125000      0.6625000       1.946607    
   8.375000      0.6625000      -2.047935    
   8.625000      0.6625000       2.853307    
   8.875000      0.6625000      -3.146413    
   9.125000      0.6625000       4.217033    
   9.375000      0.6625000      -4.805732    
   9.625000      0.6625000       6.264990    
   9.875000      0.6625000      -7.290662    
   10.00000      0.6625000       1.000000    
 
  0.0000000E+00  0.6875000      0.0000000E+00
  0.1250000      0.6875000     -3.5459164E-04
  0.3750000      0.6875000      6.1906059E-04
  0.6250000      0.6875000      4.3252325E-03
  0.8750000      0.6875000      9.0044187E-03
   1.125000      0.6875000      1.6135376E-02
   1.375000      0.6875000      2.1327207E-02
   1.625000      0.6875000      3.1215549E-02
   1.875000      0.6875000      3.3832852E-02
   2.125000      0.6875000      4.8489928E-02
   2.375000      0.6875000      4.4282950E-02
   2.625000      0.6875000      6.8409599E-02
   2.875000      0.6875000      5.0836585E-02
   3.125000      0.6875000      9.1748983E-02
   3.375000      0.6875000      5.1869355E-02
   3.625000      0.6875000      0.1193390    
   3.875000      0.6875000      4.5621015E-02
   4.125000      0.6875000      0.1529953    
   4.375000      0.6875000      2.9046450E-02
   4.625000      0.6875000      0.1966995    
   4.875000      0.6875000     -2.7839274E-03
   5.125000      0.6875000      0.2563785    
   5.375000      0.6875000     -5.6228846E-02
   5.625000      0.6875000      0.3398847    
   5.875000      0.6875000     -0.1405281    
   6.125000      0.6875000      0.4596121    
   6.375000      0.6875000     -0.2707997    
   6.625000      0.6875000      0.6344630    
   6.875000      0.6875000     -0.4692874    
   7.125000      0.6875000      0.8917333    
   7.375000      0.6875000     -0.7696490    
   7.625000      0.6875000       1.273838    
   7.875000      0.6875000      -1.224372    
   8.125000      0.6875000       1.845579    
   8.375000      0.6875000      -1.913402    
   8.625000      0.6875000       2.707010    
   8.875000      0.6875000      -2.962076    
   9.125000      0.6875000       4.014793    
   9.375000      0.6875000      -4.564664    
   9.625000      0.6875000       6.007516    
   9.875000      0.6875000      -7.005978    
   10.00000      0.6875000       1.000000    
 
  0.0000000E+00  0.7125000      0.0000000E+00
  0.1250000      0.7125000     -4.6709276E-04
  0.3750000      0.7125000      1.6179355E-03
  0.6250000      0.7125000      6.9652698E-03
  0.8750000      0.7125000      1.3447052E-02
   1.125000      0.7125000      2.2006767E-02
   1.375000      0.7125000      2.8782178E-02
   1.625000      0.7125000      3.9438825E-02
   1.875000      0.7125000      4.3654982E-02
   2.125000      0.7125000      5.8186941E-02
   2.375000      0.7125000      5.6083858E-02
   2.625000      0.7125000      7.8752294E-02
   2.875000      0.7125000      6.4395197E-02
   3.125000      0.7125000      0.1019275    
   3.375000      0.7125000      6.7047060E-02
   3.625000      0.7125000      0.1285684    
   3.875000      0.7125000      6.2425971E-02
   4.125000      0.7125000      0.1604142    
   4.375000      0.7125000      4.7838341E-02
   4.625000      0.7125000      0.2011984    
   4.875000      0.7125000      1.8830931E-02
   5.125000      0.7125000      0.2565531    
   5.375000      0.7125000     -3.0480480E-02
   5.625000      0.7125000      0.3339222    
   5.875000      0.7125000     -0.1086228    
   6.125000      0.7125000      0.4448606    
   6.375000      0.7125000     -0.2295957    
   6.625000      0.7125000      0.6070766    
   6.875000      0.7125000     -0.4142486    
   7.125000      0.7125000      0.8462545    
   7.375000      0.7125000     -0.6942010    
   7.625000      0.7125000       1.202384    
   7.875000      0.7125000      -1.119183    
   8.125000      0.7125000       1.737327    
   8.375000      0.7125000      -1.766070    
   8.625000      0.7125000       2.548141    
   8.875000      0.7125000      -2.757904    
   9.125000      0.7125000       3.791146    
   9.375000      0.7125000      -4.292645    
   9.625000      0.7125000       5.715839    
   9.875000      0.7125000      -6.677290    
   10.00000      0.7125000       1.000000    
 
  0.0000000E+00  0.7375000      0.0000000E+00
  0.1250000      0.7375000     -4.8822144E-04
  0.3750000      0.7375000      3.3362745E-03
  0.6250000      0.7375000      1.0820732E-02
  0.8750000      0.7375000      1.9382311E-02
   1.125000      0.7375000      2.9511631E-02
   1.375000      0.7375000      3.7912048E-02
   1.625000      0.7375000      4.9357895E-02
   1.875000      0.7375000      5.5137508E-02
   2.125000      0.7375000      6.9538131E-02
   2.375000      0.7375000      6.9475994E-02
   2.625000      0.7375000      9.0667732E-02
   2.875000      0.7375000      7.9466082E-02
   3.125000      0.7375000      0.1135708    
   3.375000      0.7375000      8.3673432E-02
   3.625000      0.7375000      0.1391422    
   3.875000      0.7375000      8.0645852E-02
   4.125000      0.7375000      0.1690635    
   4.375000      0.7375000      6.8050139E-02
   4.625000      0.7375000      0.2068215    
   4.875000      0.7375000      4.1931201E-02
   5.125000      0.7375000      0.2577276    
   5.375000      0.7375000     -3.0952138E-03
   5.625000      0.7375000      0.3287906    
   5.875000      0.7375000     -7.4829638E-02
   6.125000      0.7375000      0.4306929    
   6.375000      0.7375000     -0.1861079    
   6.625000      0.7375000      0.5798640    
   6.875000      0.7375000     -0.3562910    
   7.125000      0.7375000      0.8002544    
   7.375000      0.7375000     -0.6148125    
   7.625000      0.7375000       1.129206    
   7.875000      0.7375000      -1.008327    
   8.125000      0.7375000       1.625189    
   8.375000      0.7375000      -1.610023    
   8.625000      0.7375000       2.381403    
   8.875000      0.7375000      -2.539449    
   9.125000      0.7375000       3.552220    
   9.375000      0.7375000      -3.996365    
   9.625000      0.7375000       5.396557    
   9.875000      0.7375000      -6.310945    
   10.00000      0.7375000       1.000000    
 
  0.0000000E+00  0.7625000      0.0000000E+00
  0.1250000      0.7625000     -2.7862409E-04
  0.3750000      0.7625000      6.1050602E-03
  0.6250000      0.7625000      1.6231405E-02
  0.8750000      0.7625000      2.7088230E-02
   1.125000      0.7625000      3.8865730E-02
   1.375000      0.7625000      4.8870966E-02
   1.625000      0.7625000      6.1094381E-02
   1.875000      0.7625000      6.8350576E-02
   2.125000      0.7625000      8.2613327E-02
   2.375000      0.7625000      8.4466308E-02
   2.625000      0.7625000      0.1042015    
   2.875000      0.7625000      9.6000575E-02
   3.125000      0.7625000      0.1267224    
   3.375000      0.7625000      0.1016484    
   3.625000      0.7625000      0.1511215    
   3.875000      0.7625000      0.1001293    
   4.125000      0.7625000      0.1790443    
   4.375000      0.7625000      8.9467816E-02
   4.625000      0.7625000      0.2137405    
   4.875000      0.7625000      6.6213466E-02
   5.125000      0.7625000      0.2601828    
   5.375000      0.7625000      2.5494611E-02
   5.625000      0.7625000      0.3249291    
   5.875000      0.7625000     -3.9769858E-02
   6.125000      0.7625000      0.4177821    
   6.375000      0.7625000     -0.1412423    
   6.625000      0.7625000      0.5538459    
   6.875000      0.7625000     -0.2967419    
   7.125000      0.7625000      0.7552649    
   7.375000      0.7625000     -0.5334339    
   7.625000      0.7625000       1.056593    
   7.875000      0.7625000     -0.8946705    
   8.125000      0.7625000       1.512547    
   8.375000      0.7625000      -1.449429    
   8.625000      0.7625000       2.211689    
   8.875000      0.7625000      -2.312583    
   9.125000      0.7625000       3.304696    
   9.375000      0.7625000      -3.683333    
   9.625000      0.7625000       5.057356    
   9.875000      0.7625000      -5.914390    
   10.00000      0.7625000       1.000000    
 
  0.0000000E+00  0.7875000      0.0000000E+00
  0.1250000      0.7875000      3.9159835E-04
  0.3750000      0.7875000      1.0325122E-02
  0.6250000      0.7875000      2.3545226E-02
  0.8750000      0.7875000      3.6815491E-02
   1.125000      0.7875000      5.0241888E-02
   1.375000      0.7875000      6.1768409E-02
   1.625000      0.7875000      7.4723572E-02
   1.875000      0.7875000      8.3325014E-02
   2.125000      0.7875000      9.7440764E-02
   2.375000      0.7875000      0.1010319    
   2.625000      0.7875000      0.1193638    
   2.875000      0.7875000      0.1139307    
   3.125000      0.7875000      0.1413968    
   3.375000      0.7875000      0.1208628    
   3.625000      0.7875000      0.1645451    
   3.875000      0.7875000      0.1207258    
   4.125000      0.7875000      0.1904396    
   4.375000      0.7875000      0.1118885    
   4.625000      0.7875000      0.2221089    
   4.875000      0.7875000      9.1395929E-02
   5.125000      0.7875000      0.2641781    
   5.375000      0.7875000      5.4888610E-02
   5.625000      0.7875000      0.3227487    
   5.875000      0.7875000     -4.0202900E-03
   6.125000      0.7875000      0.4067608    
   6.375000      0.7875000     -9.5843472E-02
   6.625000      0.7875000      0.5299858    
   6.875000      0.7875000     -0.2368480    
   7.125000      0.7875000      0.7127402    
   7.375000      0.7875000     -0.4519138    
   7.625000      0.7875000      0.9867337    
   7.875000      0.7875000     -0.7809671    
   8.125000      0.7875000       1.402690    
   8.375000      0.7875000      -1.288380    
   8.625000      0.7875000       2.043889    
   8.875000      0.7875000      -2.083287    
   9.125000      0.7875000       3.055584    
   9.375000      0.7875000      -3.361679    
   9.625000      0.7875000       4.706917    
   9.875000      0.7875000      -5.496206    
   10.00000      0.7875000       1.000000    
 
  0.0000000E+00  0.8125000      0.0000000E+00
  0.1250000      0.8125000      1.8689585E-03
  0.3750000      0.8125000      1.6444653E-02
  0.6250000      0.8125000      3.3083554E-02
  0.8750000      0.8125000      4.8759695E-02
   1.125000      0.8125000      6.3751094E-02
   1.375000      0.8125000      7.6656811E-02
   1.625000      0.8125000      9.0266183E-02
   1.875000      0.8125000      0.1000471    
   2.125000      0.8125000      0.1140034    
   2.375000      0.8125000      0.1191185    
   2.625000      0.8125000      0.1361273    
   2.875000      0.8125000      0.1331702    
   3.125000      0.8125000      0.1575789    
   3.375000      0.8125000      0.1412016    
   3.625000      0.8125000      0.1794287    
   3.875000      0.8125000      0.1422900    
   4.125000      0.8125000      0.2033120    
   4.375000      0.8125000      0.1351257    
   4.625000      0.8125000      0.2320582    
   4.875000      0.8125000      0.1172254    
   5.125000      0.8125000      0.2699448    
   5.375000      0.8125000      8.4727995E-02
   5.625000      0.8125000      0.3226213    
   5.875000      0.8125000      3.1900544E-02
   6.125000      0.8125000      0.3982050    
   6.375000      0.8125000     -5.0674815E-02
   6.625000      0.8125000      0.5091649    
   6.875000      0.8125000     -0.1777448    
   7.125000      0.8125000      0.6740192    
   7.375000      0.8125000     -0.3719521    
   7.625000      0.8125000      0.9216639    
   7.875000      0.8125000     -0.6697817    
   8.125000      0.8125000       1.298724    
   8.375000      0.8125000      -1.130769    
   8.625000      0.8125000       1.882746    
   8.875000      0.8125000      -1.857462    
   9.125000      0.8125000       2.812013    
   9.375000      0.8125000      -3.039967    
   9.625000      0.8125000       4.354827    
   9.875000      0.8125000      -5.066195    
   10.00000      0.8125000       1.000000    
 
  0.0000000E+00  0.8375000      0.0000000E+00
  0.1250000      0.8375000      4.6344297E-03
  0.3750000      0.8375000      2.4917334E-02
  0.6250000      0.8375000      4.5099739E-02
  0.8750000      0.8375000      6.3034609E-02
   1.125000      0.8375000      7.9427101E-02
   1.375000      0.8375000      9.3522467E-02
   1.625000      0.8375000      0.1076831    
   1.875000      0.8375000      0.1184553    
   2.125000      0.8375000      0.1322373    
   2.375000      0.8375000      0.1386400    
   2.625000      0.8375000      0.1544279    
   2.875000      0.8375000      0.1536160    
   3.125000      0.8375000      0.1752243    
   3.375000      0.8375000      0.1625461    
   3.625000      0.8375000      0.1957643    
   3.875000      0.8375000      0.1646846    
   4.125000      0.8375000      0.2177034    
   4.375000      0.8375000      0.1590123    
   4.625000      0.8375000      0.2436953    
   4.875000      0.8375000      0.1434806    
   5.125000      0.8375000      0.2776808    
   5.375000      0.8375000      0.1147008    
   5.625000      0.8375000      0.3248719    
   5.875000      0.8375000      6.7540288E-02
   6.125000      0.8375000      0.3926211    
   6.375000      0.8375000     -6.4053219E-03
   6.625000      0.8375000      0.4921629    
   6.875000      0.8375000     -0.1204355    
   7.125000      0.8375000      0.6402941    
   7.375000      0.8375000     -0.2950635    
   7.625000      0.8375000      0.8632124    
   7.875000      0.8375000     -0.5634304    
   8.125000      0.8375000       1.203482    
   8.375000      0.8375000     -0.9801838    
   8.625000      0.8375000       1.732701    
   8.875000      0.8375000      -1.640742    
   9.125000      0.8375000       2.580986    
   9.375000      0.8375000      -2.726924    
   9.625000      0.8375000       4.011374    
   9.875000      0.8375000      -4.635355    
   10.00000      0.8375000       1.000000    
 
  0.0000000E+00  0.8625000      0.0000000E+00
  0.1250000      0.8625000      9.3018003E-03
  0.3750000      0.8625000      3.6141567E-02
  0.6250000      0.8625000      5.9737422E-02
  0.8750000      0.8625000      7.9651386E-02
   1.125000      0.8625000      9.7217187E-02
   1.375000      0.8625000      0.1122816    
   1.625000      0.8625000      0.1268747    
   1.875000      0.8625000      0.1384405    
   2.125000      0.8625000      0.1520336    
   2.375000      0.8625000      0.1594802    
   2.625000      0.8625000      0.1741667    
   2.875000      0.8625000      0.1751505    
   3.125000      0.8625000      0.1942623    
   3.375000      0.8625000      0.1847769    
   3.625000      0.8625000      0.2135233    
   3.875000      0.8625000      0.1877823    
   4.125000      0.8625000      0.2336355    
   4.375000      0.8625000      0.1834020    
   4.625000      0.8625000      0.2571035    
   4.875000      0.8625000      0.1699737    
   5.125000      0.8625000      0.2875508    
   5.375000      0.8625000      0.1445427    
   5.625000      0.8625000      0.3297772    
   5.875000      0.8625000      0.1025139    
   6.125000      0.8625000      0.3904446    
   6.375000      0.8625000      3.6392331E-02
   6.625000      0.8625000      0.4796527    
   6.875000      0.8625000     -6.5785192E-02
   7.125000      0.8625000      0.6126016    
   7.375000      0.8625000     -0.2225668    
   7.625000      0.8625000      0.8129841    
   7.875000      0.8625000     -0.4639549    
   8.125000      0.8625000       1.119487    
   8.375000      0.8625000     -0.8398516    
   8.625000      0.8625000       1.597811    
   8.875000      0.8625000      -1.438361    
   9.125000      0.8625000       2.369190    
   9.375000      0.8625000      -2.431194    
   9.625000      0.8625000       3.687322    
   9.875000      0.8625000      -4.215892    
   10.00000      0.8625000       1.000000    
 
  0.0000000E+00  0.8875000      0.0000000E+00
  0.1250000      0.8875000      1.6582297E-02
  0.3750000      0.8875000      5.0386656E-02
  0.6250000      0.8875000      7.6995984E-02
  0.8750000      0.8875000      9.8506890E-02
   1.125000      0.8875000      0.1169798    
   1.375000      0.8875000      0.1327813    
   1.625000      0.8875000      0.1476833    
   1.875000      0.8875000      0.1598490    
   2.125000      0.8875000      0.1732422    
   2.375000      0.8875000      0.1814954    
   2.625000      0.8875000      0.1952153    
   2.875000      0.8875000      0.1976444    
   3.125000      0.8875000      0.2145998    
   3.375000      0.8875000      0.2077755    
   3.625000      0.8875000      0.2326589    
   3.875000      0.8875000      0.2114667    
   4.125000      0.8875000      0.2511135    
   4.375000      0.8875000      0.2081679    
   4.625000      0.8875000      0.2723443    
   4.875000      0.8875000      0.1965469    
   5.125000      0.8875000      0.2996881    
   5.375000      0.8875000      0.1740330    
   5.625000      0.8875000      0.3375682    
   5.875000      0.8875000      0.1364976    
   6.125000      0.8875000      0.3920429    
   6.375000      0.8875000      7.7234149E-02
   6.625000      0.8875000      0.4722072    
   6.875000      0.8875000     -1.4531155E-02
   7.125000      0.8875000      0.5918308    
   7.375000      0.8875000     -0.1555955    
   7.625000      0.8875000      0.7723672    
   7.875000      0.8875000     -0.3731286    
   8.125000      0.8875000       1.048951    
   8.375000      0.8875000     -0.7126240    
   8.625000      0.8875000       1.481710    
   8.875000      0.8875000      -1.255086    
   9.125000      0.8875000       2.182864    
   9.375000      0.8875000      -2.161118    
   9.625000      0.8875000       3.393651    
   9.875000      0.8875000      -3.821201    
   10.00000      0.8875000       1.000000    
 
  0.0000000E+00  0.9125000      0.0000000E+00
  0.1250000      0.9125000      2.7200226E-02
  0.3750000      0.9125000      6.7718029E-02
  0.6250000      0.9125000      9.6710920E-02
  0.8750000      0.9125000      0.1193834    
   1.125000      0.9125000      0.1384897    
   1.375000      0.9125000      0.1548046    
   1.625000      0.9125000      0.1698996    
   1.875000      0.9125000      0.1824861    
   2.125000      0.9125000      0.1956776    
   2.375000      0.9125000      0.2045182    
   2.625000      0.9125000      0.2174204    
   2.875000      0.9125000      0.2209582    
   3.125000      0.9125000      0.2361266    
   3.375000      0.9125000      0.2314243    
   3.625000      0.9125000      0.2531109    
   3.875000      0.9125000      0.2356306    
   4.125000      0.9125000      0.2701289    
   4.375000      0.9125000      0.2331990    
   4.625000      0.9125000      0.2894627    
   4.875000      0.9125000      0.2230663    
   5.125000      0.9125000      0.3142010    
   5.375000      0.9125000      0.2029854    
   5.625000      0.9125000      0.3484389    
   5.875000      0.9125000      0.1692165    
   6.125000      0.9125000      0.3977291    
   6.375000      0.9125000      0.1157065    
   6.625000      0.9125000      0.4703170    
   6.875000      0.9125000      3.2692712E-02
   7.125000      0.9125000      0.5787494    
   7.375000      0.9125000     -9.5131665E-02
   7.625000      0.9125000      0.7425684    
   7.875000      0.9125000     -0.2925011    
   8.125000      0.9125000      0.9938178    
   8.375000      0.9125000     -0.6010249    
   8.625000      0.9125000       1.387643    
   8.875000      0.9125000      -1.095230    
   9.125000      0.9125000       2.027763    
   9.375000      0.9125000      -1.924616    
   9.625000      0.9125000       3.141329    
   9.875000      0.9125000      -3.465833    
   10.00000      0.9125000       1.000000    
 
  0.0000000E+00  0.9375000      0.0000000E+00
  0.1250000      0.9375000      4.1746736E-02
  0.3750000      0.9375000      8.7938465E-02
  0.6250000      0.9375000      0.1185541    
  0.8750000      0.9375000      0.1419594    
   1.125000      0.9375000      0.1614486    
   1.375000      0.9375000      0.1780797    
   1.625000      0.9375000      0.1932700    
   1.875000      0.9375000      0.2061230    
   2.125000      0.9375000      0.2191254    
   2.375000      0.9375000      0.2283607    
   2.625000      0.9375000      0.2406105    
   2.875000      0.9375000      0.2449439    
   3.125000      0.9375000      0.2587198    
   3.375000      0.9375000      0.2556061    
   3.625000      0.9375000      0.2748097    
   3.875000      0.9375000      0.2601724    
   4.125000      0.9375000      0.2906649    
   4.375000      0.9375000      0.2583940    
   4.625000      0.9375000      0.3084928    
   4.875000      0.9375000      0.2494115    
   5.125000      0.9375000      0.3311820    
   5.375000      0.9375000      0.2312334    
   5.625000      0.9375000      0.3625602    
   5.875000      0.9375000      0.2004236    
   6.125000      0.9375000      0.4077826    
   6.375000      0.9375000      0.1514369    
   6.625000      0.9375000      0.4744225    
   6.875000      0.9375000      7.5314157E-02
   7.125000      0.9375000      0.5740496    
   7.375000      0.9375000     -4.2064581E-02
   7.625000      0.9375000      0.7246806    
   7.875000      0.9375000     -0.2234802    
   8.125000      0.9375000      0.9558548    
   8.375000      0.9375000     -0.5073615    
   8.625000      0.9375000       1.318591    
   8.875000      0.9375000     -0.9627794    
   9.125000      0.9375000       1.909261    
   9.375000      0.9375000      -1.729229    
   9.625000      0.9375000       2.941212    
   9.875000      0.9375000      -3.165534    
   10.00000      0.9375000       1.000000    
 
  0.0000000E+00  0.9625000      0.0000000E+00
  0.1250000      0.9625000      6.0466055E-02
  0.3750000      0.9625000      0.1105641    
  0.6250000      0.9625000      0.1420540    
  0.8750000      0.9625000      0.1658282    
   1.125000      0.9625000      0.1854998    
   1.375000      0.9625000      0.2022902    
   1.625000      0.9625000      0.2175063    
   1.875000      0.9625000      0.2305025    
   2.125000      0.9625000      0.2433490    
   2.375000      0.9625000      0.2528175    
   2.625000      0.9625000      0.2646007    
   2.875000      0.9625000      0.2694440    
   3.125000      0.9625000      0.2822499    
   3.375000      0.9625000      0.2801998    
   3.625000      0.9625000      0.2976817    
   3.875000      0.9625000      0.2849894    
   4.125000      0.9625000      0.3127021    
   4.375000      0.9625000      0.2836508    
   4.625000      0.9625000      0.3294667    
   4.875000      0.9625000      0.2754622    
   5.125000      0.9625000      0.3507212    
   5.375000      0.9625000      0.2586109    
   5.625000      0.9625000      0.3800999    
   5.875000      0.9625000      0.2298727    
   6.125000      0.9625000      0.4224789    
   6.375000      0.9625000      0.1840544    
   6.625000      0.9625000      0.4849593    
   6.875000      0.9625000      0.1127642    
   7.125000      0.9625000      0.5784162    
   7.375000      0.9625000      2.7232857E-03
   7.625000      0.9625000      0.7197849    
   7.875000      0.9625000     -0.1674579    
   8.125000      0.9625000      0.9368057    
   8.375000      0.9625000     -0.4339041    
   8.625000      0.9625000       1.277479    
   8.875000      0.9625000     -0.8616444    
   9.125000      0.9625000       1.832628    
   9.375000      0.9625000      -1.582373    
   9.625000      0.9625000       2.804188    
   9.875000      0.9625000      -2.937386    
   10.00000      0.9625000       1.000000    
 
  0.0000000E+00  0.9875000      0.0000000E+00
  0.1250000      0.9875000      8.2980491E-02
  0.3750000      0.9875000      0.1348476    
  0.6250000      0.9875000      0.1666301    
  0.8750000      0.9875000      0.1905197    
   1.125000      0.9875000      0.2102419    
   1.375000      0.9875000      0.2270845    
   1.625000      0.9875000      0.2422926    
   1.875000      0.9875000      0.2553432    
   2.125000      0.9875000      0.2680943    
   2.375000      0.9875000      0.2776662    
   2.625000      0.9875000      0.2891964    
   2.875000      0.9875000      0.2942885    
   3.125000      0.9875000      0.3065825    
   3.375000      0.9875000      0.3050730    
   3.625000      0.9875000      0.3216527    
   3.875000      0.9875000      0.3099673    
   4.125000      0.9875000      0.3362236    
   4.375000      0.9875000      0.3088531    
   4.625000      0.9875000      0.3524237    
   4.875000      0.9875000      0.3010790    
   5.125000      0.9875000      0.3729215    
   5.375000      0.9875000      0.2849255    
   5.625000      0.9875000      0.4012471    
   5.875000      0.9875000      0.2572805    
   6.125000      0.9875000      0.4421284    
   6.375000      0.9875000      0.2131351    
   6.625000      0.9875000      0.5024164    
   6.875000      0.9875000      0.1443991    
   7.125000      0.9875000      0.5926152    
   7.375000      0.9875000      3.8241763E-02
   7.625000      0.9875000      0.7290829    
   7.875000      0.9875000     -0.1259808    
   8.125000      0.9875000      0.9385908    
   8.375000      0.9875000     -0.3831430    
   8.625000      0.9875000       1.267486    
   8.875000      0.9875000     -0.7960389    
   9.125000      0.9875000       1.803478    
   9.375000      0.9875000      -1.491881    
   9.625000      0.9875000       2.741672    
   9.875000      0.9875000      -2.800188    
   10.00000      0.9875000       1.000000    
 
  0.0000000E+00   1.000000      0.0000000E+00
  0.1250000       1.000000      8.2980491E-02
  0.3750000       1.000000      0.1348476    
  0.6250000       1.000000      0.1666301    
  0.8750000       1.000000      0.1905197    
   1.125000       1.000000      0.2102419    
   1.375000       1.000000      0.2270845    
   1.625000       1.000000      0.2422926    
   1.875000       1.000000      0.2553432    
   2.125000       1.000000      0.2680943    
   2.375000       1.000000      0.2776662    
   2.625000       1.000000      0.2891964    
   2.875000       1.000000      0.2942885    
   3.125000       1.000000      0.3065825    
   3.375000       1.000000      0.3050730    
   3.625000       1.000000      0.3216527    
   3.875000       1.000000      0.3099673    
   4.125000       1.000000      0.3362236    
   4.375000       1.000000      0.3088531    
   4.625000       1.000000      0.3524237    
   4.875000       1.000000      0.3010790    
   5.125000       1.000000      0.3729215    
   5.375000       1.000000      0.2849255    
   5.625000       1.000000      0.4012471    
   5.875000       1.000000      0.2572805    
   6.125000       1.000000      0.4421284    
   6.375000       1.000000      0.2131351    
   6.625000       1.000000      0.5024164    
   6.875000       1.000000      0.1443991    
   7.125000       1.000000      0.5926152    
   7.375000       1.000000      3.8241763E-02
   7.625000       1.000000      0.7290829    
   7.875000       1.000000     -0.1259808    
   8.125000       1.000000      0.9385908    
   8.375000       1.000000     -0.3831430    
   8.625000       1.000000       1.267486    
   8.875000       1.000000     -0.7960389    
   9.125000       1.000000       1.803478    
   9.375000       1.000000      -1.491881    
   9.625000       1.000000       2.741672    
   9.875000       1.000000      -2.800188    
   10.00000       1.000000       1.000000    
 
