  0.0000000E+00  0.0000000E+00  0.0000000E+00
  0.1250000      0.0000000E+00  1.2499999E-02
  0.3750000      0.0000000E+00  3.7499998E-02
  0.6250000      0.0000000E+00  6.2499996E-02
  0.8750000      0.0000000E+00  8.7499991E-02
   1.125000      0.0000000E+00  0.1125000    
   1.375000      0.0000000E+00  0.1375000    
   1.625000      0.0000000E+00  0.1625000    
   1.875000      0.0000000E+00  0.1875000    
   2.125000      0.0000000E+00  0.2125000    
   2.375000      0.0000000E+00  0.2375000    
   2.625000      0.0000000E+00  0.2625000    
   2.875000      0.0000000E+00  0.2875000    
   3.125000      0.0000000E+00  0.3125000    
   3.375000      0.0000000E+00  0.3375000    
   3.625000      0.0000000E+00  0.3625000    
   3.875000      0.0000000E+00  0.3875000    
   4.125000      0.0000000E+00  0.4125000    
   4.375000      0.0000000E+00  0.4375000    
   4.625000      0.0000000E+00  0.4625000    
   4.875000      0.0000000E+00  0.4875000    
   5.125000      0.0000000E+00  0.5125000    
   5.375000      0.0000000E+00  0.5375000    
   5.625000      0.0000000E+00  0.5624999    
   5.875000      0.0000000E+00  0.5875000    
   6.125000      0.0000000E+00  0.6125000    
   6.375000      0.0000000E+00  0.6375000    
   6.625000      0.0000000E+00  0.6625000    
   6.875000      0.0000000E+00  0.6874999    
   7.125000      0.0000000E+00  0.7125000    
   7.375000      0.0000000E+00  0.7375000    
   7.625000      0.0000000E+00  0.7624999    
   7.875000      0.0000000E+00  0.7875000    
   8.125000      0.0000000E+00  0.8124999    
   8.375000      0.0000000E+00  0.8375000    
   8.625000      0.0000000E+00  0.8625000    
   8.875000      0.0000000E+00  0.8874999    
   9.125000      0.0000000E+00  0.9125000    
   9.375000      0.0000000E+00  0.9374999    
   9.625000      0.0000000E+00  0.9624999    
   9.875000      0.0000000E+00  0.9875000    
   10.00000      0.0000000E+00   1.000000    
 
  0.0000000E+00  1.2500000E-02  0.0000000E+00
  0.1250000      1.2500000E-02  1.0738066E-02
  0.3750000      1.2500000E-02  3.3794347E-02
  0.6250000      1.2500000E-02  5.7284132E-02
  0.8750000      1.2500000E-02  8.0963649E-02
   1.125000      1.2500000E-02  0.1048089    
   1.375000      1.2500000E-02  0.1286826    
   1.625000      1.2500000E-02  0.1527381    
   1.875000      1.2500000E-02  0.1766621    
   2.125000      1.2500000E-02  0.2009399    
   2.375000      1.2500000E-02  0.2247764    
   2.625000      1.2500000E-02  0.2493830    
   2.875000      1.2500000E-02  0.2729436    
   3.125000      1.2500000E-02  0.2980698    
   3.375000      1.2500000E-02  0.3211024    
   3.625000      1.2500000E-02  0.3470126    
   3.875000      1.2500000E-02  0.3691991    
   4.125000      1.2500000E-02  0.3962423    
   4.375000      1.2500000E-02  0.4171540    
   4.625000      1.2500000E-02  0.4458329    
   4.875000      1.2500000E-02  0.4648374    
   5.125000      1.2500000E-02  0.4959095    
   5.375000      1.2500000E-02  0.5120736    
   5.625000      1.2500000E-02  0.5466416    
   5.875000      1.2500000E-02  0.5586233    
   6.125000      1.2500000E-02  0.5982928    
   6.375000      1.2500000E-02  0.6041215    
   6.625000      1.2500000E-02  0.6512749    
   6.875000      1.2500000E-02  0.6480431    
   7.125000      1.2500000E-02  0.7061903    
   7.375000      1.2500000E-02  0.6896262    
   7.625000      1.2500000E-02  0.7639675    
   7.875000      1.2500000E-02  0.7277005    
   8.125000      1.2500000E-02  0.8260547    
   8.375000      1.2500000E-02  0.7604408    
   8.625000      1.2500000E-02  0.8947915    
   8.875000      1.2500000E-02  0.7847743    
   9.125000      1.2500000E-02  0.9743142    
   9.375000      1.2500000E-02  0.7949457    
   9.625000      1.2500000E-02   1.073106    
   9.875000      1.2500000E-02  0.7770820    
   10.00000      1.2500000E-02   1.000000    
 
  0.0000000E+00  3.7500001E-02  0.0000000E+00
  0.1250000      3.7500001E-02  7.4733673E-03
  0.3750000      3.7500001E-02  2.6665706E-02
  0.6250000      3.7500001E-02  4.7142170E-02
  0.8750000      3.7500001E-02  6.8181865E-02
   1.125000      3.7500001E-02  8.9722365E-02
   1.375000      3.7500001E-02  0.1113398    
   1.625000      3.7500001E-02  0.1335149    
   1.875000      3.7500001E-02  0.1552758    
   2.125000      3.7500001E-02  0.1781276    
   2.375000      3.7500001E-02  0.1996127    
   2.625000      3.7500001E-02  0.2234667    
   2.875000      3.7500001E-02  0.2441044    
   3.125000      3.7500001E-02  0.2695397    
   3.375000      3.7500001E-02  0.2885685    
   3.625000      3.7500001E-02  0.3163843    
   3.875000      3.7500001E-02  0.3328420    
   4.125000      3.7500001E-02  0.3640946    
   4.375000      3.7500001E-02  0.3766824    
   4.625000      3.7500001E-02  0.4128992    
   4.875000      3.7500001E-02  0.4196951    
   5.125000      3.7500001E-02  0.4631755    
   5.375000      3.7500001E-02  0.4613492    
   5.625000      3.7500001E-02  0.5154399    
   5.875000      3.7500001E-02  0.5009181    
   6.125000      3.7500001E-02  0.5704948    
   6.375000      3.7500001E-02  0.5372944    
   6.625000      3.7500001E-02  0.6295905    
   6.875000      3.7500001E-02  0.5688854    
   7.125000      3.7500001E-02  0.6945556    
   7.375000      3.7500001E-02  0.5933756    
   7.625000      3.7500001E-02  0.7682111    
   7.875000      3.7500001E-02  0.6072118    
   8.125000      3.7500001E-02  0.8549520    
   8.375000      3.7500001E-02  0.6048529    
   8.625000      3.7500001E-02  0.9618866    
   8.875000      3.7500001E-02  0.5769652    
   9.125000      3.7500001E-02   1.101572    
   9.375000      3.7500001E-02  0.5060756    
   9.625000      3.7500001E-02   1.299767    
   9.875000      3.7500001E-02  0.3500376    
   10.00000      3.7500001E-02   1.000000    
 
  0.0000000E+00  6.2500000E-02  0.0000000E+00
  0.1250000      6.2500000E-02  4.7826460E-03
  0.3750000      6.2500000E-02  2.0239299E-02
  0.6250000      6.2500000E-02  3.7745230E-02
  0.8750000      6.2500000E-02  5.6161057E-02
   1.125000      6.2500000E-02  7.5418033E-02
   1.375000      6.2500000E-02  9.4775423E-02
   1.625000      6.2500000E-02  0.1150985    
   1.875000      6.2500000E-02  0.1346699    
   2.125000      6.2500000E-02  0.1561484    
   2.375000      6.2500000E-02  0.1752191    
   2.625000      6.2500000E-02  0.1984155    
   2.875000      6.2500000E-02  0.2160148    
   3.125000      6.2500000E-02  0.2419126    
   3.375000      6.2500000E-02  0.2567557    
   3.625000      6.2500000E-02  0.2867037    
   3.875000      6.2500000E-02  0.2971660    
   4.125000      6.2500000E-02  0.3329542    
   4.375000      6.2500000E-02  0.3368296    
   4.625000      6.2500000E-02  0.3810606    
   4.875000      6.2500000E-02  0.3750750    
   5.125000      6.2500000E-02  0.4316637    
   5.375000      6.2500000E-02  0.4110059    
   5.625000      6.2500000E-02  0.4856426    
   5.875000      6.2500000E-02  0.4433855    
   6.125000      6.2500000E-02  0.5443710    
   6.375000      6.2500000E-02  0.4703278    
   6.625000      6.2500000E-02  0.6099765    
   6.875000      6.2500000E-02  0.4891286    
   7.125000      6.2500000E-02  0.6855716    
   7.375000      6.2500000E-02  0.4958429    
   7.625000      6.2500000E-02  0.7759622    
   7.875000      6.2500000E-02  0.4844228    
   8.125000      6.2500000E-02  0.8886235    
   8.375000      6.2500000E-02  0.4454417    
   8.625000      6.2500000E-02   1.035649    
   8.875000      6.2500000E-02  0.3630260    
   9.125000      6.2500000E-02   1.238376    
   9.375000      6.2500000E-02  0.2075061    
   9.625000      6.2500000E-02   1.540491    
   9.875000      6.2500000E-02 -9.2321664E-02
   10.00000      6.2500000E-02   1.000000    
 
  0.0000000E+00  8.7500006E-02  0.0000000E+00
  0.1250000      8.7500006E-02  2.7666886E-03
  0.3750000      8.7500006E-02  1.4756596E-02
  0.6250000      8.7500006E-02  2.9394140E-02
  0.8750000      8.7500006E-02  4.5231223E-02
   1.125000      8.7500006E-02  6.2251288E-02
   1.375000      8.7500006E-02  7.9352729E-02
   1.625000      8.7500006E-02  9.7875677E-02
   1.875000      8.7500006E-02  0.1152235    
   2.125000      8.7500006E-02  0.1354143    
   2.375000      8.7500006E-02  0.1519810    
   2.625000      8.7500006E-02  0.1746663    
   2.875000      8.7500006E-02  0.1890599    
   3.125000      8.7500006E-02  0.2156509    
   3.375000      8.7500006E-02  0.2260439    
   3.625000      8.7500006E-02  0.2584600    
   3.875000      8.7500006E-02  0.2625398    
   4.125000      8.7500006E-02  0.3033437    
   4.375000      8.7500006E-02  0.2979406    
   4.625000      8.7500006E-02  0.3508857    
   4.875000      8.7500006E-02  0.3312822    
   5.125000      8.7500006E-02  0.4020051    
   5.375000      8.7500006E-02  0.3612880    
   5.625000      8.7500006E-02  0.4579684    
   5.875000      8.7500006E-02  0.3861758    
   6.125000      8.7500006E-02  0.5207679    
   6.375000      8.7500006E-02  0.4032302    
   6.625000      8.7500006E-02  0.5934657    
   6.875000      8.7500006E-02  0.4085707    
   7.125000      8.7500006E-02  0.6805421    
   7.375000      8.7500006E-02  0.3965117    
   7.625000      8.7500006E-02  0.7889223    
   7.875000      8.7500006E-02  0.3583515    
   8.125000      8.7500006E-02  0.9293483    
   8.375000      8.7500006E-02  0.2805417    
   8.625000      8.7500006E-02   1.119199    
   8.875000      8.7500006E-02  0.1402956    
   9.125000      8.7500006E-02   1.389051    
   9.375000      8.7500006E-02 -0.1048121    
   9.625000      8.7500006E-02   1.801146    
   9.875000      8.7500006E-02 -0.5552356    
   10.00000      8.7500006E-02   1.000000    
 
  0.0000000E+00  0.1125000      0.0000000E+00
  0.1250000      0.1125000      1.3866799E-03
  0.3750000      0.1125000      1.0308079E-02
  0.6250000      0.1125000      2.2251502E-02
  0.8750000      0.1125000      3.5594657E-02
   1.125000      0.1125000      5.0456837E-02
   1.375000      0.1125000      6.5321207E-02
   1.625000      0.1125000      8.2121961E-02
   1.875000      0.1125000      9.7211905E-02
   2.125000      0.1125000      0.1162318    
   2.375000      0.1125000      0.1301885    
   2.625000      0.1125000      0.1525526    
   2.875000      0.1125000      0.1635388    
   3.125000      0.1125000      0.1911129    
   3.375000      0.1125000      0.1967371    
   3.625000      0.1125000      0.2320364    
   3.875000      0.1125000      0.2292664    
   4.125000      0.1125000      0.2756750    
   4.375000      0.1125000      0.2603080    
   4.625000      0.1125000      0.3228231    
   4.875000      0.1125000      0.2885870    
   5.125000      0.1125000      0.3746953    
   5.375000      0.1125000      0.3124282    
   5.625000      0.1125000      0.4329759    
   5.875000      0.1125000      0.3294609    
   6.125000      0.1125000      0.5003356    
   6.375000      0.1125000      0.3360778    
   6.625000      0.1125000      0.5808383    
   6.875000      0.1125000      0.3271452    
   7.125000      0.1125000      0.6804360    
   7.375000      0.1125000      0.2951011    
   7.625000      0.1125000      0.8083345    
   7.875000      0.1125000      0.2284040    
   8.125000      0.1125000      0.9787595    
   8.375000      0.1125000      0.1091112    
   8.625000      0.1125000       1.214711    
   8.875000      0.1125000     -9.2872113E-02
   9.125000      0.1125000       1.556450    
   9.375000      0.1125000     -0.4331993    
   9.625000      0.1125000       2.085091    
   9.875000      0.1125000      -1.040650    
   10.00000      0.1125000       1.000000    
 
  0.0000000E+00  0.1375000      0.0000000E+00
  0.1250000      0.1375000      5.3039315E-04
  0.3750000      0.1375000      6.8675517E-03
  0.6250000      0.1375000      1.6362648E-02
  0.8750000      0.1375000      2.7341500E-02
   1.125000      0.1375000      4.0161561E-02
   1.375000      0.1375000      5.2827708E-02
   1.625000      0.1375000      6.8012007E-02
   1.875000      0.1375000      8.0815554E-02
   2.125000      0.1375000      9.8810323E-02
   2.375000      0.1375000      0.1100451    
   2.625000      0.1375000      0.1323124    
   2.875000      0.1375000      0.1396724    
   3.125000      0.1375000      0.1685605    
   3.375000      0.1375000      0.1690703    
   3.625000      0.1375000      0.2077172    
   3.875000      0.1375000      0.1975893    
   4.125000      0.1375000      0.2502566    
   4.375000      0.1375000      0.2241770    
   4.625000      0.1375000      0.2972085    
   4.875000      0.1375000      0.2472291    
   5.125000      0.1375000      0.3501013    
   5.375000      0.1375000      0.2646514    
   5.625000      0.1375000      0.4110729    
   5.875000      0.1375000      0.2734346    
   6.125000      0.1375000      0.4835371    
   6.375000      0.1375000      0.2690145    
   6.625000      0.1375000      0.5726337    
   6.875000      0.1375000      0.2449178    
   7.125000      0.1375000      0.6859025    
   7.375000      0.1375000      0.1915591    
   7.625000      0.1375000      0.8350024    
   7.875000      0.1375000      9.4360866E-02
   8.125000      0.1375000       1.037870    
   8.375000      0.1375000     -6.9290370E-02
   8.625000      0.1375000       1.323448    
   8.875000      0.1375000     -0.3371517    
   9.125000      0.1375000       1.742030    
   9.375000      0.1375000     -0.7783403    
   9.625000      0.1375000       2.393360    
   9.875000      0.1375000      -1.547733    
   10.00000      0.1375000       1.000000    
 
  0.0000000E+00  0.1625000      0.0000000E+00
  0.1250000      0.1625000      6.1937484E-05
  0.3750000      0.1625000      4.3295692E-03
  0.6250000      0.1625000      1.1680379E-02
  0.8750000      0.1625000      2.0468356E-02
   1.125000      0.1625000      3.1399332E-02
   1.375000      0.1625000      4.1929401E-02
   1.625000      0.1625000      5.5630732E-02
   1.875000      0.1625000      6.6130973E-02
   2.125000      0.1625000      8.3271816E-02
   2.375000      0.1625000      9.1676593E-02
   2.625000      0.1625000      0.1140959    
   2.875000      0.1625000      0.1176117    
   3.125000      0.1625000      0.1481669    
   3.375000      0.1625000      0.1432165    
   3.625000      0.1625000      0.1856955    
   3.875000      0.1625000      0.1676997    
   4.125000      0.1625000      0.2273007    
   4.375000      0.1625000      0.1897522    
   4.625000      0.1625000      0.2742719    
   4.875000      0.1625000      0.2074235    
   5.125000      0.1625000      0.3284687    
   5.375000      0.1625000      0.2181792    
   5.625000      0.1625000      0.3925220    
   5.875000      0.1625000      0.2183190    
   6.125000      0.1625000      0.4706550    
   6.375000      0.1625000      0.2022569    
   6.625000      0.1625000      0.5691579    
   6.875000      0.1625000      0.1620923    
   7.125000      0.1625000      0.6972790    
   7.375000      0.1625000      8.6067379E-02
   7.625000      0.1625000      0.8693005    
   7.875000      0.1625000     -4.3620273E-02
   8.125000      0.1625000       1.107085    
   8.375000      0.1625000     -0.2545067    
   8.625000      0.1625000       1.445791    
   8.875000      0.1625000     -0.5922658    
   9.125000      0.1625000       1.945901    
   9.375000      0.1625000      -1.139369    
   9.625000      0.1625000       2.724885    
   9.875000      0.1625000      -2.073380    
   10.00000      0.1625000       1.000000    
 
  0.0000000E+00  0.1875000      0.0000000E+00
  0.1250000      0.1875000     -1.4653825E-04
  0.3750000      0.1875000      2.5451237E-03
  0.6250000      0.1875000      8.0916621E-03
  0.8750000      0.1875000      1.4898859E-02
   1.125000      0.1875000      2.4127681E-02
   1.375000      0.1875000      3.2608435E-02
   1.625000      0.1875000      4.4985685E-02
   1.875000      0.1875000      5.3182464E-02
   2.125000      0.1875000      6.9660507E-02
   2.375000      0.1875000      7.5141832E-02
   2.625000      0.1875000      9.7975090E-02
   2.875000      0.1875000      9.7446762E-02
   3.125000      0.1875000      0.1300249    
   3.375000      0.1875000      0.1192949    
   3.625000      0.1875000      0.1660801    
   3.875000      0.1875000      0.1397428    
   4.125000      0.1875000      0.2069294    
   4.375000      0.1875000      0.1572034    
   4.625000      0.1875000      0.2541430    
   4.875000      0.1875000      0.1693667    
   5.125000      0.1875000      0.3099271    
   5.375000      0.1875000      0.1732367    
   5.625000      0.1875000      0.3774464    
   5.875000      0.1875000      0.1643703    
   6.125000      0.1875000      0.4617963    
   6.375000      0.1875000      0.1361006    
   6.625000      0.1875000      0.5704873    
   6.875000      0.1875000      7.9016328E-02
   7.125000      0.1875000      0.7145942    
   7.375000      0.1875000     -2.0953298E-02
   7.625000      0.1875000      0.9111779    
   7.875000      0.1875000     -0.1850002    
   8.125000      0.1875000       1.186208    
   8.375000      0.1875000     -0.4457849    
   8.625000      0.1875000       1.581249    
   8.875000      0.1875000     -0.8570092    
   9.125000      0.1875000       2.166894    
   9.375000      0.1875000      -1.513982    
   9.625000      0.1875000       3.076744    
   9.875000      0.1875000      -2.612695    
   10.00000      0.1875000       1.000000    
 
  0.0000000E+00  0.2125000      0.0000000E+00
  0.1250000      0.2125000     -1.9876013E-04
  0.3750000      0.2125000      1.3515796E-03
  0.6250000      0.2125000      5.4438463E-03
  0.8750000      0.2125000      1.0505325E-02
   1.125000      0.2125000      1.8245514E-02
   1.375000      0.2125000      2.4787579E-02
   1.625000      0.2125000      3.6020402E-02
   1.875000      0.2125000      4.1935015E-02
   2.125000      0.2125000      5.7954032E-02
   2.375000      0.2125000      6.0443543E-02
   2.625000      0.2125000      8.3952814E-02
   2.875000      0.2125000      7.9216480E-02
   3.125000      0.2125000      0.1141551    
   3.375000      0.2125000      9.7379372E-02
   3.625000      0.2125000      0.1489047    
   3.875000      0.2125000      0.1138262    
   4.125000      0.2125000      0.1891829    
   4.375000      0.2125000      0.1266734    
   4.625000      0.2125000      0.2368584    
   4.875000      0.2125000      0.1332431    
   5.125000      0.2125000      0.2944969    
   5.375000      0.2125000      0.1300578    
   5.625000      0.2125000      0.3658355    
   5.875000      0.2125000      0.1118841    
   6.125000      0.2125000      0.4568979    
   6.375000      0.2125000      7.0925571E-02
   6.625000      0.2125000      0.5764751    
   6.875000      0.2125000     -3.8139829E-03
   7.125000      0.2125000      0.7375750    
   7.375000      0.2125000     -0.1288383    
   7.625000      0.2125000      0.9601655    
   7.875000      0.2125000     -0.3288574    
   8.125000      0.2125000       1.274459    
   8.375000      0.2125000     -0.6417855    
   8.625000      0.2125000       1.728499    
   8.875000      0.2125000      -1.129290    
   9.125000      0.2125000       2.402646    
   9.375000      0.2125000      -1.898595    
   9.625000      0.2125000       3.444474    
   9.875000      0.2125000      -3.159454    
   10.00000      0.2125000       1.000000    
 
  0.0000000E+00  0.2375000      0.0000000E+00
  0.1250000      0.2375000     -1.6965593E-04
  0.3750000      0.2375000      5.9453986E-04
  0.6250000      0.2375000      3.5679338E-03
  0.8750000      0.2375000      7.1296296E-03
   1.125000      0.2375000      1.3611062E-02
   1.375000      0.2375000      1.8346453E-02
   1.625000      0.2375000      2.8628482E-02
   1.875000      0.2375000      3.2307737E-02
   2.125000      0.2375000      4.8075385E-02
   2.375000      0.2375000      4.7540039E-02
   2.625000      0.2375000      7.1973667E-02
   2.875000      0.2375000      6.2918738E-02
   3.125000      0.2375000      0.1005166    
   3.375000      0.2375000      7.7507168E-02
   3.625000      0.2375000      0.1341363    
   3.875000      0.2375000      9.0027168E-02
   4.125000      0.2375000      0.1740280    
   4.375000      0.2375000      9.8285079E-02
   4.625000      0.2375000      0.2223702    
   4.875000      0.2375000      9.9231146E-02
   5.125000      0.2375000      0.2820975    
   5.375000      0.2375000      8.8890210E-02
   5.625000      0.2375000      0.3575542    
   5.875000      0.2375000      6.1199531E-02
   6.125000      0.2375000      0.4557358    
   6.375000      0.2375000      7.1985596E-03
   6.625000      0.2375000      0.5867614    
   6.875000      0.2375000     -8.5752882E-02
   7.125000      0.2375000      0.7656592    
   7.375000      0.2375000     -0.2366821    
   7.625000      0.2375000       1.015395    
   7.875000      0.2375000     -0.4738974    
   8.125000      0.2375000       1.370496    
   8.375000      0.2375000     -0.8406101    
   8.625000      0.2375000       1.885439    
   8.875000      0.2375000      -1.406207    
   9.125000      0.2375000       2.649742    
   9.375000      0.2375000      -2.288553    
   9.625000      0.2375000       3.822424    
   9.875000      0.2375000      -3.706558    
   10.00000      0.2375000       1.000000    
 
  0.0000000E+00  0.2625000      0.0000000E+00
  0.1250000      0.2625000     -1.0768120E-04
  0.3750000      0.2625000      1.4121132E-04
  0.6250000      0.2625000      2.2971104E-03
  0.8750000      0.2625000      4.6018106E-03
   1.125000      0.2625000      1.0058791E-02
   1.375000      0.2625000      1.3137164E-02
   1.625000      0.2625000      2.2667684E-02
   1.875000      0.2625000      2.4187094E-02
   2.125000      0.2625000      3.9905056E-02
   2.375000      0.2625000      3.6356557E-02
   2.625000      0.2625000      6.1935034E-02
   2.875000      0.2625000      4.8520003E-02
   3.125000      0.2625000      8.9017011E-02
   3.375000      0.2625000      5.9687164E-02
   3.625000      0.2625000      0.1216858    
   3.875000      0.2625000      6.8399698E-02
   4.125000      0.2625000      0.1613670    
   4.375000      0.2625000      7.2146200E-02
   4.625000      0.2625000      0.2105545    
   4.875000      0.2625000      6.7507073E-02
   5.125000      0.2625000      0.2725567    
   5.375000      0.2625000      4.9997605E-02
   5.625000      0.2625000      0.3523526    
   5.875000      0.2625000      1.2699442E-02
   6.125000      0.2625000      0.4579368    
   6.375000      0.2625000     -5.4529522E-02
   6.625000      0.2625000      0.6007876    
   6.875000      0.2625000     -0.1660115    
   7.125000      0.2625000      0.7980133    
   7.375000      0.2625000     -0.3433505    
   7.625000      0.2625000       1.075622    
   7.875000      0.2625000     -0.6184773    
   8.125000      0.2625000       1.472465    
   8.375000      0.2625000      -1.039849    
   8.625000      0.2625000       2.049268    
   8.875000      0.2625000      -1.684152    
   9.125000      0.2625000       2.903883    
   9.375000      0.2625000      -2.678372    
   9.625000      0.2625000       4.204099    
   9.875000      0.2625000      -4.246397    
   10.00000      0.2625000       1.000000    
 
  0.0000000E+00  0.2875000      0.0000000E+00
  0.1250000      0.2875000     -4.0460047E-05
  0.3750000      0.2875000     -1.1369751E-04
  0.6250000      0.2875000      1.4797032E-03
  0.8750000      0.2875000      2.7552368E-03
   1.125000      0.2875000      7.4145468E-03
   1.375000      0.2875000      8.9989016E-03
   1.625000      0.2875000      1.7973747E-02
   1.875000      0.2875000      1.7439928E-02
   2.125000      0.2875000      3.3293735E-02
   2.375000      0.2875000      2.6796754E-02
   2.625000      0.2875000      5.3699136E-02
   2.875000      0.2875000      3.5965249E-02
   3.125000      0.2875000      7.9524450E-02
   3.375000      0.2875000      4.3908171E-02
   3.625000      0.2875000      0.1114189    
   3.875000      0.2875000      4.8981555E-02
   4.125000      0.2875000      0.1510497    
   4.375000      0.2875000      4.8355326E-02
   4.625000      0.2875000      0.2012244    
   4.875000      0.2875000      3.8247764E-02
   5.125000      0.2875000      0.2656251    
   5.375000      0.2875000      1.3659992E-02
   5.625000      0.2875000      0.3498815    
   5.875000      0.2875000     -3.3192832E-02
   6.125000      0.2875000      0.4629983    
   6.375000      0.2875000     -0.1136316    
   6.625000      0.2875000      0.6178221    
   6.875000      0.2875000     -0.2436733    
   7.125000      0.2875000      0.8335675    
   7.375000      0.2875000     -0.4475069    
   7.625000      0.2875000       1.139281    
   7.875000      0.2875000     -0.7606500    
   8.125000      0.2875000       1.578067    
   8.375000      0.2875000      -1.236659    
   8.625000      0.2875000       2.216606    
   8.875000      0.2875000      -1.958961    
   9.125000      0.2875000       3.160101    
   9.375000      0.2875000      -3.062016    
   9.625000      0.2875000       4.582522    
   9.875000      0.2875000      -4.771235    
   10.00000      0.2875000       1.000000    
 
  0.0000000E+00  0.3125000      0.0000000E+00
  0.1250000      0.3125000      1.8844697E-05
  0.3750000      0.3125000     -2.4770899E-04
  0.6250000      0.3125000      9.8656851E-04
  0.8750000      0.3125000      1.4375800E-03
   1.125000      0.3125000      5.5078943E-03
   1.375000      0.3125000      5.7704132E-03
   1.625000      0.3125000      1.4373007E-02
   1.875000      0.3125000      1.1925142E-02
   2.125000      0.3125000      2.8074555E-02
   2.375000      0.3125000      1.8752959E-02
   2.625000      0.3125000      4.7104917E-02
   2.875000      0.3125000      2.5186522E-02
   3.125000      0.3125000      7.1878724E-02
   3.375000      0.3125000      3.0145837E-02
   3.625000      0.3125000      0.1031678    
   3.875000      0.3125000      3.1799309E-02
   4.125000      0.3125000      0.1428849    
   4.375000      0.3125000      2.7004382E-02
   4.625000      0.3125000      0.1941420    
   4.875000      0.3125000      1.1630943E-02
   5.125000      0.3125000      0.2609890    
   5.375000      0.3125000     -1.9829821E-02
   5.625000      0.3125000      0.3497102    
   5.875000      0.3125000     -7.6021470E-02
   6.125000      0.3125000      0.4703096    
   6.375000      0.3125000     -0.1694193    
   6.625000      0.3125000      0.6369872    
   6.875000      0.3125000     -0.3177169    
   7.125000      0.3125000      0.8710533    
   7.375000      0.3125000     -0.5476488    
   7.625000      0.3125000       1.204532    
   7.875000      0.3125000     -0.8982222    
   8.125000      0.3125000       1.684644    
   8.375000      0.3125000      -1.427861    
   8.625000      0.3125000       2.383626    
   8.875000      0.3125000      -2.226069    
   9.125000      0.3125000       3.412980    
   9.375000      0.3125000      -3.433160    
   9.625000      0.3125000       4.950550    
   9.875000      0.3125000      -5.273438    
   10.00000      0.3125000       1.000000    
 
  0.0000000E+00  0.3375000      0.0000000E+00
  0.1250000      0.3375000      6.5921180E-05
  0.3750000      0.3375000     -3.1386010E-04
  0.6250000      0.3375000      7.1379682E-04
  0.8750000      0.3375000      5.1762263E-04
   1.125000      0.3375000      4.1815457E-03
   1.375000      0.3375000      3.3001669E-03
   1.625000      0.3375000      1.1693760E-02
   1.875000      0.3375000      7.5041340E-03
   2.125000      0.3375000      2.4074880E-02
   2.375000      0.3375000      1.2115680E-02
   2.625000      0.3375000      4.1979969E-02
   2.875000      0.3375000      1.6111040E-02
   3.125000      0.3375000      6.5903693E-02
   3.375000      0.3375000      1.8369177E-02
   3.625000      0.3375000      9.6743487E-02
   3.875000      0.3375000      1.6872892E-02
   4.125000      0.3375000      0.1366530    
   4.375000      0.3375000      8.1805848E-03
   4.625000      0.3375000      0.1890334    
   4.875000      0.3375000     -1.2166535E-02
   5.125000      0.3375000      0.2582894    
   5.375000      0.3375000     -5.0172251E-02
   5.625000      0.3375000      0.3513481    
   5.875000      0.3375000     -0.1153107    
   6.125000      0.3375000      0.4791803    
   6.375000      0.3375000     -0.2211640    
   6.625000      0.3375000      0.6573005    
   6.875000      0.3375000     -0.3870511    
   7.125000      0.3375000      0.9090590    
   7.375000      0.3375000     -0.6421617    
   7.625000      0.3375000       1.269344    
   7.875000      0.3375000      -1.028836    
   8.125000      0.3375000       1.789289    
   8.375000      0.3375000      -1.610060    
   8.625000      0.3375000       2.546224    
   8.875000      0.3375000      -2.480706    
   9.125000      0.3375000       3.656900    
   9.375000      0.3375000      -3.785460    
   9.625000      0.3375000       5.301152    
   9.875000      0.3375000      -5.745766    
   10.00000      0.3375000       1.000000    
 
  0.0000000E+00  0.3625000      0.0000000E+00
  0.1250000      0.3625000      1.0108621E-04
  0.3750000      0.3625000     -3.4569658E-04
  0.6250000      0.3625000      5.8193022E-04
  0.8750000      0.3625000     -1.1166082E-04
   1.125000      0.3625000      3.2977366E-03
   1.375000      0.3625000      1.4538785E-03
   1.625000      0.3625000      9.7757736E-03
   1.875000      0.3625000      4.0493272E-03
   2.125000      0.3625000      2.1127058E-02
   2.375000      0.3625000      6.7815143E-03
   2.625000      0.3625000      3.8151681E-02
   2.875000      0.3625000      8.6677764E-03
   3.125000      0.3625000      6.1418399E-02
   3.375000      0.3625000      8.5454248E-03
   3.625000      0.3625000      9.1947146E-02
   3.875000      0.3625000      4.2182617E-03
   4.125000      0.3625000      0.1321197    
   4.375000      0.3625000     -8.0338307E-03
   4.625000      0.3625000      0.1856037    
   4.875000      0.3625000     -3.2972757E-02
   5.125000      0.3625000      0.2571392    
   5.375000      0.3625000     -7.7070110E-02
   5.625000      0.3625000      0.3542678    
   5.875000      0.3625000     -0.1505812    
   6.125000      0.3625000      0.4888726    
   6.375000      0.3625000     -0.2681237    
   6.625000      0.3625000      0.6777162    
   6.875000      0.3625000     -0.4505550    
   7.125000      0.3625000      0.9460886    
   7.375000      0.3625000     -0.7293789    
   7.625000      0.3625000       1.331578    
   7.875000      0.3625000      -1.150058    
   8.125000      0.3625000       1.888967    
   8.375000      0.3625000      -1.779776    
   8.625000      0.3625000       2.700176    
   8.875000      0.3625000      -2.718078    
   9.125000      0.3625000       3.886257    
   9.375000      0.3625000      -4.112779    
   9.625000      0.3625000       5.627643    
   9.875000      0.3625000      -6.181514    
   10.00000      0.3625000       1.000000    
 
  0.0000000E+00  0.3875000      0.0000000E+00
  0.1250000      0.3875000      1.2650178E-04
  0.3750000      0.3875000     -3.6260425E-04
  0.6250000      0.3875000      5.3306035E-04
  0.8750000      0.3875000     -5.3286913E-04
   1.125000      0.3875000      2.7420658E-03
   1.375000      0.3875000      1.1962424E-04
   1.625000      0.3875000      8.4780762E-03
   1.875000      0.3875000      1.4509377E-03
   2.125000      0.3875000      1.9077951E-02
   2.375000      0.3875000      2.6596431E-03
   2.625000      0.3875000      3.5457570E-02
   2.875000      0.3875000      2.7928650E-03
   3.125000      0.3875000      5.8248021E-02
   3.375000      0.3875000      6.4387330E-04
   3.625000      0.3875000      8.8581920E-02
   3.875000      0.3875000     -6.1510429E-03
   4.125000      0.3875000      0.1290481    
   4.375000      0.3875000     -2.1563303E-02
   4.625000      0.3875000      0.1835526    
   4.875000      0.3875000     -5.0626531E-02
   5.125000      0.3875000      0.2571433    
   5.375000      0.3875000     -0.1002401    
   5.625000      0.3875000      0.3579310    
   5.875000      0.3875000     -0.1813693    
   6.125000      0.3875000      0.4986356    
   6.375000      0.3875000     -0.3095734    
   6.625000      0.3875000      0.6971726    
   6.875000      0.3875000     -0.5071249    
   7.125000      0.3875000      0.9806280    
   7.375000      0.3875000     -0.8076516    
   7.625000      0.3875000       1.389074    
   7.875000      0.3875000      -1.259479    
   8.125000      0.3875000       1.980636    
   8.375000      0.3875000      -1.933587    
   8.625000      0.3875000       2.841313    
   8.875000      0.3875000      -2.933550    
   9.125000      0.3875000       4.095662    
   9.375000      0.3875000      -4.409382    
   9.625000      0.3875000       5.923847    
   9.875000      0.3875000      -6.574637    
   10.00000      0.3875000       1.000000    
 
  0.0000000E+00  0.4125000      0.0000000E+00
  0.1250000      0.4125000      1.4457773E-04
  0.3750000      0.4125000     -3.7461627E-04
  0.6250000      0.4125000      5.2703306E-04
  0.8750000      0.4125000     -8.0575969E-04
   1.125000      0.4125000      2.4253898E-03
   1.375000      0.4125000     -7.8905578E-04
   1.625000      0.4125000      7.6850443E-03
   1.875000      0.4125000     -3.7804857E-04
   2.125000      0.4125000      1.7797105E-02
   2.375000      0.4125000     -3.2322906E-04
   2.625000      0.4125000      3.3754453E-02
   2.875000      0.4125000     -1.5664083E-03
   3.125000      0.4125000      5.6233544E-02
   3.375000      0.4125000     -5.3616855E-03
   3.625000      0.4125000      8.6463712E-02
   3.875000      0.4125000     -1.4223727E-02
   4.125000      0.4125000      0.1272121    
   4.375000      0.4125000     -3.2341957E-02
   4.625000      0.4125000      0.1825900    
   4.875000      0.4125000     -6.4984702E-02
   5.125000      0.4125000      0.2579187    
   5.375000      0.4125000     -0.1194258    
   5.625000      0.4125000      0.3618155    
   5.875000      0.4125000     -0.2072497    
   6.125000      0.4125000      0.5077420    
   6.375000      0.4125000     -0.3448403    
   6.625000      0.4125000      0.7146450    
   6.875000      0.4125000     -0.5557261    
   7.125000      0.4125000       1.011219    
   7.375000      0.4125000     -0.8754250    
   7.625000      0.4125000       1.439761    
   7.875000      0.4125000      -1.354821    
   8.125000      0.4125000       2.061388    
   8.375000      0.4125000      -2.068269    
   8.625000      0.4125000       2.965694    
   8.875000      0.4125000      -3.122817    
   9.125000      0.4125000       4.280139    
   9.375000      0.4125000      -4.670100    
   9.625000      0.4125000       6.184257    
   9.875000      0.4125000      -6.919868    
   10.00000      0.4125000       1.000000    
 
  0.0000000E+00  0.4375000      0.0000000E+00
  0.1250000      0.4375000      1.5719436E-04
  0.3750000      0.4375000     -3.8626595E-04
  0.6250000      0.4375000      5.3772476E-04
  0.8750000      0.4375000     -9.6960255E-04
   1.125000      0.4375000      2.2845203E-03
   1.375000      0.4375000     -1.3315520E-03
   1.625000      0.4375000      7.3109246E-03
   1.875000      0.4375000     -1.4985345E-03
   2.125000      0.4375000      1.7183237E-02
   2.375000      0.4375000     -2.2195210E-03
   2.625000      0.4375000      3.2925833E-02
   2.875000      0.4375000     -4.4490821E-03
   3.125000      0.4375000      5.5239923E-02
   3.375000      0.4375000     -9.4917919E-03
   3.625000      0.4375000      8.5430190E-02
   3.875000      0.4375000     -1.9991765E-02
   4.125000      0.4375000      0.1264072    
   4.375000      0.4375000     -4.0317614E-02
   4.625000      0.4375000      0.1824500    
   4.875000      0.4375000     -7.5930044E-02
   5.125000      0.4375000      0.2591124    
   5.375000      0.4375000     -0.1344120    
   5.625000      0.4375000      0.3654408    
   5.875000      0.4375000     -0.2278567    
   6.125000      0.4375000      0.5155246    
   6.375000      0.4375000     -0.3733364    
   6.625000      0.4375000      0.7291939    
   6.875000      0.4375000     -0.5954441    
   7.125000      0.4375000       1.036525    
   7.375000      0.4375000     -0.9313118    
   7.625000      0.4375000       1.481742    
   7.875000      0.4375000      -1.434041    
   8.125000      0.4375000       2.128573    
   8.375000      0.4375000      -2.180932    
   8.625000      0.4375000       3.069757    
   8.875000      0.4375000      -3.282062    
   9.125000      0.4375000       4.435273    
   9.375000      0.4375000      -4.890450    
   9.625000      0.4375000       6.404116    
   9.875000      0.4375000      -7.212772    
   10.00000      0.4375000       1.000000    
 
  0.0000000E+00  0.4625000      0.0000000E+00
  0.1250000      0.4625000      1.6539449E-04
  0.3750000      0.4625000     -3.9935083E-04
  0.6250000      0.4625000      5.5010471E-04
  0.8750000      0.4625000     -1.0453684E-03
   1.125000      0.4625000      2.2824707E-03
   1.375000      0.4625000     -1.5394454E-03
   1.625000      0.4625000      7.3030987E-03
   1.875000      0.4625000     -1.9433349E-03
   2.125000      0.4625000      1.7169006E-02
   2.375000      0.4625000     -3.0589004E-03
   2.625000      0.4625000      3.2887530E-02
   2.875000      0.4625000     -5.8793309E-03
   3.125000      0.4625000      5.5162333E-02
   3.375000      0.4625000     -1.1761334E-02
   3.625000      0.4625000      8.5348450E-02
   3.875000      0.4625000     -2.3452245E-02
   4.125000      0.4625000      0.1264600    
   4.375000      0.4625000     -4.5456294E-02
   4.625000      0.4625000      0.1829038    
   4.875000      0.4625000     -8.3379395E-02
   5.125000      0.4625000      0.2604189    
   5.375000      0.4625000     -0.1450370    
   5.625000      0.4625000      0.3683908    
   5.875000      0.4625000     -0.2429061    
   6.125000      0.4625000      0.5214073    
   6.375000      0.4625000     -0.3945922    
   6.625000      0.4625000      0.7400126    
   6.875000      0.4625000     -0.6255326    
   7.125000      0.4625000       1.055403    
   7.375000      0.4625000     -0.9741626    
   7.625000      0.4625000       1.513393    
   7.875000      0.4625000      -1.495428    
   8.125000      0.4625000       2.179919    
   8.375000      0.4625000      -2.269139    
   8.625000      0.4625000       3.150452    
   8.875000      0.4625000      -3.408072    
   9.125000      0.4625000       4.557320    
   9.375000      0.4625000      -5.066724    
   9.625000      0.4625000       6.579489    
   9.875000      0.4625000      -7.449761    
   10.00000      0.4625000       1.000000    
 
  0.0000000E+00  0.4875000      0.0000000E+00
  0.1250000      0.4875000      1.6926324E-04
  0.3750000      0.4875000     -4.1460834E-04
  0.6250000      0.4875000      5.5855629E-04
  0.8750000      0.4875000     -1.0370043E-03
   1.125000      0.4875000      2.4088661E-03
   1.375000      0.4875000     -1.4161165E-03
   1.625000      0.4875000      7.6442370E-03
   1.875000      0.4875000     -1.7163511E-03
   2.125000      0.4875000      1.7724095E-02
   2.375000      0.4875000     -2.8477749E-03
   2.625000      0.4875000      3.3591248E-02
   2.875000      0.4875000     -5.8665597E-03
   3.125000      0.4875000      5.5930454E-02
   3.375000      0.4875000     -1.2180540E-02
   3.625000      0.4875000      8.6120076E-02
   3.875000      0.4875000     -2.4609851E-02
   4.125000      0.4875000      0.1272354    
   4.375000      0.4875000     -4.7746740E-02
   4.625000      0.4875000      0.1837688    
   4.875000      0.4875000     -8.7290905E-02
   5.125000      0.4875000      0.2615934    
   5.375000      0.4875000     -0.1512051    
   5.625000      0.4875000      0.3703342    
   5.875000      0.4875000     -0.2522127    
   6.125000      0.4875000      0.5249351    
   6.375000      0.4875000     -0.4082841    
   6.625000      0.4875000      0.7464665    
   6.875000      0.4875000     -0.6454561    
   7.125000      0.4875000       1.066954    
   7.375000      0.4875000      -1.003127    
   7.625000      0.4875000       1.533435    
   7.875000      0.4875000      -1.537686    
   8.125000      0.4875000       2.213630    
   8.375000      0.4875000      -2.331014    
   8.625000      0.4875000       3.205359    
   8.875000      0.4875000      -3.498352    
   9.125000      0.4875000       4.643319    
   9.375000      0.4875000      -5.196054    
   9.625000      0.4875000       6.707302    
   9.875000      0.4875000      -7.628148    
   10.00000      0.4875000       1.000000    
 
  0.0000000E+00  0.5125000      0.0000000E+00
  0.1250000      0.5125000      1.6781148E-04
  0.3750000      0.5125000     -4.3230792E-04
  0.6250000      0.5125000      5.6677946E-04
  0.8750000      0.5125000     -9.3128526E-04
   1.125000      0.5125000      2.6808945E-03
   1.375000      0.5125000     -9.3635957E-04
   1.625000      0.5125000      8.3534969E-03
   1.875000      0.5125000     -7.9272664E-04
   2.125000      0.5125000      1.8856421E-02
   2.375000      0.5125000     -1.5700351E-03
   2.625000      0.5125000      3.5026073E-02
   2.875000      0.5125000     -4.4066366E-03
   3.125000      0.5125000      5.7510369E-02
   3.375000      0.5125000     -1.0756815E-02
   3.625000      0.5125000      8.7684415E-02
   3.875000      0.5125000     -2.3479607E-02
   4.125000      0.5125000      0.1286411    
   4.375000      0.5125000     -4.7204502E-02
   4.625000      0.5125000      0.1849162    
   4.875000      0.5125000     -8.7670207E-02
   5.125000      0.5125000      0.2624631    
   5.375000      0.5125000     -0.1528958    
   5.625000      0.5125000      0.3710395    
   5.875000      0.5125000     -0.2557056    
   6.125000      0.5125000      0.5257959    
   6.375000      0.5125000     -0.4142561    
   6.625000      0.5125000      0.7481259    
   6.875000      0.5125000     -0.6549230    
   7.125000      0.5125000       1.070571    
   7.375000      0.5125000      -1.017705    
   7.625000      0.5125000       1.541005    
   7.875000      0.5125000      -1.560006    
   8.125000      0.5125000       2.228476    
   8.375000      0.5125000      -2.365327    
   8.625000      0.5125000       3.232788    
   8.875000      0.5125000      -3.551205    
   9.125000      0.5125000       4.691156    
   9.375000      0.5125000      -5.276450    
   9.625000      0.5125000       6.785365    
   9.875000      0.5125000      -7.746126    
   10.00000      0.5125000       1.000000    
 
  0.0000000E+00  0.5375000      0.0000000E+00
  0.1250000      0.5375000      1.5878316E-04
  0.3750000      0.5375000     -4.5167119E-04
  0.6250000      0.5375000      5.8949291E-04
  0.8750000      0.5375000     -6.9597724E-04
   1.125000      0.5375000      3.1449308E-03
   1.375000      0.5375000     -4.5883637E-05
   1.625000      0.5375000      9.4866855E-03
   1.875000      0.5375000      8.8008941E-04
   2.125000      0.5375000      2.0611415E-02
   2.375000      0.5375000      8.1104279E-04
   2.625000      0.5375000      3.7217543E-02
   2.875000      0.5375000     -1.4841113E-03
   3.125000      0.5375000      5.9904099E-02
   3.375000      0.5375000     -7.4970871E-03
   3.625000      0.5375000      9.0018608E-02
   3.875000      0.5375000     -2.0089457E-02
   4.125000      0.5375000      0.1306295    
   4.375000      0.5375000     -4.3874890E-02
   4.625000      0.5375000      0.1862740    
   4.875000      0.5375000     -8.4574088E-02
   5.125000      0.5375000      0.2629315    
   5.375000      0.5375000     -0.1501689    
   5.625000      0.5375000      0.3703837    
   5.875000      0.5375000     -0.2534359    
   6.125000      0.5375000      0.5238333    
   6.375000      0.5375000     -0.4125332    
   6.625000      0.5375000      0.7447861    
   6.875000      0.5375000     -0.6539056    
   7.125000      0.5375000       1.065973    
   7.375000      0.5375000      -1.017773    
   7.625000      0.5375000       1.535690    
   7.875000      0.5375000      -1.562104    
   8.125000      0.5375000       2.223838    
   8.375000      0.5375000      -2.371549    
   8.625000      0.5375000       3.231832    
   8.875000      0.5375000      -3.565785    
   9.125000      0.5375000       4.699618    
   9.375000      0.5375000      -5.306836    
   9.625000      0.5375000       6.812376    
   9.875000      0.5375000      -7.802753    
   10.00000      0.5375000       1.000000    
 
  0.0000000E+00  0.5625000      0.0000000E+00
  0.1250000      0.5625000      1.3843247E-04
  0.3750000      0.5625000     -4.6888911E-04
  0.6250000      0.5625000      6.5607601E-04
  0.8750000      0.5625000     -2.7636587E-04
   1.125000      0.5625000      3.8786319E-03
   1.375000      0.5625000      1.3391050E-03
   1.625000      0.5625000      1.1135261E-02
   1.875000      0.5625000      3.3802963E-03
   2.125000      0.5625000      2.3069389E-02
   2.375000      0.5625000      4.3498036E-03
   2.625000      0.5625000      4.0224697E-02
   2.875000      0.5625000      2.9247275E-03
   3.125000      0.5625000      6.3146837E-02
   3.375000      0.5625000     -2.4105874E-03
   3.625000      0.5625000      9.3135782E-02
   3.875000      0.5625000     -1.4482531E-02
   4.125000      0.5625000      0.1331965    
   4.375000      0.5625000     -3.7834812E-02
   4.625000      0.5625000      0.1878271    
   4.875000      0.5625000     -7.8112029E-02
   5.125000      0.5625000      0.2629807    
   5.375000      0.5625000     -0.1431663    
   5.625000      0.5625000      0.3683560    
   5.875000      0.5625000     -0.2455789    
   6.125000      0.5625000      0.5190522    
   6.375000      0.5625000     -0.4033254    
   6.625000      0.5625000      0.7364737    
   6.875000      0.5625000     -0.6426480    
   7.125000      0.5625000       1.053211    
   7.375000      0.5625000      -1.003601    
   7.625000      0.5625000       1.517556    
   7.875000      0.5625000      -1.544252    
   8.125000      0.5625000       2.199753    
   8.375000      0.5625000      -2.349891    
   8.625000      0.5625000       3.202415    
   8.875000      0.5625000      -3.542145    
   9.125000      0.5625000       4.668426    
   9.375000      0.5625000      -5.287057    
   9.625000      0.5625000       6.787943    
   9.875000      0.5625000      -7.797937    
   10.00000      0.5625000       1.000000    
 
  0.0000000E+00  0.5875000      0.0000000E+00
  0.1250000      0.5875000      1.0146889E-04
  0.3750000      0.5875000     -4.7336108E-04
  0.6250000      0.5875000      8.1615639E-04
  0.8750000      0.5875000      4.0948504E-04
   1.125000      0.5875000      4.9930173E-03
   1.375000      0.5875000      3.3318037E-03
   1.625000      0.5875000      1.3423849E-02
   1.875000      0.5875000      6.8085906E-03
   2.125000      0.5875000      2.6340982E-02
   2.375000      0.5875000      9.1142273E-03
   2.625000      0.5875000      4.4135094E-02
   2.875000      0.5875000      8.8481270E-03
   3.125000      0.5875000      6.7302398E-02
   3.375000      0.5875000      4.4882833E-03
   3.625000      0.5875000      9.7080834E-02
   3.875000      0.5875000     -6.7188963E-03
   4.125000      0.5875000      0.1363778    
   4.375000      0.5875000     -2.9193157E-02
   4.625000      0.5875000      0.1896148    
   4.875000      0.5875000     -6.8445250E-02
   5.125000      0.5875000      0.2626688    
   5.375000      0.5875000     -0.1321095    
   5.625000      0.5875000      0.3650548    
   5.875000      0.5875000     -0.2324313    
   6.125000      0.5875000      0.5116168    
   6.375000      0.5875000     -0.3870234    
   6.625000      0.5875000      0.7234485    
   6.875000      0.5875000     -0.6216617    
   7.125000      0.5875000       1.032673    
   7.375000      0.5875000     -0.9758509    
   7.625000      0.5875000       1.487144    
   7.875000      0.5875000      -1.507272    
   8.125000      0.5875000       2.156918    
   8.375000      0.5875000      -2.301309    
   8.625000      0.5875000       3.145319    
   8.875000      0.5875000      -3.481251    
   9.125000      0.5875000       4.598278    
   9.375000      0.5875000      -5.217922    
   9.625000      0.5875000       6.712586    
   9.875000      0.5875000      -7.732456    
   10.00000      0.5875000       1.000000    
 
  0.0000000E+00  0.6125000      0.0000000E+00
  0.1250000      0.6125000      4.1572581E-05
  0.3750000      0.6125000     -4.4170610E-04
  0.6250000      0.6125000      1.1469023E-03
  0.8750000      0.6125000      1.4759850E-03
   1.125000      0.6125000      6.6337022E-03
   1.375000      0.6125000      6.0735517E-03
   1.625000      0.6125000      1.6505934E-02
   1.875000      0.6125000      1.1283737E-02
   2.125000      0.6125000      3.0560659E-02
   2.375000      0.6125000      1.5181029E-02
   2.625000      0.6125000      4.9057934E-02
   2.875000      0.6125000      1.6314717E-02
   3.125000      0.6125000      7.2456501E-02
   3.375000      0.6125000      1.3177169E-02
   3.625000      0.6125000      0.1019242    
   3.875000      0.6125000      3.1236291E-03
   4.125000      0.6125000      0.1402430    
   4.375000      0.6125000     -1.8089339E-02
   4.625000      0.6125000      0.1917239    
   4.875000      0.6125000     -5.5782691E-02
   5.125000      0.6125000      0.2621228    
   5.375000      0.6125000     -0.1172927    
   5.625000      0.6125000      0.3606788    
   5.875000      0.6125000     -0.2143993    
   6.125000      0.6125000      0.5018378    
   6.375000      0.6125000     -0.3641833    
   6.625000      0.6125000      0.7061840    
   6.875000      0.6125000     -0.5917051    
   7.125000      0.6125000       1.005060    
   7.375000      0.6125000     -0.9355473    
   7.625000      0.6125000       1.445448    
   7.875000      0.6125000      -1.452516    
   8.125000      0.6125000       2.096666    
   8.375000      0.6125000      -2.227490    
   8.625000      0.6125000       3.062170    
   8.875000      0.6125000      -3.384995    
   9.125000      0.6125000       4.490857    
   9.375000      0.6125000      -5.101212    
   9.625000      0.6125000       6.587769    
   9.875000      0.6125000      -7.607982    
   10.00000      0.6125000       1.000000    
 
  0.0000000E+00  0.6375000      0.0000000E+00
  0.1250000      0.6375000     -4.6859546E-05
  0.3750000      0.6375000     -3.2917422E-04
  0.6250000      0.6375000      1.7613897E-03
  0.8750000      0.6375000      3.0746236E-03
   1.125000      0.6375000      8.9802919E-03
   1.375000      0.6375000      9.7306762E-03
   1.625000      0.6375000      2.0557426E-02
   1.875000      0.6375000      1.6936721E-02
   2.125000      0.6375000      3.5878483E-02
   2.375000      0.6375000      2.2630014E-02
   2.625000      0.6375000      5.5115677E-02
   2.875000      0.6375000      2.5349135E-02
   3.125000      0.6375000      7.8709036E-02
   3.375000      0.6375000      2.3623269E-02
   3.625000      0.6375000      0.1077545    
   3.875000      0.6375000      1.4949511E-02
   4.125000      0.6375000      0.1448880    
   4.375000      0.6375000     -4.6902415E-03
   4.625000      0.6375000      0.1942804    
   4.875000      0.6375000     -4.0374566E-02
   5.125000      0.6375000      0.2615276    
   5.375000      0.6375000     -9.9071965E-02
   5.625000      0.6375000      0.3555133    
   5.875000      0.6375000     -0.1919830    
   6.125000      0.6375000      0.4901547    
   6.375000      0.6375000     -0.3355028    
   6.625000      0.6375000      0.6853424    
   6.875000      0.6375000     -0.5537507    
   7.125000      0.6375000      0.9713501    
   7.375000      0.6375000     -0.8840367    
   7.625000      0.6375000       1.393870    
   7.875000      0.6375000      -1.381808    
   8.125000      0.6375000       2.020913    
   8.375000      0.6375000      -2.130794    
   8.625000      0.6375000       2.955392    
   8.875000      0.6375000      -3.256157    
   9.125000      0.6375000       4.348829    
   9.375000      0.6375000      -4.939698    
   9.625000      0.6375000       6.415918    
   9.875000      0.6375000      -7.427027    
   10.00000      0.6375000       1.000000    
 
  0.0000000E+00  0.6625000      0.0000000E+00
  0.1250000      0.6625000     -1.6479833E-04
  0.3750000      0.6625000     -5.8406531E-05
  0.6250000      0.6625000      2.8168550E-03
  0.8750000      0.6625000      5.3964267E-03
   1.125000      0.6625000      1.2242878E-02
   1.375000      0.6625000      1.4488797E-02
   1.625000      0.6625000      2.5767989E-02
   1.875000      0.6625000      2.3903500E-02
   2.125000      0.6625000      4.2450488E-02
   2.375000      0.6625000      3.1537846E-02
   2.625000      0.6625000      6.2434912E-02
   2.875000      0.6625000      3.5967637E-02
   3.125000      0.6625000      8.6165287E-02
   3.375000      0.6625000      3.5781354E-02
   3.625000      0.6625000      0.1146699    
   3.875000      0.6625000      2.8646465E-02
   4.125000      0.6625000      0.1504258    
   4.375000      0.6625000      1.0814297E-02
   4.625000      0.6625000      0.1974396    
   4.875000      0.6625000     -2.2503683E-02
   5.125000      0.6625000      0.2611139    
   5.375000      0.6625000     -7.7851281E-02
   5.625000      0.6625000      0.3499125    
   5.875000      0.6625000     -0.1657553    
   6.125000      0.6625000      0.4771087    
   6.375000      0.6625000     -0.3017914    
   6.625000      0.6625000      0.6617389    
   6.875000      0.6625000     -0.5089427    
   7.125000      0.6625000      0.9327509    
   7.375000      0.6625000     -0.8229294    
   7.625000      0.6625000       1.334155    
   7.875000      0.6625000      -1.297373    
   8.125000      0.6625000       1.932087    
   8.375000      0.6625000      -2.014181    
   8.625000      0.6625000       2.828145    
   8.875000      0.6625000      -3.098356    
   9.125000      0.6625000       4.175816    
   9.375000      0.6625000      -4.737153    
   9.625000      0.6625000       6.200441    
   9.875000      0.6625000      -7.193016    
   10.00000      0.6625000       1.000000    
 
  0.0000000E+00  0.6875000      0.0000000E+00
  0.1250000      0.6875000     -3.0132287E-04
  0.3750000      0.6875000      4.9387146E-04
  0.6250000      0.6875000      4.5210072E-03
  0.8750000      0.6875000      8.6705750E-03
   1.125000      0.6875000      1.6654743E-02
   1.375000      0.6875000      2.0544242E-02
   1.625000      0.6875000      3.2330282E-02
   1.875000      0.6875000      3.2316521E-02
   2.125000      0.6875000      5.0428193E-02
   2.375000      0.6875000      4.1971661E-02
   2.625000      0.6875000      7.1136609E-02
   2.875000      0.6875000      4.8174128E-02
   3.125000      0.6875000      9.4927341E-02
   3.375000      0.6875000      4.9592406E-02
   3.625000      0.6875000      0.1227698    
   3.875000      0.6875000      4.4087384E-02
   4.125000      0.6875000      0.1569779    
   4.375000      0.6875000      2.8217204E-02
   4.625000      0.6875000      0.2013750    
   4.875000      0.6875000     -2.4754151E-03
   5.125000      0.6875000      0.2611437    
   5.375000      0.6875000     -5.4066729E-02
   5.625000      0.6875000      0.3442789    
   5.875000      0.6875000     -0.1363382    
   6.125000      0.6875000      0.4633161    
   6.375000      0.6875000     -0.2639358    
   6.625000      0.6875000      0.6363003    
   6.875000      0.6875000     -0.4585472    
   7.125000      0.6875000      0.8906401    
   7.375000      0.6875000     -0.7540306    
   7.625000      0.6875000       1.268309    
   7.875000      0.6875000      -1.201749    
   8.125000      0.6875000       1.833024    
   8.375000      0.6875000      -1.881106    
   8.625000      0.6875000       2.684223    
   8.875000      0.6875000      -2.915970    
   9.125000      0.6875000       3.976359    
   9.375000      0.6875000      -4.498349    
   9.625000      0.6875000       5.945781    
   9.875000      0.6875000      -6.910290    
   10.00000      0.6875000       1.000000    
 
  0.0000000E+00  0.7125000      0.0000000E+00
  0.1250000      0.7125000     -4.2178581E-04
  0.3750000      0.7125000      1.5106557E-03
  0.6250000      0.7125000      7.1339966E-03
  0.8750000      0.7125000      1.3157595E-02
   1.125000      0.7125000      2.2460701E-02
   1.375000      0.7125000      2.8092511E-02
   1.625000      0.7125000      4.0427584E-02
   1.875000      0.7125000      4.2295404E-02
   2.125000      0.7125000      5.9947733E-02
   2.375000      0.7125000      5.3982612E-02
   2.625000      0.7125000      8.1326686E-02
   2.875000      0.7125000      6.1956473E-02
   3.125000      0.7125000      0.1050854    
   3.375000      0.7125000      6.4982906E-02
   3.625000      0.7125000      0.1321467    
   3.875000      0.7125000      6.1132953E-02
   4.125000      0.7125000      0.1646651    
   4.375000      0.7125000      4.7300693E-02
   4.625000      0.7125000      0.2062666    
   4.875000      0.7125000      1.9393468E-02
   5.125000      0.7125000      0.2618947    
   5.375000      0.7125000     -2.8169371E-02
   5.625000      0.7125000      0.3390423    
   5.875000      0.7125000     -0.1043768    
   6.125000      0.7125000      0.4494351    
   6.375000      0.7125000     -0.2228623    
   6.625000      0.7125000      0.6100203    
   6.875000      0.7125000     -0.4038982    
   7.125000      0.7125000      0.8464994    
   7.375000      0.7125000     -0.6792619    
   7.625000      0.7125000       1.198511    
   7.875000      0.7125000      -1.097677    
   8.125000      0.7125000       1.726851    
   8.375000      0.7125000      -1.735387    
   8.625000      0.7125000       2.527921    
   8.875000      0.7125000      -2.714007    
   9.125000      0.7125000       3.755821    
   9.375000      0.7125000      -4.229021    
   9.625000      0.7125000       5.657426    
   9.875000      0.7125000      -6.584147    
   10.00000      0.7125000       1.000000    
 
  0.0000000E+00  0.7375000      0.0000000E+00
  0.1250000      0.7375000     -4.5048739E-04
  0.3750000      0.7375000      3.2461465E-03
  0.6250000      0.7375000      1.0963370E-02
  0.8750000      0.7375000      1.9136040E-02
   1.125000      0.7375000      2.9901370E-02
   1.375000      0.7375000      3.7314471E-02
   1.625000      0.7375000      5.0220583E-02
   1.875000      0.7375000      5.3937387E-02
   2.125000      0.7375000      7.1119547E-02
   2.375000      0.7375000      6.7600094E-02
   2.625000      0.7375000      9.3087547E-02
   2.875000      0.7375000      7.7283829E-02
   3.125000      0.7375000      0.1167105    
   3.375000      0.7375000      8.1865035E-02
   3.625000      0.7375000      0.1428795    
   3.875000      0.7375000      7.9634868E-02
   4.125000      0.7375000      0.1735991    
   4.375000      0.7375000      6.7843080E-02
   4.625000      0.7375000      0.2122914    
   4.875000      0.7375000      4.2785812E-02
   5.125000      0.7375000      0.2636465    
   5.375000      0.7375000     -6.0861453E-04
   5.625000      0.7375000      0.3346384    
   5.875000      0.7375000     -7.0514753E-02
   6.125000      0.7375000      0.4361360    
   6.375000      0.7375000     -0.1794996    
   6.625000      0.7375000      0.5839138    
   6.875000      0.7375000     -0.3463429    
   7.125000      0.7375000      0.8018507    
   7.375000      0.7375000     -0.6005840    
   7.625000      0.7375000       1.127016    
   7.875000      0.7375000     -0.9879957    
   8.125000      0.7375000       1.616855    
   8.375000      0.7375000      -1.581063    
   8.625000      0.7375000       2.363879    
   8.875000      0.7375000      -2.497958    
   9.125000      0.7375000       3.520256    
   9.375000      0.7375000      -3.935796    
   9.625000      0.7375000       5.341917    
   9.875000      0.7375000      -6.220901    
   10.00000      0.7375000       1.000000    
 
  0.0000000E+00  0.7625000      0.0000000E+00
  0.1250000      0.7625000     -2.4785756E-04
  0.3750000      0.7625000      6.0308296E-03
  0.6250000      0.7625000      1.6349684E-02
  0.8750000      0.7625000      2.6882673E-02
   1.125000      0.7625000      3.9194327E-02
   1.375000      0.7625000      4.8361540E-02
   1.625000      0.7625000      6.1834697E-02
   1.875000      0.7625000      6.7308620E-02
   2.125000      0.7625000      8.4019594E-02
   2.375000      0.7625000      8.2827091E-02
   2.625000      0.7625000      0.1064713    
   2.875000      0.7625000      9.4105124E-02
   3.125000      0.7625000      0.1298493    
   3.375000      0.7625000      0.1001377    
   3.625000      0.7625000      0.1550278    
   3.875000      0.7625000      9.9439695E-02
   4.125000      0.7625000      0.1838777    
   4.375000      0.7625000      8.9625612E-02
   4.625000      0.7625000      0.2196151    
   4.875000      0.7625000      6.7394510E-02
   5.125000      0.7625000      0.2666687    
   5.375000      0.7625000      2.8182931E-02
   5.625000      0.7625000      0.3314923    
   5.875000      0.7625000     -3.5371728E-02
   6.125000      0.7625000      0.4240752    
   6.375000      0.7625000     -0.1347466    
   6.625000      0.7625000      0.5589775    
   6.875000      0.7625000     -0.2871940    
   7.125000      0.7625000      0.7581962    
   7.375000      0.7625000     -0.5199257    
   7.625000      0.7625000       1.056075    
   7.875000      0.7625000     -0.8755357    
   8.125000      0.7625000       1.506368    
   8.375000      0.7625000      -1.422250    
   8.625000      0.7625000       2.196920    
   8.875000      0.7625000      -2.273626    
   9.125000      0.7625000       3.276264    
   9.375000      0.7625000      -3.626102    
   9.625000      0.7625000       5.006865    
   9.875000      0.7625000      -5.827951    
   10.00000      0.7625000       1.000000    
 
  0.0000000E+00  0.7875000      0.0000000E+00
  0.1250000      0.7875000      4.1615227E-04
  0.3750000      0.7875000      1.0265180E-02
  0.6250000      0.7875000      2.3641467E-02
  0.8750000      0.7875000      3.6647178E-02
   1.125000      0.7875000      5.0513856E-02
   1.375000      0.7875000      6.1340909E-02
   1.625000      0.7875000      7.5348541E-02
   1.875000      0.7875000      8.2436390E-02
   2.125000      0.7875000      9.8682016E-02
   2.375000      0.7875000      9.9636421E-02
   2.625000      0.7875000      0.1214945    
   2.875000      0.7875000      0.1123481    
   3.125000      0.7875000      0.1445192    
   3.375000      0.7875000      0.1196882    
   3.625000      0.7875000      0.1686283    
   3.875000      0.7875000      0.1203923    
   4.125000      0.7875000      0.1955787    
   4.375000      0.7875000      0.1124383    
   4.625000      0.7875000      0.2283845    
   4.875000      0.7875000      9.2931293E-02
   5.125000      0.7875000      0.2712098    
   5.375000      0.7875000      5.7802346E-02
   5.625000      0.7875000      0.3300004    
   5.875000      0.7875000      4.7552079E-04
   6.125000      0.7875000      0.4138692    
   6.375000      0.7875000     -8.9443028E-02
   6.625000      0.7875000      0.5361536    
   6.875000      0.7875000     -0.2276854    
   7.125000      0.7875000      0.7169628    
   7.375000      0.7875000     -0.4391150    
   7.625000      0.7875000      0.9878405    
   7.875000      0.7875000     -0.7630174    
   8.125000      0.7875000       1.398629    
   8.375000      0.7875000      -1.262989    
   8.625000      0.7875000       2.031870    
   8.875000      0.7875000      -2.046916    
   9.125000      0.7875000       3.030761    
   9.375000      0.7875000      -3.307978    
   9.625000      0.7875000       4.660854    
   9.875000      0.7875000      -5.413804    
   10.00000      0.7875000       1.000000    
 
  0.0000000E+00  0.8125000      0.0000000E+00
  0.1250000      0.8125000      1.8881377E-03
  0.3750000      0.8125000      1.6397180E-02
  0.6250000      0.8125000      3.3160433E-02
  0.8750000      0.8125000      4.8624456E-02
   1.125000      0.8125000      6.3972063E-02
   1.375000      0.8125000      7.6303355E-02
   1.625000      0.8125000      9.0785727E-02
   1.875000      0.8125000      9.9304035E-02
   2.125000      0.8125000      0.1150952    
   2.375000      0.8125000      0.1179692    
   2.625000      0.8125000      0.1381360    
   2.875000      0.8125000      0.1319203    
   3.125000      0.8125000      0.1607078    
   3.375000      0.8125000      0.1403944    
   3.625000      0.8125000      0.1836937    
   3.875000      0.8125000      0.1423399    
   4.125000      0.8125000      0.2087587    
   4.375000      0.8125000      0.1360854    
   4.625000      0.8125000      0.2387235    
   4.875000      0.8125000      0.1191338    
   5.125000      0.8125000      0.2774908    
   5.375000      0.8125000      8.7885953E-02
   5.625000      0.8125000      0.3305213    
   5.875000      0.8125000      3.6506936E-02
   6.125000      0.8125000      0.4060792    
   6.375000      0.8125000     -4.4349376E-02
   6.625000      0.8125000      0.5163032    
   6.875000      0.8125000     -0.1689416    
   7.125000      0.8125000      0.6794632    
   7.375000      0.8125000     -0.3598329    
   7.625000      0.8125000      0.9243150    
   7.875000      0.8125000     -0.6529741    
   8.125000      0.8125000       1.296694    
   8.375000      0.8125000      -1.107125    
   8.625000      0.8125000       1.873400    
   8.875000      0.8125000      -1.823658    
   9.125000      0.8125000       2.790779    
   9.375000      0.8125000      -2.989881    
   9.625000      0.8125000       4.313356    
   9.875000      0.8125000      -4.988164    
   10.00000      0.8125000       1.000000    
 
  0.0000000E+00  0.8375000      0.0000000E+00
  0.1250000      0.8375000      4.6490966E-03
  0.3750000      0.8375000      2.4880413E-02
  0.6250000      0.8375000      4.5160130E-02
  0.8750000      0.8375000      6.2927872E-02
   1.125000      0.8375000      7.9603352E-02
   1.375000      0.8375000      9.3234055E-02
   1.625000      0.8375000      0.1081094    
   1.875000      0.8375000      0.1178477    
   2.125000      0.8375000      0.1331995    
   2.375000      0.8375000      0.1377340    
   2.625000      0.8375000      0.1563359    
   2.875000      0.8375000      0.1527099    
   3.125000      0.8375000      0.1783721    
   3.375000      0.8375000      0.1621275    
   3.625000      0.8375000      0.2002121    
   3.875000      0.8375000      0.1651345    
   4.125000      0.8375000      0.2234517    
   4.375000      0.8375000      0.1603879    
   4.625000      0.8375000      0.2507314    
   4.875000      0.8375000      0.1457693    
   5.125000      0.8375000      0.2857003    
   5.375000      0.8375000      0.1181145    
   5.625000      0.8375000      0.3333675    
   5.875000      0.8375000      7.2267003E-02
   6.125000      0.8375000      0.4011982    
   6.375000      0.8375000     -1.3387391E-04
   6.625000      0.8375000      0.5001884    
   6.875000      0.8375000     -0.1119567    
   7.125000      0.8375000      0.6468655    
   7.375000      0.8375000     -0.2835771    
   7.625000      0.8375000      0.8672957    
   7.875000      0.8375000     -0.5476929    
   8.125000      0.8375000       1.203351    
   8.375000      0.8375000     -0.9581983    
   8.625000      0.8375000       1.725888    
   8.875000      0.8375000      -1.609407    
   9.125000      0.8375000       2.563218    
   9.375000      0.8375000      -2.680421    
   9.625000      0.8375000       3.974519    
   9.875000      0.8375000      -4.561908    
   10.00000      0.8375000       1.000000    
 
  0.0000000E+00  0.8625000      0.0000000E+00
  0.1250000      0.8625000      9.3127927E-03
  0.3750000      0.8625000      3.6113314E-02
  0.6250000      0.8625000      5.9784189E-02
  0.8750000      0.8625000      7.9568446E-02
   1.125000      0.8625000      9.7355269E-02
   1.375000      0.8625000      0.1120487    
   1.625000      0.8625000      0.1272214    
   1.875000      0.8625000      0.1379563    
   2.125000      0.8625000      0.1528890    
   2.375000      0.8625000      0.1588091    
   2.625000      0.8625000      0.1759986    
   2.875000      0.8625000      0.1745885    
   3.125000      0.8625000      0.1974414    
   3.375000      0.8625000      0.1847540    
   3.625000      0.8625000      0.2181499    
   3.875000      0.8625000      0.1886350    
   4.125000      0.8625000      0.2396713    
   4.375000      0.8625000      0.1851859    
   4.625000      0.8625000      0.2644831    
   4.875000      0.8625000      0.1726362    
   5.125000      0.8625000      0.2959945    
   5.375000      0.8625000      0.1482141    
   5.625000      0.8625000      0.3388047    
   5.875000      0.8625000      0.1073659    
   6.125000      0.8625000      0.3996494    
   6.375000      0.8625000      4.2629581E-02
   6.625000      0.8625000      0.4884676    
   6.875000      0.8625000     -5.7589673E-02
   7.125000      0.8625000      0.6201858    
   7.375000      0.8625000     -0.2116526    
   7.625000      0.8625000      0.8183607    
   7.875000      0.8625000     -0.4491905    
   8.125000      0.8625000       1.121084    
   8.375000      0.8625000     -0.8193923    
   8.625000      0.8625000       1.593328    
   8.875000      0.8625000      -1.409327    
   9.125000      0.8625000       2.354666    
   9.375000      0.8625000      -2.388118    
   9.625000      0.8625000       3.654953    
   9.875000      0.8625000      -4.147088    
   10.00000      0.8625000       1.000000    
 
  0.0000000E+00  0.8875000      0.0000000E+00
  0.1250000      0.8875000      1.6590390E-02
  0.3750000      0.8875000      5.0365310E-02
  0.6250000      0.8875000      7.7031866E-02
  0.8750000      0.8875000      9.8443106E-02
   1.125000      0.8875000      0.1170864    
   1.375000      0.8875000      0.1325943    
   1.625000      0.8875000      0.1479650    
   1.875000      0.8875000      0.1594742    
   2.125000      0.8875000      0.1740150    
   2.375000      0.8875000      0.1810439    
   2.625000      0.8875000      0.1969959    
   2.875000      0.8875000      0.1974135    
   3.125000      0.8875000      0.2178209    
   3.375000      0.8875000      0.2081384    
   3.625000      0.8875000      0.2374545    
   3.875000      0.8875000      0.2127085    
   4.125000      0.8875000      0.2574131    
   4.375000      0.8875000      0.2103369    
   4.625000      0.8875000      0.2800318    
   4.875000      0.8875000      0.1995618    
   5.125000      0.8875000      0.3084995    
   5.375000      0.8875000      0.1779527    
   5.625000      0.8875000      0.3470547    
   5.875000      0.8875000      0.1414739    
   6.125000      0.8875000      0.4017905    
   6.375000      0.8875000      8.3454102E-02
   6.625000      0.8875000      0.4817017    
   6.875000      0.8875000     -6.5738065E-03
   7.125000      0.8875000      0.6002949    
   7.375000      0.8875000     -0.1451809    
   7.625000      0.8875000      0.7788733    
   7.875000      0.8875000     -0.3592191    
   8.125000      0.8875000       1.052067    
   8.375000      0.8875000     -0.6935199    
   8.625000      0.8875000       1.479296    
   8.875000      0.8875000      -1.228118    
   9.125000      0.8875000       2.171265    
   9.375000      0.8875000      -2.121193    
   9.625000      0.8875000       3.365473    
   9.875000      0.8875000      -3.756911    
   10.00000      0.8875000       1.000000    
 
  0.0000000E+00  0.9125000      0.0000000E+00
  0.1250000      0.9125000      2.7206117E-02
  0.3750000      0.9125000      6.7701936E-02
  0.6250000      0.9125000      9.6738443E-02
  0.8750000      0.9125000      0.1193344    
   1.125000      0.9125000      0.1385713    
   1.375000      0.9125000      0.1546541    
   1.625000      0.9125000      0.1701310    
   1.875000      0.9125000      0.1822053    
   2.125000      0.9125000      0.1963914    
   2.375000      0.9125000      0.2042634    
   2.625000      0.9125000      0.2191729    
   2.875000      0.9125000      0.2210299    
   3.125000      0.9125000      0.2393964    
   3.375000      0.9125000      0.2321430    
   3.625000      0.9125000      0.2580587    
   3.875000      0.9125000      0.2372282    
   4.125000      0.9125000      0.2766595    
   4.375000      0.9125000      0.2357131    
   4.625000      0.9125000      0.2974136    
   4.875000      0.9125000      0.2263959    
   5.125000      0.9125000      0.3233174    
   5.375000      0.9125000      0.2071313    
   5.625000      0.9125000      0.3583043    
   5.875000      0.9125000      0.1743086    
   6.125000      0.9125000      0.4079257    
   6.375000      0.9125000      0.1219219    
   6.625000      0.9125000      0.4803717    
   6.875000      0.9125000      4.0458776E-02
   7.125000      0.9125000      0.5879449    
   7.375000      0.9125000     -8.5134000E-02
   7.625000      0.9125000      0.7500188    
   7.875000      0.9125000     -0.2793097    
   8.125000      0.9125000      0.9982114    
   8.375000      0.9125000     -0.5830705    
   8.625000      0.9125000       1.386985    
   8.875000      0.9125000      -1.070031    
   9.125000      0.9125000       2.018680    
   9.375000      0.9125000      -1.887446    
   9.625000      0.9125000       3.116869    
   9.875000      0.9125000      -3.405719    
   10.00000      0.9125000       1.000000    
 
  0.0000000E+00  0.9375000      0.0000000E+00
  0.1250000      0.9375000      4.1751038E-02
  0.3750000      0.9375000      8.7926142E-02
  0.6250000      0.9375000      0.1185756    
  0.8750000      0.9375000      0.1419210    
   1.125000      0.9375000      0.1615116    
   1.375000      0.9375000      0.1779567    
   1.625000      0.9375000      0.1934653    
   1.875000      0.9375000      0.2059183    
   2.125000      0.9375000      0.2198014    
   2.375000      0.9375000      0.2282704    
   2.625000      0.9375000      0.2423530    
   2.875000      0.9375000      0.2452722    
   3.125000      0.9375000      0.2620391    
   3.375000      0.9375000      0.2566281    
   3.625000      0.9375000      0.2798852    
   3.875000      0.9375000      0.2620713    
   4.125000      0.9375000      0.2973836    
   4.375000      0.9375000      0.2611949    
   4.625000      0.9375000      0.3166543    
   4.875000      0.9375000      0.2530018    
   5.125000      0.9375000      0.3405353    
   5.375000      0.9375000      0.2355694    
   5.625000      0.9375000      0.3727181    
   5.875000      0.9375000      0.2056151    
   6.125000      0.9375000      0.4183268    
   6.375000      0.9375000      0.1576557    
   6.625000      0.9375000      0.4849098    
   6.875000      0.9375000      8.2936101E-02
   7.125000      0.9375000      0.5838144    
   7.375000      0.9375000     -3.2392930E-02
   7.625000      0.9375000      0.7328714    
   7.875000      0.9375000     -0.2108539    
   8.125000      0.9375000      0.9612545    
   8.375000      0.9375000     -0.4903190    
   8.625000      0.9375000       1.319327    
   8.875000      0.9375000     -0.9389966    
   9.125000      0.9375000       1.902197    
   9.375000      0.9375000      -1.694301    
   9.625000      0.9375000       2.919820    
   9.875000      0.9375000      -3.109010    
   10.00000      0.9375000       1.000000    
 
  0.0000000E+00  0.9625000      0.0000000E+00
  0.1250000      0.9625000      6.0469307E-02
  0.3750000      0.9625000      0.1105542    
  0.6250000      0.9625000      0.1420716    
  0.8750000      0.9625000      0.1657968    
   1.125000      0.9625000      0.1855502    
   1.375000      0.9625000      0.2021859    
   1.625000      0.9625000      0.2176786    
   1.875000      0.9625000      0.2303529    
   2.125000      0.9625000      0.2440045    
   2.375000      0.9625000      0.2528493    
   2.625000      0.9625000      0.2663447    
   2.875000      0.9625000      0.2699639    
   3.125000      0.9625000      0.2856115    
   3.375000      0.9625000      0.2814485    
   3.625000      0.9625000      0.3028519    
   3.875000      0.9625000      0.2871121    
   4.125000      0.9625000      0.3195562    
   4.375000      0.9625000      0.2866618    
   4.625000      0.9625000      0.3377772    
   4.875000      0.9625000      0.2792426    
   5.125000      0.9625000      0.3602381    
   5.375000      0.9625000      0.2630871    
   5.625000      0.9625000      0.3904585    
   5.875000      0.9625000      0.2351384    
   6.125000      0.9625000      0.4332627    
   6.375000      0.9625000      0.1902794    
   6.625000      0.9625000      0.4957440    
   6.875000      0.9625000      0.1202889    
   7.125000      0.9625000      0.5885754    
   7.375000      0.9625000      1.2167779E-02
   7.625000      0.9625000      0.7284916    
   7.875000      0.9625000     -0.1552275    
   8.125000      0.9625000      0.9429101    
   8.375000      0.9625000     -0.4175048    
   8.625000      0.9625000       1.279200    
   8.875000      0.9625000     -0.8388675    
   9.125000      0.9625000       1.827003    
   9.375000      0.9625000      -1.549062    
   9.625000      0.9625000       2.785033    
   9.875000      0.9625000      -2.883588    
   10.00000      0.9625000       1.000000    
 
  0.0000000E+00  0.9875000      0.0000000E+00
  0.1250000      0.9875000      8.2983196E-02
  0.3750000      0.9875000      0.1348389    
  0.6250000      0.9875000      0.1666457    
  0.8750000      0.9875000      0.1904916    
   1.125000      0.9875000      0.2102860    
   1.375000      0.9875000      0.2269899    
   1.625000      0.9875000      0.2424538    
   1.875000      0.9875000      0.2552236    
   2.125000      0.9875000      0.2687418    
   2.375000      0.9875000      0.2777655    
   2.625000      0.9875000      0.2909453    
   2.875000      0.9875000      0.2949144    
   3.125000      0.9875000      0.3099700    
   3.375000      0.9875000      0.3064472    
   3.625000      0.9875000      0.3268752    
   3.875000      0.9875000      0.3122132    
   4.125000      0.9875000      0.3431506    
   4.375000      0.9875000      0.3119786    
   4.625000      0.9875000      0.3608131    
   4.875000      0.9875000      0.3049622    
   5.125000      0.9875000      0.3825234    
   5.375000      0.9875000      0.2894781    
   5.625000      0.9875000      0.4117092    
   5.875000      0.9875000      0.2625870    
   6.125000      0.9875000      0.4530362    
   6.375000      0.9875000      0.2193648    
   6.625000      0.9875000      0.5133550    
   6.875000      0.9875000      0.1518738    
   7.125000      0.9875000      0.6029801    
   7.375000      0.9875000      4.7566801E-02
   7.625000      0.9875000      0.7380607    
   7.875000      0.9875000     -0.1139597    
   8.125000      0.9875000      0.9450669    
   8.375000      0.9875000     -0.3670853    
   8.625000      0.9875000       1.269730    
   8.875000      0.9875000     -0.7737994    
   9.125000      0.9875000       1.798624    
   9.375000      0.9875000      -1.459444    
   9.625000      0.9875000       2.723740    
   9.875000      0.9875000      -2.747935    
   10.00000      0.9875000       1.000000    
 
  0.0000000E+00   1.000000      0.0000000E+00
  0.1250000       1.000000      8.2983196E-02
  0.3750000       1.000000      0.1348389    
  0.6250000       1.000000      0.1666457    
  0.8750000       1.000000      0.1904916    
   1.125000       1.000000      0.2102860    
   1.375000       1.000000      0.2269899    
   1.625000       1.000000      0.2424538    
   1.875000       1.000000      0.2552236    
   2.125000       1.000000      0.2687418    
   2.375000       1.000000      0.2777655    
   2.625000       1.000000      0.2909453    
   2.875000       1.000000      0.2949144    
   3.125000       1.000000      0.3099700    
   3.375000       1.000000      0.3064472    
   3.625000       1.000000      0.3268752    
   3.875000       1.000000      0.3122132    
   4.125000       1.000000      0.3431506    
   4.375000       1.000000      0.3119786    
   4.625000       1.000000      0.3608131    
   4.875000       1.000000      0.3049622    
   5.125000       1.000000      0.3825234    
   5.375000       1.000000      0.2894781    
   5.625000       1.000000      0.4117092    
   5.875000       1.000000      0.2625870    
   6.125000       1.000000      0.4530362    
   6.375000       1.000000      0.2193648    
   6.625000       1.000000      0.5133550    
   6.875000       1.000000      0.1518738    
   7.125000       1.000000      0.6029801    
   7.375000       1.000000      4.7566801E-02
   7.625000       1.000000      0.7380607    
   7.875000       1.000000     -0.1139597    
   8.125000       1.000000      0.9450669    
   8.375000       1.000000     -0.3670853    
   8.625000       1.000000       1.269730    
   8.875000       1.000000     -0.7737994    
   9.125000       1.000000       1.798624    
   9.375000       1.000000      -1.459444    
   9.625000       1.000000       2.723740    
   9.875000       1.000000      -2.747935    
   10.00000       1.000000       1.000000    
 
