  0.0000000E+00  0.0000000E+00  0.0000000E+00
  0.1250000      0.0000000E+00  1.2499999E-02
  0.3750000      0.0000000E+00  3.7499998E-02
  0.6250000      0.0000000E+00  6.2499996E-02
  0.8750000      0.0000000E+00  8.7499991E-02
   1.125000      0.0000000E+00  0.1125000    
   1.375000      0.0000000E+00  0.1375000    
   1.625000      0.0000000E+00  0.1625000    
   1.875000      0.0000000E+00  0.1875000    
   2.125000      0.0000000E+00  0.2125000    
   2.375000      0.0000000E+00  0.2375000    
   2.625000      0.0000000E+00  0.2625000    
   2.875000      0.0000000E+00  0.2875000    
   3.125000      0.0000000E+00  0.3125000    
   3.375000      0.0000000E+00  0.3375000    
   3.625000      0.0000000E+00  0.3625000    
   3.875000      0.0000000E+00  0.3875000    
   4.125000      0.0000000E+00  0.4125000    
   4.375000      0.0000000E+00  0.4375000    
   4.625000      0.0000000E+00  0.4625000    
   4.875000      0.0000000E+00  0.4875000    
   5.125000      0.0000000E+00  0.5125000    
   5.375000      0.0000000E+00  0.5375000    
   5.625000      0.0000000E+00  0.5624999    
   5.875000      0.0000000E+00  0.5875000    
   6.125000      0.0000000E+00  0.6125000    
   6.375000      0.0000000E+00  0.6375000    
   6.625000      0.0000000E+00  0.6625000    
   6.875000      0.0000000E+00  0.6874999    
   7.125000      0.0000000E+00  0.7125000    
   7.375000      0.0000000E+00  0.7375000    
   7.625000      0.0000000E+00  0.7624999    
   7.875000      0.0000000E+00  0.7875000    
   8.125000      0.0000000E+00  0.8124999    
   8.375000      0.0000000E+00  0.8375000    
   8.625000      0.0000000E+00  0.8625000    
   8.875000      0.0000000E+00  0.8874999    
   9.125000      0.0000000E+00  0.9125000    
   9.375000      0.0000000E+00  0.9374999    
   9.625000      0.0000000E+00  0.9624999    
   9.875000      0.0000000E+00  0.9875000    
   10.00000      0.0000000E+00   1.000000    
 
  0.0000000E+00  1.2500000E-02  0.0000000E+00
  0.1250000      1.2500000E-02  1.0790865E-02
  0.3750000      1.2500000E-02  3.3716481E-02
  0.6250000      1.2500000E-02  5.7362039E-02
  0.8750000      1.2500000E-02  8.0855198E-02
   1.125000      1.2500000E-02  0.1049196    
   1.375000      1.2500000E-02  0.1285388    
   1.625000      1.2500000E-02  0.1528840    
   1.875000      1.2500000E-02  0.1764863    
   2.125000      1.2500000E-02  0.2011108    
   2.375000      1.2500000E-02  0.2245879    
   2.625000      1.2500000E-02  0.2495504    
   2.875000      1.2500000E-02  0.2727792    
   3.125000      1.2500000E-02  0.2981915    
   3.375000      1.2500000E-02  0.3210059    
   3.625000      1.2500000E-02  0.3470475    
   3.875000      1.2500000E-02  0.3692090    
   4.125000      1.2500000E-02  0.3961542    
   4.375000      1.2500000E-02  0.4173134    
   4.625000      1.2500000E-02  0.4455751    
   4.875000      1.2500000E-02  0.4652152    
   5.125000      1.2500000E-02  0.4954126    
   5.375000      1.2500000E-02  0.5127672    
   5.625000      1.2500000E-02  0.5458258    
   5.875000      1.2500000E-02  0.5597551    
   6.125000      1.2500000E-02  0.5970591    
   6.375000      1.2500000E-02  0.6058633    
   6.625000      1.2500000E-02  0.6494821    
   6.875000      1.2500000E-02  0.6506231    
   7.125000      1.2500000E-02  0.7036577    
   7.375000      1.2500000E-02  0.6933256    
   7.625000      1.2500000E-02  0.7604535    
   7.875000      1.2500000E-02  0.7328775    
   8.125000      1.2500000E-02  0.8212319    
   8.375000      1.2500000E-02  0.7675338    
   8.625000      1.2500000E-02  0.8882322    
   8.875000      1.2500000E-02  0.7943370    
   9.125000      1.2500000E-02  0.9654317    
   9.375000      1.2500000E-02  0.8077176    
   9.625000      1.2500000E-02   1.061044    
   9.875000      1.2500000E-02  0.7942280    
   10.00000      1.2500000E-02   1.000000    
 
  0.0000000E+00  3.7500001E-02  0.0000000E+00
  0.1250000      3.7500001E-02  7.6338104E-03
  0.3750000      3.7500001E-02  2.6429795E-02
  0.6250000      3.7500001E-02  4.7378607E-02
  0.8750000      3.7500001E-02  6.7853585E-02
   1.125000      3.7500001E-02  9.0057708E-02
   1.375000      3.7500001E-02  0.1109055    
   1.625000      3.7500001E-02  0.1339552    
   1.875000      3.7500001E-02  0.1547468    
   2.125000      3.7500001E-02  0.1786406    
   2.375000      3.7500001E-02  0.1990487    
   2.625000      3.7500001E-02  0.2239654    
   2.875000      3.7500001E-02  0.2436169    
   3.125000      3.7500001E-02  0.2698976    
   3.375000      3.7500001E-02  0.2882882    
   3.625000      3.7500001E-02  0.3164781    
   3.875000      3.7500001E-02  0.3328842    
   4.125000      3.7500001E-02  0.3638161    
   4.375000      3.7500001E-02  0.3771768    
   4.625000      3.7500001E-02  0.4121050    
   4.875000      3.7500001E-02  0.4208511    
   5.125000      3.7500001E-02  0.4616567    
   5.375000      3.7500001E-02  0.4634601    
   5.625000      3.7500001E-02  0.5129549    
   5.875000      3.7500001E-02  0.5043532    
   6.125000      3.7500001E-02  0.5667407    
   6.375000      3.7500001E-02  0.5425731    
   6.625000      3.7500001E-02  0.6241391    
   6.875000      3.7500001E-02  0.5766949    
   7.125000      3.7500001E-02  0.6868610    
   7.375000      3.7500001E-02  0.6045658    
   7.625000      3.7500001E-02  0.7575387    
   7.875000      3.7500001E-02  0.6228657    
   8.125000      3.7500001E-02  0.8403118    
   8.375000      3.7500001E-02  0.6262931    
   8.625000      3.7500001E-02  0.9419857    
   8.875000      3.7500001E-02  0.6058651    
   9.125000      3.7500001E-02   1.074638    
   9.375000      3.7500001E-02  0.5446667    
   9.625000      3.7500001E-02   1.263217    
   9.875000      3.7500001E-02  0.4018348    
   10.00000      3.7500001E-02   1.000000    
 
  0.0000000E+00  6.2500000E-02  0.0000000E+00
  0.1250000      6.2500000E-02  5.0560390E-03
  0.3750000      6.2500000E-02  1.9839186E-02
  0.6250000      6.2500000E-02  3.8147207E-02
  0.8750000      6.2500000E-02  5.5605520E-02
   1.125000      6.2500000E-02  7.5985745E-02
   1.375000      6.2500000E-02  9.4043270E-02
   1.625000      6.2500000E-02  0.1158393    
   1.875000      6.2500000E-02  0.1337840    
   2.125000      6.2500000E-02  0.1570036    
   2.375000      6.2500000E-02  0.1742842    
   2.625000      6.2500000E-02  0.1992356    
   2.875000      6.2500000E-02  0.2152196    
   3.125000      6.2500000E-02  0.2424861    
   3.375000      6.2500000E-02  0.2563166    
   3.625000      6.2500000E-02  0.2868274    
   3.875000      6.2500000E-02  0.2972731    
   4.125000      6.2500000E-02  0.3324476    
   4.375000      6.2500000E-02  0.3377023    
   4.625000      6.2500000E-02  0.3796774    
   4.875000      6.2500000E-02  0.3770696    
   5.125000      6.2500000E-02  0.4290493    
   5.375000      6.2500000E-02  0.4146142    
   5.625000      6.2500000E-02  0.4813886    
   5.875000      6.2500000E-02  0.4492288    
   6.125000      6.2500000E-02  0.5379585    
   6.375000      6.2500000E-02  0.4792838    
   6.625000      6.2500000E-02  0.6006765    
   6.875000      6.2500000E-02  0.5023525    
   7.125000      6.2500000E-02  0.6724586    
   7.375000      6.2500000E-02  0.5147680    
   7.625000      6.2500000E-02  0.7577875    
   7.875000      6.2500000E-02  0.5108774    
   8.125000      6.2500000E-02  0.8637143    
   8.375000      6.2500000E-02  0.4816550    
   8.625000      6.2500000E-02   1.001821    
   8.875000      6.2500000E-02  0.4118196    
   9.125000      6.2500000E-02   1.192645    
   9.375000      6.2500000E-02  0.2726350    
   9.625000      6.2500000E-02   1.478510    
   9.875000      6.2500000E-02 -4.9657593E-03
   10.00000      6.2500000E-02   1.000000    
 
  0.0000000E+00  8.7500006E-02  0.0000000E+00
  0.1250000      8.7500006E-02  3.1606164E-03
  0.3750000      8.7500006E-02  1.4183379E-02
  0.6250000      8.7500006E-02  2.9971646E-02
  0.8750000      8.7500006E-02  4.4437770E-02
   1.125000      8.7500006E-02  6.3062347E-02
   1.375000      8.7500006E-02  7.8312695E-02
   1.625000      8.7500006E-02  9.8925084E-02
   1.875000      8.7500006E-02  0.1139766    
   2.125000      8.7500006E-02  0.1366105    
   2.375000      8.7500006E-02  0.1506834    
   2.625000      8.7500006E-02  0.1757920    
   2.875000      8.7500006E-02  0.1879811    
   3.125000      8.7500006E-02  0.2164088    
   3.375000      8.7500006E-02  0.2254833    
   3.625000      8.7500006E-02  0.2585711    
   3.875000      8.7500006E-02  0.2627596    
   4.125000      8.7500006E-02  0.3025537    
   4.375000      8.7500006E-02  0.2992555    
   4.625000      8.7500006E-02  0.3488363    
   4.875000      8.7500006E-02  0.3342040    
   5.125000      8.7500006E-02  0.3981883    
   5.375000      8.7500006E-02  0.3665105    
   5.625000      8.7500006E-02  0.4518018    
   5.875000      8.7500006E-02  0.3945813    
   6.125000      8.7500006E-02  0.5114989    
   6.375000      8.7500006E-02  0.4160698    
   6.625000      8.7500006E-02  0.5800444    
   6.875000      8.7500006E-02  0.4274797    
   7.125000      8.7500006E-02  0.6616422    
   7.375000      8.7500006E-02  0.4235297    
   7.625000      8.7500006E-02  0.7627500    
   7.875000      8.7500006E-02  0.3960811    
   8.125000      8.7500006E-02  0.8935183    
   8.375000      8.7500006E-02  0.3321505    
   8.625000      8.7500006E-02   1.070598    
   8.875000      8.7500006E-02  0.2097942    
   9.125000      8.7500006E-02   1.323443    
   9.375000      8.7500006E-02 -1.2110195E-02
   9.625000      8.7500006E-02   1.712397    
   9.875000      8.7500006E-02 -0.4310674    
   10.00000      8.7500006E-02   1.000000    
 
  0.0000000E+00  0.1125000      0.0000000E+00
  0.1250000      0.1125000      1.9101469E-03
  0.3750000      0.1125000      9.5510771E-03
  0.6250000      0.1125000      2.3016356E-02
  0.8750000      0.1125000      3.4550827E-02
   1.125000      0.1125000      5.1523805E-02
   1.375000      0.1125000      6.3962273E-02
   1.625000      0.1125000      8.3488248E-02
   1.875000      0.1125000      9.5600866E-02
   2.125000      0.1125000      0.1177656    
   2.375000      0.1125000      0.1285407    
   2.625000      0.1125000      0.1539622    
   2.875000      0.1125000      0.1622079    
   3.125000      0.1125000      0.1920157    
   3.375000      0.1125000      0.1961015    
   3.625000      0.1125000      0.2320827    
   3.875000      0.1125000      0.2296574    
   4.125000      0.1125000      0.2745344    
   4.375000      0.1125000      0.2621435    
   4.625000      0.1125000      0.3200139    
   4.875000      0.1125000      0.2925442    
   5.125000      0.1125000      0.3695482    
   5.375000      0.1125000      0.3194073    
   5.625000      0.1125000      0.4247262    
   5.875000      0.1125000      0.3406162    
   6.125000      0.1125000      0.4879743    
   6.375000      0.1125000      0.3530526    
   6.625000      0.1125000      0.5629719    
   6.875000      0.1125000      0.3520694    
   7.125000      0.1125000      0.6553105    
   7.375000      0.1125000      0.3306492    
   7.625000      0.1125000      0.7735720    
   7.875000      0.1125000      0.2779864    
   8.125000      0.1125000      0.9312270    
   8.375000      0.1125000      0.1768732    
   8.625000      0.1125000       1.150320    
   8.875000      0.1125000     -1.6861057E-03
   9.125000      0.1125000       1.469675    
   9.375000      0.1125000     -0.3116861    
   9.625000      0.1125000       1.967997    
   9.875000      0.1125000     -0.8782375    
   10.00000      0.1125000       1.000000    
 
  0.0000000E+00  0.1375000      0.0000000E+00
  0.1250000      0.1375000      1.1930317E-03
  0.3750000      0.1375000      5.9152627E-03
  0.6250000      0.1375000      1.7327333E-02
  0.8750000      0.1375000      2.6034378E-02
   1.125000      0.1375000      4.1497096E-02
   1.375000      0.1375000      5.1139299E-02
   1.625000      0.1375000      6.9702245E-02
   1.875000      0.1375000      7.8839578E-02
   2.125000      0.1375000      0.1006747    
   2.375000      0.1375000      0.1080640    
   2.625000      0.1375000      0.1339787    
   2.875000      0.1375000      0.1381264    
   3.125000      0.1375000      0.1695631    
   3.375000      0.1375000      0.1684117    
   3.625000      0.1375000      0.2076409    
   3.875000      0.1375000      0.1982162    
   4.125000      0.1375000      0.2486917    
   4.375000      0.1375000      0.2266196    
   4.625000      0.1375000      0.2935377    
   4.875000      0.1375000      0.2523406    
   5.125000      0.1375000      0.3434864    
   5.375000      0.1375000      0.2735426    
   5.625000      0.1375000      0.4005575    
   5.875000      0.1375000      0.2875464    
   6.125000      0.1375000      0.4678316    
   6.375000      0.1375000      0.2904020    
   6.625000      0.1375000      0.5499767    
   6.875000      0.1375000      0.2762217    
   7.125000      0.1375000      0.6540818    
   7.375000      0.1375000      0.2361205    
   7.625000      0.1375000      0.7910126    
   7.875000      0.1375000      0.1564343    
   8.125000      0.1375000      0.9777899    
   8.375000      0.1375000      1.5459596E-02
   8.625000      0.1375000       1.242166    
   8.875000      0.1375000     -0.2232008    
   9.125000      0.1375000       1.632693    
   9.375000      0.1375000     -0.6266779    
   9.625000      0.1375000       2.246253    
   9.875000      0.1375000      -1.345604    
   10.00000      0.1375000       1.000000    
 
  0.0000000E+00  0.1625000      0.0000000E+00
  0.1250000      0.1625000      8.7326678E-04
  0.3750000      0.1625000      3.1706216E-03
  0.6250000      0.1625000      1.2856965E-02
  0.8750000      0.1625000      1.8885724E-02
   1.125000      0.1625000      3.3014964E-02
   1.375000      0.1625000      3.9902851E-02
   1.625000      0.1625000      5.7649508E-02
   1.875000      0.1625000      6.3792616E-02
   2.125000      0.1625000      8.5456014E-02
   2.375000      0.1625000      8.9383729E-02
   2.625000      0.1625000      0.1159879    
   2.875000      0.1625000      0.1158916    
   3.125000      0.1625000      0.1492212    
   3.375000      0.1625000      0.1425894    
   3.625000      0.1625000      0.1854370    
   3.875000      0.1625000      0.1686288    
   4.125000      0.1625000      0.2252361    
   4.375000      0.1625000      0.1928907    
   4.625000      0.1625000      0.2696362    
   4.875000      0.1625000      0.2138104    
   5.125000      0.1625000      0.3202494    
   5.375000      0.1625000      0.2291408    
   5.625000      0.1625000      0.3795612    
   5.875000      0.1625000      0.2355989    
   6.125000      0.1625000      0.4513575    
   6.375000      0.1625000      0.2283411    
   6.625000      0.1625000      0.5413712    
   6.875000      0.1625000      0.2001492    
   7.125000      0.1625000      0.6582993    
   7.375000      0.1625000      0.1401381    
   7.625000      0.1625000      0.8154501    
   7.875000      0.1625000      3.1598855E-02
   8.125000      0.1625000       1.033611    
   8.375000      0.1625000     -0.1519118    
   8.625000      0.1625000       1.346508    
   8.875000      0.1625000     -0.4544501    
   9.125000      0.1625000       1.812606    
   9.375000      0.1625000     -0.9562135    
   9.625000      0.1625000       2.546126    
   9.875000      0.1625000      -1.830127    
   10.00000      0.1625000       1.000000    
 
  0.0000000E+00  0.1875000      0.0000000E+00
  0.1250000      0.1875000      8.2218007E-04
  0.3750000      0.1875000      1.1692182E-03
  0.6250000      0.1875000      9.4907898E-03
  0.8750000      0.1875000      1.3030417E-02
   1.125000      0.1875000      2.6032574E-02
   1.375000      0.1875000      3.0238077E-02
   1.625000      0.1875000      4.7334105E-02
   1.875000      0.1875000      5.0488360E-02
   2.125000      0.1875000      7.2149567E-02
   2.375000      0.1875000      7.2562538E-02
   2.625000      0.1875000      0.1000583    
   2.875000      0.1875000      9.5595852E-02
   3.125000      0.1875000      0.1310820    
   3.375000      0.1875000      0.1187531    
   3.625000      0.1875000      0.1655822    
   3.875000      0.1875000      0.1410381    
   4.125000      0.1875000      0.2042935    
   4.375000      0.1875000      0.1611231    
   4.625000      0.1875000      0.2484457    
   4.875000      0.1875000      0.1771446    
   5.125000      0.1875000      0.2999786    
   5.375000      0.1875000      0.1864186    
   5.625000      0.1875000      0.3618774    
   5.875000      0.1875000      0.1850196    
   6.125000      0.1875000      0.4386826    
   6.375000      0.1875000      0.1671530    
   6.625000      0.1875000      0.5372649    
   6.875000      0.1875000      0.1241831    
   7.125000      0.1875000      0.6680332    
   7.375000      0.1875000      4.3102890E-02
   7.625000      0.1875000      0.8468835    
   7.875000      0.1875000     -9.6006311E-02
   8.125000      0.1875000       1.098555    
   8.375000      0.1875000     -0.3245203    
   8.625000      0.1875000       1.462927    
   8.875000      0.1875000     -0.6942737    
   9.125000      0.1875000       2.008330    
   9.375000      0.1875000      -1.298066    
   9.625000      0.1875000       2.864830    
   9.875000      0.1875000      -2.327056    
   10.00000      0.1875000       1.000000    
 
  0.0000000E+00  0.2125000      0.0000000E+00
  0.1250000      0.2125000      9.3454868E-04
  0.3750000      0.2125000     -2.4961171E-04
  0.6250000      0.2125000      7.0738043E-03
  0.8750000      0.2125000      8.3436761E-03
   1.125000      0.2125000      2.0445492E-02
   1.375000      0.2125000      2.2071708E-02
   1.625000      0.2125000      3.8695410E-02
   1.875000      0.2125000      3.8896110E-02
   2.125000      0.2125000      6.0729258E-02
   2.375000      0.2125000      5.7606190E-02
   2.625000      0.2125000      8.6191542E-02
   2.875000      0.2125000      7.7277608E-02
   3.125000      0.2125000      0.1151687    
   3.375000      0.2125000      9.6972696E-02
   3.625000      0.2125000      0.1481156    
   3.875000      0.2125000      0.1155451    
   4.125000      0.2125000      0.1859125    
   4.375000      0.2125000      0.1314509    
   4.625000      0.2125000      0.2300164    
   4.875000      0.2125000      0.1425136    
   5.125000      0.2125000      0.2827159    
   5.375000      0.2125000      0.1455908    
   5.625000      0.2125000      0.3475261    
   5.875000      0.2125000      0.1360805    
   6.125000      0.2125000      0.4297863    
   6.375000      0.2125000      0.1071854    
   6.625000      0.2125000      0.5375690    
   6.875000      0.2125000      4.8778508E-02
   7.125000      0.2125000      0.6830853    
   7.375000      0.2125000     -5.4372821E-02
   7.625000      0.2125000      0.8849381    
   7.875000      0.2125000     -0.2255267    
   8.125000      0.2125000       1.171952    
   8.375000      0.2125000     -0.5011109    
   8.625000      0.2125000       1.590233    
   8.875000      0.2125000     -0.9406894    
   9.125000      0.2125000       2.217670    
   9.375000      0.2125000      -1.648800    
   9.625000      0.2125000       3.198121    
   9.875000      0.2125000      -2.830368    
   10.00000      0.2125000       1.000000    
 
  0.0000000E+00  0.2375000      0.0000000E+00
  0.1250000      0.2375000      1.1333190E-03
  0.3750000      0.2375000     -1.2374589E-03
  0.6250000      0.2375000      5.4338598E-03
  0.8750000      0.2375000      4.6711722E-03
   1.125000      0.2375000      1.6107835E-02
   1.375000      0.2375000      1.5287902E-02
   1.625000      0.2375000      3.1622618E-02
   1.875000      0.2375000      2.8939186E-02
   2.125000      0.2375000      5.1114999E-02
   2.375000      0.2375000      4.4474751E-02
   2.625000      0.2375000      7.4332632E-02
   2.875000      0.2375000      6.0932182E-02
   3.125000      0.2375000      0.1014455    
   3.375000      0.2375000      7.7278472E-02
   3.625000      0.2375000      0.1330134    
   3.875000      0.2375000      9.2216775E-02
   4.125000      0.2375000      0.1700729    
   4.375000      0.2375000      0.1039820    
   4.625000      0.2375000      0.2143210    
   4.875000      0.2375000      0.1100745    
   5.125000      0.2375000      0.2684120    
   5.375000      0.2375000      0.1068765    
   5.625000      0.2375000      0.3364154    
   5.875000      0.2375000      8.9083396E-02
   6.125000      0.2375000      0.4245054    
   6.375000      0.2375000      4.8855271E-02
   6.625000      0.2375000      0.5420060    
   6.875000      0.2375000     -2.5483495E-02
   7.125000      0.2375000      0.7029992    
   7.375000      0.2375000     -0.1514671    
   7.625000      0.2375000      0.9288798    
   7.875000      0.2375000     -0.3557752    
   8.125000      0.2375000       1.252629    
   8.375000      0.2375000     -0.6799187    
   8.625000      0.2375000       1.726525    
   8.875000      0.2375000      -1.190962    
   9.125000      0.2375000       2.437450    
   9.375000      0.2375000      -2.003972    
   9.625000      0.2375000       3.540632    
   9.875000      0.2375000      -3.333198    
   10.00000      0.2375000       1.000000    
 
  0.0000000E+00  0.2625000      0.0000000E+00
  0.1250000      0.2625000      1.3673444E-03
  0.3750000      0.2625000     -1.9235730E-03
  0.6250000      0.2625000      4.4003264E-03
  0.8750000      0.2625000      1.8474407E-03
   1.125000      0.2625000      1.2849425E-02
   1.375000      0.2625000      9.7436970E-03
   1.625000      0.2625000      2.5969043E-02
   1.875000      0.2625000      2.0507803E-02
   2.125000      0.2625000      4.3185133E-02
   2.375000      0.2625000      3.3093717E-02
   2.625000      0.2625000      6.4381331E-02
   2.875000      0.2625000      4.6521187E-02
   3.125000      0.2625000      8.9827649E-02
   3.375000      0.2625000      5.9669621E-02
   3.625000      0.2625000      0.1201985    
   3.875000      0.2625000      7.1093582E-02
   4.125000      0.2625000      0.1566949    
   4.375000      0.2625000      7.8804798E-02
   4.625000      0.2625000      0.2012628    
   4.875000      0.2625000      7.9975240E-02
   5.125000      0.2625000      0.2569344    
   5.375000      0.2625000      7.0501924E-02
   5.625000      0.2625000      0.3283504    
   5.875000      0.2625000      4.4361308E-02
   6.125000      0.2625000      0.4225430    
   6.375000      0.2625000     -7.3534339E-03
   6.625000      0.2625000      0.5501205    
   6.875000      0.2625000     -9.7901218E-02
   7.125000      0.2625000      0.7270768    
   7.375000      0.2625000     -0.2471588    
   7.625000      0.2625000      0.9776385    
   7.875000      0.2625000     -0.4852535    
   8.125000      0.2625000       1.338941    
   8.375000      0.2625000     -0.8587136    
   8.625000      0.2625000       1.869255    
   8.875000      0.2625000      -1.441704    
   9.125000      0.2625000       2.663666    
   9.375000      0.2625000      -2.358351    
   9.625000      0.2625000       3.886190    
   9.875000      0.2625000      -3.828191    
   10.00000      0.2625000       1.000000    
 
  0.0000000E+00  0.2875000      0.0000000E+00
  0.1250000      0.2875000      1.6058406E-03
  0.3750000      0.2875000     -2.4091143E-03
  0.6250000      0.2875000      3.8172277E-03
  0.8750000      0.2875000     -2.8915011E-04
   1.125000      0.2875000      1.0491167E-02
   1.375000      0.2875000      5.2832901E-03
   1.625000      0.2875000      2.1566316E-02
   1.875000      0.2875000      1.3471880E-02
   2.125000      0.2875000      3.6789402E-02
   2.375000      0.2875000      2.3365444E-02
   2.625000      0.2875000      5.6204170E-02
   2.875000      0.2875000      3.3982605E-02
   3.125000      0.2875000      8.0192849E-02
   3.375000      0.2875000      4.4123195E-02
   3.625000      0.2875000      0.1095512    
   3.875000      0.2875000      5.2196871E-02
   4.125000      0.2875000      0.1456496    
   4.375000      0.2875000      5.5994183E-02
   4.625000      0.2875000      0.1906876    
   4.875000      0.2875000      5.2359156E-02
   5.125000      0.2875000      0.2480808    
   5.375000      0.2875000      3.6702272E-02
   5.625000      0.2875000      0.3230478    
   5.875000      0.2875000      2.2776998E-03
   6.125000      0.2875000      0.4234874    
   6.375000      0.2875000     -6.0894649E-02
   6.625000      0.2875000      0.5613023    
   6.875000      0.2875000     -0.1676642    
   7.125000      0.2875000      0.7544076    
   7.375000      0.2875000     -0.3402506    
   7.625000      0.2875000       1.029851    
   7.875000      0.2875000     -0.6121927    
   8.125000      0.2875000       1.428844    
   8.375000      0.2875000      -1.034874    
   8.625000      0.2875000       2.015343    
   8.875000      0.2875000      -1.689011    
   9.125000      0.2875000       2.891695    
   9.375000      0.2875000      -2.706197    
   9.625000      0.2875000       4.228181    
   9.875000      0.2875000      -4.307871    
   10.00000      0.2875000       1.000000    
 
  0.0000000E+00  0.3125000      0.0000000E+00
  0.1250000      0.3125000      1.8321269E-03
  0.3750000      0.3125000     -2.7670469E-03
  0.6250000      0.3125000      3.5507986E-03
  0.8750000      0.3125000     -1.8856418E-03
   1.125000      0.3125000      8.8576125E-03
   1.375000      0.3125000      1.7502927E-03
   1.625000      0.3125000      1.8237114E-02
   1.875000      0.3125000      7.6925522E-03
   2.125000      0.3125000      3.1761140E-02
   2.375000      0.3125000      1.5179498E-02
   2.625000      0.3125000      4.9645901E-02
   2.875000      0.3125000      2.3239978E-02
   3.125000      0.3125000      7.2392263E-02
   3.375000      0.3125000      3.0601464E-02
   3.625000      0.3125000      0.1009201    
   3.875000      0.3125000      3.5534751E-02
   4.125000      0.3125000      0.1367701    
   4.375000      0.3125000      3.5615332E-02
   4.625000      0.3125000      0.1823947    
   4.875000      0.3125000      2.7366363E-02
   5.125000      0.3125000      0.2415907    
   5.375000      0.3125000      5.7204561E-03
   5.625000      0.3125000      0.3201498    
   5.875000      0.3125000     -3.6779627E-02
   6.125000      0.3125000      0.4268293    
   6.375000      0.3125000     -0.1111722    
   6.625000      0.3125000      0.5748113    
   6.875000      0.3125000     -0.2338737    
   7.125000      0.3125000      0.7839031    
   7.375000      0.3125000     -0.4294017    
   7.625000      0.3125000       1.083910    
   7.875000      0.3125000     -0.7346069    
   8.125000      0.3125000       1.519964    
   8.375000      0.3125000      -1.205475    
   8.625000      0.3125000       2.161305    
   8.875000      0.3125000      -1.928623    
   9.125000      0.3125000       3.116498    
   9.375000      0.3125000      -3.041507    
   9.625000      0.3125000       4.559834    
   9.875000      0.3125000      -4.764881    
   10.00000      0.3125000       1.000000    
 
  0.0000000E+00  0.3375000      0.0000000E+00
  0.1250000      0.3375000      2.0381669E-03
  0.3750000      0.3375000     -3.0456220E-03
  0.6250000      0.3375000      3.4923959E-03
  0.8750000      0.3375000     -3.0679044E-03
   1.125000      0.3375000      7.7866134E-03
   1.375000      0.3375000     -1.0022949E-03
   1.625000      0.3375000      1.5806725E-02
   1.875000      0.3375000      3.0325779E-03
   2.125000      0.3375000      2.7929086E-02
   2.375000      0.3375000      8.4224055E-03
   2.625000      0.3375000      4.4541225E-02
   2.875000      0.3375000      1.4210849E-02
   3.125000      0.3375000      6.6262022E-02
   3.375000      0.3375000      1.9059215E-02
   3.625000      0.3375000      9.4133832E-02
   3.875000      0.3375000      2.1107521E-02
   4.125000      0.3375000      0.1298639    
   4.375000      0.3375000      1.7726947E-02
   4.625000      0.3375000      0.1761511    
   4.875000      0.3375000      5.1341183E-03
   5.125000      0.3375000      0.2371626    
   5.375000      0.3375000     -2.2196820E-02
   5.625000      0.3375000      0.3192458    
   5.875000      0.3375000     -7.2407767E-02
   6.125000      0.3375000      0.4319893    
   6.375000      0.3375000     -0.1575572    
   6.625000      0.3375000      0.5898125    
   6.875000      0.3375000     -0.2955716    
   7.125000      0.3375000      0.8143457    
   7.375000      0.3375000     -0.5131754    
   7.625000      0.3375000       1.138035    
   7.875000      0.3375000     -0.8503677    
   8.125000      0.3375000       1.609707    
   8.375000      0.3375000      -1.367408    
   8.625000      0.3375000       2.303405    
   8.875000      0.3375000      -2.156100    
   9.125000      0.3375000       3.332866    
   9.375000      0.3375000      -3.358282    
   9.625000      0.3375000       4.874512    
   9.875000      0.3375000      -5.192254    
   10.00000      0.3375000       1.000000    
 
  0.0000000E+00  0.3625000      0.0000000E+00
  0.1250000      0.3625000      2.2204891E-03
  0.3750000      0.3625000     -3.2735725E-03
  0.6250000      0.3625000      3.5578911E-03
  0.8750000      0.3625000     -3.9377548E-03
   1.125000      0.3625000      7.1358522E-03
   1.375000      0.3625000     -3.1046912E-03
   1.625000      0.3625000      1.4112541E-02
   1.875000      0.3625000     -6.3504832E-04
   2.125000      0.3625000      2.5127767E-02
   2.375000      0.3625000      2.9859068E-03
   2.625000      0.3625000      4.0725306E-02
   2.875000      0.3625000      6.8140272E-03
   3.125000      0.3625000      6.1633874E-02
   3.375000      0.3625000      9.4493255E-03
   3.625000      0.3625000      8.9011647E-02
   3.875000      0.3625000      8.9113247E-03
   4.125000      0.3625000      0.1247242    
   4.375000      0.3625000      2.3824580E-03
   4.625000      0.3625000      0.1717042    
   4.875000      0.3625000     -1.4205278E-02
   5.125000      0.3625000      0.2344691    
   5.375000      0.3625000     -4.6805590E-02
   5.625000      0.3625000      0.3198917    
   5.875000      0.3625000     -0.1042017    
   6.125000      0.3625000      0.4383443    
   6.375000      0.3625000     -0.1994102    
   6.625000      0.3625000      0.6054130    
   6.875000      0.3625000     -0.3517763    
   7.125000      0.3625000      0.8444427    
   7.375000      0.3625000     -0.5900931    
   7.625000      0.3625000       1.190350    
   7.875000      0.3625000     -0.9572862    
   8.125000      0.3625000       1.695366    
   8.375000      0.3625000      -1.517501    
   8.625000      0.3625000       2.437813    
   8.875000      0.3625000      -2.367001    
   9.125000      0.3625000       3.535619    
   9.375000      0.3625000      -3.650744    
   9.625000      0.3625000       5.165927    
   9.875000      0.3625000      -5.583574    
   10.00000      0.3625000       1.000000    
 
  0.0000000E+00  0.3875000      0.0000000E+00
  0.1250000      0.3875000      2.3775690E-03
  0.3750000      0.3875000     -3.4656455E-03
  0.6250000      0.3875000      3.6849503E-03
  0.8750000      0.3875000     -4.5729107E-03
   1.125000      0.3875000      6.7868070E-03
   1.375000      0.3875000     -4.6652798E-03
   1.625000      0.3875000      1.3011816E-02
   1.875000      0.3875000     -3.4201741E-03
   2.125000      0.3875000      2.3206785E-02
   2.375000      0.3875000     -1.2260653E-03
   2.625000      0.3875000      3.8043585E-02
   2.875000      0.3875000      9.7563898E-04
   3.125000      0.3875000      5.8345295E-02
   3.375000      0.3875000      1.7273977E-03
   3.625000      0.3875000      8.5374549E-02
   3.875000      0.3875000     -1.0591449E-03
   4.125000      0.3875000      0.1211423    
   4.375000      0.3875000     -1.0369914E-02
   4.625000      0.3875000      0.1687963    
   4.875000      0.3875000     -3.0528070E-02
   5.125000      0.3875000      0.2331752    
   5.375000      0.3875000     -6.7873240E-02
   5.625000      0.3875000      0.3216327    
   5.875000      0.3875000     -0.1317702    
   6.125000      0.3875000      0.4452587    
   6.375000      0.3875000     -0.2361069    
   6.625000      0.3875000      0.6207055    
   6.875000      0.3875000     -0.4015233    
   7.125000      0.3875000      0.8728854    
   7.375000      0.3875000     -0.6586975    
   7.625000      0.3875000       1.238963    
   7.875000      0.3875000      -1.053205    
   8.125000      0.3875000       1.774236    
   8.375000      0.3875000      -1.652648    
   8.625000      0.3875000       2.560764    
   8.875000      0.3875000      -2.557063    
   9.125000      0.3875000       3.719811    
   9.375000      0.3875000      -3.913538    
   9.625000      0.3875000       5.428317    
   9.875000      0.3875000      -5.933100    
   10.00000      0.3875000       1.000000    
 
  0.0000000E+00  0.4125000      0.0000000E+00
  0.1250000      0.4125000      2.5084065E-03
  0.3750000      0.4125000     -3.6276144E-03
  0.6250000      0.4125000      3.8294108E-03
  0.8750000      0.4125000     -5.0287503E-03
   1.125000      0.4125000      6.6467510E-03
   1.375000      0.4125000     -5.7675522E-03
   1.625000      0.4125000      1.2387679E-02
   1.875000      0.4125000     -5.4102913E-03
   2.125000      0.4125000      2.2038635E-02
   2.375000      0.4125000     -4.2919735E-03
   2.625000      0.4125000      3.6360361E-02
   2.875000      0.4125000     -3.3662408E-03
   3.125000      0.4125000      5.6248639E-02
   3.375000      0.4125000     -4.1449661E-03
   3.625000      0.4125000      8.3055153E-02
   3.875000      0.4125000     -8.8093001E-03
   4.125000      0.4125000      0.1189190    
   4.375000      0.4125000     -2.0488432E-02
   4.625000      0.4125000      0.1671783    
   4.875000      0.4125000     -4.3723952E-02
   5.125000      0.4125000      0.2329554    
   5.375000      0.4125000     -8.5188739E-02
   5.625000      0.4125000      0.3240276    
   5.875000      0.4125000     -0.1547534    
   6.125000      0.4125000      0.4521164    
   6.375000      0.4125000     -0.2670685    
   6.625000      0.4125000      0.6348137    
   6.875000      0.4125000     -0.4439112    
   7.125000      0.4125000      0.8984140    
   7.375000      0.4125000     -0.7176193    
   7.625000      0.4125000       1.282063    
   7.875000      0.4125000      -1.136097    
   8.125000      0.4125000       1.843746    
   8.375000      0.4125000      -1.769951    
   8.625000      0.4125000       2.668724    
   8.875000      0.4125000      -2.722368    
   9.125000      0.4125000       3.880917    
   9.375000      0.4125000      -4.141887    
   9.625000      0.4125000       5.656594    
   9.875000      0.4125000      -6.235887    
   10.00000      0.4125000       1.000000    
 
  0.0000000E+00  0.4375000      0.0000000E+00
  0.1250000      0.4375000      2.6118946E-03
  0.3750000      0.4375000     -3.7603099E-03
  0.6250000      0.4375000      3.9616958E-03
  0.8750000      0.4375000     -5.3407964E-03
   1.125000      0.4375000      6.6494909E-03
   1.375000      0.4375000     -6.4684805E-03
   1.625000      0.4375000      1.2153479E-02
   1.875000      0.4375000     -6.6669388E-03
   2.125000      0.4375000      2.1524742E-02
   2.375000      0.4375000     -6.2688459E-03
   2.625000      0.4375000      3.5565607E-02
   2.875000      0.4375000     -6.2584383E-03
   3.125000      0.4375000      5.5218663E-02
   3.375000      0.4375000     -8.1982445E-03
   3.625000      0.4375000      8.1906140E-02
   3.875000      0.4375000     -1.4344496E-02
   4.125000      0.4375000      0.1178746    
   4.375000      0.4375000     -2.7940143E-02
   4.625000      0.4375000      0.1666227    
   4.875000      0.4375000     -5.3701960E-02
   5.125000      0.4375000      0.2335108    
   5.375000      0.4375000     -9.8573610E-02
   5.625000      0.4375000      0.3266706    
   5.875000      0.4375000     -0.1728416    
   6.125000      0.4375000      0.4583523    
   6.375000      0.4375000     -0.2917895    
   6.625000      0.4375000      0.6469355    
   6.875000      0.4375000     -0.4781456    
   7.125000      0.4375000      0.9198785    
   7.375000      0.4375000     -0.7656449    
   7.625000      0.4375000       1.318002    
   7.875000      0.4375000      -1.204161    
   8.125000      0.4375000       1.901567    
   8.375000      0.4375000      -1.866836    
   8.625000      0.4375000       2.758530    
   8.875000      0.4375000      -2.859480    
   9.125000      0.4375000       4.014967    
   9.375000      0.4375000      -4.331716    
   9.625000      0.4375000       5.846439    
   9.875000      0.4375000      -6.487855    
   10.00000      0.4375000       1.000000    
 
  0.0000000E+00  0.4625000      0.0000000E+00
  0.1250000      0.4625000      2.6866554E-03
  0.3750000      0.4625000     -3.8625377E-03
  0.6250000      0.4625000      4.0639970E-03
  0.8750000      0.4625000     -5.5270232E-03
   1.125000      0.4625000      6.7556538E-03
   1.375000      0.4625000     -6.7977426E-03
   1.625000      0.4625000      1.2255915E-02
   1.875000      0.4625000     -7.2234701E-03
   2.125000      0.4625000      2.1599900E-02
   2.375000      0.4625000     -7.1899612E-03
   2.625000      0.4625000      3.5580181E-02
   2.875000      0.4625000     -7.7309529E-03
   3.125000      0.4625000      5.5158366E-02
   3.375000      0.4625000     -1.0454300E-02
   3.625000      0.4625000      8.1807129E-02
   3.875000      0.4625000     -1.7670820E-02
   4.125000      0.4625000      0.1178573    
   4.375000      0.4625000     -3.2703813E-02
   4.625000      0.4625000      0.1669337    
   4.875000      0.4625000     -6.0396448E-02
   5.125000      0.4625000      0.2345828    
   5.375000      0.4625000     -0.1078926    
   5.625000      0.4625000      0.3292116    
   5.875000      0.4625000     -0.1857929    
   6.125000      0.4625000      0.4634805    
   6.375000      0.4625000     -0.3098663    
   6.625000      0.4625000      0.6563842    
   6.875000      0.4625000     -0.5035817    
   7.125000      0.4625000      0.9362976    
   7.375000      0.4625000     -0.8017768    
   7.625000      0.4625000       1.345376    
   7.875000      0.4625000      -1.255903    
   8.125000      0.4625000       1.945722    
   8.375000      0.4625000      -1.941171    
   8.625000      0.4625000       2.827515    
   8.875000      0.4625000      -2.965574    
   9.125000      0.4625000       4.118670    
   9.375000      0.4625000      -4.479743    
   9.625000      0.4625000       5.994371    
   9.875000      0.4625000      -6.685815    
   10.00000      0.4625000       1.000000    
 
  0.0000000E+00  0.4875000      0.0000000E+00
  0.1250000      0.4875000      2.7310327E-03
  0.3750000      0.4875000     -3.9328802E-03
  0.6250000      0.4875000      4.1286931E-03
  0.8750000      0.4875000     -5.5892137E-03
   1.125000      0.4875000      6.9531123E-03
   1.375000      0.4875000     -6.7573055E-03
   1.625000      0.4875000      1.2677051E-02
   1.875000      0.4875000     -7.0840335E-03
   2.125000      0.4875000      2.2235040E-02
   2.375000      0.4875000     -7.0639872E-03
   2.625000      0.4875000      3.6358986E-02
   2.875000      0.4875000     -7.7966060E-03
   3.125000      0.4875000      5.6002863E-02
   3.375000      0.4875000     -1.0926788E-02
   3.625000      0.4875000      8.2669623E-02
   3.875000      0.4875000     -1.8796612E-02
   4.125000      0.4875000      0.1187496    
   4.375000      0.4875000     -3.4773171E-02
   4.625000      0.4875000      0.1679566    
   4.875000      0.4875000     -6.3773029E-02
   5.125000      0.4875000      0.2359661    
   5.375000      0.4875000     -0.1130637    
   5.625000      0.4875000      0.3313731    
   5.875000      0.4875000     -0.1934483    
   6.125000      0.4875000      0.4671187    
   6.375000      0.4875000     -0.3210210    
   6.625000      0.4875000      0.6626229    
   6.875000      0.4875000     -0.5197608    
   7.125000      0.4875000      0.9469074    
   7.375000      0.4875000     -0.8252890    
   7.625000      0.4875000       1.363097    
   7.875000      0.4875000      -1.290219    
   8.125000      0.4875000       1.974679    
   8.375000      0.4875000      -1.991356    
   8.625000      0.4875000       2.873615    
   8.875000      0.4875000      -3.038526    
   9.125000      0.4875000       4.189501    
   9.375000      0.4875000      -4.583533    
   9.625000      0.4875000       6.097780    
   9.875000      0.4875000      -6.827506    
   10.00000      0.4875000       1.000000    
 
  0.0000000E+00  0.5125000      0.0000000E+00
  0.1250000      0.5125000      2.7430642E-03
  0.3750000      0.5125000     -3.9703902E-03
  0.6250000      0.5125000      4.1583232E-03
  0.8750000      0.5125000     -5.5128806E-03
   1.125000      0.5125000      7.2579505E-03
   1.375000      0.5125000     -6.3210204E-03
   1.625000      0.5125000      1.3435428E-02
   1.875000      0.5125000     -6.2235920E-03
   2.125000      0.5125000      2.3438273E-02
   2.375000      0.5125000     -5.8755036E-03
   2.625000      0.5125000      3.7892293E-02
   2.875000      0.5125000     -6.4519704E-03
   3.125000      0.5125000      5.7721201E-02
   3.375000      0.5125000     -9.6225198E-03
   3.625000      0.5125000      8.4439784E-02
   3.875000      0.5125000     -1.7734500E-02
   4.125000      0.5125000      0.1204726    
   4.375000      0.5125000     -3.4160014E-02
   4.625000      0.5125000      0.1695837    
   4.875000      0.5125000     -6.3833408E-02
   5.125000      0.5125000      0.2375170    
   5.375000      0.5125000     -0.1140653    
   5.625000      0.5125000      0.3329632    
   5.875000      0.5125000     -0.1957448    
   6.125000      0.5125000      0.4690070    
   6.375000      0.5125000     -0.3251210    
   6.625000      0.5125000      0.6652920    
   6.875000      0.5125000     -0.5264400    
   7.125000      0.5125000      0.9512010    
   7.375000      0.5125000     -0.8357693    
   7.625000      0.5125000       1.370440    
   7.875000      0.5125000      -1.306447    
   8.125000      0.5125000       1.987420    
   8.375000      0.5125000      -2.016401    
   8.625000      0.5125000       2.895448    
   8.875000      0.5125000      -3.076987    
   9.125000      0.5125000       4.225771    
   9.375000      0.5125000      -4.641550    
   9.625000      0.5125000       6.154967    
   9.875000      0.5125000      -6.911591    
   10.00000      0.5125000       1.000000    
 
  0.0000000E+00  0.5375000      0.0000000E+00
  0.1250000      0.5375000      2.7203276E-03
  0.3750000      0.5375000     -3.9740535E-03
  0.6250000      0.5375000      4.1673286E-03
  0.8750000      0.5375000     -5.2654664E-03
   1.125000      0.5375000      7.7160965E-03
   1.375000      0.5375000     -5.4341210E-03
   1.625000      0.5375000      1.4586202E-02
   1.875000      0.5375000     -4.5889346E-03
   2.125000      0.5375000      2.5254061E-02
   2.375000      0.5375000     -3.5867756E-03
   2.625000      0.5375000      4.0204771E-02
   2.875000      0.5375000     -3.6793884E-03
   3.125000      0.5375000      6.0315952E-02
   3.375000      0.5375000     -6.5435432E-03
   3.625000      0.5375000      8.7098643E-02
   3.875000      0.5375000     -1.4503576E-02
   4.125000      0.5375000      0.1229874    
   4.375000      0.5375000     -3.0896770E-02
   4.625000      0.5375000      0.1717570    
   4.875000      0.5375000     -6.0618788E-02
   5.125000      0.5375000      0.2391579    
   5.375000      0.5375000     -0.1109418    
   5.625000      0.5375000      0.3338827    
   5.875000      0.5375000     -0.1927221    
   6.125000      0.5375000      0.4690182    
   6.375000      0.5375000     -0.3221898    
   6.625000      0.5375000      0.6642250    
   6.875000      0.5375000     -0.5236082    
   7.125000      0.5375000      0.9489517    
   7.375000      0.5375000     -0.8331439    
   7.625000      0.5375000       1.367089    
   7.875000      0.5375000      -1.304411    
   8.125000      0.5375000       1.983485    
   8.375000      0.5375000      -2.015968    
   8.625000      0.5375000       2.892367    
   8.875000      0.5375000      -3.080430    
   9.125000      0.5375000       4.226651    
   9.375000      0.5375000      -4.653161    
   9.625000      0.5375000       6.165123    
   9.875000      0.5375000      -6.937636    
   10.00000      0.5375000       1.000000    
 
  0.0000000E+00  0.5625000      0.0000000E+00
  0.1250000      0.5625000      2.6597322E-03
  0.3750000      0.5625000     -3.9408309E-03
  0.6250000      0.5625000      4.1857106E-03
  0.8750000      0.5625000     -4.7929049E-03
   1.125000      0.5625000      8.4054638E-03
   1.375000      0.5625000     -4.0128445E-03
   1.625000      0.5625000      1.6220156E-02
   1.875000      0.5625000     -2.1007697E-03
   2.125000      0.5625000      2.7760671E-02
   2.375000      0.5625000     -1.4078377E-04
   2.625000      0.5625000      4.3352641E-02
   2.875000      0.5625000      5.4999063E-04
   3.125000      0.5625000      6.3820623E-02
   3.375000      0.5625000     -1.6897963E-03
   3.625000      0.5625000      9.0660252E-02
   3.875000      0.5625000     -9.1316607E-03
   4.125000      0.5625000      0.1262934    
   4.375000      0.5625000     -2.5038382E-02
   4.625000      0.5625000      0.1744673    
   4.875000      0.5625000     -5.4211609E-02
   5.125000      0.5625000      0.2408780    
   5.375000      0.5625000     -0.1038052    
   5.625000      0.5625000      0.3341263    
   5.875000      0.5625000     -0.1845250    
   6.125000      0.5625000      0.4671611    
   6.375000      0.5625000     -0.3124110    
   6.625000      0.5625000      0.6594541    
   6.875000      0.5625000     -0.5114941    
   7.125000      0.5625000      0.9402235    
   7.375000      0.5625000     -0.8176890    
   7.625000      0.5625000       1.353141    
   7.875000      0.5625000      -1.284429    
   8.125000      0.5625000       1.962994    
   8.375000      0.5625000      -1.990399    
   8.625000      0.5625000       2.864484    
   8.875000      0.5625000      -3.049172    
   9.125000      0.5625000       4.192204    
   9.375000      0.5625000      -4.618649    
   9.625000      0.5625000       6.128341    
   9.875000      0.5625000      -6.906096    
   10.00000      0.5625000       1.000000    
 
  0.0000000E+00  0.5875000      0.0000000E+00
  0.1250000      0.5875000      2.5574556E-03
  0.3750000      0.5875000     -3.8618867E-03
  0.6250000      0.5875000      4.2646183E-03
  0.8750000      0.5875000     -4.0148934E-03
   1.125000      0.5875000      9.4380612E-03
   1.375000      0.5875000     -1.9446184E-03
   1.625000      0.5875000      1.8461376E-02
   1.875000      0.5875000      1.3429518E-03
   2.125000      0.5875000      3.1065851E-02
   2.375000      0.5875000      4.5346040E-03
   2.625000      0.5875000      4.7419075E-02
   2.875000      0.5875000      6.2723942E-03
   3.125000      0.5875000      6.8295479E-02
   3.375000      0.5875000      4.9378714E-03
   3.625000      0.5875000      9.5168062E-02
   3.875000      0.5875000     -1.6572968E-03
   4.125000      0.5875000      0.1304259    
   4.375000      0.5875000     -1.6663356E-02
   4.625000      0.5875000      0.1777523    
   4.875000      0.5875000     -4.4735514E-02
   5.125000      0.5875000      0.2427306    
   5.375000      0.5875000     -9.2833742E-02
   5.625000      0.5875000      0.3337805    
   5.875000      0.5875000     -0.1714021    
   6.125000      0.5875000      0.4635782    
   6.375000      0.5875000     -0.2961251    
   6.625000      0.5875000      0.6512070    
   6.875000      0.5875000     -0.4905601    
   7.125000      0.5875000      0.9253666    
   7.375000      0.5875000     -0.7900265    
   7.625000      0.5875000       1.329108    
   7.875000      0.5875000      -1.247316    
   8.125000      0.5875000       1.926655    
   8.375000      0.5875000      -1.940713    
   8.625000      0.5875000       2.812685    
   8.875000      0.5875000      -2.984385    
   9.125000      0.5875000       4.123407    
   9.375000      0.5875000      -4.539222    
   9.625000      0.5875000       6.045619    
   9.875000      0.5875000      -6.818309    
   10.00000      0.5875000       1.000000    
 
  0.0000000E+00  0.6125000      0.0000000E+00
  0.1250000      0.6125000      2.4093832E-03
  0.3750000      0.6125000     -3.7165410E-03
  0.6250000      0.6125000      4.4835997E-03
  0.8750000      0.6125000     -2.8196331E-03
   1.125000      0.6125000      1.0961271E-02
   1.375000      0.6125000      9.1059244E-04
   1.625000      0.6125000      2.1463072E-02
   1.875000      0.6125000      5.8623906E-03
   2.125000      0.6125000      3.5300639E-02
   2.375000      0.6125000      1.0521470E-02
   2.625000      0.6125000      5.2507736E-02
   2.875000      0.6125000      1.3527007E-02
   3.125000      0.6125000      7.3821396E-02
   3.375000      0.6125000      1.3334563E-02
   3.625000      0.6125000      0.1006890    
   3.875000      0.6125000      7.8685917E-03
   4.125000      0.6125000      0.1354496    
   4.375000      0.6125000     -5.8735576E-03
   4.625000      0.6125000      0.1816896    
   4.875000      0.6125000     -3.2353118E-02
   5.125000      0.6125000      0.2448258    
   5.375000      0.6125000     -7.8267291E-02
   5.625000      0.6125000      0.3330138    
   5.875000      0.6125000     -0.1536961    
   6.125000      0.6125000      0.4585326    
   6.375000      0.6125000     -0.2738162    
   6.625000      0.6125000      0.6398908    
   6.875000      0.6125000     -0.4614846    
   7.125000      0.6125000      0.9049959    
   7.375000      0.6125000     -0.7510981    
   7.625000      0.6125000       1.295891    
   7.875000      0.6125000      -1.194354    
   8.125000      0.6125000       1.875724    
   8.375000      0.6125000      -1.868576    
   8.625000      0.6125000       2.738595    
   8.875000      0.6125000      -2.888067    
   9.125000      0.6125000       4.022123    
   9.375000      0.6125000      -4.417011    
   9.625000      0.6125000       5.918854    
   9.875000      0.6125000      -6.676503    
   10.00000      0.6125000       1.000000    
 
  0.0000000E+00  0.6375000      0.0000000E+00
  0.1250000      0.6375000      2.2127647E-03
  0.3750000      0.6375000     -3.4635873E-03
  0.6250000      0.6375000      4.9589067E-03
  0.8750000      0.6375000     -1.0591694E-03
   1.125000      0.6375000      1.3157268E-02
   1.375000      0.6375000      4.7170324E-03
   1.625000      0.6375000      2.5401361E-02
   1.875000      0.6375000      1.1589690E-02
   2.125000      0.6375000      4.0611573E-02
   2.375000      0.6375000      1.7905811E-02
   2.625000      0.6375000      5.8735076E-02
   2.875000      0.6375000      2.2351185E-02
   3.125000      0.6375000      8.0492586E-02
   3.375000      0.6375000      2.3488214E-02
   3.625000      0.6375000      0.1073067    
   3.875000      0.6375000      1.9381570E-02
   4.125000      0.6375000      0.1414520    
   4.375000      0.6375000      7.2068819E-03
   4.625000      0.6375000      0.1863887    
   4.875000      0.6375000     -1.7262032E-02
   5.125000      0.6375000      0.2473200    
   5.375000      0.6375000     -6.0399693E-02
   5.625000      0.6375000      0.3320639    
   5.875000      0.6375000     -0.1318325    
   6.125000      0.6375000      0.4523906    
   6.375000      0.6375000     -0.2460932    
   6.625000      0.6375000      0.6260662    
   6.875000      0.6375000     -0.4251343    
   7.125000      0.6375000      0.8799570    
   7.375000      0.6375000     -0.7021261    
   7.625000      0.6375000       1.254732    
   7.875000      0.6375000      -1.127234    
   8.125000      0.6375000       1.811955    
   8.375000      0.6375000      -1.776248    
   8.625000      0.6375000       2.644534    
   8.875000      0.6375000      -2.763015    
   9.125000      0.6375000       3.891086    
   9.375000      0.6375000      -4.255047    
   9.625000      0.6375000       5.750832    
   9.875000      0.6375000      -6.483729    
   10.00000      0.6375000       1.000000    
 
  0.0000000E+00  0.6625000      0.0000000E+00
  0.1250000      0.6625000      1.9700057E-03
  0.3750000      0.6625000     -3.0299257E-03
  0.6250000      0.6625000      5.8516487E-03
  0.8750000      0.6625000      1.4531292E-03
   1.125000      0.6625000      1.6239543E-02
   1.375000      0.6625000      9.6573783E-03
   1.625000      0.6625000      3.0466802E-02
   1.875000      0.6625000      1.8661413E-02
   2.125000      0.6625000      4.7151558E-02
   2.375000      0.6625000      2.6770879E-02
   2.625000      0.6625000      6.6221774E-02
   2.875000      0.6625000      3.2775518E-02
   3.125000      0.6625000      8.8408612E-02
   3.375000      0.6625000      3.5376698E-02
   3.625000      0.6625000      0.1151131    
   3.875000      0.6625000      3.2803062E-02
   4.125000      0.6625000      0.1485341    
   4.375000      0.6625000      2.2433635E-02
   4.625000      0.6625000      0.1919815    
   4.875000      0.6625000      3.1072024E-04
   5.125000      0.6625000      0.2504041    
   5.375000      0.6625000     -3.9568525E-02
   5.625000      0.6625000      0.3312205    
   5.875000      0.6625000     -0.1063021    
   6.125000      0.6625000      0.4455975    
   6.375000      0.6625000     -0.2136642    
   6.625000      0.6625000      0.6104155    
   6.875000      0.6625000     -0.3825260    
   7.125000      0.6625000      0.8512800    
   7.375000      0.6625000     -0.6445614    
   7.625000      0.6625000       1.207154    
   7.875000      0.6625000      -1.047997    
   8.125000      0.6625000       1.737525    
   8.375000      0.6625000      -1.666500    
   8.625000      0.6625000       2.533436    
   8.875000      0.6625000      -2.612741    
   9.125000      0.6625000       3.733850    
   9.375000      0.6625000      -4.057251    
   9.625000      0.6625000       5.545225    
   9.875000      0.6625000      -6.243886    
   10.00000      0.6625000       1.000000    
 
  0.0000000E+00  0.6875000      0.0000000E+00
  0.1250000      0.6875000      1.6957932E-03
  0.3750000      0.6875000     -2.2971130E-03
  0.6250000      0.6875000      7.3739919E-03
  0.8750000      0.6875000      4.9413000E-03
   1.125000      0.6875000      2.0445559E-02
   1.375000      0.6875000      1.5924072E-02
   1.625000      0.6875000      3.6853883E-02
   1.875000      0.6875000      2.7209798E-02
   2.125000      0.6875000      5.5069897E-02
   2.375000      0.6875000      3.7190299E-02
   2.625000      0.6875000      7.5083792E-02
   2.875000      0.6875000      4.4819098E-02
   3.125000      0.6875000      9.7666107E-02
   3.375000      0.6875000      4.8965294E-02
   3.625000      0.6875000      0.1242010    
   3.875000      0.6875000      4.8040252E-02
   4.125000      0.6875000      0.1568028    
   4.375000      0.6875000      3.9645005E-02
   4.625000      0.6875000      0.1986112    
   4.875000      0.6875000      2.0115150E-02
   5.125000      0.6875000      0.2542894    
   5.375000      0.6875000     -1.6143499E-02
   5.625000      0.6875000      0.3308073    
   5.875000      0.6875000     -7.7642806E-02
   6.125000      0.6875000      0.4386531    
   6.375000      0.6875000     -0.1773077    
   6.625000      0.6875000      0.5937055    
   6.875000      0.6875000     -0.3347842    
   7.125000      0.6875000      0.8201278    
   7.375000      0.6875000     -0.5800211    
   7.625000      0.6875000       1.154889    
   7.875000      0.6875000     -0.9589420    
   8.125000      0.6875000       1.654940    
   8.375000      0.6875000      -1.542513    
   8.625000      0.6875000       2.408751    
   8.875000      0.6875000      -2.441390    
   9.125000      0.6875000       3.554727    
   9.375000      0.6875000      -3.828390    
   9.625000      0.6875000       5.306591    
   9.875000      0.6875000      -5.961702    
   10.00000      0.6875000       1.000000    
 
  0.0000000E+00  0.7125000      0.0000000E+00
  0.1250000      0.7125000      1.4287608E-03
  0.3750000      0.7125000     -1.0873625E-03
  0.6250000      0.7125000      9.7909737E-03
  0.8750000      0.7125000      9.6601201E-03
   1.125000      0.7125000      2.6025081E-02
   1.375000      0.7125000      2.3707818E-02
   1.625000      0.7125000      4.4748731E-02
   1.875000      0.7125000      3.7353203E-02
   2.125000      0.7125000      6.4501964E-02
   2.375000      0.7125000      4.9221136E-02
   2.625000      0.7125000      8.5423514E-02
   2.875000      0.7125000      5.8484994E-02
   3.125000      0.7125000      0.1083507    
   3.375000      0.7125000      6.4204492E-02
   3.625000      0.7125000      0.1346552    
   3.875000      0.7125000      6.4986326E-02
   4.125000      0.7125000      0.1663602    
   4.375000      0.7125000      5.8665175E-02
   4.625000      0.7125000      0.2064216    
   4.875000      0.7125000      4.1885462E-02
   5.125000      0.7125000      0.2591932    
   5.375000      0.7125000      9.4860150E-03
   5.625000      0.7125000      0.3311615    
   5.875000      0.7125000     -4.6419382E-02
   6.125000      0.7125000      0.4320819    
   6.375000      0.7125000     -0.1378415    
   6.625000      0.7125000      0.5767462    
   6.875000      0.7125000     -0.2830940    
   7.125000      0.7125000      0.7877367    
   7.375000      0.7125000     -0.5102212    
   7.625000      0.7125000       1.099794    
   7.875000      0.7125000     -0.8625343    
   8.125000      0.7125000       1.566925    
   8.375000      0.7125000      -1.407758    
   8.625000      0.7125000       2.274311    
   8.875000      0.7125000      -2.253606    
   9.125000      0.7125000       3.358674    
   9.375000      0.7125000      -3.574014    
   9.625000      0.7125000       5.040349    
   9.875000      0.7125000      -5.642736    
   10.00000      0.7125000       1.000000    
 
  0.0000000E+00  0.7375000      0.0000000E+00
  0.1250000      0.7375000      1.2486561E-03
  0.3750000      0.7375000      8.4811857E-04
  0.6250000      0.7375000      1.3415304E-02
  0.8750000      0.7375000      1.5881982E-02
   1.125000      0.7375000      3.3224266E-02
   1.375000      0.7375000      3.3183832E-02
   1.625000      0.7375000      5.4316029E-02
   1.875000      0.7375000      4.9186416E-02
   2.125000      0.7375000      7.5559191E-02
   2.375000      0.7375000      6.2897556E-02
   2.625000      0.7375000      9.7321674E-02
   2.875000      0.7375000      7.3756523E-02
   3.125000      0.7375000      0.1205296    
   3.375000      0.7375000      8.1028439E-02
   3.625000      0.7375000      0.1465454    
   3.875000      0.7375000      8.3521210E-02
   4.125000      0.7375000      0.1772966    
   4.375000      0.7375000      7.9307519E-02
   4.625000      0.7375000      0.2155463    
   4.875000      0.7375000      6.5347053E-02
   5.125000      0.7375000      0.2653252    
   5.375000      0.7375000      3.6923118E-02
   5.625000      0.7375000      0.3326151    
   5.875000      0.7375000     -1.3203756E-02
   6.125000      0.7375000      0.4264068    
   6.375000      0.7375000     -9.6092172E-02
   6.625000      0.7375000      0.5603521    
   6.875000      0.7375000     -0.2286554    
   7.125000      0.7375000      0.7553594    
   7.375000      0.7375000     -0.4369078    
   7.625000      0.7375000       1.043769    
   7.875000      0.7375000     -0.7613088    
   8.125000      0.7375000       1.476307    
   8.375000      0.7375000      -1.265864    
   8.625000      0.7375000       2.134189    
   8.875000      0.7375000      -2.054392    
   9.125000      0.7375000       3.151162    
   9.375000      0.7375000      -3.300362    
   9.625000      0.7375000       4.752749    
   9.875000      0.7375000      -5.293370    
   10.00000      0.7375000       1.000000    
 
  0.0000000E+00  0.7625000      0.0000000E+00
  0.1250000      0.7625000      1.2990178E-03
  0.3750000      0.7625000      3.8343978E-03
  0.6250000      0.7625000      1.8592816E-02
  0.8750000      0.7625000      2.3877244E-02
   1.125000      0.7625000      4.2266779E-02
   1.375000      0.7625000      4.4497073E-02
   1.625000      0.7625000      6.5686382E-02
   1.875000      0.7625000      6.2771849E-02
   2.125000      0.7625000      8.8320613E-02
   2.375000      0.7625000      7.8225709E-02
   2.625000      0.7625000      0.1108308    
   2.875000      0.7625000      9.0594411E-02
   3.125000      0.7625000      0.1342460    
   3.375000      0.7625000      9.9353977E-02
   3.625000      0.7625000      0.1599203    
   3.875000      0.7625000      0.1035126    
   4.125000      0.7625000      0.1896835    
   4.375000      0.7625000      0.1013782    
   4.625000      0.7625000      0.2261011    
   4.875000      0.7625000      9.0223193E-02
   5.125000      0.7625000      0.2728763    
   5.375000      0.7625000      6.5774523E-02
   5.625000      0.7625000      0.3354794    
   5.875000      0.7625000      2.1442462E-02
   6.125000      0.7625000      0.4221263    
   6.375000      0.7625000     -5.2868329E-02
   6.625000      0.7625000      0.5453081    
   6.875000      0.7625000     -0.1726423    
   7.125000      0.7625000      0.7242148    
   7.375000      0.7625000     -0.3617964    
   7.625000      0.7625000      0.9886826    
   7.875000      0.7625000     -0.6577782    
   8.125000      0.7625000       1.385912    
   8.375000      0.7625000      -1.120491    
   8.625000      0.7625000       1.992556    
   8.875000      0.7625000      -1.848950    
   9.125000      0.7625000       2.938031    
   9.375000      0.7625000      -3.014254    
   9.625000      0.7625000       4.450841    
   9.875000      0.7625000      -4.920848    
   10.00000      0.7625000       1.000000    
 
  0.0000000E+00  0.7875000      0.0000000E+00
  0.1250000      0.7875000      1.8136416E-03
  0.3750000      0.7875000      8.2667107E-03
  0.6250000      0.7875000      2.5677273E-02
  0.8750000      0.7875000      3.3889167E-02
   1.125000      0.7875000      5.3333279E-02
   1.375000      0.7875000      5.7747759E-02
   1.625000      0.7875000      7.8944750E-02
   1.875000      0.7875000      7.8131840E-02
   2.125000      0.7875000      0.1028255    
   2.375000      0.7875000      9.5179453E-02
   2.625000      0.7875000      0.1259699    
   2.875000      0.7875000      0.1089345    
   3.125000      0.7875000      0.1495141    
   3.375000      0.7875000      0.1190800    
   3.625000      0.7875000      0.1748029    
   3.875000      0.7875000      0.1248167    
   4.125000      0.7875000      0.2035670    
   4.375000      0.7875000      0.1246786    
   4.625000      0.7875000      0.2381758    
   4.875000      0.7875000      0.1162403    
   5.125000      0.7875000      0.2820078    
   5.375000      0.7875000      9.5659696E-02
   5.625000      0.7875000      0.3400295    
   5.875000      0.7875000      5.6982964E-02
   6.125000      0.7875000      0.4196917    
   6.375000      0.7875000     -8.9365430E-03
   6.625000      0.7875000      0.5323370    
   6.875000      0.7875000     -0.1161652    
   7.125000      0.7875000      0.6954403    
   7.375000      0.7875000     -0.2865140    
   7.625000      0.7875000      0.9363022    
   7.875000      0.7875000     -0.5543460    
   8.125000      0.7875000       1.298452    
   8.375000      0.7875000     -0.9752002    
   8.625000      0.7875000       1.853524    
   8.875000      0.7875000      -1.642501    
   9.125000      0.7875000       2.725288    
   9.375000      0.7875000      -2.722910    
   9.625000      0.7875000       4.142364    
   9.875000      0.7875000      -4.533239    
   10.00000      0.7875000       1.000000    
 
  0.0000000E+00  0.8125000      0.0000000E+00
  0.1250000      0.8125000      3.1425590E-03
  0.3750000      0.8125000      1.4588140E-02
  0.6250000      0.8125000      3.4995448E-02
  0.8750000      0.8125000      4.6106376E-02
   1.125000      0.8125000      6.6542350E-02
   1.375000      0.8125000      7.2979301E-02
   1.625000      0.8125000      9.4121985E-02
   1.875000      0.8125000      9.5243596E-02
   2.125000      0.8125000      0.1190693    
   2.375000      0.8125000      0.1136982    
   2.625000      0.8125000      0.1427216    
   2.875000      0.8125000      0.1286873    
   3.125000      0.8125000      0.1663169    
   3.375000      0.8125000      0.1400879    
   3.625000      0.8125000      0.1911873    
   3.875000      0.8125000      0.1472798    
   4.125000      0.8125000      0.2189656    
   4.375000      0.8125000      0.1490084    
   4.625000      0.8125000      0.2518299    
   4.875000      0.8125000      0.1431323    
   5.125000      0.8125000      0.2928459    
   5.375000      0.8125000      0.1262179    
   5.625000      0.8125000      0.3464959    
   5.875000      0.8125000      9.2917606E-02
   6.125000      0.8125000      0.4194955    
   6.375000      0.8125000      3.4995247E-02
   6.625000      0.8125000      0.5220804    
   6.875000      0.8125000     -6.0245249E-02
   7.125000      0.8125000      0.6700600    
   7.375000      0.8125000     -0.2125585    
   7.625000      0.8125000      0.8882400    
   7.875000      0.8125000     -0.4532422    
   8.125000      0.8125000       1.216451    
   8.375000      0.8125000     -0.8333501    
   8.625000      0.8125000       1.721013    
   8.875000      0.8125000      -1.440122    
   9.125000      0.8125000       2.518928    
   9.375000      0.8125000      -2.433771    
   9.625000      0.8125000       3.835635    
   9.875000      0.8125000      -4.139476    
   10.00000      0.8125000       1.000000    
 
  0.0000000E+00  0.8375000      0.0000000E+00
  0.1250000      0.8375000      5.7698213E-03
  0.3750000      0.8375000      2.3247847E-02
  0.6250000      0.8375000      4.6805646E-02
  0.8750000      0.8375000      6.0636312E-02
   1.125000      0.8375000      8.1934907E-02
   1.375000      0.8375000      9.0169460E-02
   1.625000      0.8375000      0.1111892    
   1.875000      0.8375000      0.1140360    
   2.125000      0.8375000      0.1370009    
   2.375000      0.8375000      0.1336858    
   2.625000      0.8375000      0.1610304    
   2.875000      0.8375000      0.1497373    
   3.125000      0.8375000      0.1846043    
   3.375000      0.8375000      0.1622413    
   3.625000      0.8375000      0.2090374    
   3.875000      0.8375000      0.1707385    
   4.125000      0.8375000      0.2358669    
   4.375000      0.8375000      0.1741659    
   4.625000      0.8375000      0.2670895    
   4.875000      0.8375000      0.1706425    
   5.125000      0.8375000      0.3054769    
   5.375000      0.8375000      0.1571115    
   5.625000      0.8375000      0.3550578    
   5.875000      0.8375000      0.1287885    
   6.125000      0.8375000      0.4218610    
   6.375000      0.8375000      7.8287870E-02
   6.625000      0.8375000      0.5150828    
   6.875000      0.8375000     -5.7978313E-03
   7.125000      0.8375000      0.6489607    
   7.375000      0.8375000     -0.1412714    
   7.625000      0.8375000      0.8459166    
   7.875000      0.8375000     -0.3564751    
   8.125000      0.8375000       1.142170    
   8.375000      0.8375000     -0.6980124    
   8.625000      0.8375000       1.598640    
   8.875000      0.8375000      -1.246601    
   9.125000      0.8375000       2.324737    
   9.375000      0.8375000      -2.154271    
   9.625000      0.8375000       3.539366    
   9.875000      0.8375000      -3.749303    
   10.00000      0.8375000       1.000000    
 
  0.0000000E+00  0.8625000      0.0000000E+00
  0.1250000      0.8625000      1.0311872E-02
  0.3750000      0.8625000      3.4640372E-02
  0.6250000      0.8625000      6.1255895E-02
  0.8750000      0.8625000      7.7484496E-02
   1.125000      0.8625000      9.9464774E-02
   1.375000      0.8625000      0.1092266    
   1.625000      0.8625000      0.1300569    
   1.875000      0.8625000      0.1343901    
   2.125000      0.8625000      0.1565234    
   2.375000      0.8625000      0.1550117    
   2.625000      0.8625000      0.1808042    
   2.875000      0.8625000      0.1719444    
   3.125000      0.8625000      0.2042946    
   3.375000      0.8625000      0.1853872    
   3.625000      0.8625000      0.2282874    
   3.875000      0.8625000      0.1950204    
   4.125000      0.8625000      0.2542286    
   4.375000      0.8625000      0.1999495    
   4.625000      0.8625000      0.2839474    
   4.875000      0.8625000      0.1985247    
   5.125000      0.8625000      0.3199470    
   5.375000      0.8625000      0.1880271    
   5.625000      0.8625000      0.3658434    
   5.875000      0.8625000      0.1641811    
   6.125000      0.8625000      0.4270412    
   6.375000      0.8625000      0.1203730    
   6.625000      0.8625000      0.5117904    
   6.875000      0.8625000      4.6371613E-02
   7.125000      0.8625000      0.6328885    
   7.375000      0.8625000     -7.3829241E-02
   7.625000      0.8625000      0.8105499    
   7.875000      0.8625000     -0.2658143    
   8.125000      0.8625000       1.077590    
   8.375000      0.8625000     -0.5719296    
   8.625000      0.8625000       1.489654    
   8.875000      0.8625000      -1.066336    
   9.125000      0.8625000       2.148147    
   9.375000      0.8625000      -1.891648    
   9.625000      0.8625000       3.262472    
   9.875000      0.8625000      -3.373243    
   10.00000      0.8625000       1.000000    
 
  0.0000000E+00  0.8875000      0.0000000E+00
  0.1250000      0.8875000      1.7482232E-02
  0.3750000      0.8875000      4.9031787E-02
  0.6250000      0.8875000      7.8349508E-02
  0.8750000      0.8875000      9.6542895E-02
   1.125000      0.8875000      0.1189966    
   1.375000      0.8875000      0.1299905    
   1.625000      0.8875000      0.1505768    
   1.875000      0.8875000      0.1561410    
   2.125000      0.8875000      0.1774973    
   2.375000      0.8875000      0.1775127    
   2.625000      0.8875000      0.2019161    
   2.875000      0.8875000      0.1951451    
   3.125000      0.8875000      0.2252763    
   3.375000      0.8875000      0.2093570    
   3.625000      0.8875000      0.2488436    
   3.875000      0.8875000      0.2199444    
   4.125000      0.8875000      0.2739804    
   4.375000      0.8875000      0.2261561    
   4.625000      0.8875000      0.3023658    
   4.875000      0.8875000      0.2265407    
   5.125000      0.8875000      0.3362655    
   5.375000      0.8875000      0.2186727    
   5.625000      0.8875000      0.3789331    
   5.875000      0.8875000      0.1987202    
   6.125000      0.8875000      0.4352246    
   6.375000      0.8875000      0.1607471    
   6.625000      0.8875000      0.5125578    
   6.875000      0.8875000      9.5559202E-02
   7.125000      0.8875000      0.6224562    
   7.375000      0.8875000     -1.1253781E-02
   7.625000      0.8875000      0.7831649    
   7.875000      0.8875000     -0.1827984    
   8.125000      0.8875000       1.024412    
   8.375000      0.8875000     -0.4575138    
   8.625000      0.8875000       1.396918    
   8.875000      0.8875000     -0.9032924    
   9.125000      0.8875000       1.994145    
   9.375000      0.8875000      -1.652783    
   9.625000      0.8875000       3.013864    
   9.875000      0.8875000      -3.022566    
   10.00000      0.8875000       1.000000    
 
  0.0000000E+00  0.9125000      0.0000000E+00
  0.1250000      0.9125000      2.8007265E-02
  0.3750000      0.9125000      6.6484854E-02
  0.6250000      0.9125000      9.7925469E-02
  0.8750000      0.9125000      0.1175895    
   1.125000      0.9125000      0.1403107    
   1.375000      0.9125000      0.1522380    
   1.625000      0.9125000      0.1725483    
   1.875000      0.9125000      0.1790825    
   2.125000      0.9125000      0.1997444    
   2.375000      0.9125000      0.2009961    
   2.625000      0.9125000      0.2242089    
   2.875000      0.9125000      0.2191542    
   3.125000      0.9125000      0.2474112    
   3.375000      0.9125000      0.2339661    
   3.625000      0.9125000      0.2705882    
   3.875000      0.9125000      0.2453197    
   4.125000      0.9125000      0.2950276    
   4.375000      0.9125000      0.2525794    
   4.625000      0.9125000      0.3222803    
   4.875000      0.9125000      0.2544572    
   5.125000      0.9125000      0.3544110    
   5.375000      0.9125000      0.2487711    
   5.625000      0.9125000      0.3943680    
   5.875000      0.9125000      0.2320600    
   6.125000      0.9125000      0.4465470    
   6.375000      0.9125000      0.1989565    
   6.625000      0.9125000      0.5176652    
   6.875000      0.9125000      0.1411412    
   7.125000      0.9125000      0.6181692    
   7.375000      0.9125000      4.5557648E-02
   7.625000      0.9125000      0.7646258    
   7.875000      0.9125000     -0.1087768    
   8.125000      0.9125000      0.9840973    
   8.375000      0.9125000     -0.3568937    
   8.625000      0.9125000       1.322950    
   8.875000      0.9125000     -0.7610338    
   9.125000      0.9125000       1.867269    
   9.375000      0.9125000      -1.444135    
   9.625000      0.9125000       2.802297    
   9.875000      0.9125000      -2.709275    
   10.00000      0.9125000       1.000000    
 
  0.0000000E+00  0.9375000      0.0000000E+00
  0.1250000      0.9375000      4.2480160E-02
  0.3750000      0.9375000      8.6800009E-02
  0.6250000      0.9375000      0.1196589    
  0.8750000      0.9375000      0.1402991    
   1.125000      0.9375000      0.1631142    
   1.375000      0.9375000      0.1756910    
   1.625000      0.9375000      0.1957255    
   1.875000      0.9375000      0.2029724    
   2.125000      0.9375000      0.2230539    
   2.375000      0.9375000      0.2252429    
   2.625000      0.9375000      0.2474989    
   2.875000      0.9375000      0.2437663    
   3.125000      0.9375000      0.2705391    
   3.375000      0.9375000      0.2590151    
   3.625000      0.9375000      0.2933828    
   3.875000      0.9375000      0.2709444    
   4.125000      0.9375000      0.3172560    
   4.375000      0.9375000      0.2790065    
   4.625000      0.9375000      0.3436065    
   4.875000      0.9375000      0.2820392    
   5.125000      0.9375000      0.3743397    
   5.375000      0.9375000      0.2780502    
   5.625000      0.9375000      0.4121633    
   5.875000      0.9375000      0.2638686    
   6.125000      0.9375000      0.4611106    
   6.375000      0.9375000      0.2345746    
   6.625000      0.9375000      0.5273464    
   6.875000      0.9375000      0.1825394    
   7.125000      0.9375000      0.6204660    
   7.375000      0.9375000      9.5781133E-02
   7.625000      0.9375000      0.7556989    
   7.875000      0.9375000     -4.4982687E-02
   8.125000      0.9375000      0.9579602    
   8.375000      0.9375000     -0.2720160    
   8.625000      0.9375000       1.270038    
   8.875000      0.9375000     -0.6428447    
   9.125000      0.9375000       1.771723    
   9.375000      0.9375000      -1.271808    
   9.625000      0.9375000       2.636338    
   9.875000      0.9375000      -2.446127    
   10.00000      0.9375000       1.000000    
 
  0.0000000E+00  0.9625000      0.0000000E+00
  0.1250000      0.9625000      6.1147362E-02
  0.3750000      0.9625000      0.1094914    
  0.6250000      0.9625000      0.1430817    
  0.8750000      0.9625000      0.1642612    
   1.125000      0.9625000      0.1870558    
   1.375000      0.9625000      0.2000270    
   1.625000      0.9625000      0.2198266    
   1.875000      0.9625000      0.2275383    
   2.125000      0.9625000      0.2471891    
   2.375000      0.9625000      0.2500109    
   2.625000      0.9625000      0.2715823    
   2.875000      0.9625000      0.2687575    
   3.125000      0.9625000      0.2944828    
   3.375000      0.9625000      0.2842884    
   3.625000      0.9625000      0.3170749    
   3.875000      0.9625000      0.2966028    
   4.125000      0.9625000      0.3405390    
   4.375000      0.9625000      0.3052125    
   4.625000      0.9625000      0.3662493    
   4.875000      0.9625000      0.3090415    
   5.125000      0.9625000      0.3959986    
   5.375000      0.9625000      0.3062290    
   5.625000      0.9625000      0.4323258    
   5.875000      0.9625000      0.2938071    
   6.125000      0.9625000      0.4790098    
   6.375000      0.9625000      0.2671694    
   6.625000      0.9625000      0.5418285    
   6.875000      0.9625000      0.2191724    
   7.125000      0.9625000      0.6297769    
   7.375000      0.9625000      0.1385932    
   7.625000      0.9625000      0.7571377    
   7.875000      0.9625000      7.3581710E-03
   8.125000      0.9625000      0.9472916    
   8.375000      0.9625000     -0.2048047    
   8.625000      0.9625000       1.240427    
   8.875000      0.9625000     -0.5519541    
   9.125000      0.9625000       1.711621    
   9.375000      0.9625000      -1.141813    
   9.625000      0.9625000       2.524544    
   9.875000      0.9625000      -2.246793    
   10.00000      0.9625000       1.000000    
 
  0.0000000E+00  0.9875000      0.0000000E+00
  0.1250000      0.9875000      8.3633922E-02
  0.3750000      0.9875000      0.1338092    
  0.6250000      0.9875000      0.1676169    
  0.8750000      0.9875000      0.1890016    
   1.125000      0.9875000      0.2117397    
   1.375000      0.9875000      0.2248881    
   1.625000      0.9875000      0.2445422    
   1.875000      0.9875000      0.2524815    
   2.125000      0.9875000      0.2718927    
   2.375000      0.9875000      0.2750365    
   2.625000      0.9875000      0.2962392    
   2.875000      0.9875000      0.2938842    
   3.125000      0.9875000      0.3190525    
   3.375000      0.9875000      0.3095522    
   3.625000      0.9875000      0.3415025    
   3.875000      0.9875000      0.3220609    
   4.125000      0.9875000      0.3647442    
   4.375000      0.9875000      0.3309524    
   4.625000      0.9875000      0.3901122    
   4.875000      0.9875000      0.3351958    
   5.125000      0.9875000      0.4193394    
   5.375000      0.9875000      0.3329986    
   5.625000      0.9875000      0.4548754    
   5.875000      0.9875000      0.3215002    
   6.125000      0.9875000      0.5003648    
   6.375000      0.9875000      0.2962595    
   6.625000      0.9875000      0.5613803    
   6.875000      0.9875000      0.2503901    
   7.125000      0.9875000      0.6465992    
   7.375000      0.9875000      0.1730725    
   7.625000      0.9875000      0.7697994    
   7.875000      0.9875000      4.6879753E-02
   8.125000      0.9875000      0.9535370    
   8.375000      0.9875000     -0.1573844    
   8.625000      0.9875000       1.236585    
   8.875000      0.9875000     -0.4918729    
   9.125000      0.9875000       1.691395    
   9.375000      0.9875000      -1.060543    
   9.625000      0.9875000       2.475935    
   9.875000      0.9875000      -2.126203    
   10.00000      0.9875000       1.000000    
 
  0.0000000E+00   1.000000      0.0000000E+00
  0.1250000       1.000000      8.3633922E-02
  0.3750000       1.000000      0.1338092    
  0.6250000       1.000000      0.1676169    
  0.8750000       1.000000      0.1890016    
   1.125000       1.000000      0.2117397    
   1.375000       1.000000      0.2248881    
   1.625000       1.000000      0.2445422    
   1.875000       1.000000      0.2524815    
   2.125000       1.000000      0.2718927    
   2.375000       1.000000      0.2750365    
   2.625000       1.000000      0.2962392    
   2.875000       1.000000      0.2938842    
   3.125000       1.000000      0.3190525    
   3.375000       1.000000      0.3095522    
   3.625000       1.000000      0.3415025    
   3.875000       1.000000      0.3220609    
   4.125000       1.000000      0.3647442    
   4.375000       1.000000      0.3309524    
   4.625000       1.000000      0.3901122    
   4.875000       1.000000      0.3351958    
   5.125000       1.000000      0.4193394    
   5.375000       1.000000      0.3329986    
   5.625000       1.000000      0.4548754    
   5.875000       1.000000      0.3215002    
   6.125000       1.000000      0.5003648    
   6.375000       1.000000      0.2962595    
   6.625000       1.000000      0.5613803    
   6.875000       1.000000      0.2503901    
   7.125000       1.000000      0.6465992    
   7.375000       1.000000      0.1730725    
   7.625000       1.000000      0.7697994    
   7.875000       1.000000      4.6879753E-02
   8.125000       1.000000      0.9535370    
   8.375000       1.000000     -0.1573844    
   8.625000       1.000000       1.236585    
   8.875000       1.000000     -0.4918729    
   9.125000       1.000000       1.691395    
   9.375000       1.000000      -1.060543    
   9.625000       1.000000       2.475935    
   9.875000       1.000000      -2.126203    
   10.00000       1.000000       1.000000    
 
