  0.0000000E+00  0.0000000E+00  0.0000000E+00
  0.1250000      0.0000000E+00  1.2499999E-02
  0.3750000      0.0000000E+00  3.7499998E-02
  0.6250000      0.0000000E+00  6.2499996E-02
  0.8750000      0.0000000E+00  8.7499991E-02
   1.125000      0.0000000E+00  0.1125000    
   1.375000      0.0000000E+00  0.1375000    
   1.625000      0.0000000E+00  0.1625000    
   1.875000      0.0000000E+00  0.1875000    
   2.125000      0.0000000E+00  0.2125000    
   2.375000      0.0000000E+00  0.2375000    
   2.625000      0.0000000E+00  0.2625000    
   2.875000      0.0000000E+00  0.2875000    
   3.125000      0.0000000E+00  0.3125000    
   3.375000      0.0000000E+00  0.3375000    
   3.625000      0.0000000E+00  0.3625000    
   3.875000      0.0000000E+00  0.3875000    
   4.125000      0.0000000E+00  0.4125000    
   4.375000      0.0000000E+00  0.4375000    
   4.625000      0.0000000E+00  0.4625000    
   4.875000      0.0000000E+00  0.4875000    
   5.125000      0.0000000E+00  0.5125000    
   5.375000      0.0000000E+00  0.5375000    
   5.625000      0.0000000E+00  0.5624999    
   5.875000      0.0000000E+00  0.5875000    
   6.125000      0.0000000E+00  0.6125000    
   6.375000      0.0000000E+00  0.6375000    
   6.625000      0.0000000E+00  0.6625000    
   6.875000      0.0000000E+00  0.6874999    
   7.125000      0.0000000E+00  0.7125000    
   7.375000      0.0000000E+00  0.7375000    
   7.625000      0.0000000E+00  0.7624999    
   7.875000      0.0000000E+00  0.7875000    
   8.125000      0.0000000E+00  0.8124999    
   8.375000      0.0000000E+00  0.8375000    
   8.625000      0.0000000E+00  0.8625000    
   8.875000      0.0000000E+00  0.8874999    
   9.125000      0.0000000E+00  0.9125000    
   9.375000      0.0000000E+00  0.9374999    
   9.625000      0.0000000E+00  0.9624999    
   9.875000      0.0000000E+00  0.9875000    
   10.00000      0.0000000E+00   1.000000    
 
  0.0000000E+00  1.2500000E-02  0.0000000E+00
  0.1250000      1.2500000E-02  1.0789216E-02
  0.3750000      1.2500000E-02  3.3719216E-02
  0.6250000      1.2500000E-02  5.7359330E-02
  0.8750000      1.2500000E-02  8.0859333E-02
   1.125000      1.2500000E-02  0.1049153    
   1.375000      1.2500000E-02  0.1285447    
   1.625000      1.2500000E-02  0.1528774    
   1.875000      1.2500000E-02  0.1764950    
   2.125000      1.2500000E-02  0.2011011    
   2.375000      1.2500000E-02  0.2246002    
   2.625000      1.2500000E-02  0.2495364    
   2.875000      1.2500000E-02  0.2727964    
   3.125000      1.2500000E-02  0.2981716    
   3.375000      1.2500000E-02  0.3210298    
   3.625000      1.2500000E-02  0.3470190    
   3.875000      1.2500000E-02  0.3692420    
   4.125000      1.2500000E-02  0.3961143    
   4.375000      1.2500000E-02  0.4173583    
   4.625000      1.2500000E-02  0.4455197    
   4.875000      1.2500000E-02  0.4652767    
   5.125000      1.2500000E-02  0.4953370    
   5.375000      1.2500000E-02  0.5128508    
   5.625000      1.2500000E-02  0.5457242    
   5.875000      1.2500000E-02  0.5598685    
   6.125000      1.2500000E-02  0.5969235    
   6.375000      1.2500000E-02  0.6060152    
   6.625000      1.2500000E-02  0.6493039    
   6.875000      1.2500000E-02  0.6508241    
   7.125000      1.2500000E-02  0.7034273    
   7.375000      1.2500000E-02  0.6935883    
   7.625000      1.2500000E-02  0.7601591    
   7.875000      1.2500000E-02  0.7332157    
   8.125000      1.2500000E-02  0.8208617    
   8.375000      1.2500000E-02  0.7679621    
   8.625000      1.2500000E-02  0.8877756    
   8.875000      1.2500000E-02  0.7948708    
   9.125000      1.2500000E-02  0.9648786    
   9.375000      1.2500000E-02  0.8083731    
   9.625000      1.2500000E-02   1.060383    
   9.875000      1.2500000E-02  0.7950265    
   10.00000      1.2500000E-02   1.000000    
 
  0.0000000E+00  3.7500001E-02  0.0000000E+00
  0.1250000      3.7500001E-02  7.6287682E-03
  0.3750000      3.7500001E-02  2.6438100E-02
  0.6250000      3.7500001E-02  4.7370262E-02
  0.8750000      3.7500001E-02  6.7866161E-02
   1.125000      3.7500001E-02  9.0044461E-02
   1.375000      3.7500001E-02  0.1109237    
   1.625000      3.7500001E-02  0.1339353    
   1.875000      3.7500001E-02  0.1547730    
   2.125000      3.7500001E-02  0.1786112    
   2.375000      3.7500001E-02  0.1990859    
   2.625000      3.7500001E-02  0.2239230    
   2.875000      3.7500001E-02  0.2436690    
   3.125000      3.7500001E-02  0.2698370    
   3.375000      3.7500001E-02  0.2883608    
   3.625000      3.7500001E-02  0.3163919    
   3.875000      3.7500001E-02  0.3329843    
   4.125000      3.7500001E-02  0.3636952    
   4.375000      3.7500001E-02  0.3773133    
   4.625000      3.7500001E-02  0.4119375    
   4.875000      3.7500001E-02  0.4210376    
   5.125000      3.7500001E-02  0.4614277    
   5.375000      3.7500001E-02  0.4637138    
   5.625000      3.7500001E-02  0.5126463    
   5.875000      3.7500001E-02  0.5046961    
   6.125000      3.7500001E-02  0.5663304    
   6.375000      3.7500001E-02  0.5430328    
   6.625000      3.7500001E-02  0.6236002    
   6.875000      3.7500001E-02  0.5773031    
   7.125000      3.7500001E-02  0.6861631    
   7.375000      3.7500001E-02  0.6053601    
   7.625000      3.7500001E-02  0.7566468    
   7.875000      3.7500001E-02  0.6238880    
   8.125000      3.7500001E-02  0.8391919    
   8.375000      3.7500001E-02  0.6275874    
   8.625000      3.7500001E-02  0.9406040    
   8.875000      3.7500001E-02  0.6074774    
   9.125000      3.7500001E-02   1.072966    
   9.375000      3.7500001E-02  0.5466458    
   9.625000      3.7500001E-02   1.261220    
   9.875000      3.7500001E-02  0.4042461    
   10.00000      3.7500001E-02   1.000000    
 
  0.0000000E+00  6.2500000E-02  0.0000000E+00
  0.1250000      6.2500000E-02  5.0473716E-03
  0.3750000      6.2500000E-02  1.9853322E-02
  0.6250000      6.2500000E-02  3.8132876E-02
  0.8750000      6.2500000E-02  5.5626869E-02
   1.125000      6.2500000E-02  7.5963274E-02
   1.375000      6.2500000E-02  9.4074257E-02
   1.625000      6.2500000E-02  0.1158055    
   1.875000      6.2500000E-02  0.1338285    
   2.125000      6.2500000E-02  0.1569535    
   2.375000      6.2500000E-02  0.1743473    
   2.625000      6.2500000E-02  0.1991635    
   2.875000      6.2500000E-02  0.2153082    
   3.125000      6.2500000E-02  0.2423833    
   3.375000      6.2500000E-02  0.2564398    
   3.625000      6.2500000E-02  0.2866817    
   3.875000      6.2500000E-02  0.2974430    
   4.125000      6.2500000E-02  0.3322431    
   4.375000      6.2500000E-02  0.3379343    
   4.625000      6.2500000E-02  0.3793938    
   4.875000      6.2500000E-02  0.3773858    
   5.125000      6.2500000E-02  0.4286611    
   5.375000      6.2500000E-02  0.4150439    
   5.625000      6.2500000E-02  0.4808661    
   5.875000      6.2500000E-02  0.4498096    
   6.125000      6.2500000E-02  0.5372640    
   6.375000      6.2500000E-02  0.4800617    
   6.625000      6.2500000E-02  0.5997648    
   6.875000      6.2500000E-02  0.5033814    
   7.125000      6.2500000E-02  0.6712773    
   7.375000      6.2500000E-02  0.5161115    
   7.625000      6.2500000E-02  0.7562785    
   7.875000      6.2500000E-02  0.5126052    
   8.125000      6.2500000E-02  0.8618193    
   8.375000      6.2500000E-02  0.4838417    
   8.625000      6.2500000E-02  0.9994841    
   8.875000      6.2500000E-02  0.4145416    
   9.125000      6.2500000E-02   1.189816    
   9.375000      6.2500000E-02  0.2759735    
   9.625000      6.2500000E-02   1.475136    
   9.875000      6.2500000E-02 -9.0217846E-04
   10.00000      6.2500000E-02   1.000000    
 
  0.0000000E+00  8.7500006E-02  0.0000000E+00
  0.1250000      8.7500006E-02  3.1479902E-03
  0.3750000      8.7500006E-02  1.4203743E-02
  0.6250000      8.7500006E-02  2.9950874E-02
  0.8750000      8.7500006E-02  4.4468410E-02
   1.125000      8.7500006E-02  6.3029960E-02
   1.375000      8.7500006E-02  7.8357242E-02
   1.625000      8.7500006E-02  9.8876320E-02
   1.875000      8.7500006E-02  0.1140405    
   2.125000      8.7500006E-02  0.1365387    
   2.375000      8.7500006E-02  0.1507738    
   2.625000      8.7500006E-02  0.1756884    
   2.875000      8.7500006E-02  0.1881080    
   3.125000      8.7500006E-02  0.2162613    
   3.375000      8.7500006E-02  0.2256600    
   3.625000      8.7500006E-02  0.2583627    
   3.875000      8.7500006E-02  0.2630031    
   4.125000      8.7500006E-02  0.3022614    
   4.375000      8.7500006E-02  0.2995884    
   4.625000      8.7500006E-02  0.3484309    
   4.875000      8.7500006E-02  0.3346571    
   5.125000      8.7500006E-02  0.3976337    
   5.375000      8.7500006E-02  0.3671256    
   5.625000      8.7500006E-02  0.4510551    
   5.875000      8.7500006E-02  0.3954119    
   6.125000      8.7500006E-02  0.5105065    
   6.375000      8.7500006E-02  0.4171814    
   6.625000      8.7500006E-02  0.5787418    
   6.875000      8.7500006E-02  0.4289497    
   7.125000      8.7500006E-02  0.6599542    
   7.375000      8.7500006E-02  0.4254480    
   7.625000      8.7500006E-02  0.7605940    
   7.875000      8.7500006E-02  0.3985467    
   8.125000      8.7500006E-02  0.8908110    
   8.375000      8.7500006E-02  0.3352690    
   8.625000      8.7500006E-02   1.067261    
   8.875000      8.7500006E-02  0.2136730    
   9.125000      8.7500006E-02   1.319405    
   9.375000      8.7500006E-02 -7.3574772E-03
   9.625000      8.7500006E-02   1.707581    
   9.875000      8.7500006E-02 -0.4252917    
   10.00000      8.7500006E-02   1.000000    
 
  0.0000000E+00  0.1125000      0.0000000E+00
  0.1250000      0.1125000      1.8931651E-03
  0.3750000      0.1125000      9.5781703E-03
  0.6250000      0.1125000      2.2988573E-02
  0.8750000      0.1125000      3.4591429E-02
   1.125000      0.1125000      5.1480696E-02
   1.375000      0.1125000      6.4021289E-02
   1.625000      0.1125000      8.3423533E-02
   1.875000      0.1125000      9.5685385E-02
   2.125000      0.1125000      0.1176704    
   2.375000      0.1125000      0.1286602    
   2.625000      0.1125000      0.1538251    
   2.875000      0.1125000      0.1623755    
   3.125000      0.1125000      0.1918209    
   3.375000      0.1125000      0.1963350    
   3.625000      0.1125000      0.2318078    
   3.875000      0.1125000      0.2299792    
   4.125000      0.1125000      0.2741494    
   4.375000      0.1125000      0.2625835    
   4.625000      0.1125000      0.3194802    
   4.875000      0.1125000      0.2931429    
   5.125000      0.1125000      0.3688181    
   5.375000      0.1125000      0.3202189    
   5.625000      0.1125000      0.4237431    
   5.875000      0.1125000      0.3417110    
   6.125000      0.1125000      0.4866675    
   6.375000      0.1125000      0.3545168    
   6.625000      0.1125000      0.5612566    
   6.875000      0.1125000      0.3540049    
   7.125000      0.1125000      0.6530876    
   7.375000      0.1125000      0.3331740    
   7.625000      0.1125000      0.7707328    
   7.875000      0.1125000      0.2812301    
   8.125000      0.1125000      0.9276620    
   8.375000      0.1125000      0.1809730    
   8.625000      0.1125000       1.145926    
   8.875000      0.1125000      3.4094958E-03
   9.125000      0.1125000       1.464358    
   9.375000      0.1125000     -0.3054497    
   9.625000      0.1125000       1.961661    
   9.875000      0.1125000     -0.8706741    
   10.00000      0.1125000       1.000000    
 
  0.0000000E+00  0.1375000      0.0000000E+00
  0.1250000      0.1375000      1.1712654E-03
  0.3750000      0.1375000      5.9496127E-03
  0.6250000      0.1375000      1.7291924E-02
  0.8750000      0.1375000      2.6085645E-02
   1.125000      0.1375000      4.1442428E-02
   1.375000      0.1375000      5.1213767E-02
   1.625000      0.1375000      6.9620408E-02
   1.875000      0.1375000      7.8946099E-02
   2.125000      0.1375000      0.1005547    
   2.375000      0.1375000      0.1082145    
   2.625000      0.1375000      0.1338061    
   2.875000      0.1375000      0.1383373    
   3.125000      0.1375000      0.1693180    
   3.375000      0.1375000      0.1687056    
   3.625000      0.1375000      0.2072955    
   3.875000      0.1375000      0.1986215    
   4.125000      0.1375000      0.2482086    
   4.375000      0.1375000      0.2271737    
   4.625000      0.1375000      0.2928682    
   4.875000      0.1375000      0.2530939    
   5.125000      0.1375000      0.3425710    
   5.375000      0.1375000      0.2745629    
   5.625000      0.1375000      0.3993247    
   5.875000      0.1375000      0.2889214    
   6.125000      0.1375000      0.4661922    
   6.375000      0.1375000      0.2922395    
   6.625000      0.1375000      0.5478248    
   6.875000      0.1375000      0.2786498    
   7.125000      0.1375000      0.6512925    
   7.375000      0.1375000      0.2392871    
   7.625000      0.1375000      0.7874497    
   7.875000      0.1375000      0.1605012    
   8.125000      0.1375000      0.9733152    
   8.375000      0.1375000      2.0597873E-02
   8.625000      0.1375000       1.236650    
   8.875000      0.1375000     -0.2168190    
   9.125000      0.1375000       1.626021    
   9.375000      0.1375000     -0.6188762    
   9.625000      0.1375000       2.238307    
   9.875000      0.1375000      -1.336165    
   10.00000      0.1375000       1.000000    
 
  0.0000000E+00  0.1625000      0.0000000E+00
  0.1250000      0.1625000      8.4628846E-04
  0.3750000      0.1625000      3.2127618E-03
  0.6250000      0.1625000      1.2813319E-02
  0.8750000      0.1625000      1.8948372E-02
   1.125000      0.1625000      3.2947857E-02
   1.375000      0.1625000      3.9993737E-02
   1.625000      0.1625000      5.7549387E-02
   1.875000      0.1625000      6.3922480E-02
   2.125000      0.1625000      8.5309602E-02
   2.375000      0.1625000      8.9567125E-02
   2.625000      0.1625000      0.1157774    
   2.875000      0.1625000      0.1161486    
   3.125000      0.1625000      0.1489226    
   3.375000      0.1625000      0.1429473    
   3.625000      0.1625000      0.1850171    
   3.875000      0.1625000      0.1691225    
   4.125000      0.1625000      0.2246495    
   4.375000      0.1625000      0.1935656    
   4.625000      0.1625000      0.2688240    
   4.875000      0.1625000      0.2147278    
   5.125000      0.1625000      0.3191391    
   5.375000      0.1625000      0.2303821    
   5.625000      0.1625000      0.3780650    
   5.875000      0.1625000      0.2372700    
   6.125000      0.1625000      0.4493675    
   6.375000      0.1625000      0.2305733    
   6.625000      0.1625000      0.5387580    
   6.875000      0.1625000      0.2030980    
   7.125000      0.1625000      0.6549110    
   7.375000      0.1625000      0.1439834    
   7.625000      0.1625000      0.8111207    
   7.875000      0.1625000      3.6537360E-02
   8.125000      0.1625000       1.028172    
   8.375000      0.1625000     -0.1456734    
   8.625000      0.1625000       1.339802    
   8.875000      0.1625000     -0.4467056    
   9.125000      0.1625000       1.804494    
   9.375000      0.1625000     -0.9467561    
   9.625000      0.1625000       2.536473    
   9.875000      0.1625000      -1.818714    
   10.00000      0.1625000       1.000000    
 
  0.0000000E+00  0.1875000      0.0000000E+00
  0.1250000      0.1875000      7.8959303E-04
  0.3750000      0.1875000      1.2196456E-03
  0.6250000      0.1875000      9.4383340E-03
  0.8750000      0.1875000      1.3105091E-02
   1.125000      0.1875000      2.5952240E-02
   1.375000      0.1875000      3.0346289E-02
   1.625000      0.1875000      4.7214590E-02
   1.875000      0.1875000      5.0642814E-02
   2.125000      0.1875000      7.1975224E-02
   2.375000      0.1875000      7.2780527E-02
   2.625000      0.1875000      9.9808052E-02
   2.875000      0.1875000      9.5901139E-02
   3.125000      0.1875000      0.1307272    
   3.375000      0.1875000      0.1191783    
   3.625000      0.1875000      0.1650840    
   3.875000      0.1875000      0.1416248    
   4.125000      0.1875000      0.2035985    
   4.375000      0.1875000      0.1619254    
   4.625000      0.1875000      0.2474841    
   4.875000      0.1875000      0.1782346    
   5.125000      0.1875000      0.2986643    
   5.375000      0.1875000      0.1878922    
   5.625000      0.1875000      0.3601054    
   5.875000      0.1875000      0.1870022    
   6.125000      0.1875000      0.4363249    
   6.375000      0.1875000      0.1697998    
   6.625000      0.1875000      0.5341671    
   6.875000      0.1875000      0.1276798    
   7.125000      0.1875000      0.6640146    
   7.375000      0.1875000      4.7663618E-02
   7.625000      0.1875000      0.8417457    
   7.875000      0.1875000     -9.0147324E-02
   8.125000      0.1875000       1.092096    
   8.375000      0.1875000     -0.3171180    
   8.625000      0.1875000       1.454959    
   8.875000      0.1875000     -0.6850861    
   9.125000      0.1875000       1.998689    
   9.375000      0.1875000      -1.286856    
   9.625000      0.1875000       2.853366    
   9.875000      0.1875000      -2.313562    
   10.00000      0.1875000       1.000000    
 
  0.0000000E+00  0.2125000      0.0000000E+00
  0.1250000      0.2125000      8.9601550E-04
  0.3750000      0.2125000     -1.9047604E-04
  0.6250000      0.2125000      7.0120622E-03
  0.8750000      0.2125000      8.4309159E-03
   1.125000      0.2125000      2.0351261E-02
   1.375000      0.2125000      2.2197960E-02
   1.625000      0.2125000      3.8555589E-02
   1.875000      0.2125000      3.9076231E-02
   2.125000      0.2125000      6.0525738E-02
   2.375000      0.2125000      5.7860199E-02
   2.625000      0.2125000      8.5899770E-02
   2.875000      0.2125000      7.7633210E-02
   3.125000      0.2125000      0.1147555    
   3.375000      0.2125000      9.7467959E-02
   3.625000      0.2125000      0.1475360    
   3.875000      0.2125000      0.1162286    
   4.125000      0.2125000      0.1851049    
   4.375000      0.2125000      0.1323857    
   4.625000      0.2125000      0.2289000    
   4.875000      0.2125000      0.1437835    
   5.125000      0.2125000      0.2811899    
   5.375000      0.2125000      0.1473067    
   5.625000      0.2125000      0.3454677    
   5.875000      0.2125000      0.1383877    
   6.125000      0.2125000      0.4270461    
   6.375000      0.2125000      0.1102650    
   6.625000      0.2125000      0.5339661    
   6.875000      0.2125000      5.2848063E-02
   7.125000      0.2125000      0.6784078    
   7.375000      0.2125000     -4.9062353E-02
   7.625000      0.2125000      0.8789525    
   7.875000      0.2125000     -0.2187002    
   8.125000      0.2125000       1.164421    
   8.375000      0.2125000     -0.4924814    
   8.625000      0.2125000       1.580934    
   8.875000      0.2125000     -0.9299765    
   9.125000      0.2125000       2.206412    
   9.375000      0.2125000      -1.635738    
   9.625000      0.2125000       3.184741    
   9.875000      0.2125000      -2.814679    
   10.00000      0.2125000       1.000000    
 
  0.0000000E+00  0.2375000      0.0000000E+00
  0.1250000      0.2375000      1.0885893E-03
  0.3750000      0.2375000     -1.1693082E-03
  0.6250000      0.2375000      5.3624837E-03
  0.8750000      0.2375000      4.7713616E-03
   1.125000      0.2375000      1.5999218E-02
   1.375000      0.2375000      1.5432716E-02
   1.625000      0.2375000      3.1461831E-02
   1.875000      0.2375000      2.9145693E-02
   2.125000      0.2375000      5.0881423E-02
   2.375000      0.2375000      4.4765770E-02
   2.625000      0.2375000      7.3998146E-02
   2.875000      0.2375000      6.1339479E-02
   3.125000      0.2375000      0.1009722    
   3.375000      0.2375000      7.7845603E-02
   3.625000      0.2375000      0.1323502    
   3.875000      0.2375000      9.2999741E-02
   4.125000      0.2375000      0.1691499    
   4.375000      0.2375000      0.1050533    
   4.625000      0.2375000      0.2130457    
   4.875000      0.2375000      0.1115295    
   5.125000      0.2375000      0.2666689    
   5.375000      0.2375000      0.1088420    
   5.625000      0.2375000      0.3340629    
   5.875000      0.2375000      9.1725320E-02
   6.125000      0.2375000      0.4213712    
   6.375000      0.2375000      5.2381925E-02
   6.625000      0.2375000      0.5378814    
   6.875000      0.2375000     -2.0820579E-02
   7.125000      0.2375000      0.6976395    
   7.375000      0.2375000     -0.1453770    
   7.625000      0.2375000      0.9220127    
   7.875000      0.2375000     -0.3479382    
   8.125000      0.2375000       1.243977    
   8.375000      0.2375000     -0.6700016    
   8.625000      0.2375000       1.715828    
   8.875000      0.2375000      -1.178643    
   9.125000      0.2375000       2.424488    
   9.375000      0.2375000      -1.988952    
   9.625000      0.2375000       3.525229    
   9.875000      0.2375000      -3.315191    
   10.00000      0.2375000       1.000000    
 
  0.0000000E+00  0.2625000      0.0000000E+00
  0.1250000      0.2625000      1.3162805E-03
  0.3750000      0.2625000     -1.8462508E-03
  0.6250000      0.2625000      4.3191346E-03
  0.8750000      0.2625000      1.9607663E-03
   1.125000      0.2625000      1.2726167E-02
   1.375000      0.2625000      9.9073006E-03
   1.625000      0.2625000      2.5786960E-02
   1.875000      0.2625000      2.0741003E-02
   2.125000      0.2625000      4.2921051E-02
   2.375000      0.2625000      3.3422202E-02
   2.625000      0.2625000      6.4003527E-02
   2.875000      0.2625000      4.6980761E-02
   3.125000      0.2625000      8.9293376E-02
   3.375000      0.2625000      6.0309492E-02
   3.625000      0.2625000      0.1194506    
   3.875000      0.2625000      7.1977302E-02
   4.125000      0.2625000      0.1556549    
   4.375000      0.2625000      8.0014475E-02
   4.625000      0.2625000      0.1998267    
   4.875000      0.2625000      8.1618242E-02
   5.125000      0.2625000      0.2549713    
   5.375000      0.2625000      7.2721049E-02
   5.625000      0.2625000      0.3256996    
   5.875000      0.2625000      4.7344092E-02
   6.125000      0.2625000      0.4190082    
   6.375000      0.2625000     -3.3703258E-03
   6.625000      0.2625000      0.5454636    
   6.875000      0.2625000     -9.2630133E-02
   7.125000      0.2625000      0.7210174    
   7.375000      0.2625000     -0.2402658    
   7.625000      0.2625000      0.9698642    
   7.875000      0.2625000     -0.4763698    
   8.125000      0.2625000       1.329129    
   8.375000      0.2625000     -0.8474550    
   8.625000      0.2625000       1.857102    
   8.875000      0.2625000      -1.427700    
   9.125000      0.2625000       2.648920    
   9.375000      0.2625000      -2.341273    
   9.625000      0.2625000       3.868662    
   9.875000      0.2625000      -3.807741    
   10.00000      0.2625000       1.000000    
 
  0.0000000E+00  0.2875000      0.0000000E+00
  0.1250000      0.2875000      1.5484384E-03
  0.3750000      0.2875000     -2.3226440E-03
  0.6250000      0.2875000      3.7262354E-03
  0.8750000      0.2875000     -1.6275173E-04
   1.125000      0.2875000      1.0353295E-02
   1.375000      0.2875000      5.4655708E-03
   1.625000      0.2875000      2.1362994E-02
   1.875000      0.2875000      1.3731607E-02
   2.125000      0.2875000      3.6494955E-02
   2.375000      0.2875000      2.3731181E-02
   2.625000      0.2875000      5.5783235E-02
   2.875000      0.2875000      3.4494199E-02
   3.125000      0.2875000      7.9597875E-02
   3.375000      0.2875000      4.4835392E-02
   3.625000      0.2875000      0.1087190    
   3.875000      0.2875000      5.3180862E-02
   4.125000      0.2875000      0.1444932    
   4.375000      0.2875000      5.7341814E-02
   4.625000      0.2875000      0.1890914    
   4.875000      0.2875000      5.4189924E-02
   5.125000      0.2875000      0.2458984    
   5.375000      0.2875000      3.9175313E-02
   5.625000      0.2875000      0.3200985    
   5.875000      0.2875000      5.6025651E-03
   6.125000      0.2875000      0.4195504    
   6.375000      0.2875000     -5.6451790E-02
   6.625000      0.2875000      0.5561094    
   6.875000      0.2875000     -0.1617775    
   7.125000      0.2875000      0.7476401    
   7.375000      0.2875000     -0.3325397    
   7.625000      0.2875000       1.021153    
   7.875000      0.2875000     -0.6022351    
   8.125000      0.2875000       1.417842    
   8.375000      0.2875000      -1.022228    
   8.625000      0.2875000       2.001687    
   8.875000      0.2875000      -1.673253    
   9.125000      0.2875000       2.875092    
   9.375000      0.2875000      -2.686959    
   9.625000      0.2875000       4.208426    
   9.875000      0.2875000      -4.284845    
   10.00000      0.2875000       1.000000    
 
  0.0000000E+00  0.3125000      0.0000000E+00
  0.1250000      0.3125000      1.7685329E-03
  0.3750000      0.3125000     -2.6716560E-03
  0.6250000      0.3125000      3.4502437E-03
  0.8750000      0.3125000     -1.7465102E-03
   1.125000      0.3125000      8.7054744E-03
   1.375000      0.3125000      1.9507624E-03
   1.625000      0.3125000      1.8013051E-02
   1.875000      0.3125000      7.9781134E-03
   2.125000      0.3125000      3.1437054E-02
   2.375000      0.3125000      1.5581543E-02
   2.625000      0.3125000      4.9182866E-02
   2.875000      0.3125000      2.3802282E-02
   3.125000      0.3125000      7.1737990E-02
   3.375000      0.3125000      3.1384215E-02
   3.625000      0.3125000      0.1000055    
   3.875000      0.3125000      3.6616646E-02
   4.125000      0.3125000      0.1354999    
   4.375000      0.3125000      3.7097905E-02
   4.625000      0.3125000      0.1806419    
   4.875000      0.3125000      2.9381284E-02
   5.125000      0.3125000      0.2391935    
   5.375000      0.3125000      8.4432038E-03
   5.625000      0.3125000      0.3169075    
   5.875000      0.3125000     -3.3117142E-02
   6.125000      0.3125000      0.4224959    
   6.375000      0.3125000     -0.1062734    
   6.625000      0.3125000      0.5690871    
   6.875000      0.3125000     -0.2273725    
   7.125000      0.3125000      0.7764294    
   7.375000      0.3125000     -0.4208682    
   7.625000      0.3125000       1.074283    
   7.875000      0.3125000     -0.7235592    
   8.125000      0.3125000       1.507756    
   8.375000      0.3125000      -1.191406    
   8.625000      0.3125000       2.146110    
   8.875000      0.3125000      -1.911048    
   9.125000      0.3125000       3.097976    
   9.375000      0.3125000      -3.020012    
   9.625000      0.3125000       4.537755    
   9.875000      0.3125000      -4.739144    
   10.00000      0.3125000       1.000000    
 
  0.0000000E+00  0.3375000      0.0000000E+00
  0.1250000      0.3375000      1.9686904E-03
  0.3750000      0.3375000     -2.9417579E-03
  0.6250000      0.3375000      3.3827508E-03
  0.8750000      0.3375000     -2.9166758E-03
   1.125000      0.3375000      7.6208897E-03
   1.375000      0.3375000     -7.8453845E-04
   1.625000      0.3375000      1.5562888E-02
   1.875000      0.3375000      3.3427132E-03
   2.125000      0.3375000      2.7576741E-02
   2.375000      0.3375000      8.8590160E-03
   2.625000      0.3375000      4.4038001E-02
   2.875000      0.3375000      1.4821479E-02
   3.125000      0.3375000      6.5551125E-02
   3.375000      0.3375000      1.9909231E-02
   3.625000      0.3375000      9.3140282E-02
   3.875000      0.3375000      2.2282893E-02
   4.125000      0.3375000      0.1284846    
   4.375000      0.3375000      1.9338680E-02
   4.625000      0.3375000      0.1742481    
   4.875000      0.3375000      7.3258528E-03
   5.125000      0.3375000      0.2345588    
   5.375000      0.3375000     -1.9233419E-02
   5.625000      0.3375000      0.3157209    
   5.875000      0.3375000     -6.8418354E-02
   6.125000      0.3375000      0.4272721    
   6.375000      0.3375000     -0.1522141    
   6.625000      0.3375000      0.5835705    
   6.875000      0.3375000     -0.2884669    
   7.125000      0.3375000      0.8061798    
   7.375000      0.3375000     -0.5038260    
   7.625000      0.3375000       1.127490    
   7.875000      0.3375000     -0.8382270    
   8.125000      0.3375000       1.596294    
   8.375000      0.3375000      -1.351897    
   8.625000      0.3375000       2.286653    
   8.875000      0.3375000      -2.136659    
   9.125000      0.3375000       3.312376    
   9.375000      0.3375000      -3.334441    
   9.625000      0.3375000       4.850023    
   9.875000      0.3375000      -5.163670    
   10.00000      0.3375000       1.000000    
 
  0.0000000E+00  0.3625000      0.0000000E+00
  0.1250000      0.3625000      2.1456045E-03
  0.3750000      0.3625000     -3.1619063E-03
  0.6250000      0.3625000      3.4398660E-03
  0.8750000      0.3625000     -3.7753701E-03
   1.125000      0.3625000      6.9575706E-03
   1.375000      0.3625000     -2.8709718E-03
   1.625000      0.3625000      1.3850388E-02
   1.875000      0.3625000     -3.0218958E-04
   2.125000      0.3625000      2.4749216E-02
   2.375000      0.3625000      3.4545318E-03
   2.625000      0.3625000      4.0184781E-02
   2.875000      0.3625000      7.4694743E-03
   3.125000      0.3625000      6.0870305E-02
   3.375000      0.3625000      1.0361793E-02
   3.625000      0.3625000      8.7944575E-02
   3.875000      0.3625000      1.0173663E-02
   4.125000      0.3625000      0.1232431    
   4.375000      0.3625000      4.1147000E-03
   4.625000      0.3625000      0.1696606    
   4.875000      0.3625000     -1.1847935E-02
   5.125000      0.3625000      0.2316717    
   5.375000      0.3625000     -4.3615669E-02
   5.625000      0.3625000      0.3161007    
   5.875000      0.3625000     -9.9902593E-02
   6.125000      0.3625000      0.4332637    
   6.375000      0.3625000     -0.1936428    
   6.625000      0.3625000      0.5986773    
   6.875000      0.3625000     -0.3440898    
   7.125000      0.3625000      0.8356110    
   7.375000      0.3625000     -0.5799481    
   7.625000      0.3625000       1.178912    
   7.875000      0.3625000     -0.9440650    
   8.125000      0.3625000       1.680766    
   8.375000      0.3625000      -1.500542    
   8.625000      0.3625000       2.419503    
   8.875000      0.3625000      -2.345660    
   9.125000      0.3625000       3.513132    
   9.375000      0.3625000      -3.624482    
   9.625000      0.3625000       5.138953    
   9.875000      0.3625000      -5.552008    
   10.00000      0.3625000       1.000000    
 
  0.0000000E+00  0.3875000      0.0000000E+00
  0.1250000      0.3875000      2.2979127E-03
  0.3750000      0.3875000     -3.3470690E-03
  0.6250000      0.3875000      3.5594939E-03
  0.8750000      0.3875000     -4.4006114E-03
   1.125000      0.3875000      6.5973364E-03
   1.375000      0.3875000     -4.4173347E-03
   1.625000      0.3875000      1.2733294E-02
   1.875000      0.3875000     -3.0670182E-03
   2.125000      0.3875000      2.2804758E-02
   2.375000      0.3875000     -7.2877592E-04
   2.625000      0.3875000      3.7469544E-02
   2.875000      0.3875000      1.6712847E-03
   3.125000      0.3875000      5.7534259E-02
   3.375000      0.3875000      2.6959868E-03
   3.625000      0.3875000      8.4241092E-02
   3.875000      0.3875000      2.8156099E-04
   4.125000      0.3875000      0.1195690    
   4.375000      0.3875000     -8.5286601E-03
   4.625000      0.3875000      0.1666250    
   4.875000      0.3875000     -2.8020153E-02
   5.125000      0.3875000      0.2302011    
   5.375000      0.3875000     -6.4476050E-02
   5.625000      0.3875000      0.3175977    
   5.875000      0.3875000     -0.1271853    
   6.125000      0.3875000      0.4398426    
   6.375000      0.3875000     -0.2299442    
   6.625000      0.3875000      0.6135109    
   6.875000      0.3875000     -0.3932879    
   7.125000      0.3875000      0.8634281    
   7.375000      0.3875000     -0.6477906    
   7.625000      0.3875000       1.226675    
   7.875000      0.3875000      -1.038933    
   8.125000      0.3875000       1.758488    
   8.375000      0.3875000      -1.634257    
   8.625000      0.3875000       2.540922    
   8.875000      0.3875000      -2.533809    
   9.125000      0.3875000       3.695319    
   9.375000      0.3875000      -3.884789    
   9.625000      0.3875000       5.398798    
   9.875000      0.3875000      -5.898423    
   10.00000      0.3875000       1.000000    
 
  0.0000000E+00  0.4125000      0.0000000E+00
  0.1250000      0.4125000      2.4247663E-03
  0.3750000      0.4125000     -3.5032271E-03
  0.6250000      0.4125000      3.6976892E-03
  0.8750000      0.4125000     -4.8480551E-03
   1.125000      0.4125000      6.4477744E-03
   1.375000      0.4125000     -5.5075055E-03
   1.625000      0.4125000      1.2095171E-02
   1.875000      0.4125000     -5.0398041E-03
   2.125000      0.4125000      2.1616472E-02
   2.375000      0.4125000     -3.7701230E-03
   2.625000      0.4125000      3.5757441E-02
   2.875000      0.4125000     -2.6360513E-03
   3.125000      0.4125000      5.5396542E-02
   3.375000      0.4125000     -3.1280085E-03
   3.625000      0.4125000      8.1863999E-02
   3.875000      0.4125000     -7.4007893E-03
   4.125000      0.4125000      0.1172653    
   4.375000      0.4125000     -1.8552365E-02
   4.625000      0.4125000      0.1648953    
   4.875000      0.4125000     -4.1084174E-02
   5.125000      0.4125000      0.2298260    
   5.375000      0.4125000     -8.1608430E-02
   5.625000      0.4125000      0.3197767    
   5.875000      0.4125000     -0.1499131    
   6.125000      0.4125000      0.4464010    
   6.375000      0.4125000     -0.2605477    
   6.625000      0.4125000      0.6272054    
   6.875000      0.4125000     -0.4351707    
   7.125000      0.4125000      0.8883858    
   7.375000      0.4125000     -0.7059993    
   7.625000      0.4125000       1.268988    
   7.875000      0.4125000      -1.120822    
   8.125000      0.4125000       1.826912    
   8.375000      0.4125000      -1.750164    
   8.625000      0.4125000       2.647399    
   8.875000      0.4125000      -2.697207    
   9.125000      0.4125000       3.854437    
   9.375000      0.4125000      -4.110607    
   9.625000      0.4125000       5.624491    
   9.875000      0.4125000      -6.197980    
   10.00000      0.4125000       1.000000    
 
  0.0000000E+00  0.4375000      0.0000000E+00
  0.1250000      0.4375000      2.5251904E-03
  0.3750000      0.4375000     -3.6313888E-03
  0.6250000      0.4375000      3.8250657E-03
  0.8750000      0.4375000     -5.1534772E-03
   1.125000      0.4375000      6.4429701E-03
   1.375000      0.4375000     -6.1987974E-03
   1.625000      0.4375000      1.1849770E-02
   1.875000      0.4375000     -6.2825610E-03
   2.125000      0.4375000      2.1086315E-02
   2.375000      0.4375000     -5.7272059E-03
   2.625000      0.4375000      3.4939218E-02
   2.875000      0.4375000     -5.5002850E-03
   3.125000      0.4375000      5.4332986E-02
   3.375000      0.4375000     -7.1419431E-03
   3.625000      0.4375000      8.0667503E-02
   3.875000      0.4375000     -1.2880499E-02
   4.125000      0.4375000      0.1161543    
   4.375000      0.4375000     -2.5925893E-02
   4.625000      0.4375000      0.1642464    
   4.875000      0.4375000     -5.0952327E-02
   5.125000      0.4375000      0.2302508    
   5.375000      0.4375000     -9.4838820E-02
   5.625000      0.4375000      0.3222370    
   5.875000      0.4375000     -0.1677826    
   6.125000      0.4375000      0.4523813    
   6.375000      0.4375000     -0.2849561    
   6.625000      0.4375000      0.6389695    
   6.875000      0.4375000     -0.4689548    
   7.125000      0.4375000      0.9093485    
   7.375000      0.4375000     -0.7533745    
   7.625000      0.4375000       1.304221    
   7.875000      0.4375000      -1.187949    
   8.125000      0.4375000       1.883736    
   8.375000      0.4375000      -1.845713    
   8.625000      0.4375000       2.735801    
   8.875000      0.4375000      -2.832448    
   9.125000      0.4375000       3.986546    
   9.375000      0.4375000      -4.297888    
   9.625000      0.4375000       5.811741    
   9.875000      0.4375000      -6.446620    
   10.00000      0.4375000       1.000000    
 
  0.0000000E+00  0.4625000      0.0000000E+00
  0.1250000      0.4625000      2.5979155E-03
  0.3750000      0.4625000     -3.7305050E-03
  0.6250000      0.4625000      3.9239717E-03
  0.8750000      0.4625000     -5.3350483E-03
   1.125000      0.4625000      6.5437830E-03
   1.375000      0.4625000     -6.5211700E-03
   1.625000      0.4625000      1.1944111E-02
   1.875000      0.4625000     -6.8290322E-03
   2.125000      0.4625000      2.1149537E-02
   2.375000      0.4625000     -6.6338493E-03
   2.625000      0.4625000      3.4936331E-02
   2.875000      0.4625000     -6.9521815E-03
   3.125000      0.4625000      5.4247420E-02
   3.375000      0.4625000     -9.3687410E-03
   3.625000      0.4625000      8.0532424E-02
   3.875000      0.4625000     -1.6165128E-02
   4.125000      0.4625000      0.1160859    
   4.375000      0.4625000     -3.0630069E-02
   4.625000      0.4625000      0.1644853    
   4.875000      0.4625000     -5.7561859E-02
   5.125000      0.4625000      0.2312208    
   5.375000      0.4625000     -0.1040359    
   5.625000      0.4625000      0.3246332    
   5.875000      0.4625000     -0.1805569    
   6.125000      0.4625000      0.4573042    
   6.375000      0.4625000     -0.3027729    
   6.625000      0.4625000      0.6481262    
   6.875000      0.4625000     -0.4940055    
   7.125000      0.4625000      0.9253488    
   7.375000      0.4625000     -0.7889331    
   7.625000      0.4625000       1.330989    
   7.875000      0.4625000      -1.238841    
   8.125000      0.4625000       1.927008    
   8.375000      0.4625000      -1.918797    
   8.625000      0.4625000       2.803495    
   8.875000      0.4625000      -2.936733    
   9.125000      0.4625000       4.088395    
   9.375000      0.4625000      -4.443376    
   9.625000      0.4625000       5.957097    
   9.875000      0.4625000      -6.641168    
   10.00000      0.4625000       1.000000    
 
  0.0000000E+00  0.4875000      0.0000000E+00
  0.1250000      0.4875000      2.6413586E-03
  0.3750000      0.4875000     -3.7992636E-03
  0.6250000      0.4875000      3.9868960E-03
  0.8750000      0.4875000     -5.3946963E-03
   1.125000      0.4875000      6.7382399E-03
   1.375000      0.4875000     -6.4767892E-03
   1.625000      0.4875000      1.2360487E-02
   1.875000      0.4875000     -6.6836495E-03
   2.125000      0.4875000      2.1777395E-02
   2.375000      0.4875000     -6.4991303E-03
   2.625000      0.4875000      3.5704166E-02
   2.875000      0.4875000     -7.0051369E-03
   3.125000      0.4875000      5.5075601E-02
   3.375000      0.4875000     -9.8228510E-03
   3.625000      0.4875000      8.1371203E-02
   3.875000      0.4875000     -1.7264124E-02
   4.125000      0.4875000      0.1169440    
   4.375000      0.4875000     -3.2660153E-02
   4.625000      0.4875000      0.1654589    
   4.875000      0.4875000     -6.0880531E-02
   5.125000      0.4875000      0.2325329    
   5.375000      0.4875000     -0.1091206    
   5.625000      0.4875000      0.3266918    
   5.875000      0.4875000     -0.1880815    
   6.125000      0.4875000      0.4607937    
   6.375000      0.4875000     -0.3137264    
   6.625000      0.4875000      0.6541474    
   6.875000      0.4875000     -0.5098726    
   7.125000      0.4875000      0.9356358    
   7.375000      0.4875000     -0.8119613    
   7.625000      0.4875000       1.348221    
   7.875000      0.4875000      -1.272410    
   8.125000      0.4875000       1.955218    
   8.375000      0.4875000      -1.967841    
   8.625000      0.4875000       2.848449    
   8.875000      0.4875000      -3.007972    
   9.125000      0.4875000       4.157495    
   9.375000      0.4875000      -4.544675    
   9.625000      0.4875000       6.057992    
   9.875000      0.4875000      -6.779396    
   10.00000      0.4875000       1.000000    
 
  0.0000000E+00  0.5125000      0.0000000E+00
  0.1250000      0.5125000      2.6535986E-03
  0.3750000      0.5125000     -3.8367715E-03
  0.6250000      0.5125000      4.0164394E-03
  0.8750000      0.5125000     -5.3180130E-03
   1.125000      0.5125000      7.0425202E-03
   1.375000      0.5125000     -6.0396180E-03
   1.625000      0.5125000      1.3117575E-02
   1.875000      0.5125000     -5.8215386E-03
   2.125000      0.5125000      2.2978172E-02
   2.375000      0.5125000     -5.3078630E-03
   2.625000      0.5125000      3.7233207E-02
   2.875000      0.5125000     -5.6560645E-03
   3.125000      0.5125000      5.6786995E-02
   3.375000      0.5125000     -8.5115666E-03
   3.625000      0.5125000      8.3130479E-02
   3.875000      0.5125000     -1.6190793E-02
   4.125000      0.5125000      0.1186504    
   4.375000      0.5125000     -3.2028936E-02
   4.625000      0.5125000      0.1670609    
   4.875000      0.5125000     -6.0911477E-02
   5.125000      0.5125000      0.2340455    
   5.375000      0.5125000     -0.1100734    
   5.625000      0.5125000      0.3282242    
   5.875000      0.5125000     -0.1902961    
   6.125000      0.5125000      0.4625939    
   6.375000      0.5125000     -0.3176883    
   6.625000      0.5125000      0.6566805    
   6.875000      0.5125000     -0.5163199    
   7.125000      0.5125000      0.9397133    
   7.375000      0.5125000     -0.8220572    
   7.625000      0.5125000       1.355213    
   7.875000      0.5125000      -1.288012    
   8.125000      0.5125000       1.967376    
   8.375000      0.5125000      -1.991879    
   8.625000      0.5125000       2.869318    
   8.875000      0.5125000      -3.044854    
   9.125000      0.5125000       4.192199    
   9.375000      0.5125000      -4.600289    
   9.625000      0.5125000       6.112765    
   9.875000      0.5125000      -6.860013    
   10.00000      0.5125000       1.000000    
 
  0.0000000E+00  0.5375000      0.0000000E+00
  0.1250000      0.5375000      2.6322147E-03
  0.3750000      0.5375000     -3.8420225E-03
  0.6250000      0.5375000      4.0270481E-03
  0.8750000      0.5375000     -5.0724521E-03
   1.125000      0.5375000      7.5025647E-03
   1.375000      0.5375000     -5.1549096E-03
   1.625000      0.5375000      1.4270540E-02
   1.875000      0.5375000     -4.1895271E-03
   2.125000      0.5375000      2.4796363E-02
   2.375000      0.5375000     -3.0223781E-03
   2.625000      0.5375000      3.9548207E-02
   2.875000      0.5375000     -2.8874101E-03
   3.125000      0.5375000      5.9384231E-02
   3.375000      0.5375000     -5.4370840E-03
   3.625000      0.5375000      8.5791506E-02
   3.875000      0.5375000     -1.2964481E-02
   4.125000      0.5375000      0.1211663    
   4.375000      0.5375000     -2.8769230E-02
   4.625000      0.5375000      0.1692333    
   4.875000      0.5375000     -5.7696451E-02
   5.125000      0.5375000      0.2356819    
   5.375000      0.5375000     -0.1069397    
   5.625000      0.5375000      0.3291323    
   5.875000      0.5375000     -0.1872420    
   6.125000      0.5375000      0.4625811    
   6.375000      0.5375000     -0.3146844    
   6.625000      0.5375000      0.6555647    
   6.875000      0.5375000     -0.5133411    
   7.125000      0.5375000      0.9373643    
   7.375000      0.5375000     -0.8191554    
   7.625000      0.5375000       1.351660    
   7.875000      0.5375000      -1.285483    
   8.125000      0.5375000       1.963044    
   8.375000      0.5375000      -1.990600    
   8.625000      0.5375000       2.865485    
   8.875000      0.5375000      -3.046885    
   9.125000      0.5375000       4.191730    
   9.375000      0.5375000      -4.609631    
   9.625000      0.5375000       6.120670    
   9.875000      0.5375000      -6.882626    
   10.00000      0.5375000       1.000000    
 
  0.0000000E+00  0.5625000      0.0000000E+00
  0.1250000      0.5625000      2.5740820E-03
  0.3750000      0.5625000     -3.8119294E-03
  0.6250000      0.5625000      4.0486786E-03
  0.8750000      0.5625000     -4.6038851E-03
   1.125000      0.5625000      8.1962217E-03
   1.375000      0.5625000     -3.7388261E-03
   1.625000      0.5625000      1.5910087E-02
   1.875000      0.5625000     -1.7082304E-03
   2.125000      0.5625000      2.7310109E-02
   2.375000      0.5625000      4.1445679E-04
   2.625000      0.5625000      4.2705212E-02
   2.875000      0.5625000      1.3298376E-03
   3.125000      0.5625000      6.2900625E-02
   3.375000      0.5625000     -5.9914833E-04
   3.625000      0.5625000      8.9368045E-02
   3.875000      0.5625000     -7.6127523E-03
   4.125000      0.5625000      0.1244913    
   4.375000      0.5625000     -2.2935692E-02
   4.625000      0.5625000      0.1719672    
   4.875000      0.5625000     -5.1317606E-02
   5.125000      0.5625000      0.2374313    
   5.375000      0.5625000     -9.9831127E-02
   5.625000      0.5625000      0.3294117    
   5.875000      0.5625000     -0.1790638    
   6.125000      0.5625000      0.4607659    
   6.375000      0.5625000     -0.3048989    
   6.625000      0.5625000      0.6508351    
   6.875000      0.5625000     -0.5011657    
   7.125000      0.5625000      0.9286588    
   7.375000      0.5625000     -0.8035372    
   7.625000      0.5625000       1.337672    
   7.875000      0.5625000      -1.265153    
   8.125000      0.5625000       1.942362    
   8.375000      0.5625000      -1.964363    
   8.625000      0.5625000       2.837098    
   8.875000      0.5625000      -3.014416    
   9.125000      0.5625000       4.156199    
   9.375000      0.5625000      -4.573034    
   9.625000      0.5625000       6.081853    
   9.875000      0.5625000      -6.847750    
   10.00000      0.5625000       1.000000    
 
  0.0000000E+00  0.5875000      0.0000000E+00
  0.1250000      0.5875000      2.4753045E-03
  0.3750000      0.5875000     -3.7375609E-03
  0.6250000      0.5875000      4.1323765E-03
  0.8750000      0.5875000     -3.8318853E-03
   1.125000      0.5875000      9.2353551E-03
   1.375000      0.5875000     -1.6786261E-03
   1.625000      0.5875000      1.8160088E-02
   1.875000      0.5875000      1.7246234E-03
   2.125000      0.5875000      3.0626873E-02
   2.375000      0.5875000      5.0750752E-03
   2.625000      0.5875000      4.6786997E-02
   2.875000      0.5875000      7.0323003E-03
   3.125000      0.5875000      6.7395933E-02
   3.375000      0.5875000      6.0019251E-03
   3.625000      0.5875000      9.3902946E-02
   3.875000      0.5875000     -1.7345422E-04
   4.125000      0.5875000      0.1286594    
   4.375000      0.5875000     -1.4605875E-02
   4.625000      0.5875000      0.1752992    
   4.875000      0.5875000     -4.1897383E-02
   5.125000      0.5875000      0.2393460    
   5.375000      0.5875000     -8.8924222E-02
   5.625000      0.5875000      0.3291483    
   5.875000      0.5875000     -0.1660080    
   6.125000      0.5875000      0.4572902    
   6.375000      0.5875000     -0.2886701    
   6.625000      0.5875000      0.6427209    
   6.875000      0.5875000     -0.4802558    
   7.125000      0.5875000      0.9139500    
   7.375000      0.5875000     -0.7758256    
   7.625000      0.5875000       1.313767    
   7.875000      0.5875000      -1.227845    
   8.125000      0.5875000       1.906051    
   8.375000      0.5875000      -1.914204    
   8.625000      0.5875000       2.785067    
   8.875000      0.5875000      -2.948651    
   9.125000      0.5875000       4.086623    
   9.375000      0.5875000      -4.491764    
   9.625000      0.5875000       5.997379    
   9.875000      0.5875000      -6.756786    
   10.00000      0.5875000       1.000000    
 
  0.0000000E+00  0.6125000      0.0000000E+00
  0.1250000      0.6125000      2.3316618E-03
  0.3750000      0.6125000     -3.5980970E-03
  0.6250000      0.6125000      4.3575461E-03
  0.8750000      0.6125000     -2.6444590E-03
   1.125000      0.6125000      1.0767133E-02
   1.375000      0.6125000      1.1659781E-03
   1.625000      0.6125000      2.1173449E-02
   1.875000      0.6125000      6.2295306E-03
   2.125000      0.6125000      3.4877274E-02
   2.375000      0.6125000      1.1042019E-02
   2.625000      0.6125000      5.1896684E-02
   2.875000      0.6125000      1.4259794E-02
   3.125000      0.6125000      7.2950259E-02
   3.375000      0.6125000      1.4362088E-02
   3.625000      0.6125000      9.9462174E-02
   3.875000      0.6125000      9.3036490E-03
   4.125000      0.6125000      0.1337344    
   4.375000      0.6125000     -3.8801073E-03
   4.625000      0.6125000      0.1793053    
   4.875000      0.6125000     -2.9596262E-02
   5.125000      0.6125000      0.2415344    
   5.375000      0.6125000     -7.4456155E-02
   5.625000      0.6125000      0.3285085    
   5.875000      0.6125000     -0.1484140    
   6.125000      0.6125000      0.4524153    
   6.375000      0.6125000     -0.2664780    
   6.625000      0.6125000      0.6316273    
   6.875000      0.6125000     -0.4512855    
   7.125000      0.6125000      0.8938528    
   7.375000      0.6125000     -0.7369588    
   7.625000      0.6125000       1.280850    
   7.875000      0.6125000      -1.174839    
   8.125000      0.6125000       1.855378    
   8.375000      0.6125000      -1.841801    
   8.625000      0.6125000       2.711041    
   8.875000      0.6125000      -2.851622    
   9.125000      0.6125000       3.984914    
   9.375000      0.6125000      -4.368000    
   9.625000      0.6125000       5.869205    
   9.875000      0.6125000      -6.612032    
   10.00000      0.6125000       1.000000    
 
  0.0000000E+00  0.6375000      0.0000000E+00
  0.1250000      0.6375000      2.1402694E-03
  0.3750000      0.6375000     -3.3521487E-03
  0.6250000      0.6375000      4.8402483E-03
  0.8750000      0.6375000     -8.9341105E-04
   1.125000      0.6375000      1.2973460E-02
   1.375000      0.6375000      4.9595563E-03
   1.625000      0.6375000      2.5125895E-02
   1.875000      0.6375000      1.1939071E-02
   2.125000      0.6375000      4.0207319E-02
   2.375000      0.6375000      1.8401891E-02
   2.625000      0.6375000      5.8149982E-02
   2.875000      0.6375000      2.3050506E-02
   3.125000      0.6375000      7.9656884E-02
   3.375000      0.6375000      2.4470419E-02
   3.625000      0.6375000      0.1061279    
   3.875000      0.6375000      2.0755671E-02
   4.125000      0.6375000      0.1398019    
   4.375000      0.6375000      9.1196066E-03
   4.625000      0.6375000      0.1840931    
   4.875000      0.6375000     -1.4608896E-02
   5.125000      0.6375000      0.2441504    
   5.375000      0.6375000     -5.6716766E-02
   5.625000      0.6375000      0.3277269    
   5.875000      0.6375000     -0.1267019    
   6.125000      0.6375000      0.4465039    
   6.375000      0.6375000     -0.2389252    
   6.625000      0.6375000      0.6181113    
   6.875000      0.6375000     -0.4151138    
   7.125000      0.6375000      0.8692083    
   7.375000      0.6375000     -0.6881523    
   7.625000      0.6375000       1.240160    
   7.875000      0.6375000      -1.107825    
   8.125000      0.6375000       1.792099    
   8.375000      0.6375000      -1.749418    
   8.625000      0.6375000       2.617352    
   8.875000      0.6375000      -2.726142    
   9.125000      0.6375000       3.853835    
   9.375000      0.6375000      -4.204827    
   9.625000      0.6375000       5.700187    
   9.875000      0.6375000      -6.416615    
   10.00000      0.6375000       1.000000    
 
  0.0000000E+00  0.6625000      0.0000000E+00
  0.1250000      0.6625000      1.9033777E-03
  0.3750000      0.6625000     -2.9264076E-03
  0.6250000      0.6625000      5.7413704E-03
  0.8750000      0.6625000      1.6081744E-03
   1.125000      0.6625000      1.6067503E-02
   1.375000      0.6625000      9.8851640E-03
   1.625000      0.6625000      3.0207541E-02
   1.875000      0.6625000      1.8990329E-02
   2.125000      0.6625000      4.6769295E-02
   2.375000      0.6625000      2.7238665E-02
   2.625000      0.6625000      6.5666713E-02
   2.875000      0.6625000      3.3436038E-02
   3.125000      0.6625000      8.7614104E-02
   3.375000      0.6625000      3.6306154E-02
   3.625000      0.6625000      0.1139907    
   3.875000      0.6625000      3.4105908E-02
   4.125000      0.6625000      0.1469609    
   4.375000      0.6625000      2.4251552E-02
   4.625000      0.6625000      0.1897914    
   4.875000      0.6625000      2.8412717E-03
   5.125000      0.6625000      0.2473812    
   5.375000      0.6625000     -3.6038671E-02
   5.625000      0.6625000      0.3270891    
   5.875000      0.6625000     -0.1013559    
   6.125000      0.6625000      0.4399965    
   6.375000      0.6625000     -0.2067114    
   6.625000      0.6625000      0.6028487    
   6.875000      0.6625000     -0.3727479    
   7.125000      0.6625000      0.8410390    
   7.375000      0.6625000     -0.6308463    
   7.625000      0.6625000       1.193211    
   7.875000      0.6625000      -1.028832    
   8.125000      0.6625000       1.718383    
   8.375000      0.6625000      -1.639821    
   8.625000      0.6625000       2.506938    
   8.875000      0.6625000      -2.575738    
   9.125000      0.6625000       3.696970    
   9.375000      0.6625000      -4.006206    
   9.625000      0.6625000       5.494053    
   9.875000      0.6625000      -6.174508    
   10.00000      0.6625000       1.000000    
 
  0.0000000E+00  0.6875000      0.0000000E+00
  0.1250000      0.6875000      1.6355037E-03
  0.3750000      0.6875000     -2.2021944E-03
  0.6250000      0.6875000      7.2728358E-03
  0.8750000      0.6875000      5.0846473E-03
   1.125000      0.6875000      2.0286376E-02
   1.375000      0.6875000      1.6135667E-02
   1.625000      0.6875000      3.6612347E-02
   1.875000      0.6875000      2.7516110E-02
   2.125000      0.6875000      5.4711800E-02
   2.375000      0.6875000      3.7626762E-02
   2.625000      0.6875000      7.4561872E-02
   2.875000      0.6875000      4.5436602E-02
   3.125000      0.6875000      9.6917316E-02
   3.375000      0.6875000      4.9836121E-02
   3.625000      0.6875000      0.1231414    
   3.875000      0.6875000      4.9263682E-02
   4.125000      0.6875000      0.1553158    
   4.375000      0.6875000      4.1357037E-02
   4.625000      0.6875000      0.1965407    
   4.875000      0.6875000      2.2508435E-02
   5.125000      0.6875000      0.2514346    
   5.375000      0.6875000     -1.2785835E-02
   5.625000      0.6875000      0.3269136    
   5.875000      0.6875000     -7.2906435E-02
   6.125000      0.6875000      0.4333862    
   6.375000      0.6875000     -0.1706051    
   6.625000      0.6875000      0.5865976    
   6.875000      0.6875000     -0.3253001    
   7.125000      0.6875000      0.8104969    
   7.375000      0.6875000     -0.5666441    
   7.625000      0.6875000       1.141722    
   7.875000      0.6875000     -0.9401455    
   8.125000      0.6875000       1.636724    
   8.375000      0.6875000      -1.516180    
   8.625000      0.6875000       2.383239    
   8.875000      0.6875000      -2.404552    
   9.125000      0.6875000       3.518638    
   9.375000      0.6875000      -3.776935    
   9.625000      0.6875000       5.255410    
   9.875000      0.6875000      -5.890512    
   10.00000      0.6875000       1.000000    
 
  0.0000000E+00  0.7125000      0.0000000E+00
  0.1250000      0.7125000      1.3751020E-03
  0.3750000      0.7125000     -1.0014793E-03
  0.6250000      0.7125000      9.6994247E-03
  0.8750000      0.7125000      9.7911144E-03
   1.125000      0.7125000      2.5879459E-02
   1.375000      0.7125000      2.3902217E-02
   1.625000      0.7125000      4.4525910E-02
   1.875000      0.7125000      3.7635393E-02
   2.125000      0.7125000      6.4169452E-02
   2.375000      0.7125000      4.9624104E-02
   2.625000      0.7125000      8.4936842E-02
   2.875000      0.7125000      5.9056476E-02
   3.125000      0.7125000      0.1076507    
   3.375000      0.7125000      6.5012500E-02
   3.625000      0.7125000      0.1336629    
   3.875000      0.7125000      6.6124521E-02
   4.125000      0.7125000      0.1649663    
   4.375000      0.7125000      6.0263470E-02
   4.625000      0.7125000      0.2044812    
   4.875000      0.7125000      4.4131357E-02
   5.125000      0.7125000      0.2565233    
   5.375000      0.7125000      1.2658637E-02
   5.625000      0.7125000      0.3275321    
   5.875000      0.7125000     -4.1909717E-02
   6.125000      0.7125000      0.4271894    
   6.375000      0.7125000     -0.1314133    
   6.625000      0.7125000      0.5701574    
   6.875000      0.7125000     -0.2739416    
   7.125000      0.7125000      0.7788039    
   7.375000      0.7125000     -0.4972445    
   7.625000      0.7125000       1.087531    
   7.875000      0.7125000     -0.8442112    
   8.125000      0.7125000       1.549823    
   8.375000      0.7125000      -1.381947    
   8.625000      0.7125000       2.250065    
   8.875000      0.7125000      -2.217222    
   9.125000      0.7125000       3.323787    
   9.375000      0.7125000      -3.522584    
   9.625000      0.7125000       4.989712    
   9.875000      0.7125000      -5.570254    
   10.00000      0.7125000       1.000000    
 
  0.0000000E+00  0.7375000      0.0000000E+00
  0.1250000      0.7375000      1.2017440E-03
  0.3750000      0.7375000      9.2477701E-04
  0.6250000      0.7375000      1.3333589E-02
  0.8750000      0.7375000      1.6000297E-02
   1.125000      0.7375000      3.3092536E-02
   1.375000      0.7375000      3.3360470E-02
   1.625000      0.7375000      5.4112390E-02
   1.875000      0.7375000      4.9443591E-02
   2.125000      0.7375000      7.5252958E-02
   2.375000      0.7375000      6.3265756E-02
   2.625000      0.7375000      9.6871316E-02
   2.875000      0.7375000      7.4280165E-02
   3.125000      0.7375000      0.1198801    
   3.375000      0.7375000      8.1771068E-02
   3.625000      0.7375000      0.1456230    
   3.875000      0.7375000      8.4570661E-02
   4.125000      0.7375000      0.1760001    
   4.375000      0.7375000      8.0787621E-02
   4.625000      0.7375000      0.2137433    
   4.875000      0.7375000      6.7440197E-02
   5.125000      0.7375000      0.2628525    
   5.375000      0.7375000      3.9904382E-02
   5.625000      0.7375000      0.3292703    
   5.875000      0.7375000     -8.9289825E-03
   6.125000      0.7375000      0.4219204    
   6.375000      0.7375000     -8.9951061E-02
   6.625000      0.7375000      0.5543302    
   6.875000      0.7375000     -0.2198577    
   7.125000      0.7375000      0.7471958    
   7.375000      0.7375000     -0.4243748    
   7.625000      0.7375000       1.032516    
   7.875000      0.7375000     -0.7435405    
   8.125000      0.7375000       1.460479    
   8.375000      0.7375000      -1.240723    
   8.625000      0.7375000       2.111458    
   8.875000      0.7375000      -2.018723    
   9.125000      0.7375000       3.117868    
   9.375000      0.7375000      -3.249391    
   9.625000      0.7375000       4.703223    
   9.875000      0.7375000      -5.220170    
   10.00000      0.7375000       1.000000    
 
  0.0000000E+00  0.7625000      0.0000000E+00
  0.1250000      0.7625000      1.2587985E-03
  0.3750000      0.7625000      3.9018807E-03
  0.6250000      0.7625000      1.8520920E-02
  0.8750000      0.7625000      2.3982866E-02
   1.125000      0.7625000      4.2148896E-02
   1.375000      0.7625000      4.4655826E-02
   1.625000      0.7625000      6.5501839E-02
   1.875000      0.7625000      6.3003741E-02
   2.125000      0.7625000      8.8040628E-02
   2.375000      0.7625000      7.8558750E-02
   2.625000      0.7625000      0.1104169    
   2.875000      0.7625000      9.1069624E-02
   3.125000      0.7625000      0.1336474    
   3.375000      0.7625000      0.1000305    
   3.625000      0.7625000      0.1590687    
   3.875000      0.7625000      0.1044723    
   4.125000      0.7625000      0.1884861    
   4.375000      0.7625000      0.1027390    
   4.625000      0.7625000      0.2244394    
   4.875000      0.7625000      9.2163004E-02
   5.125000      0.7625000      0.2706085    
   5.375000      0.7625000      6.8564594E-02
   5.625000      0.7625000      0.3324329    
   5.875000      0.7625000      2.5482817E-02
   6.125000      0.7625000      0.4180681    
   6.375000      0.7625000     -4.7015738E-02
   6.625000      0.7625000      0.5398871    
   6.875000      0.7625000     -0.1642074    
   7.125000      0.7625000      0.7168719    
   7.375000      0.7625000     -0.3497311    
   7.625000      0.7625000      0.9785179    
   7.875000      0.7625000     -0.6406204    
   8.125000      0.7625000       1.371481    
   8.375000      0.7625000      -1.096135    
   8.625000      0.7625000       1.971542    
   8.875000      0.7625000      -1.814221    
   9.125000      0.7625000       2.906671    
   9.375000      0.7625000      -2.964152    
   9.625000      0.7625000       4.402979    
   9.875000      0.7625000      -4.847538    
   10.00000      0.7625000       1.000000    
 
  0.0000000E+00  0.7875000      0.0000000E+00
  0.1250000      0.7875000      1.7799048E-03
  0.3750000      0.7875000      8.3252927E-03
  0.6250000      0.7875000      2.5614921E-02
  0.8750000      0.7875000      3.3982392E-02
   1.125000      0.7875000      5.3228796E-02
   1.375000      0.7875000      5.7888951E-02
   1.625000      0.7875000      7.8778751E-02
   1.875000      0.7875000      7.8338772E-02
   2.125000      0.7875000      0.1025710    
   2.375000      0.7875000      9.5477767E-02
   2.625000      0.7875000      0.1255916    
   2.875000      0.7875000      0.1093620    
   3.125000      0.7875000      0.1489653    
   3.375000      0.7875000      0.1196912    
   3.625000      0.7875000      0.1740209    
   3.875000      0.7875000      0.1256879    
   4.125000      0.7875000      0.2024679    
   4.375000      0.7875000      0.1259225    
   4.625000      0.7875000      0.2366558    
   4.875000      0.7875000      0.1180307    
   5.125000      0.7875000      0.2799480    
   5.375000      0.7875000      9.8264925E-02
   5.625000      0.7875000      0.3372880    
   5.875000      0.7875000      6.0797468E-02
   6.125000      0.7875000      0.4160741    
   6.375000      0.7875000     -3.3632116E-03
   6.625000      0.7875000      0.5275365    
   6.875000      0.7875000     -0.1080870    
   7.125000      0.7875000      0.6889479    
   7.375000      0.7875000     -0.2749205    
   7.625000      0.7875000      0.9272733    
   7.875000      0.7875000     -0.5378274    
   8.125000      0.7875000       1.285499    
   8.375000      0.7875000     -0.9517079    
   8.625000      0.7875000       1.834373    
   8.875000      0.7875000      -1.608886    
   9.125000      0.7875000       2.696139    
   9.375000      0.7875000      -2.674039    
   9.625000      0.7875000       4.096677    
   9.875000      0.7875000      -4.460438    
   10.00000      0.7875000       1.000000    
 
  0.0000000E+00  0.8125000      0.0000000E+00
  0.1250000      0.8125000      3.1149529E-03
  0.3750000      0.8125000      1.4638299E-02
  0.6250000      0.8125000      3.4942161E-02
  0.8750000      0.8125000      4.6187766E-02
   1.125000      0.8125000      6.6450603E-02
   1.375000      0.8125000      7.3103607E-02
   1.625000      0.8125000      9.3973517E-02
   1.875000      0.8125000      9.5426455E-02
   2.125000      0.8125000      0.1188391    
   2.375000      0.8125000      0.1139630    
   2.625000      0.8125000      0.1423772    
   2.875000      0.8125000      0.1290688    
   3.125000      0.8125000      0.1658157    
   3.375000      0.8125000      0.1406362    
   3.625000      0.8125000      0.1904723    
   3.875000      0.8125000      0.1480660    
   4.125000      0.8125000      0.2179618    
   4.375000      0.8125000      0.1501405    
   4.625000      0.8125000      0.2504488    
   4.875000      0.8125000      0.1447814    
   5.125000      0.8125000      0.2909922    
   5.375000      0.8125000      0.1286501    
   5.625000      0.8125000      0.3440592    
   5.875000      0.8125000      9.6522033E-02
   6.125000      0.8125000      0.4163201    
   6.375000      0.8125000      4.0307950E-02
   6.625000      0.8125000      0.5179040    
   6.875000      0.8125000     -5.2504886E-02
   7.125000      0.8125000      0.6644251    
   7.375000      0.8125000     -0.2014235    
   7.625000      0.8125000      0.8803619    
   7.875000      0.8125000     -0.4373654    
   8.125000      0.8125000       1.205010    
   8.375000      0.8125000     -0.8107615    
   8.625000      0.8125000       1.703807    
   8.875000      0.8125000      -1.407744    
   9.125000      0.8125000       2.492185    
   9.375000      0.8125000      -2.386426    
   9.625000      0.8125000       3.792557    
   9.875000      0.8125000      -4.067777    
   10.00000      0.8125000       1.000000    
 
  0.0000000E+00  0.8375000      0.0000000E+00
  0.1250000      0.8375000      5.7478747E-03
  0.3750000      0.8375000      2.3290234E-02
  0.6250000      0.8375000      4.6760738E-02
  0.8750000      0.8375000      6.0706690E-02
   1.125000      0.8375000      8.1854895E-02
   1.375000      0.8375000      9.0277918E-02
   1.625000      0.8375000      0.1110569    
   1.875000      0.8375000      0.1141963    
   2.125000      0.8375000      0.1367930    
   2.375000      0.8375000      0.1339192    
   2.625000      0.8375000      0.1607175    
   2.875000      0.8375000      0.1500756    
   3.125000      0.8375000      0.1841476    
   3.375000      0.8375000      0.1627306    
   3.625000      0.8375000      0.2083851    
   3.875000      0.8375000      0.1714452    
   4.125000      0.8375000      0.2349531    
   4.375000      0.8375000      0.1751944    
   4.625000      0.8375000      0.2658414    
   4.875000      0.8375000      0.1721622    
   5.125000      0.8375000      0.3038226    
   5.375000      0.8375000      0.1593872    
   5.625000      0.8375000      0.3529185    
   5.875000      0.8375000      0.1322044    
   6.125000      0.8375000      0.4191179    
   6.375000      0.8375000      8.3366238E-02
   6.625000      0.8375000      0.5115179    
   6.875000      0.8375000      1.6342101E-03
   7.125000      0.8375000      0.6441669    
   7.375000      0.8375000     -0.1305655    
   7.625000      0.8375000      0.8391704    
   7.875000      0.8375000     -0.3412177    
   8.125000      0.8375000       1.132230    
   8.375000      0.8375000     -0.6763270    
   8.625000      0.8375000       1.583394    
   8.875000      0.8375000      -1.215518    
   9.125000      0.8375000       2.300496    
   9.375000      0.8375000      -2.108661    
   9.625000      0.8375000       3.499216    
   9.875000      0.8375000      -3.679239    
   10.00000      0.8375000       1.000000    
 
  0.0000000E+00  0.8625000      0.0000000E+00
  0.1250000      0.8625000      1.0295011E-02
  0.3750000      0.8625000      3.4675796E-02
  0.6250000      0.8625000      6.1218526E-02
  0.8750000      0.8625000      7.7544905E-02
   1.125000      0.8625000      9.9395245E-02
   1.375000      0.8625000      0.1093206    
   1.625000      0.8625000      0.1299389    
   1.875000      0.8625000      0.1345296    
   2.125000      0.8625000      0.1563357    
   2.375000      0.8625000      0.1552163    
   2.625000      0.8625000      0.1805196    
   2.875000      0.8625000      0.1722433    
   3.125000      0.8625000      0.2038782    
   3.375000      0.8625000      0.1858228    
   3.625000      0.8625000      0.2276923    
   3.875000      0.8625000      0.1956550    
   4.125000      0.8625000      0.2533978    
   4.375000      0.8625000      0.2008849    
   4.625000      0.8625000      0.2828234    
   4.875000      0.8625000      0.1999296    
   5.125000      0.8625000      0.3184808    
   5.375000      0.8625000      0.1901664    
   5.625000      0.8625000      0.3639863    
   5.875000      0.8625000      0.1674344    
   6.125000      0.8625000      0.4247097    
   6.375000      0.8625000      0.1252489    
   6.625000      0.8625000      0.5088073    
   6.875000      0.8625000      5.3533003E-02
   7.125000      0.8625000      0.6288944    
   7.375000      0.8625000     -6.3509859E-02
   7.625000      0.8625000      0.8048823    
   7.875000      0.8625000     -0.2511317    
   8.125000      0.8625000       1.069087    
   8.375000      0.8625000     -0.5511096    
   8.625000      0.8625000       1.476310    
   8.875000      0.8625000      -1.036542    
   9.125000      0.8625000       2.126399    
   9.375000      0.8625000      -1.847878    
   9.625000      0.8625000       3.225424    
   9.875000      0.8625000      -3.305242    
   10.00000      0.8625000       1.000000    
 
  0.0000000E+00  0.8875000      0.0000000E+00
  0.1250000      0.8875000      1.7469799E-02
  0.3750000      0.8875000      4.9061198E-02
  0.6250000      0.8875000      7.8318700E-02
  0.8750000      0.8875000      9.6594527E-02
   1.125000      0.8875000      0.1189361    
   1.375000      0.8875000      0.1300717    
   1.625000      0.8875000      0.1504714    
   1.875000      0.8875000      0.1562621    
   2.125000      0.8875000      0.1773271    
   2.375000      0.8875000      0.1776919    
   2.625000      0.8875000      0.2016564    
   2.875000      0.8875000      0.1954092    
   3.125000      0.8875000      0.2248951    
   3.375000      0.8875000      0.2097451    
   3.625000      0.8875000      0.2482990    
   3.875000      0.8875000      0.2205157    
   4.125000      0.8875000      0.2732237    
   4.375000      0.8875000      0.2270107    
   4.625000      0.8875000      0.3013541    
   4.875000      0.8875000      0.2278479    
   5.125000      0.8875000      0.3349713    
   5.375000      0.8875000      0.2206979    
   5.625000      0.8875000      0.3773351    
   5.875000      0.8875000      0.2018394    
   6.125000      0.8875000      0.4332714    
   6.375000      0.8875000      0.1654557    
   6.625000      0.8875000      0.5101090    
   6.875000      0.8875000      0.1024930    
   7.125000      0.8875000      0.6191961    
   7.375000      0.8875000     -1.2684313E-03
   7.625000      0.8875000      0.7784870    
   7.875000      0.8875000     -0.1686274    
   8.125000      0.8875000       1.017232    
   8.375000      0.8875000     -0.4374864    
   8.625000      0.8875000       1.385342    
   8.875000      0.8875000     -0.8747196    
   9.125000      0.8875000       1.974765    
   9.375000      0.8875000      -1.610845    
   9.625000      0.8875000       2.979919    
   9.875000      0.8875000      -2.956909    
   10.00000      0.8875000       1.000000    
 
  0.0000000E+00  0.9125000      0.0000000E+00
  0.1250000      0.9125000      2.7998533E-02
  0.3750000      0.9125000      6.6509247E-02
  0.6250000      0.9125000      9.7900115E-02
  0.8750000      0.9125000      0.1176338    
   1.125000      0.9125000      0.1402576    
   1.375000      0.9125000      0.1523083    
   1.625000      0.9125000      0.1724532    
   1.875000      0.9125000      0.1791881    
   2.125000      0.9125000      0.1995886    
   2.375000      0.9125000      0.2011539    
   2.625000      0.9125000      0.2239698    
   2.875000      0.9125000      0.2193889    
   3.125000      0.9125000      0.2470597    
   3.375000      0.9125000      0.2343142    
   3.625000      0.9125000      0.2700862    
   3.875000      0.9125000      0.2458380    
   4.125000      0.9125000      0.2943342    
   4.375000      0.9125000      0.2533673    
   4.625000      0.9125000      0.3213656    
   4.875000      0.9125000      0.2556854    
   5.125000      0.9125000      0.3532671    
   5.375000      0.9125000      0.2507059    
   5.625000      0.9125000      0.3929977    
   5.875000      0.9125000      0.2350744    
   6.125000      0.9125000      0.4449262    
   6.375000      0.9125000      0.2035343    
   6.625000      0.9125000      0.5156848    
   6.875000      0.9125000      0.1478933    
   7.125000      0.9125000      0.6155515    
   7.375000      0.9125000      5.5268414E-02
   7.625000      0.9125000      0.7608140    
   7.875000      0.9125000     -9.5038764E-02
   8.125000      0.9125000      0.9780780    
   8.375000      0.9125000     -0.3375554    
   8.625000      0.9125000       1.312937    
   8.875000      0.9125000     -0.7335519    
   9.125000      0.9125000       1.850019    
   9.375000      0.9125000      -1.403902    
   9.625000      0.9125000       2.771264    
   9.875000      0.9125000      -2.646049    
   10.00000      0.9125000       1.000000    
 
  0.0000000E+00  0.9375000      0.0000000E+00
  0.1250000      0.9375000      4.2474322E-02
  0.3750000      0.9375000      8.6820528E-02
  0.6250000      0.9375000      0.1196378    
  0.8750000      0.9375000      0.1403375    
   1.125000      0.9375000      0.1630668    
   1.375000      0.9375000      0.1757527    
   1.625000      0.9375000      0.1956383    
   1.875000      0.9375000      0.2030657    
   2.125000      0.9375000      0.2229095    
   2.375000      0.9375000      0.2253835    
   2.625000      0.9375000      0.2472762    
   2.875000      0.9375000      0.2439777    
   3.125000      0.9375000      0.2702109    
   3.375000      0.9375000      0.2593316    
   3.625000      0.9375000      0.2929145    
   3.875000      0.9375000      0.2714211    
   4.125000      0.9375000      0.3166132    
   4.375000      0.9375000      0.2797428    
   4.625000      0.9375000      0.3427706    
   4.875000      0.9375000      0.2832076    
   5.125000      0.9375000      0.3733187    
   5.375000      0.9375000      0.2799182    
   5.625000      0.9375000      0.4109798    
   5.875000      0.9375000      0.2668069    
   6.125000      0.9375000      0.4597624    
   6.375000      0.9375000      0.2390572    
   6.625000      0.9375000      0.5257496    
   6.875000      0.9375000      0.1891562    
   7.125000      0.9375000      0.6183727    
   7.375000      0.9375000      0.1052811    
   7.625000      0.9375000      0.7525932    
   7.875000      0.9375000     -3.1586546E-02
   8.125000      0.9375000      0.9528887    
   8.375000      0.9375000     -0.2532350    
   8.625000      0.9375000       1.261309    
   8.875000      0.9375000     -0.6162663    
   9.125000      0.9375000       1.756246    
   9.375000      0.9375000      -1.233034    
   9.625000      0.9375000       2.607821    
   9.875000      0.9375000      -2.385182    
   10.00000      0.9375000       1.000000    
 
  0.0000000E+00  0.9625000      0.0000000E+00
  0.1250000      0.9625000      6.1143566E-02
  0.3750000      0.9625000      0.1095091    
  0.6250000      0.9625000      0.1430636    
  0.8750000      0.9625000      0.1642954    
   1.125000      0.9625000      0.1870122    
   1.375000      0.9625000      0.2000827    
   1.625000      0.9625000      0.2197451    
   1.875000      0.9625000      0.2276227    
   2.125000      0.9625000      0.2470524    
   2.375000      0.9625000      0.2501395    
   2.625000      0.9625000      0.2713708    
   2.875000      0.9625000      0.2689523    
   3.125000      0.9625000      0.2941709    
   3.375000      0.9625000      0.2845826    
   3.625000      0.9625000      0.3166303    
   3.875000      0.9625000      0.2970507    
   4.125000      0.9625000      0.3399324    
   4.375000      0.9625000      0.3059134    
   4.625000      0.9625000      0.3654702    
   4.875000      0.9625000      0.3101696    
   5.125000      0.9625000      0.3950667    
   5.375000      0.9625000      0.3080533    
   5.625000      0.9625000      0.4312782    
   5.875000      0.9625000      0.2966964    
   6.125000      0.9625000      0.4778599    
   6.375000      0.9625000      0.2715904    
   6.625000      0.9625000      0.5405096    
   6.875000      0.9625000      0.2256996    
   7.125000      0.9625000      0.6280629    
   7.375000      0.9625000      0.1479491    
   7.625000      0.9625000      0.7545425    
   7.875000      0.9625000      2.0514332E-02
   8.125000      0.9625000      0.9429055    
   8.375000      0.9625000     -0.1864233    
   8.625000      0.9625000       1.232630    
   8.875000      0.9625000     -0.5260363    
   9.125000      0.9625000       1.697447    
   9.375000      0.9625000      -1.104135    
   9.625000      0.9625000       2.497926    
   9.875000      0.9625000      -2.187700    
   10.00000      0.9625000       1.000000    
 
  0.0000000E+00  0.9875000      0.0000000E+00
  0.1250000      0.9875000      8.3631203E-02
  0.3750000      0.9875000      0.1338256    
  0.6250000      0.9875000      0.1676003    
  0.8750000      0.9875000      0.1890336    
   1.125000      0.9875000      0.2116981    
   1.375000      0.9875000      0.2249405    
   1.625000      0.9875000      0.2444635    
   1.875000      0.9875000      0.2525615    
   2.125000      0.9875000      0.2717600    
   2.375000      0.9875000      0.2751589    
   2.625000      0.9875000      0.2960335    
   2.875000      0.9875000      0.2940704    
   3.125000      0.9875000      0.3187492    
   3.375000      0.9875000      0.3098347    
   3.625000      0.9875000      0.3410705    
   3.875000      0.9875000      0.3224937    
   4.125000      0.9875000      0.3641570    
   4.375000      0.9875000      0.3316352    
   4.625000      0.9875000      0.3893638    
   4.875000      0.9875000      0.3363034    
   5.125000      0.9875000      0.4184561    
   5.375000      0.9875000      0.3348013    
   5.625000      0.9875000      0.4539018    
   5.875000      0.9875000      0.3243656    
   6.125000      0.9875000      0.4993227    
   6.375000      0.9875000      0.3006504    
   6.625000      0.9875000      0.5602124    
   6.875000      0.9875000      0.2568723    
   7.125000      0.9875000      0.6450906    
   7.375000      0.9875000      0.1823539    
   7.625000      0.9875000      0.7674798    
   7.875000      0.9875000      5.9908818E-02
   8.125000      0.9875000      0.9495217    
   8.375000      0.9875000     -0.1392184    
   8.625000      0.9875000       1.229295    
   8.875000      0.9875000     -0.4663169    
   9.125000      0.9875000       1.677935    
   9.375000      0.9875000      -1.023477    
   9.625000      0.9875000       2.450383    
   9.875000      0.9875000      -2.068215    
   10.00000      0.9875000       1.000000    
 
  0.0000000E+00   1.000000      0.0000000E+00
  0.1250000       1.000000      8.3631203E-02
  0.3750000       1.000000      0.1338256    
  0.6250000       1.000000      0.1676003    
  0.8750000       1.000000      0.1890336    
   1.125000       1.000000      0.2116981    
   1.375000       1.000000      0.2249405    
   1.625000       1.000000      0.2444635    
   1.875000       1.000000      0.2525615    
   2.125000       1.000000      0.2717600    
   2.375000       1.000000      0.2751589    
   2.625000       1.000000      0.2960335    
   2.875000       1.000000      0.2940704    
   3.125000       1.000000      0.3187492    
   3.375000       1.000000      0.3098347    
   3.625000       1.000000      0.3410705    
   3.875000       1.000000      0.3224937    
   4.125000       1.000000      0.3641570    
   4.375000       1.000000      0.3316352    
   4.625000       1.000000      0.3893638    
   4.875000       1.000000      0.3363034    
   5.125000       1.000000      0.4184561    
   5.375000       1.000000      0.3348013    
   5.625000       1.000000      0.4539018    
   5.875000       1.000000      0.3243656    
   6.125000       1.000000      0.4993227    
   6.375000       1.000000      0.3006504    
   6.625000       1.000000      0.5602124    
   6.875000       1.000000      0.2568723    
   7.125000       1.000000      0.6450906    
   7.375000       1.000000      0.1823539    
   7.625000       1.000000      0.7674798    
   7.875000       1.000000      5.9908818E-02
   8.125000       1.000000      0.9495217    
   8.375000       1.000000     -0.1392184    
   8.625000       1.000000       1.229295    
   8.875000       1.000000     -0.4663169    
   9.125000       1.000000       1.677935    
   9.375000       1.000000      -1.023477    
   9.625000       1.000000       2.450383    
   9.875000       1.000000      -2.068215    
   10.00000       1.000000       1.000000    
 
